0 0.12476151260546059 0.13132765495669727 0.060264779034270424 0.14251635190841022
0 0.07292235262706395 0.08867989099721484 0.06018041009948117 0.12836869566120968
0 0.39957002457002455 0.04639737991266375 0.03992628992628992 0.0927947598253275
0 0.30405405405405406 0.028930131004366814 0.052825552825552825 0.05786026200873363
0 0.34275184275184273 0.016375545851528384 0.07493857493857493 0.03275109170305677
0 0.39465601965601965 0.1462882096069869 0.049754299754299756 0.09170305676855896
0 0.414004914004914 0.12117903930131005 0.011056511056511056 0.0982532751091703
0 0.5061425061425061 0.4148471615720524 0.05405405405405406 0.028384279475982533
0 0.6812039312039312 0.4088427947598253 0.05773955773955774 0.04039301310043668
0 0.6855405802970064 0.39757346540063904 0.053777279178960746 0.06046068868760498
0 0.6791444102752393 0.35219087120205633 0.07870037251032844 0.08184619985028185
0 0.6905690260403862 0.2829001609491495 0.06072588480112834 0.07728106944704168
0 0.4305896805896806 0.39847161572052403 0.022113022113022112 0.0611353711790393
0 0.6244128979058513 0.06775497944612642 0.0523107070933842 0.06796915961261227
0 0.5181790062223134 0.17838585883282823 0.04045561453085807 0.07581311425094392
0 0.551397963295441 0.10464770394537377 0.050068664497624746 0.07215803787652315
0 0.5433586868074257 0.061337307133351095 0.039165855363399754 0.049612240888498506
0 0.519096066081973 0.10340402373562319 0.0332995670210937 0.07964612458852804
0 0.4864067121508601 0.1475994708541403 0.04325816777555728 0.07057701642105535
0 0.4926408266643553 0.06478573075749776 0.04592261212015651 0.050101559287197776
0 0.45736415788723284 0.14275724739965395 0.03826731190040947 0.08109369557162333
0 0.9480958230958231 0.4126637554585153 0.05466830466830467 0.03275109170305677
0 0.8777641277641277 0.40556768558951967 0.07493857493857493 0.04694323144104803
0 0.8338452088452089 0.3695414847161572 0.06695331695331695 0.11899563318777293
0 0.8983665840994817 0.36313657191353266 0.040486243500336604 0.08886906744137586
0 0.8713932970377654 0.36008759526196715 0.04136919394114094 0.09437206621600935
0 0.8222284656772045 0.08153281195239301 0.03393692863117649 0.0677263579456556
0 0.8571561032172537 0.05448117966774276 0.04367305155075069 0.02927023422701345
0 0.9177635096647375 0.06927846604073278 0.04285135904890344 0.04987914183324356
0 0.9935503685503686 0.13864628820960698 0.012899262899262898 0.07641921397379912
0 0.43304668304668303 0.05949781659388646 0.02702702702702703 0.027292576419213975
0 0.4367321867321867 0.17631004366812228 0.0343980343980344 0.07314410480349345
0 0.5596226848250071 0.33203146665637695 0.04574579920203827 0.08381090357465056
0 0.27898895483574543 0.8436378940446807 0.07516049569857124 0.12183886153360067
0 0.3816980056548188 0.6418173755659076 0.04676685854294272 0.10455326165325317
0 0.33236986663618207 0.6420796570013303 0.053208693481481405 0.12351256503543628
0 0.29070022974922244 0.5744218818242538 0.07387073653111292 0.09563798817115551
0 0.01167076167076167 0.8356986899563319 0.02334152334152334 0.13209606986899564
0 0.029176904176904175 0.5158296943231441 0.05835380835380835 0.0906113537117904
0 0.04753759645394521 0.5551688648859279 0.08255461406541063 0.11040841328942771
0 0.08899199494221538 0.5833696378015681 0.061408911327982395 0.12845766264279132
0 0.03746928746928747 0.6572052401746725 0.07493857493857493 0.14192139737991266
0 0.1736395442802625 0.5856651570866189 0.05648738844033112 0.10308159139236948
0 0.2257508845345895 0.566431522630119 0.06191568201161144 0.12631874002004517
0 0.39803439803439805 0.4410480349344978 0.042997542997543 0.024017467248908297
0 0.7943919992585685 0.8841458795802003 0.09374923402202195 0.1264484754276318
0 0.7692106474487767 0.7382515443486156 0.06372028691123838 0.0883760339778906
0 0.9907862407862408 0.6217248908296943 0.018427518427518427 0.09497816593886463
0 0.9661225200830834 0.5136720504465084 0.06396587574195992 0.10579879939539671
0 0.4416461916461916 0.9541484716157205 0.044226044226044224 0.09170305676855896
0 0.4441031941031941 0.8591703056768559 0.04914004914004914 0.1331877729257642
0 0.45853808353808356 0.7385371179039302 0.07800982800982802 0.08842794759825327
0 0.4652948402948403 0.8002183406113537 0.09152334152334152 0.10698689956331878
0 0.5987780988402771 0.562665334815361 0.0884590493508416 0.11845068610392512
0 0.7736486486486487 0.46888646288209607 0.0988943488943489 0.07969432314410481
0 0.874131111894131 0.5541206922320936 0.062322490738265415 0.14701661460785695
0 0.840761933348094 0.5495129358704557 0.04998373848794227 0.14503524173527152
0 0.4382678132678133 0.587882096069869 0.03746928746928747 0.09497816593886463
0 0.5212946720605338 0.6277199213366367 0.057961478499554034 0.12059332379145739
0 0.45264826766248123 0.6134360526401342 0.06451886841725353 0.07973137650532379
0 0.5067567567567568 0.46943231441048033 0.06388206388206388 0.08078602620087336
0 0.5592392656316321 0.5143347805856886 0.09336553629120022 0.09378635070615671
0 0.4487100737100737 0.5316593886462883 0.05835380835380835 0.09388646288209607