0 0.18211920529801323 0.5105882352941177 0.10860927152317881 0.13647058823529412
0 0.2771523178807947 0.5229411764705882 0.08940397350993377 0.11176470588235295
0 0.3483443708609272 0.5264705882352941 0.12185430463576159 0.10470588235294118
0 0.2670267303316485 0.44619035270169033 0.1025574626192407 0.19452103262616166
0 0.28922803675898584 0.3413257350446529 0.11896734009214623 0.17319517290533065
0 0.35472498573062256 0.44839387981032974 0.13292856683008253 0.18229321544571522
0 0.2874341636701764 0.26146952644844246 0.10223381080089539 0.1451092679202793
0 0.08700648091021991 0.33917078807962814 0.11258370940177652 0.2092549285583689
0 0.13791917742528298 0.2977926247077237 0.08714843663924814 0.16651729415756136
0 0.07710014103305642 0.2345340025641787 0.07338756578885908 0.1880074869112947
0 0.016556291390728478 0.34411764705882353 0.033112582781456956 0.2576470588235294
0 0.4718543046357616 0.39941176470588236 0.076158940397351 0.17294117647058824
0 0.4091377374178662 0.37798677073553266 0.1002547618296829 0.14616248873383778
0 0.40980045304590673 0.2768103001472974 0.07900876687982623 0.13661253035297197
0 0.36884896632255426 0.21231918025698474 0.08520021165073523 0.17227639732406128
0 0.44389146529186907 0.17591206619514063 0.07510461090712532 0.14695426609773624
0 0.4669274803326977 0.24680655170460286 0.07498131497632703 0.12813073668597152
0 0.4672185430463576 0.31176470588235294 0.08543046357615894 0.11294117647058824
0 0.49271523178807947 0.26529411764705885 0.03443708609271523 0.14941176470588236
0 0.4870860927152318 0.17529411764705882 0.0456953642384106 0.13411764705882354
0 0.25223125895263243 0.17839390474556527 0.09187667017675068 0.18092252402396405
0 0.16888772828713444 0.16827627763493022 0.12679877002457268 0.15604111318050828
0 0.1766965042049476 0.08782436179444877 0.11209052567858345 0.1339608109113101
0 0.030463576158940398 0.2252941176470588 0.060927152317880796 0.17058823529411765
0 0.01423841059602649 0.15588235294117647 0.02847682119205298 0.1776470588235294
0 0.39072847682119205 0.018823529411764704 0.08609271523178808 0.03764705882352941
0 0.3403973509933775 0.014705882352941176 0.09536423841059603 0.029411764705882353
0 0.30099337748344374 0.042352941176470586 0.06821192052980132 0.08470588235294117
0 0.4037332321506189 0.09137986304660234 0.06962165376589476 0.11839030591428441
0 0.4817880794701987 0.021176470588235293 0.056291390728476824 0.042352941176470586
0 0.6251473670880888 0.4669691102571004 0.10285753247815009 0.1392679982373285
0 0.6392436807365414 0.38671513875759356 0.08279733291740361 0.10862373578467856
0 0.5940492062169985 0.3130792953398648 0.06869015623405603 0.1783081393978332
0 0.759993102937779 0.3457085739958311 0.07528955480332278 0.1751895602153833
0 0.8478373082821646 0.42669454725800954 0.08571604938854141 0.14996453940581606
0 0.9391355648108871 0.43514270468170224 0.07112339497767571 0.14553129596014727
0 0.7098476169647789 0.168892526508314 0.078877764953353 0.11661253035297203
0 0.7714252299585709 0.21740418304069234 0.0722398364057119 0.11384875659424565
0 0.9357982634927022 0.2371949933716343 0.06891316613621633 0.11129039912664707
0 0.9187372293852684 0.3152808983566857 0.08618565115229831 0.12059385795815936
0 0.9884105960264901 0.4894117647058824 0.023178807947019868 0.1388235294117647
0 0.9900662251655629 0.43117647058823527 0.019867549668874173 0.09058823529411765
0 0.9685430463576159 0.38588235294117645 0.06291390728476821 0.08470588235294117
0 0.9754966887417219 0.33294117647058824 0.04900662251655629 0.08470588235294117
0 0.9736619658124808 0.2677738824942514 0.0501389399083537 0.07484595024927183
0 0.9827814569536424 0.21529411764705883 0.03443708609271523 0.10823529411764705
0 0.9711920529801324 0.018235294117647058 0.0576158940397351 0.036470588235294116
0 0.9026490066225166 0.03 0.060927152317880796 0.06
0 0.9221575315338911 0.0457664255052394 0.04216880205377938 0.07082353938585897
0 0.976158940397351 0.07823529411764706 0.04768211920529802 0.09058823529411765
0 0.9592975662188471 0.03523046892695955 0.049407334291650624 0.06421663169692866
0 0.794242552067488 0.11955730565484109 0.06019601067358908 0.09428572853442033
0 0.66158940397351 0.012352941176470587 0.045033112582781455 0.024705882352941175
0 0.6298013245033113 0.02823529411764706 0.05695364238410596 0.05647058823529412
0 0.5201986754966887 0.06823529411764706 0.02052980132450331 0.1011764705882353
0 0.5668864892737202 0.06368994648444253 0.04012039912149282 0.06128852490529987
0 0.5445240528958273 0.04155736549940658 0.03889607375400819 0.07650047603590752
0 0.55 0.011176470588235295 0.05894039735099338 0.02235294117647059
0 0.6006622516556291 0.010588235294117647 0.04900662251655629 0.021176470588235293
0 0.48410596026490066 0.9676470588235294 0.051655629139072845 0.06470588235294118
0 0.2 0.9864705882352941 0.06490066225165562 0.027058823529411764
0 0.20927152317880796 0.9623529411764706 0.09403973509933775 0.07529411764705882
0 0.27947019867549666 0.9670588235294117 0.07682119205298013 0.06588235294117648
0 0.35529801324503313 0.9564705882352941 0.076158940397351 0.08705882352941176
0 0.23402295943446283 0.9025003064763054 0.07031472940422362 0.12313727152545118
0 0.24451226191610917 0.6654750942549658 0.06488571423271743 0.10280860545964648
0 0.1837748344370861 0.5958823529411764 0.06423841059602649 0.03411764705882353
0 0.18776668141522532 0.6372435485800133 0.0648163602716432 0.09222037016552884
0 0.35099221755241516 0.6806253955629995 0.0655710838753709 0.10637910048257795
0 0.42119205298013246 0.5988235294117648 0.06490066225165562 0.04
0 0.47980132450331126 0.6035294117647059 0.04966887417218543 0.04941176470588235
0 0.4890728476821192 0.658235294117647 0.041721854304635764 0.0976470588235294
0 0.4228476821192053 0.9664705882352941 0.07218543046357616 0.06705882352941177
0 0.2220296866466383 0.8132808883825915 0.06954459380914589 0.10662560003193154
0 0.02384105960264901 0.7823529411764706 0.04768211920529802 0.12470588235294118
0 0.4943708609271523 0.7541176470588236 0.031125827814569535 0.09411764705882353
0 0.7599337748344371 0.9541176470588235 0.10662251655629139 0.09176470588235294
0 0.8890728476821192 0.9605882352941176 0.05894039735099338 0.07882352941176471
0 0.5347682119205298 0.8282352941176471 0.04966887417218543 0.10588235294117647
0 0.5182119205298014 0.8447058823529412 0.016556291390728478 0.10588235294117647
0 0.5468958756602534 0.701305268221247 0.049007086488967726 0.10417554843870308
0 0.606764149531454 0.7075872333518314 0.04755158125123629 0.08409338192225184
0 0.5756219817807118 0.9141418623249239 0.0815884195412687 0.12618862809175665
0 0.6288079470198675 0.9376470588235294 0.05894039735099338 0.12470588235294118
0 0.6748479931877966 0.925038197120498 0.053704496043770776 0.11387489595216453
0 0.705862316051286 0.8895984138483023 0.06494736219811643 0.11222037016552884
0 0.7122541167097423 0.8233463115830955 0.07344104378617186 0.09510739369893212
0 0.78622641022507 0.748197834625938 0.05621479474413947 0.09286275839683159
0 0.8416084934639099 0.8835292870885278 0.052965184431392774 0.10206910681158607
0 0.8688741721854305 0.6511764705882352 0.060927152317880796 0.14470588235294118
0 0.8957560842589869 0.702007332312834 0.04362430729151075 0.09090570590231015
0 0.921523178807947 0.6223529411764706 0.0576158940397351 0.08705882352941176
0 0.9502304839116296 0.6221884585321545 0.05813990174562758 0.08357424346562596
0 0.9271745079229965 0.7059382304882951 0.0615051019934975 0.09201495387440091
0 0.9515509022388446 0.6732622209748259 0.04474845471522201 0.06039963712464364
0 0.9745033112582782 0.7370588235294118 0.05099337748344371 0.07647058823529412
0 0.9745033112582782 0.98 0.05099337748344371 0.04
0 0.9477575552586068 0.8481324363606695 0.05569895700633313 0.11517461631507651
0 0.9887417218543046 0.6947058823529412 0.022516556291390728 0.06235294117647059