0 0.1276595744680851 0.41918714555765596 0.08936170212765958 0.10113421550094517
0 0.34691339631476537 0.35217322511944843 0.08889988192014325 0.1467916573123202
0 0.413031914893617 0.3832703213610586 0.10372340425531915 0.17296786389413987
0 0.0199468085106383 0.4447069943289225 0.0398936170212766 0.0500945179584121
0 0.017287234042553192 0.388468809073724 0.034574468085106384 0.12476370510396975
0 0.5026595744680851 0.3724007561436673 0.07446808510638298 0.1947069943289225
0 0.5325814014360233 0.2998978882928558 0.08342596155717255 0.13656831813570305
0 0.4519315404610767 0.30045776418823616 0.0835497786986129 0.1441297548086709
0 0.47646313312298466 0.2106655477037551 0.09985341468857967 0.13517938413898198
0 0.5471980288738634 0.1879229429539797 0.059159079305630045 0.14530655338640158
0 0.5893617021276596 0.20935727788279773 0.06063829787234042 0.16162570888468808
0 0.5992021276595745 0.030718336483931945 0.040957446808510635 0.06143667296786389
0 0.5712765957446808 0.04489603024574669 0.05425531914893617 0.08979206049149338
0 0.560613578769194 0.09981861400956663 0.08015708648207005 0.1313794942138536
0 0.5106987030539344 0.09776459436940248 0.06385345049210303 0.14032986488354252
0 0.4608147816240349 0.09760093389748029 0.055905681373207866 0.1410629090486733
0 0.4162234042553192 0.07419659735349717 0.07074468085106383 0.14839319470699433
0 0.3970744680851064 0.0444234404536862 0.06648936170212766 0.0888468809073724
0 0.38909574468085106 0.021266540642722116 0.06968085106382979 0.04253308128544423
0 0.34047045995380754 0.07213002805224482 0.08068900137568695 0.13145664854739428
0 0.31595514392698204 0.11430640703892732 0.0705671412542836 0.12904553662599935
0 0.29723387570931603 0.17005283091342097 0.0625672486648532 0.1590019935653399
0 0.2621042770165725 0.1635428755235506 0.07305077511039301 0.15109328439494493
0 0.21206433712342965 0.07283486080986588 0.07111453329058057 0.130067870543661
0 0.12959476044281162 0.18911174521734203 0.07989397505650891 0.11531144128379686
0 0.11419164474953576 0.23685305600276152 0.05916477134812516 0.11324760185982906
0 0.07825438861618157 0.19722323800188651 0.04777218654215193 0.1304537982043523
0 0.12200456459036256 0.11446188565341645 0.07203906879369407 0.12171556295365375
0 0.03333364184081085 0.17609199043058915 0.06134864745081855 0.1493958890570487
0 0.02553191489361702 0.2660680529300567 0.05106382978723404 0.1389413988657845
0 0.010106382978723405 0.15122873345935728 0.02021276595744681 0.10964083175803403
0 0.008776595744680852 0.04773156899810964 0.017553191489361703 0.09546313799621928
0 0.10053191489361703 0.01275992438563327 0.047872340425531915 0.02551984877126654
0 0.5178191489361702 0.035916824196597356 0.056914893617021275 0.07183364839319471
0 0.6279255319148936 0.4106805293005671 0.01648936170212766 0.11814744801512288
0 0.6384691115936654 0.40423689450601386 0.03527503256339937 0.11261119560285866
0 0.6640144571011174 0.3763539407814571 0.03998488089255225 0.10857968668412038
0 0.7232752892749323 0.30102855181833404 0.03961342946823078 0.08589537666521678
0 0.762143769365675 0.30902376712711044 0.04422472289880834 0.10825174176832533
0 0.8953534028736886 0.26139748587355743 0.04067725925546488 0.08604968533229827
0 0.8909502513768893 0.3003620622380017 0.0520177205909029 0.09806690176198472
0 0.9131245213970139 0.35826865145864834 0.04629047390255626 0.10477964076600436
0 0.9808510638297873 0.22022684310018903 0.03829787234042553 0.08506616257088846
0 0.8811671938139642 0.1079987672842434 0.03540454174733489 0.0881136807492538
0 0.911564527955937 0.06856144513475099 0.05541610484994074 0.07875821083022912
0 0.9345744680851064 0.007088846880907372 0.047872340425531915 0.014177693761814745
0 0.6985085978558977 0.08480438225742276 0.04116843476353656 0.05123234938690338
0 0.6786102673021446 0.11727817482064112 0.05133672631298025 0.05647900006066147
0 0.6742917925460454 0.031787663415278604 0.033313528500721765 0.05763647105676017
0 0.9930851063829788 0.05907372400756144 0.013829787234042552 0.08601134215500945
0 0.9792553191489362 0.02504725897920605 0.03829787234042553 0.0500945179584121
0 0.9605316524540631 0.07755000298874103 0.03961342946823084 0.08589537666521678
0 0.7429064153454341 0.18742362368779258 0.06611631129300145 0.08408201583752789
0 0.08716333956604533 0.9277881378245839 0.061236214394367945 0.07771654933093537
0 0.040200856993349174 0.8629857435498693 0.03932914885749476 0.10094109567761182
0 0.022074468085106384 0.8468809073724007 0.04414893617021277 0.10396975425330812
0 0.010106382978723405 0.8194706994328923 0.02021276595744681 0.07372400756143667
0 0.013563829787234043 0.7126654064272212 0.027127659574468086 0.06805293005671077
0 0.045029534318171575 0.5421454377018884 0.038957697433173226 0.07825678565870824
0 0.06998150390532669 0.6400581867897791 0.036721697859944745 0.07133191123569838
0 0.09860350724082308 0.6866418705861123 0.04626521165969098 0.07083033007118966
0 0.16089901082069444 0.5697960704643905 0.034031169106499615 0.0690557803997527
0 0.16883494831055937 0.5035273538699327 0.029058209351785536 0.05701923638843428
0 0.2013717736560306 0.5299343214839302 0.048176191236638154 0.05790643322765888
0 0.2074468085106383 0.4995274102079395 0.06170212765957447 0.05954631379962193
0 0.307417101261721 0.50854176157813 0.039396749470709806 0.07266286248752302
0 0.3202127659574468 0.4924385633270321 0.045744680851063826 0.045368620037807186
0 0.2403738559883989 0.5784951045763681 0.05030385081110624 0.05821505056182184
0 0.2638062195716605 0.599809730183689 0.05937735828795575 0.06141703340025637
0 0.24762355470188663 0.6323510132896321 0.0528860395657911 0.05387492430892059
0 0.28180540217749644 0.6457955068933282 0.05796733931926533 0.072527725409086
0 0.3410813595456295 0.7496298900787177 0.04976624387499447 0.09019684775485388
0 0.36287848609893764 0.8169111208070335 0.06625560557712212 0.09258863209461674
0 0.3861728024345214 0.9108116885578181 0.05121700222922987 0.11398064602495984
0 0.6013297872340425 0.9716446124763705 0.036702127659574466 0.05671077504725898
0 0.5718085106382979 0.9650283553875236 0.05851063829787234 0.06994328922495274
0 0.5218392085709744 0.9484058785422351 0.059810718282997576 0.08788206175564389
0 0.4571808510638298 0.9588846880907372 0.06329787234042553 0.08223062381852551
0 0.47940574116536305 0.8847318858946774 0.05305059609277679 0.09633085126082414
0 0.4522731890408024 0.8642949493287528 0.060750730928791026 0.08047493374975763
0 0.5091078509231758 0.8838540408602935 0.04917242041065715 0.08633897508482906
0 0.5792876160664174 0.859616512400796 0.03706219499890625 0.09212586208636
0 0.549138715699728 0.8656156908143047 0.03593645664095191 0.08819083508279449
0 0.36675531914893617 0.48062381852551983 0.03138297872340425 0.021739130434782608
0 0.39813829787234045 0.47400756143667294 0.04308510638297872 0.008506616257088847
0 0.297908634805025 0.5759967845481471 0.029559169960042653 0.055206031553733055
0 0.3090006623651798 0.6214521447138172 0.03237351585492801 0.06504359906264655
0 0.3105125297977333 0.6975776784023267 0.035679037257885654 0.04006383062616514
0 0.24905439090738996 0.7683411419027425 0.03681456071602507 0.07700298874042427
0 0.3568188327913315 0.6250879061880603 0.02714722977483824 0.06994313323196513
0 0.3786456665935569 0.6131669376840654 0.04368302290500612 0.07517045632409093
0 0.452280832016464 0.5568993710739495 0.03498665889497314 0.0625938319779873
0 0.44388297872340426 0.4948015122873346 0.032446808510638296 0.0500945179584121
0 0.34288719709342574 0.535845667818662 0.038632677436891916 0.058408014392167584
0 0.3847952411403175 0.5188225375241868 0.04687451226670825 0.07563338232533538
0 0.42669394763106444 0.59844885160149 0.049410269593353005 0.06845771732007128
0 0.4175561331062876 0.7371492016723301 0.03919554661586909 0.06037552789395024
0 0.4351007865319069 0.7877837219690336 0.061158828680967454 0.07299065141033045
0 0.4775273148585806 0.8024241077426112 0.04385896351698193 0.05350848022284901
0 0.49425737176465157 0.7709051585543298 0.04099249415156087 0.0728943254881453
0 0.5446662690092304 0.7221123664858128 0.042959690256733706 0.09581009850767107
0 0.5707427299178971 0.7428675841767163 0.03413950910525989 0.07567203748859963
0 0.6069148936170212 0.7561436672967864 0.02553191489361702 0.05103969754253308
0 0.6066489361702128 0.7991493383742911 0.026063829787234042 0.06143667296786389
0 0.588442154770317 0.8029539003146295 0.03701576357086603 0.08929032333399706
0 0.5569276203341323 0.7903677681706976 0.042247741693450795 0.05233183763810585
0 0.5723010287784908 0.8218286566175887 0.04162296394375333 0.04658360579983915
0 0.5331230058341468 0.7949298496263927 0.03589571725540668 0.053296344803859017
0 0.5545604169964853 0.5971942747182677 0.030514659748516176 0.04874408313196766
0 0.5622430281609743 0.547861636304447 0.021394720843626445 0.04270656154117013
0 0.586968085106383 0.4867674858223062 0.034574468085106384 0.034026465028355386
0 0.6093085106382978 0.5151228733459358 0.02074468085106383 0.04914933837429111
0 0.5382343647849006 0.5561658589298555 0.028257490990112506 0.07293298065140945
0 0.5070855897305423 0.5983229883313999 0.05738899299760833 0.06961503232318225
0 0.5993939929582704 0.5805954932582665 0.028918915067665113 0.04851262013134538
0 0.9603723404255319 0.967391304347826 0.061170212765957445 0.06521739130434782
0 0.9719349174483023 0.7310356956953995 0.04891340204278622 0.1353340047920388
0 0.9675630721852253 0.5936760386636941 0.03944318089875003 0.07549840123988596
0 0.9023656999485208 0.8411688348095954 0.05691329463221661 0.10537754785269801
0 0.8914883058570418 0.7764144475029858 0.056303994025199214 0.10057449559855262
0 0.8517889526116683 0.7338816002070232 0.06089981031309677 0.12198568111754018
0 0.9047947162612097 0.7302548785516454 0.04724596369102978 0.09831769234423886
0 0.9138816543518941 0.7018704996555677 0.05042766795254683 0.06577648723478971
0 0.898198255509894 0.5218524440437845 0.05169270059462159 0.07821813049544397
0 0.8102148185731622 0.5444504819137883 0.048124067766103056 0.08712984600186865
0 0.9005234724255531 0.5990388888167262 0.04213370965219528 0.0777745320758316
0 0.6966221766250916 0.8664873819000956 0.05473351158721337 0.13429234329274484
0 0.6587902175498727 0.7921656232449527 0.04106418782246636 0.10967917493532295
0 0.6396276595744681 0.7873345935727788 0.0398936170212766 0.11720226843100189
0 0.6930270345172652 0.7603572283111527 0.049141466125297 0.0844486159165873
0 0.7004591653776258 0.7119311923146826 0.044091120657182736 0.06768617398466376
0 0.7257617691522893 0.685427430799537 0.03222852952831271 0.08859593433213044
0 0.748430060701733 0.6924872083115023 0.03402547706400456 0.10111473192632549
0 0.7683980383975463 0.6642667238768285 0.04236586679239627 0.09195222583764634
0 0.8056467586010154 0.7191737238907208 0.06183982295889022 0.1145785531116537
0 0.7115360677434626 0.57822678033184 0.0376250641778833 0.09409337558814267
0 0.6609654599931453 0.5685341696851673 0.04721500940566963 0.096427333175997
0 0.8047872340425531 0.4966918714555766 0.05 0.05387523629489603