0 0.10580387164838034 0.5085392556227398 0.06217899827630918 0.09292303969154345
0 0.036734892025676986 0.4568784587704615 0.04377458985162775 0.07350766624561887
0 0.025135135135135135 0.19423076923076923 0.05027027027027027 0.07692307692307693
0 0.0895543857125159 0.0945549924269877 0.04673454780144901 0.06392584603298974
0 0.13794118214796777 0.14119552242078878 0.048554469128466 0.07067339746513666
0 0.10950154974482695 0.17550603037781082 0.03933695140993456 0.0696167598624576
0 0.11963974466697934 0.20781266798048995 0.043406318970179276 0.061007666245618875
0 0.15992800029291612 0.2913773296023811 0.05353034962766054 0.09283353461752859
0 0.059573117801056175 0.3975176042093062 0.05996017905546265 0.09097758649996275
0 0.08262150906346266 0.3636319248117941 0.06718780427092398 0.07951744190126402
0 0.09477410392703184 0.32674974868714834 0.06701783309487087 0.07374821113203325
0 0.19631726204330716 0.16006331837249285 0.04132914239604361 0.06386990536173048
0 0.34135135135135136 0.009615384615384616 0.05027027027027027 0.019230769230769232
0 0.36783783783783786 0.02451923076923077 0.05243243243243243 0.04903846153846154
0 0.302865002554556 0.12656115311516603 0.054073188651240146 0.0745754919825497
0 0.43729729729729727 0.015865384615384615 0.046486486486486484 0.03173076923076923
0 0.4358448709766462 0.07314638352182745 0.046963474519225445 0.05335451702319253
0 0.3137458588136397 0.24827128840598134 0.06220962528869038 0.07562094145097699
0 0.2200677469652338 0.08581260282530616 0.036747562824600725 0.07343494337298187
0 0.26549918241694237 0.10550767962752663 0.03262153820567176 0.08012096006674374
0 0.34490198481771744 0.10440693057195974 0.048755067316900304 0.059140529993801094
0 0.4203345695109454 0.1152806597486163 0.04721843128330531 0.06200836317703868
0 0.3350573892204537 0.33884889910644084 0.06439781749715572 0.09486849288312403
0 0.2810921418454216 0.42384124216870545 0.0580529736573801 0.09960905638530536
0 0.22698257997420274 0.4122269401819843 0.0553502709546774 0.09958108604967562
0 0.4091891891891892 0.6076923076923076 0.06486486486486487 0.04423076923076923
0 0.38239792604463796 0.560905866559063 0.06601943911877733 0.09488527508450183
0 0.31078434911365305 0.49624192420751195 0.04306177965199478 0.08599647811136693
0 0.2062253518639546 0.551392690017269 0.07486408898978228 0.1199691860913906
0 0.4762406653701452 0.5455358774263821 0.06726819289287247 0.11892933069008922
0 0.4734916487824337 0.46139846500820364 0.06178239886551858 0.07946150123000498
0 0.47889093461380466 0.3970509079913267 0.04115687273695142 0.07636431129460453
0 0.5518918918918919 0.6206730769230769 0.043243243243243246 0.01826923076923077
0 0.5505921689822921 0.5563984184687867 0.04974656584387663 0.09279437614764735
0 0.62 0.59375 0.04 0.07211538461538461
0 0.5386053508373438 0.4063201015290239 0.0551802997786244 0.09381185528044485
0 0.4470070874125496 0.33279812957353055 0.04843885652805831 0.08509088032108772
0 0.4902373156326411 0.3236330673617823 0.047043863141174175 0.09276640581201762
0 0.38682907154585977 0.3903306858106898 0.052331357463132694 0.12550346604133275
0 0.39900884569725154 0.36354186649863485 0.05611743972995543 0.10727898780910917
0 0.41934381771684287 0.30175199248156676 0.039391309985579985 0.08980347348763933
0 0.6148648648648649 0.020673076923076922 0.02972972972972973 0.041346153846153845
0 0.5989189189189189 0.023557692307692307 0.02810810810810811 0.047115384615384615
0 0.5362162162162162 0.013942307692307693 0.025945945945945945 0.027884615384615386
0 0.5156756756756756 0.02403846153846154 0.02918918918918919 0.04807692307692308
0 0.5567567567567567 0.009615384615384616 0.02054054054054054 0.019230769230769232
0 0.5700757916558703 0.02551203283197147 0.02491692495747122 0.03870767741507889
0 0.5681081081081081 0.00625 0.01945945945945946 0.0125
0 0.5306837057952078 0.05490296713878284 0.02665186069646134 0.04257061346261048
0 0.6327027027027027 0.10192307692307692 0.014594594594594595 0.046153846153846156
0 0.6351351351351351 0.07115384615384615 0.00972972972972973 0.04807692307692308
0 0.5007633185420737 0.2131987929965702 0.042436253523427864 0.08310626865962568
0 0.5426280311461429 0.20353897638623802 0.05617869375471781 0.0726747913279765
0 0.5271632968325773 0.10965751580877894 0.040904214455911005 0.04944682843865356
0 0.5525710007210216 0.09165680026159223 0.04022203126865935 0.0446335420638354
0 0.69301848184069 0.30905670683188724 0.04923435383267846 0.09375032054205974
0 0.6597297297297298 0.18365384615384617 0.03945945945945946 0.07307692307692308
0 0.654054054054054 0.0985576923076923 0.02810810810810811 0.0798076923076923
0 0.98 0.49182692307692305 0.04 0.11634615384615385
0 0.9818918918918919 0.11730769230769231 0.036216216216216214 0.11538461538461539
0 0.8856117206592284 0.050552385625117 0.04559451117864449 0.08025521767776579
0 0.8468394147195353 0.12849262113893184 0.03145547153656406 0.07722515654787653
0 0.8766824585666338 0.1326464486770112 0.04018910577323909 0.08019927700650664
0 0.9362659486835746 0.1649841741909426 0.03731643189448339 0.07440207590164626
0 0.907175909347083 0.16804747918152757 0.03967919224507986 0.06289158469881434
0 0.8772685371171004 0.3359558926211367 0.08997319407861412 0.10090064480727305
0 0.9043212208239938 0.24539818169767752 0.04817930279790056 0.11296430757145118
0 0.7460902312999238 0.20290772058221357 0.04795267456316307 0.10527199987914349
0 0.7057939309833504 0.18326578741768929 0.0521659832531576 0.08320696186789225
0 0.7262162162162162 0.03894230769230769 0.03945945945945946 0.07788461538461539
0 0.8692013991950492 0.23638351821420964 0.04985987996124537 0.0966405299938011
0 0.05866275462890199 0.8502847441842772 0.07531504697621819 0.15361743817811066
0 0.13022542070880017 0.8673665178574894 0.05699332565652406 0.1553503168189064
0 0.15882200926484252 0.8292126530878765 0.056537770704010136 0.15822933813639592
0 0.19276849540912538 0.7800598337153933 0.07147460613374991 0.15165520278515252
0 0.2495773122584885 0.8190975610909015 0.0810910217461109 0.14790974214726502
0 0.3117796687316249 0.8394468232047947 0.07210013226231707 0.15454541223689375
0 0.44898356238382214 0.7918432398841312 0.07016919530097053 0.12568807025648798
0 0.5051725993122157 0.7823316660526359 0.06303115263961372 0.10350555683559239
0 0.5335712615292997 0.847509621495652 0.07315748178013393 0.11706778850539741
0 0.5544349083077994 0.7669809356128358 0.047780404904070886 0.11776640581201762
0 0.5923412689859536 0.788040003167601 0.052701926827619996 0.11973982933922772
0 0.6197297297297297 0.8052884615384616 0.04054054054054054 0.07596153846153846
0 0.617027027027027 0.8783653846153846 0.04594594594594595 0.12211538461538461
0 0.006756756756756757 0.7355769230769231 0.013513513513513514 0.10576923076923077
0 0.041891891891891894 0.7067307692307693 0.08378378378378379 0.15384615384615385
0 0.12764370344766593 0.6971993834672483 0.07281983791106689 0.08726569026483097
0 0.10383771070857448 0.7603952037403056 0.0872115358341881 0.1172132342506713
0 0.11972972972972973 0.6471153846153846 0.055675675675675676 0.03461538461538462
0 0.18027027027027026 0.6658653846153846 0.06108108108108108 0.07211538461538461
0 0.24432432432432433 0.6966346153846154 0.06486486486486487 0.13365384615384615
0 0.28486486486486484 0.6778846153846154 0.07675675675675675 0.09615384615384616
0 0.2289189189189189 0.6447115384615385 0.06864864864864866 0.02980769230769231
0 0.07621621621621621 0.6711538461538461 0.06486486486486487 0.08269230769230769
0 0.3824324324324324 0.6504807692307693 0.06648648648648649 0.041346153846153845
0 0.379338444875682 0.6839436311661048 0.07424315982729339 0.08055170323543953
0 0.43972972972972973 0.676923076923077 0.08702702702702703 0.09423076923076923
0 0.4945945945945946 0.6581730769230769 0.07027027027027027 0.05673076923076923
0 0.9386486486486486 0.6615384615384615 0.055675675675675676 0.06346153846153846
0 0.8313271589950236 0.9330603217993542 0.07958960969097523 0.09694820368572656
0 0.6505405405405406 0.8278846153846153 0.02108108108108108 0.12307692307692308
0 0.6862162162162162 0.6471153846153846 0.044864864864864865 0.03461538461538462