0 0.06094416986567179 0.264440072062416 0.10321720480189976 0.17773280609665373
0 0.4287652645861601 0.13043478260869565 0.0814111261872456 0.0748792270531401
0 0.45827679782903663 0.3556763285024155 0.022388059701492536 0.21859903381642512
0 0.4195157403086088 0.292437525812112 0.09472926750574394 0.20181350573008452
0 0.3633561045553748 0.26981141952817056 0.09228400250713112 0.22195056232483765
0 0.3144152528315998 0.30730062508772915 0.07915704940310571 0.20196148453155752
0 0.4004814689875021 0.39032535365440296 0.09955720257479286 0.20854225572308294
0 0.3712386585714158 0.4324851501097308 0.08835442659574873 0.1285610488712817
0 0.2941027984963368 0.3851130375588497 0.11479781930330199 0.18303195808103023
0 0.2871541553894771 0.5010304698522359 0.08938024456306347 0.155229683273318
0 0.33344640434192674 0.5634057971014492 0.057666214382632294 0.03260869565217391
0 0.24185888738127545 0.5398550724637681 0.08616010854816825 0.07971014492753623
0 0.17706919945725916 0.5205314009661836 0.07598371777476255 0.11835748792270531
0 0.19757681267526025 0.3566210587498804 0.08827604112594616 0.17435618258518717
0 0.21009497906922983 0.2523618804167464 0.11684888799960808 0.18453544582820203
0 0.2431869945927636 0.16796849742972733 0.10970201226494805 0.20760558817874902
0 0.03867028493894165 0.3423913043478261 0.0773405698778833 0.18719806763285024
0 0.058634826185843744 0.4503441723109634 0.10067719655353542 0.1906234858798128
0 0.06478968792401628 0.5392512077294686 0.0780189959294437 0.08091787439613526
0 0.1319538670284939 0.5543478260869565 0.07394843962008141 0.050724637681159424
0 0.8759619697857682 0.3495239563481847 0.10151296078302434 0.15096558560175977
0 0.6786584178438868 0.3298933743411124 0.0804185910181517 0.14307849884877763
0 0.5938706683213028 0.29286095167405946 0.06347373027076746 0.14182157599593648
0 0.49830393487109903 0.18357487922705315 0.057666214382632294 0.14251207729468598
0 0.4799864314789688 0.20229468599033817 0.02103120759837178 0.12198067632850242
0 0.48880597014925375 0.29347826086956524 0.03867028493894165 0.12560386473429952
0 0.5387850730177448 0.3782773397833028 0.0557583950375999 0.12141345747691812
0 0.5023155833013871 0.3597179596608312 0.05627891567290824 0.10943474888378532
0 0.7034700420656869 0.49261629830691483 0.0728611612012363 0.13474767501574972
0 0.7052238805970149 0.5513285024154589 0.06580732700135686 0.05676328502415459
0 0.8364993215739485 0.5700483091787439 0.05834464043419267 0.01932367149758454
0 0.22286295793758482 0.9794685990338164 0.08480325644504749 0.04106280193236715
0 0.15705563093622796 0.9698067632850241 0.07666214382632293 0.06038647342995169
0 0.1616430668975126 0.9229253886303264 0.0703843151193729 0.15246927267330476
0 0.030189959294436908 0.6328502415458938 0.060379918588873815 0.10628019323671498
0 0.00983717774762551 0.9311594202898551 0.01967435549525102 0.10628019323671498
0 0.9137468499170511 0.8304693535311338 0.05517414499746711 0.07672746713875386
0 0.9579375848032564 0.9208937198067633 0.08412483039348712 0.15821256038647344
0 0.9033242876526458 0.967391304347826 0.09023066485753053 0.06521739130434782