0 0.5042105263157894 0.44709737827715357 0.08210526315789474 0.04400749063670412
0 0.4358836156803983 0.37449670989623257 0.09531998693303362 0.11340998715851658
0 0.2899663336883984 0.3740181218682562 0.08330296103289596 0.16284445280278165
0 0.11789473684210526 0.41853932584269665 0.06421052631578947 0.10112359550561797
0 0.17648153229077826 0.3952090633808013 0.08019217862524425 0.08981074493761333
0 0.16867378960360252 0.32379957233583406 0.0653520167039077 0.12208555033885929
0 0.08164891164859982 0.400501625775048 0.06885252221125801 0.0937472203425813
0 0.10690721118878349 0.30968738357585734 0.055519396061729245 0.112282809582352
0 0.1304914063750446 0.2728171672536758 0.06944289754247979 0.11988801689231325
0 0.17034758318181825 0.23876559026761207 0.04581427295163322 0.09319320486038221
0 0.14669870690239528 0.18708580191357385 0.06655570197953274 0.07666399201424949
0 0.07271662578586359 0.31512362282454326 0.03914802065257576 0.13316879609804377
0 0.04369341974076525 0.3113303606768773 0.05949848347794901 0.09518043464225379
0 0.017368421052631578 0.3642322097378277 0.034736842105263156 0.09737827715355805
0 0.012105263157894737 0.4400749063670412 0.024210526315789474 0.05805243445692884
0 0.007368421052631579 0.13249063670411984 0.014736842105263158 0.09644194756554307
0 0.02193313950227687 0.12371084888571494 0.038605379201958175 0.09586847640681914
0 0.0477105243284829 0.10724880371314457 0.04277602369200855 0.09554360213630296
0 0.06973963908662505 0.06495168964959155 0.030678612588978863 0.0816898153689863
0 0.10182496133165021 0.059821178059654985 0.05376459572920782 0.07108430770969282
0 0.12508287140854701 0.08988895397466133 0.06502448849171587 0.06527517312869488
0 0.17605263157894738 0.021067415730337078 0.04684210526315789 0.042134831460674156
0 0.3627009216761334 0.2975070709495711 0.09128469202993074 0.09235214473406292
0 0.30977322273603347 0.19873356365511555 0.056157505273555265 0.1272640829905917
0 0.34186639703592375 0.1813543355062968 0.06900419745934941 0.10958839142414846
0 0.2787369168182301 0.24092552588633118 0.052106506260722295 0.1303979460251527
0 0.2394227599106602 0.2504032378399433 0.055583455603477286 0.13834717421739684
0 0.21362481262017086 0.20421720583608058 0.04471390749208168 0.10419986417249995
0 0.22210526315789475 0.04728464419475655 0.04631578947368421 0.0945692883895131
0 0.6261382999688562 0.29693537691320776 0.052258181508813756 0.14623911710672008
0 0.6693445501377164 0.3415354853204025 0.06771289647738118 0.16523314330223596
0 0.7144916778069614 0.29493903742259064 0.05052755889230124 0.13016865028109056
0 0.7494736842105263 0.4232209737827715 0.07684210526315789 0.09176029962546817
0 0.7794736842105263 0.3529962546816479 0.04105263157894737 0.13857677902621723
0 0.772964701122284 0.300108305833198 0.044003886683642454 0.07525007885872294
0 0.7534468982828793 0.2770343591768437 0.045327838987898904 0.09405310253370988
0 0.6327758269730586 0.17302464759678707 0.060368031589344735 0.12787553830809062
0 0.5913243771367199 0.16962304106225148 0.055559277887468374 0.11321913917036698
0 0.4554469769704591 0.16862857624323022 0.05059161843404916 0.15623301491613542
0 0.4928951616745689 0.16507456947645752 0.057903831999797865 0.11914284435720632
0 0.5226715748298644 0.13060253969342378 0.0588446701563929 0.10439086669302877
0 0.5517742337507341 0.10517850482590702 0.06938669005559668 0.08172779952776117
0 0.5461995625292425 0.05511351451856587 0.07514413396893313 0.0695363682717998
0 0.4234809894269445 0.14547812040599897 0.06056744071804037 0.1325571862481655
0 0.40991187679899976 0.09421878484893084 0.06408365033512071 0.08002715079287265
0 0.006842105263157895 0.29260299625468167 0.01368421052631579 0.08895131086142322
0 0.31394736842105264 0.015917602996254682 0.05842105263157895 0.031835205992509365
0 0.3634210526315789 0.039794007490636704 0.04368421052631579 0.07958801498127341
0 0.7718421052631579 0.009363295880149813 0.05631578947368421 0.018726591760299626
0 0.738421052631579 0.031835205992509365 0.06947368421052631 0.06367041198501873
0 0.7320056726503038 0.09690548408980121 0.04311925601393054 0.12816227388745258
0 0.6978906140957226 0.07924878460274547 0.041707688003330794 0.11958244376594312
0 0.665498326102789 0.08960554084145185 0.042983906426982826 0.14954499058242252
0 0.6374558400400249 0.07153803912949887 0.05411568010599479 0.0916071267313351
0 0.6056496905751736 0.08322285783554036 0.03569462747441584 0.0889320097172774
0 0.6189473684210526 0.023408239700374533 0.07368421052631578 0.04681647940074907
0 0.7813157894736842 0.11750936329588015 0.03736842105263158 0.08146067415730338
0 0.7907894736842105 0.05711610486891386 0.018421052631578946 0.06928838951310862
0 0.8202631578947368 0.3445692883895131 0.04052631578947368 0.15168539325842698
0 0.9926315789473684 0.1900749063670412 0.014736842105263158 0.10674157303370786
0 0.9593463007352008 0.17237451272480694 0.06873287673404056 0.09093823157853625
0 0.9357894736842105 0.012640449438202247 0.056842105263157895 0.025280898876404494
0 0.8655349034525094 0.22650907752520733 0.06721798890736767 0.11677330046951885
0 0.8197368421052632 0.1900749063670412 0.039473684210526314 0.1254681647940075
0 0.8202631578947368 0.10955056179775281 0.04052631578947368 0.07865168539325842
0 0.9921052631578947 0.05664794007490637 0.015789473684210527 0.10205992509363296
0 0.28778099610331853 0.9012864823251009 0.051675658232456956 0.10800246782748069
0 0.32951915999898923 0.8679037232256465 0.06338210313296043 0.1003971059851401
0 0.6418421052631579 0.9831460674157303 0.057368421052631575 0.033707865168539325
0 0.7178947368421053 0.9831460674157303 0.04631578947368421 0.033707865168539325
0 0.795 0.925561797752809 0.01 0.1151685393258427
0 0.7514815322907783 0.8716324447501963 0.04952266119395805 0.11885626331022368
0 0.5004881018990258 0.8473150500556649 0.05892443380787116 0.10626352586905874
0 0.5158010550475581 0.6411220421321465 0.05205815082870423 0.08014187593109318
0 0.31627209567726944 0.7247407975196187 0.053190546059129845 0.08216739893649798
0 0.26559472619111807 0.778264138801089 0.04579071678703808 0.12948076304890432
0 0.20637665859617038 0.8302014019535121 0.05706631365927622 0.09947992300889172
0 0.18718152561440415 0.7774037775306238 0.048126797293088636 0.08608472772969913
0 0.13159993466516812 0.8401184042511026 0.05650796809892852 0.08637130877668198
0 0.03605263157894737 0.9854868913857678 0.06263157894736843 0.02902621722846442
0 0.048211844131583824 0.9586877774495849 0.05303101875617346 0.07842208058443804
0 0.07467052447137378 0.8898390646114026 0.0402719422767225 0.0858745785974038
0 0.09517328409625221 0.9236043696152418 0.04310293035278655 0.09093838611091548
0 0.11616061303062399 0.769817175969102 0.04347757089416889 0.07517364694403553
0 0.16105263157894736 0.499063670411985 0.04 0.0599250936329588
0 0.4644736842105263 0.48220973782771537 0.05526315789473684 0.026217228464419477
0 0.39657894736842103 0.4789325842696629 0.04368421052631579 0.019662921348314606
0 0.3894736842105263 0.5042134831460674 0.05157894736842105 0.0702247191011236
0 0.4295196674936461 0.5052677830522659 0.051579568919834715 0.0689059208749134
0 0.483421052631579 0.5 0.04473684210526316 0.06179775280898876
0 0.5384103209331589 0.7989414442420874 0.05221829968307463 0.1453027875187051
0 0.5770343979451591 0.760829247939331 0.057449427806937146 0.13303492434805642
0 0.6020108417805639 0.7939448816683278 0.050455647295688036 0.11620013837555336
0 0.7272419699044266 0.7625690398258385 0.04953051324882309 0.10676041058071603
0 0.6401478632774158 0.6946655344858481 0.049817538083862016 0.10121886496731367
0 0.5974044909076951 0.6857988142525974 0.04298328487556917 0.08812939734687053
0 0.563723895633105 0.6534761423219347 0.0541634139865992 0.08044760358984264
0 0.5738510823894805 0.6114942519568248 0.05248052525069062 0.05321761362272081
0 0.7337114959993936 0.5849817963338143 0.036954520236924124 0.08167066875721969
0 0.7126951309944597 0.6261897169799777 0.03755274762301078 0.0957156125774443
0 0.6751155227308347 0.6453078098210286 0.0526642302696564 0.08209096702181055
0 0.6804629918558962 0.7024717039531695 0.047121899594745435 0.07477234075883205
0 0.7768543081779192 0.6653917248296405 0.0419940912869563 0.05262530491698855
0 0.7625954264301117 0.6165878611146408 0.04036741003793108 0.06355553231441888
0 0.7365914610588893 0.7023287224944365 0.035742361355020014 0.07777248657578492
0 0.5628947368421052 0.5009363295880149 0.03736842105263158 0.06367041198501873
0 0.6486842105263158 0.4798689138576779 0.02894736842105263 0.02153558052434457
0 0.6721052631578948 0.48829588014981273 0.031578947368421054 0.03838951310861423
0 0.6989473684210527 0.48735955056179775 0.03263157894736842 0.03651685393258427
0 0.6894486882241536 0.5466589100354354 0.0470101061723931 0.05986749926527965
0 0.30829697363227215 0.6618347046814737 0.0603595579830658 0.07855579780204607
0 0.19315283966333888 0.6192023703796252 0.032058150828704224 0.07723746317297343
0 0.005526315789473684 0.8913857677902621 0.011052631578947368 0.0749063670411985
0 0.04551733468853797 0.6467658807288714 0.050870169662809384 0.10137172879668829
0 0.062019512105792686 0.5430913893871101 0.037576303787606034 0.05942805438892218
0 0.12560887642231383 0.6186478140340991 0.04461781817945956 0.06510331721993277
0 0.045526315789473686 0.48174157303370785 0.04052631578947368 0.025280898876404494
0 0.42781147199565817 0.7386908582090959 0.04862955691796718 0.12244871783290867
0 0.3789311568166656 0.6727748917157352 0.03989730173534027 0.10163931776428364
0 0.98 0.9058988764044944 0.04 0.14700374531835206
0 0.8060526315789474 0.773876404494382 0.012105263157894737 0.13389513108614232
0 0.8178947368421052 0.6905430711610487 0.035789473684210524 0.09831460674157304
0 0.8257894736842105 0.6175093632958801 0.05157894736842105 0.09644194756554307
0 0.8252631578947368 0.5589887640449438 0.05052631578947368 0.08426966292134831
0 0.9198273688497253 0.8390214146501902 0.08780836423858952 0.14581850977737076
0 0.934415218631502 0.6904031030837099 0.07652429376007244 0.12649960931133894
0 0.9842105263157894 0.6123595505617978 0.031578947368421054 0.10674157303370786
0 0.9520540280823218 0.6134140050003755 0.04934742978127145 0.13930265041717843
0 0.8880703930872557 0.5845498385762211 0.08279234935315248 0.13857631542907967
0 0.9863157894736843 0.5070224719101124 0.02736842105263158 0.07584269662921349
0 0.8473187398555929 0.7840737369792246 0.06642882599886397 0.1473664492152638
0 0.8935106470489205 0.7495731418109198 0.06461843973087333 0.1294233232136045