0 0.20783492822966507 0.3857008017732127 0.0651913875598086 0.08897249303127051
0 0.1139354066985646 0.40741718398631904 0.056818181818181816 0.10377946152344772
0 0.19617224880382775 0.17677893760439736 0.06937799043062201 0.09327113644475614
0 0.007177033492822967 0.1898936170212766 0.014354066985645933 0.08404255319148936
0 0.06638755980861244 0.0861007132096924 0.06399521531100479 0.10810905084018327
0 0.02631578947368421 0.06542553191489361 0.05263157894736842 0.0797872340425532
0 0.11154306220095694 0.031914893617021274 0.04007177033492823 0.06382978723404255
0 0.18450956937799043 0.0425531914893617 0.049641148325358854 0.0851063829787234
0 0.42822966507177035 0.29627659574468085 0.01674641148325359 0.09042553191489362
0 0.4473684210526316 0.3127896502425717 0.04366028708133971 0.09832415061297853
0 0.43450956937799046 0.24574468085106382 0.02930622009569378 0.06808510638297872
0 0.4309210526315789 0.2074468085106383 0.022129186602870814 0.05319148936170213
0 0.4461722488038278 0.18351063829787234 0.05263157894736842 0.08829787234042553
0 0.4688995215311005 0.16575832910087548 0.031698564593301434 0.07585994146806443
0 0.4934210526315789 0.17614287056656786 0.04366028708133971 0.12172840593212747
0 0.5140550239234449 0.17273785447244233 0.035287081339712915 0.11632260846685787
0 0.42822966507177035 0.026063829787234042 0.01674641148325359 0.052127659574468084
0 0.7622607655502392 0.2089991317367546 0.07177033492822966 0.1305299357205474
0 0.6555023923444976 0.17127411324872857 0.06279904306220095 0.11873497035122367
0 0.6659688995215312 0.10414452599160978 0.04844497607655503 0.09624600448371003
0 0.4967105263157895 0.059087553477248436 0.05562200956937799 0.05483091294938175
0 0.583732057416268 0.034574468085106384 0.03827751196172249 0.06914893617021277
0 0.6166267942583732 0.021808510638297873 0.04904306220095694 0.043617021276595745
0 0.9204545454545454 0.18129826366760818 0.06698564593301436 0.07409744355194359
0 0.979066985645933 0.27180851063829786 0.041866028708133975 0.0797872340425532
0 0.9901315789473685 0.15531914893617021 0.019736842105263157 0.10212765957446808
0 0.9760765550239234 0.1429567124203541 0.034688995215311005 0.07908237673301649
0 0.8702153110047847 0.057350069735821185 0.03708133971291866 0.100383729200297
0 0.7625598086124402 0.07761305842302542 0.04066985645933014 0.08765490683738819
0 0.9829545454545454 0.07446808510638298 0.03409090909090909 0.06595744680851064
0 0.9240430622009569 0.070622830711368 0.037679425837320576 0.08017715242350021
0 0.9620215311004785 0.027659574468085105 0.056818181818181816 0.05531914893617021
0 0.9180622009569378 0.01702127659574468 0.04904306220095694 0.03404255319148936
0 0.39174641148325356 0.6 0.056220095693779906 0.09574468085106383
0 0.06997607655502393 0.8809115370671712 0.06399521531100479 0.08470479552103433
0 0.3498803827751196 0.6046107452038444 0.056818181818181816 0.08782201471493696
0 0.13785885167464115 0.5738260863399973 0.06758373205741627 0.07729512209429572
0 0.11602870813397129 0.8623498637741461 0.0645933014354067 0.07620034640381187
0 0.3256578947368421 0.9478723404255319 0.0687799043062201 0.10425531914893617
0 0.30023923444976075 0.5207446808510638 0.061004784688995214 0.0627659574468085
0 0.40998803827751196 0.6186170212765958 0.019736842105263157 0.11595744680851064
0 0.26854066985645936 0.5394950269637274 0.06279904306220095 0.09001156609590459
0 0.40580143540669855 0.8031914893617021 0.028110047846889953 0.06170212765957447
0 0.3980263157894737 0.6867021276595745 0.04366028708133971 0.08404255319148936
0 0.23355263157894737 0.8159209238189836 0.05502392344497608 0.08780344717298717
0 0.39174641148325356 0.9031914893617021 0.056220095693779906 0.0851063829787234
0 0.08791866028708134 0.792959904200864 0.06698564593301436 0.0645229754668372
0 0.3866626794258373 0.5484042553191489 0.06638755980861244 0.06702127659574468
0 0.3050239234449761 0.6141174869440803 0.05143540669856459 0.08244716315291716
0 0.18181818181818182 0.8281584156047791 0.06698564593301436 0.09218254993492231
0 0.24401913875598086 0.7094296344342053 0.05801435406698564 0.08038758456559857
0 0.15370813397129188 0.7475982432655396 0.0651913875598086 0.07727036537169593
0 0.3902511961722488 0.9585106382978723 0.05921052631578947 0.08297872340425531
0 0.20305023923444976 0.7258110401172376 0.05382775119617225 0.09204638796062334
0 0.3693181818181818 0.7139840649178274 0.056220095693779906 0.07292220851301036
0 0.08462918660287082 0.7392705404391197 0.05741626794258373 0.07399841666154441
0 0.37978468899521534 0.7851523500011341 0.07236842105263158 0.0922382525607719
0 0.03917464114832536 0.975 0.07834928229665072 0.05
0 0.26465311004784686 0.8177267459996542 0.05741626794258373 0.08676437410835293
0 0.12440191387559808 0.7697100237556851 0.05143540669856459 0.08031950357844907
0 0.17972488038277512 0.6350949713540751 0.04904306220095694 0.07178410855797694
0 0.021830143540669856 0.8888297872340426 0.04366028708133971 0.0797872340425532
0 0.13427033492822968 0.6525866256792161 0.05980861244019139 0.06764019466073995
0 0.27332535885167464 0.7633816837312938 0.05921052631578947 0.06444251611838782
0 0.27751196172248804 0.6585511254241909 0.05382775119617225 0.06864213264147445
0 0.4072966507177033 0.9478723404255319 0.025119617224880382 0.06808510638297872
0 0.9279306220095693 0.9776595744680852 0.053229665071770335 0.04468085106382979
0 0.8552631578947368 0.9627659574468085 0.04904306220095694 0.07446808510638298
0 0.8142942583732058 0.9611702127659575 0.046052631578947366 0.07765957446808511
0 0.9479665071770335 0.9268998840791653 0.05861244019138756 0.09315973119305708
0 0.8875598086124402 0.8807164806865125 0.05143540669856459 0.08776631208908738
0 0.9835526315789473 0.8547872340425532 0.03289473684210526 0.10319148936170212
0 0.9889354066985646 0.7287234042553191 0.022129186602870814 0.07021276595744681
0 0.9081937799043063 0.6172050816136637 0.031698564593301434 0.08117909040423471
0 0.8797846889952153 0.5015957446808511 0.034688995215311005 0.02446808510638298
0 0.8483851674641149 0.6422920847850419 0.05263157894736842 0.06862975428017457
0 0.8361244019138756 0.5015957446808511 0.04784688995215311 0.02446808510638298
0 0.9838516746411483 0.5569148936170213 0.03229665071770335 0.06914893617021277
0 0.9566387559808612 0.5411718430874005 0.04904306220095694 0.06646495962180674
0 0.9264354066985646 0.5202127659574468 0.029904306220095694 0.06170212765957447
0 0.5681818181818182 0.9451917159195447 0.06220095693779904 0.0963883556386589
0 0.6794258373205742 0.5090425531914894 0.034688995215311005 0.039361702127659576
0 0.6151315789473685 0.5404505460895872 0.049641148325358854 0.05689668071735032
0 0.5720693779904307 0.6478110607134051 0.05143540669856459 0.07712801421674695
0 0.5311004784688995 0.6466392749070758 0.04784688995215311 0.05794194296263449
0 0.6620813397129187 0.6516668230681405 0.03588516746411483 0.07803092530708222
0 0.7924641148325359 0.6082963050907062 0.04425837320574163 0.07386225468724544
0 0.8654306220095693 0.6224348420726885 0.034688995215311005 0.08546535545642063
0 0.7604665071770335 0.6304359368937765 0.04784688995215311 0.06964407062220897
0 0.7491028708133971 0.7039577866452745 0.06997607655502393 0.06880924051902317
0 0.6393540669856459 0.7471147778902854 0.03827751196172249 0.08550249054032032
0 0.6079545454545454 0.8309503481722803 0.04425837320574163 0.08875587170852203
0 0.645933014354067 0.8858764841371786 0.04724880382775119 0.09410596654794193
0 0.6758373205741627 0.8408861740408512 0.041866028708133975 0.08979494477315629
0 0.7784090909090909 0.8999311125381076 0.056220095693779906 0.07292220851301036
0 0.5505382775119617 0.49627659574468086 0.04007177033492823 0.013829787234042552
0 0.4626196172248804 0.934581978644687 0.037679425837320576 0.08656013114690447
0 0.882177033492823 0.8100275024612984 0.03289473684210526 0.07161700068042828
0 0.9255382775119617 0.8590468719705597 0.045454545454545456 0.09515122879322618