0 0.020338983050847456 0.22535211267605634 0.04067796610169491 0.18309859154929578
0 0.07847502709913033 0.30725385263216415 0.08591494967224032 0.15569428227808416
0 0.10671987457510099 0.19648421198473098 0.06871687876577041 0.16137935316738555
0 0.15949141248384685 0.195098793551137 0.08563840295833963 0.14865202875695727
0 0.14951932271756357 0.2703072082545578 0.08480876281663702 0.12752526819357698
0 0.3214689265536723 0.08601609657947686 0.0847457627118644 0.1720321931589537
0 0.23192090395480225 0.04678068410462777 0.08983050847457627 0.09356136820925554
0 0.24360506842108073 0.1904371439894169 0.08876356507652403 0.1280588982562836
0 0.22216790513565784 0.10248461380336188 0.08503392453351263 0.14756975967355263
0 0.4151155691073902 0.16454485923451848 0.08005582046743344 0.16391004670670828
0 0.4830508474576271 0.15241448692152917 0.03389830508474576 0.12575452716297786
0 0.45674376283025386 0.14414349897524018 0.05710139035020643 0.15180640610693616
0 0.40198474971131354 0.2523362311332329 0.06261683781789451 0.12052804154642506
0 0.2583572024546446 0.38005996199319597 0.08189301238913521 0.13914030560461718
0 0.3196251374305069 0.33028605882593015 0.09365464917474606 0.16674567171043456
0 0.16214689265536722 0.45271629778672035 0.0655367231638418 0.13279678068410464
0 0.20097293140493697 0.4428667150733653 0.06691532181490058 0.14412427174101866
0 0.26861151488077084 0.44799051413626284 0.0626405944651158 0.09251149319411991
0 0.3149717514124294 0.4557344064386318 0.07062146892655367 0.1267605633802817
0 0.3696704516577951 0.40258499181180957 0.07760640671573991 0.10153580123387125
0 0.4906779661016949 0.47484909456740443 0.01864406779661017 0.08853118712273642
0 0.4623574505497513 0.40158192578486324 0.04763527554107736 0.08248114893706475
0 0.4279930720050609 0.3278963862892467 0.07616040982559953 0.09333504576323866
0 0.4133016074011831 0.44749975281117876 0.08056166381665578 0.09092680004013463
0 0.3644067796610169 0.4788732394366197 0.06440677966101695 0.08048289738430583
0 0.4463276836158192 0.4994969818913481 0.0576271186440678 0.039235412474849095
0 0.31666666666666665 0.4984909456740443 0.05367231638418079 0.04124748490945674
0 0.23248587570621468 0.4834004024144869 0.09209039548022599 0.07142857142857142
0 0.12344632768361583 0.46227364185110664 0.07514124293785311 0.11368209255533199
0 0.05858817172539412 0.4376643069920807 0.0715773724936645 0.11973569496943254
0 0.08983050847457627 0.4919517102615694 0.05310734463276836 0.05432595573440644
0 0.5285310734463277 0.047283702213279676 0.05706214689265537 0.09456740442655935
0 0.8367231638418079 0.04426559356136821 0.06892655367231638 0.08853118712273642
0 0.9709039548022599 0.015593561368209255 0.04689265536723164 0.03118712273641851
0 0.896542771252444 0.08177497586718444 0.06725126014685463 0.08112515438138249
0 0.8563328144619851 0.16691320641035748 0.059736722361224764 0.09011825642900755
0 0.766845592900733 0.3925060564523507 0.05713702532103849 0.10978158357847832
0 0.641257766623779 0.45011277760352153 0.07403479286638628 0.12507080752035543
0 0.5712150836235397 0.4481670574037331 0.07261642432604995 0.13188436244317936
0 0.5487783751791458 0.34907189596123495 0.08264363918400908 0.15825499373338994
0 0.5268361581920904 0.49295774647887325 0.05367231638418079 0.052313883299798795
0 0.635593220338983 0.5080482897384306 0.05875706214689266 0.022132796780684104
0 0.7864406779661017 0.4864185110663984 0.04406779661016949 0.06539235412474849
0 0.8149717514124294 0.5065392354124748 0.03898305084745763 0.025150905432595575
0 0.8188446832186749 0.4215379276151701 0.050108445939992176 0.11683884605759662
0 0.8462360022977898 0.38920849996338047 0.05697899862738073 0.10575743870926303
0 0.8720212303338842 0.3946891678055809 0.05375907313617443 0.09531591220572008
0 0.877196736159104 0.4549294870656631 0.06801376526533913 0.0862315683340026
0 0.9077290989905281 0.35947908827609015 0.058239340474059556 0.09491973891722381
0 0.8871137008337114 0.27814202636861074 0.060933800887267735 0.10629106877196966
0 0.9193527256350517 0.24046247720790664 0.06503475151720199 0.12485711788004414
0 0.9552343710115465 0.23829912711724016 0.05662343856665089 0.09670311275352864
0 0.9946327683615819 0.16297786720321933 0.010734463276836158 0.07645875251509054
0 0.9796610169491525 0.16549295774647887 0.04067796610169491 0.11569416498993963
0 0.9850282485875707 0.08903420523138833 0.029943502824858758 0.11770623742454728
0 0.9774011299435028 0.4864185110663984 0.04519774011299435 0.06539235412474849
0 0.9793934914520496 0.4241877227582161 0.03940961763398782 0.07336559907322117
0 0.9373151059033659 0.3329496748508247 0.0400931094056437 0.07645994059123358
0 0.3429903843080711 0.7598216249372495 0.06725513184943713 0.1241560131271441
0 0.42540512168055356 0.7834508432381837 0.05721603866786737 0.11179365601308597
0 0.4025235025324868 0.9234642625745327 0.07349357776219514 0.09697802630194934
0 0.4155367231638418 0.9813883299798792 0.05819209039548023 0.03722334004024145
0 0.09868541604948346 0.7924032346845387 0.045414895208841954 0.08318225368996503
0 0.044770120463010876 0.7861290321892026 0.05072480268842966 0.10391284096484882
0 0.017796610169491526 0.8621730382293763 0.03559322033898305 0.08853118712273642
0 0.044461810480860495 0.8641424599422951 0.03783322239999392 0.0761550091268298
0 0.1955976931454907 0.8775306145362205 0.047334972179955116 0.10345544376824314
0 0.1633231649812499 0.8856845610186638 0.0467186154315176 0.11638144886099118
0 0.20141242937853107 0.9632796780684104 0.04576271186440678 0.07344064386317907
0 0.06541508282092257 0.903995833863019 0.04014836610525117 0.10648856137814615
0 0.4850282485875706 0.8797786720321932 0.029943502824858758 0.12374245472837023
0 0.4626910582066193 0.9100676334414022 0.06025030911561211 0.10319672725395723
0 0.677240772574759 0.6128149192043151 0.09001590030217432 0.17426033138615862
0 0.5406779661016949 0.5930583501006036 0.07457627118644068 0.14788732394366197
0 0.5866099249437119 0.7591977231106596 0.09064413537422254 0.14732605211725813
0 0.6262092009316752 0.8230822109855954 0.08067217721587089 0.15098404161396023
0 0.6971751412429379 0.9693158953722334 0.059887005649717516 0.0613682092555332
0 0.7446327683615819 0.9668008048289738 0.0655367231638418 0.06639839034205232
0 0.8084745762711865 0.9491951710261569 0.06666666666666667 0.10160965794768612
0 0.846045197740113 0.9466800804828974 0.08644067796610169 0.10663983903420524
0 0.8508474576271187 0.9818913480885312 0.07005649717514124 0.03621730382293763
0 0.8896104962719159 0.8546206981524691 0.08669320481691799 0.18982328080031308
0 0.8122686263385347 0.8456858498225959 0.09547996277283731 0.1559842047844963
0 0.8173851353694961 0.761316264343285 0.10993218826907396 0.1519300419992978
0 0.8790778328885293 0.686582037908676 0.0826831458574235 0.15926102995069377
0 0.9309230314312592 0.6115197725346042 0.09684694631614855 0.1621728878205211
0 0.8404425986966364 0.6043145786119223 0.12336111195911843 0.16474979630996148
0 0.9796610169491525 0.9381287726358148 0.04067796610169491 0.12374245472837023
0 0.9516949152542373 0.9517102615694165 0.09548022598870057 0.096579476861167
0 0.6375706214689265 0.9783702213279678 0.07966101694915254 0.043259557344064385
0 0.6124293785310735 0.9461770623742455 0.0711864406779661 0.10764587525150905
0 0.5790960451977402 0.9144869215291751 0.07457627118644068 0.1710261569416499
0 0.5553672316384181 0.9476861167002012 0.06666666666666667 0.10462776659959759
0 0.5350282485875706 0.9733400402414487 0.07005649717514124 0.05331991951710262
0 0.5194915254237288 0.8209255533199196 0.03898305084745763 0.19114688128772636