0 0.532051282051282 0.241701244813278 0.015151515151515152 0.0975103734439834
0 0.43797252051750984 0.200855414384563 0.07561217951376054 0.1416114049830165
0 0.5218531468531469 0.07572614107883817 0.035547785547785545 0.13900414937759337
0 0.5033065032200573 0.12507493840907227 0.051627866340744503 0.11112595055742583
0 0.4149184149184149 0.037863070539419084 0.05710955710955711 0.07572614107883817
0 0.4300678996016225 0.10101844734836983 0.06094848532104092 0.11105530105485295
0 0.9068155121347147 0.24703749379770756 0.09401987229400918 0.24825616057593075
0 0.800602340607038 0.21135315031175003 0.09147866865282078 0.18369913415489353
0 0.8662587412587412 0.032157676348547715 0.07634032634032634 0.06431535269709543
0 0.9175407925407926 0.022302904564315353 0.07284382284382285 0.044605809128630707
0 0.7044889843098291 0.14452849673167978 0.0710247624134348 0.16394963429861828
0 0.7555361305361306 0.07365145228215768 0.07517482517482517 0.14730290456431536
0 0.650018756541213 0.15536434202052155 0.08265943200617047 0.15893393652828594
0 0.6271117955971683 0.10274140771692128 0.07022502983307292 0.09749917437385684
0 0.5565268065268065 0.2183609958506224 0.0337995337995338 0.13174273858921162
0 0.5504079254079254 0.2889004149377593 0.02156177156177156 0.1483402489626556
0 0.5649766899766899 0.13070539419087138 0.050699300699300696 0.1078838174273859
0 0.5515734265734266 0.054979253112033194 0.023892773892773892 0.1016597510373444
0 0.10693473193473194 0.9107883817427386 0.09848484848484848 0.17842323651452283
0 0.02768065268065268 0.9496887966804979 0.05536130536130536 0.10062240663900415
0 0.5215617715617715 0.654045643153527 0.03613053613053613 0.19190871369294607
0 0.4347319347319347 0.578838174273859 0.10256410256410256 0.0995850622406639
0 0.42058623929497363 0.6504984467860156 0.08449583269095184 0.18608614617808894
0 0.39282271746127534 0.717195211971243 0.07809913765554613 0.18957092103060974
0 0.3574698766769688 0.7805280391659205 0.08041657861169776 0.18566321716119052
0 0.2820240182730444 0.7945762923685791 0.09277300287940381 0.22323905815379377
0 0.32244362125719056 0.6762391183821693 0.09024197026935346 0.16179406492777754
0 0.3531468531468531 0.5933609958506224 0.11305361305361306 0.12863070539419086
0 0.32371794871794873 0.5544605809128631 0.07634032634032634 0.0508298755186722
0 0.2835081585081585 0.5995850622406639 0.06468531468531469 0.14107883817427386
0 0.24213286713286714 0.6089211618257261 0.07051282051282051 0.15975103734439833
0 0.2278500570434576 0.7176961175666842 0.10129727962305106 0.15775529312480008
0 0.18701005143893928 0.707402586158903 0.07629664040789158 0.17279215536420936
0 0.18473193473193472 0.5907676348547718 0.0780885780885781 0.12344398340248963
0 0.1001869952965278 0.718479621172417 0.07968126256187669 0.13892230080489393
0 0.053675439675286894 0.7565081163981419 0.05990164618548363 0.1472415181347909
0 0.10046122460142472 0.6240208624924688 0.10188681089322699 0.15989040035246596
0 0.011946386946386946 0.8765560165975104 0.023892773892773892 0.12448132780082988
0 0.022727272727272728 0.7909751037344398 0.045454545454545456 0.1607883817427386
0 0.01252913752913753 0.5762448132780082 0.02505827505827506 0.09439834024896265
0 0.030885780885780884 0.5492738589211619 0.054778554778554776 0.04045643153526971
0 0.08566433566433566 0.5389004149377593 0.07226107226107226 0.01970954356846473
0 0.777858504697032 0.8394902771864698 0.09543926070213118 0.147815009229883
0 0.7365967365967366 0.5746887966804979 0.05710955710955711 0.0912863070539419
0 0.646505301326146 0.6030240057272128 0.08724006841907085 0.13452101841600367
0 0.583237874145012 0.5976499449082224 0.05920023357278931 0.11087404576189656
0 0.5498251748251748 0.6089211618257261 0.020396270396270396 0.1037344398340249
0 0.5574009324009324 0.7282157676348547 0.035547785547785545 0.11410788381742738