0 0.012987012987012988 0.1092436974789916 0.025974025974025976 0.13655462184873948
0 0.256923432550096 0.23462004258751068 0.0565092312854026 0.12240485558066906
0 0.3476977567886659 0.20010504201680673 0.043683589138134596 0.10819327731092437
0 0.2780401416765053 0.32195378151260506 0.049586776859504134 0.03466386554621849
0 0.3246753246753247 0.33035714285714285 0.06139315230224321 0.017857142857142856
0 0.7700728208040513 0.12241628160310986 0.0853496589293532 0.14475701506693572
0 0.718417945690673 0.3082983193277311 0.05667060212514758 0.06197478991596639
0 0.8040141676505312 0.32615546218487396 0.049586776859504134 0.026260504201680673
0 0.3887249114521842 0.07563025210084033 0.03837072018890201 0.1134453781512605
0 0.3860684769775679 0.16806722689075632 0.03305785123966942 0.07983193277310924
0 0.44720151963364435 0.20455893538044745 0.05364282961547756 0.10032158738818595
0 0.5062784908592128 0.2832728749900455 0.04311330630394132 0.10441326707663436
0 0.38665879574970485 0.266281512605042 0.03423848878394333 0.08298319327731092
0 0.4377213695395514 0.31880252100840334 0.048996458087367176 0.04096638655462185
0 0.3367768595041322 0.5677521008403361 0.06552538370720189 0.09558823529411764
0 0.13725709733341995 0.7365104938417524 0.04410151467435736 0.09602212806363215
0 0.11257545265765315 0.806110171810857 0.046163123605949326 0.05718713767398385
0 0.3135093315465824 0.8912355828966848 0.05904089075547015 0.07832387551645235
0 0.2563511408615084 0.8834219490487406 0.057149666205398054 0.07305344117881275
0 0.12478873124044601 0.8753279019194733 0.04713830072580207 0.07399997152882734
0 0.11284704745908822 0.9468970301607045 0.03698261336581269 0.06864398087043833
0 0.07794808781720551 0.8926235178699738 0.031547467328524696 0.11479524544195038
0 0.044505378229820265 0.8761590204638955 0.03216183974739382 0.1158517767757856
0 0.019730532248715935 0.8643328019104866 0.028897548479189957 0.10216575876207244
0 0.007378984651711925 0.7836134453781513 0.01475796930342385 0.06722689075630252
0 0.17119244391971664 0.9847689075630253 0.06139315230224321 0.03046218487394958
0 0.20056951923825647 0.9486155724643527 0.02747637446759359 0.09164933474986468
0 0.9610569618195111 0.6352056131438464 0.061365080946722425 0.10250187287930206
0 0.9611897459386373 0.7828232581690147 0.04896838673184666 0.10237353839817796
0 0.924061806265234 0.7343515014657251 0.06511245400396512 0.08573792835060112
0 0.8752447461011614 0.7684782847683724 0.046414682469440714 0.09394573239056891
0 0.8431380183346125 0.7845707014066103 0.04923297684590102 0.1139281602469177
0 0.9215346535660536 0.8173805284862946 0.06224605233404048 0.06365466015811813
0 0.980814639905549 0.8140756302521008 0.03837072018890201 0.08403361344537816
0 0.9569758246866087 0.8695470892751229 0.06954636042027422 0.07318177565993685
0 0.9464027008524954 0.9106326435622171 0.06453516648239153 0.060527844316987676
0 0.700092953074499 0.8165209551450218 0.06452213523182843 0.08573181718483314
0 0.6433917816773376 0.8286653044903549 0.058474625630065356 0.07936818451875184
0 0.6361601321876106 0.7578199992206114 0.04908865496550762 0.10762563923851409
0 0.47098164161905104 0.5451934664408575 0.06941105208165545 0.1445920135912048
0 0.3772136953955136 0.6853991596638656 0.015348288075560802 0.08298319327731092
0 0.40426858937719534 0.7260738651565242 0.04612603870865386 0.0813406903737622
0 0.5184807207428372 0.9434306944474624 0.04088533069961797 0.08443695038605369
0 0.4790436835891381 0.9747899159663865 0.04427390791027155 0.05042016806722689
0 0.4647076049247267 0.7869123284116759 0.049053578922606395 0.08032082603453418
0 0.4998350742105656 0.8511648322990452 0.03884978426915248 0.07286399504001072
0 0.4738795906851874 0.8393508360771718 0.03634418730021127 0.06653702936853613
0 0.4432737179229102 0.8307369896856426 0.027380159880664726 0.08744765407759578