0 0.5976828499892725 0.3221198438196441 0.07211702314472375 0.13227759718439008
0 0.5830538294608437 0.48395053983908753 0.07765668518699505 0.1725889890800758
0 0.5618166499364144 0.20048890079367565 0.09649447687233641 0.1307397790999559
0 0.5008213927732668 0.24993455909741935 0.0754253335168518 0.13561865406391224
0 0.5768959008572356 0.1443672007854675 0.06036189619833393 0.07665331345316494
0 0.4515841704477833 0.2631649341444308 0.06992729649894193 0.1310173439197698
0 0.5186171204519185 0.4607229955454552 0.07938781736597404 0.14580282068125291
0 0.6255434782608695 0.2374274661508704 0.04891304347826087 0.13829787234042554
0 0.6296195652173913 0.34235976789168276 0.04076086956521739 0.12572533849129594
0 0.6168478260869565 0.5604448742746615 0.06630434782608696 0.17891682785299806
0 0.49333910826567584 0.5576318612153405 0.10047277432376246 0.14189106370569105
0 0.5529891304347826 0.7132495164410058 0.045108695652173916 0.0725338491295938
0 0.5222826086956521 0.7035783365570599 0.05 0.09187620889748549
0 0.4470108695652174 0.7258220502901354 0.06793478260869565 0.047388781431334626
0 0.5801630434782609 0.7272727272727273 0.058152173913043476 0.04448742746615087
0 0.44643648329856733 0.3947734785554812 0.09323360730711902 0.13030007618561737
0 0.38997218279479756 0.35032819399556325 0.07086611481739985 0.15526857744869083
0 0.2642347592690803 0.411882756491605 0.10120020002972518 0.18637849117184213
0 0.40432145971779454 0.5054046345526564 0.06867638817161803 0.15400832418407057
0 0.3744264306060219 0.4349798746614116 0.06660317252451033 0.12670916905185295
0 0.42955320756921184 0.6445019857902473 0.06781663786467788 0.13459268059712245
0 0.3405234701829736 0.6596360269590997 0.0655478432073783 0.12849683739052928
0 0.29769147598925094 0.6475603383290779 0.06379089960634118 0.12054004202620333
0 0.3361413043478261 0.7030947775628626 0.07336956521739131 0.09284332688588008
0 0.22934782608695653 0.7001934235976789 0.06630434782608696 0.09864603481624758
0 0.14372399323025134 0.6534534041264911 0.0629727743237622 0.1368344801907984
0 0.20063316561712294 0.6373805305926912 0.08147266457818021 0.10748452024075189
0 0.036684782608695655 0.7243713733075435 0.07336956521739131 0.05029013539651837
0 0.10154535564085115 0.584764671265858 0.051433222027073164 0.12755857608345691
0 0.07339018238188133 0.5911452934625956 0.04870001712042172 0.12622503899978021
0 0.036238898505231217 0.6147286163339278 0.06909917339660852 0.11353593630961087
0 0.015217391304347827 0.6073500967117988 0.030434782608695653 0.1218568665377176
0 0.019293478260869565 0.5352998065764023 0.03858695652173913 0.09574468085106383
0 0.1507480428704529 0.5569908844833996 0.0721702797341834 0.10237022336321439
0 0.16753388869412592 0.47977579827815153 0.08099244072652487 0.1112797083752738
0 0.13127234858367928 0.3823228049620478 0.09035226419718667 0.15307120499274884
0 0.19924666519813383 0.38906548737311347 0.07382652593885008 0.13733303858353216
0 0.21496136810237126 0.31073671554135807 0.08946088668563917 0.13172132542901158
0 0.5119107146775638 0.1380275793792121 0.07902410451299256 0.12355910694817755
0 0.44833457284825096 0.14544746126765012 0.07948269897979512 0.15160552861162055
0 0.5036549354768752 0.09329808688702491 0.06682619670210373 0.04085551954190417
0 0.34109703957695164 0.24148185104768777 0.07595718021262289 0.20130939345568766
0 0.26453904015063956 0.14344144506338208 0.0746330196563307 0.18665605599165594
0 0.31225443189103647 0.1566602470591089 0.06911916903611728 0.18108762785911886
0 0.34748981927094214 0.10034869439080434 0.09940163140432663 0.14271161405597296
0 0.3970512204436482 0.06729240058170394 0.060842120049989526 0.07285812531864302
0 0.17771739130434783 0.07543520309477757 0.07065217391304347 0.15087040618955513
0 0.12581521739130436 0.05125725338491296 0.06358695652173912 0.10251450676982592
0 0.013315217391304347 0.08123791102514506 0.026630434782608695 0.1528046421663443
0 0.03206521739130435 0.12137330754352031 0.0641304347826087 0.14990328820116053
0 0.036684782608695655 0.020793036750483558 0.06141304347826087 0.041586073500967116
0 0.07554347826086956 0.0425531914893617 0.06630434782608696 0.0851063829787234
0 0.08089873558478881 0.11528660126293203 0.07211120736217451 0.16508632497074946
0 0.09630461597084856 0.189088488885352 0.07182656252071079 0.147678201179647
0 0.11939326111072265 0.27604196673902226 0.08231078550026795 0.15874177362566463
0 0.15631361400862753 0.16664885043760025 0.08052221469462384 0.14885074228454964
0 0.19017112696952249 0.22791541717829408 0.07096099643122117 0.16107128537905835
0 0.06501671571043365 0.2871254685224059 0.08173568003479127 0.15673425382981904
0 0.018206521739130434 0.17456479690522245 0.03641304347826087 0.14603481624758222
0 0.022010869565217393 0.39506769825918764 0.044021739130434785 0.14990328820116053
0 0.877445652173913 0.02127659574468085 0.07228260869565217 0.0425531914893617
0 0.6679347826086957 0.23259187620889749 0.035869565217391305 0.09187620889748549
0 0.7132426843611624 0.3077635813486954 0.05982841575721881 0.11035587540886255
0 0.7197078017376042 0.3953832566863288 0.05097462756027035 0.09951215442001396
0 0.8361752844966037 0.38443360737402277 0.0460616938275916 0.13069420984647104
0 0.9695652173913043 0.10638297872340426 0.06086956521739131 0.1470019342359768
0 0.9915760869565218 0.2915860735009671 0.01684782608695652 0.13249516441005801
0 0.9834239130434783 0.36992263056092844 0.03315217391304348 0.10541586073500966
0 0.8573369565217391 0.7321083172147002 0.04728260869565217 0.03481624758220503
0 0.7714673913043478 0.7156673114119922 0.045108695652173916 0.06769825918762089
0 0.7387789750197068 0.6780682014613177 0.043176168680453916 0.08688076509248906
0 0.7009856065044193 0.640986798600819 0.048014216438820236 0.11744769328517253
0 0.7227043817002798 0.5285746173774227 0.04424731159988962 0.08606021474220754
0 0.842014490436125 0.5936097998028174 0.06542715017149911 0.08795116569701315
0 0.8716236982343486 0.4483378205428723 0.06754780662551747 0.11815167479441453
0 0.8710710390263966 0.5321034522675886 0.07322560905131542 0.10058255502453807
0 0.7661830998431038 0.4011654642214551 0.05986004296182592 0.11229011138565172
0 0.7432017847548212 0.4242363714172676 0.04468009464463431 0.07936367264250165
0 0.7441696819860251 0.5649081826488208 0.04563472656539602 0.10458202415981725
0 0.9847826086956522 0.7330754352030948 0.030434782608695653 0.03288201160541586
0 0.9798913043478261 0.559477756286267 0.04021739130434782 0.09574468085106383
0 0.6866847826086957 0.7253384912959381 0.034239130434782605 0.048355899419729204
0 0.7141304347826087 0.7379110251450677 0.041304347826086954 0.02321083172147002
0 0.9536747357686933 0.5602037994705974 0.04532845233907951 0.1190155101666796
0 0.6654891304347826 0.7142166344294004 0.03097826086956522 0.07059961315280464
0 0.48668478260869563 0.778046421663443 0.07771739130434782 0.05705996131528046
0 0.6228260869565218 0.7867504835589942 0.05434782608695652 0.07446808510638298
0 0.6171195652173913 0.8945841392649904 0.06576086956521739 0.12572533849129594
0 0.6157608695652174 0.9796905222437138 0.06195652173913044 0.04061895551257253
0 0.3375 0.9825918762088974 0.06304347826086956 0.03481624758220503
0 0.11232049651767985 0.9328388638703154 0.06369601799251998 0.11473733409583584
0 0.15639467536490245 0.918912292542268 0.049037918551345275 0.11372578896970705
0 0.18940217391304348 0.9414893617021277 0.06032608695652174 0.11702127659574468
0 0.2154891304347826 0.9584139264990329 0.06684782608695652 0.08317214700193423
0 0.28396739130434784 0.9835589941972921 0.042934782608695654 0.03288201160541586
0 0.4766304347826087 0.9830754352030948 0.07391304347826087 0.033849129593810444
0 0.01875 0.8534816247582205 0.0375 0.097678916827853
0 0.04265249071140246 0.9297448019556588 0.059654466131879844 0.09971757753652212
0 0.07853260869565218 0.9588974854932302 0.034239130434782605 0.08220502901353965
0 0.8331521739130435 0.9893617021276596 0.051086956521739134 0.02127659574468085
0 0.7959239130434783 0.9535783365570599 0.08532608695652173 0.09284332688588008
0 0.9785326086956522 0.8887814313346228 0.042934782608695654 0.06382978723404255
0 0.9679347826086957 0.9806576402321083 0.057608695652173914 0.03868471953578337