0 0.2707273455789885 0.08713684159791767 0.05932018500231471 0.11582485542618036
0 0.18438388799030822 0.11121350110378209 0.07363542837237877 0.0998971734639406
0 0.010220994475138122 0.26080550098231825 0.020441988950276244 0.11886051080550099
0 0.19728091833523967 0.3041923881208876 0.06319500806030241 0.08563023190373106
0 0.2661548079269218 0.3746559783400548 0.05540338417348374 0.0989539495622991
0 0.202916975199916 0.43087382719513856 0.0551555497080533 0.0920777216644602
0 0.18467507173020484 0.500941867769596 0.05006296665626539 0.07318501417339147
0 0.16463737642603138 0.5519833234983496 0.043971625999686126 0.057182096410733914
0 0.13088918442922928 0.5091171248807316 0.05354091581122064 0.0625795909883908
0 0.5077348066298343 0.03585461689587426 0.02430939226519337 0.07170923379174853
0 0.39073217664710785 0.2613380012574264 0.05107571685133865 0.08598373424042322
0 0.35351143915860506 0.3760195549846474 0.05175583014343447 0.07425308007193311
0 0.40246985688710984 0.34113066211369286 0.055318581735936484 0.08130080322461594
0 0.43935424760110003 0.2357811319621104 0.054532253672942156 0.09008450257974662
0 0.481453122519777 0.24585925458061167 0.037929682857020704 0.05785000671464002
0 0.5005524861878453 0.26964636542239684 0.03867403314917127 0.07956777996070727
0 0.5011310426362701 0.32720210511324516 0.02862963984426788 0.044622548510498294
0 0.5093922651933702 0.29027504911591356 0.020994475138121547 0.04616895874263261
0 0.5143646408839779 0.3344793713163065 0.011049723756906077 0.054027504911591355
0 0.49286272262419645 0.44185655276726177 0.04395021366633437 0.07188828793505755
0 0.4823449196176437 0.5041713419849215 0.043560759506372504 0.06108278695273928
0 0.48430045705638364 0.5570164508280752 0.04186789601920342 0.06001472105419764
0 0.4966850828729282 0.587426326129666 0.0430939226519337 0.043222003929273084
0 0.5146408839779005 0.45284872298624756 0.010497237569060774 0.0550098231827112
0 0.5121546961325967 0.5093320235756386 0.015469613259668509 0.0756385068762279
0 0.011325966850828728 0.5225933202357563 0.022651933701657457 0.09823182711198428
0 0.4296174701541202 0.4676797003025782 0.059384422002369965 0.07170628085320944
0 0.37224455595161526 0.5294770508171672 0.05067227010109536 0.05948972346266168
0 0.2643646408839779 0.5776031434184676 0.05911602209944752 0.06286836935166994
0 0.32098026141957664 0.5365413682160501 0.044644319548711106 0.07584614356201093
0 0.3356353591160221 0.5834970530451866 0.052486187845303865 0.05108055009823183
0 0.9171136038406861 0.09698039799954875 0.06718919158361031 0.1505489854250626
0 0.8536312230718552 0.13703286919486607 0.06108385833674963 0.11885755786696191
0 0.8593922651933702 0.6016699410609038 0.049171270718232046 0.014734774066797643
0 0.9825966850828729 0.5805500982318271 0.034806629834254144 0.05697445972495088
0 0.8281786916914957 0.5295638014923999 0.05911517520358802 0.07953624447969418
0 0.9015263239074164 0.34584991110255675 0.06417235333174276 0.09744663369964318
0 0.926110688922743 0.2298611193099978 0.06422175084565686 0.1141174617662065
0 0.7698390372243934 0.2815773942675463 0.06811713934113645 0.1456945591544115
0 0.7028688480297912 0.38014925895067925 0.05315061475539903 0.12825200244105045
0 0.5552486187845304 0.04616895874263261 0.0707182320441989 0.09233791748526522
0 0.5328729281767955 0.18418467583497053 0.025966850828729283 0.12082514734774066
0 0.5461325966850828 0.26964636542239684 0.052486187845303865 0.09528487229862476
0 0.6658757018573236 0.2590120066106878 0.06699817437516455 0.12994888427402002
0 0.6346178310252905 0.2694534934293095 0.05249191379665509 0.12527646508521692
0 0.6080783520191536 0.3708361325962038 0.04982170503804603 0.11239199739076317
0 0.6335927820316554 0.45089654816174063 0.05420618961717554 0.11163833945943515
0 0.538121546961326 0.3855599214145383 0.036464088397790057 0.09135559921414538
0 0.5733178332752081 0.37900761026310686 0.057308677202449906 0.10591592508755991
0 0.5898421745007935 0.31834304962047283 0.04790241941879851 0.08974151207005876
0 0.5273480662983425 0.2504911591355599 0.014917127071823204 0.08840864440078586
0 0.7383977900552486 0.5771119842829077 0.05027624309392265 0.06385068762278978
0 0.6839779005524862 0.600196463654224 0.04088397790055249 0.01768172888015717
0 0.6464088397790055 0.5800589390962672 0.0430939226519337 0.05795677799607073
0 0.6920583698112888 0.5576863672276028 0.03469956816749589 0.07533165779747926
0 0.7034645823322697 0.4477720156743415 0.0455154500492527 0.08471559054456353
0 0.5270718232044199 0.5314341846758349 0.014364640883977901 0.07072691552062868
0 0.580110497237569 0.5913555992141454 0.05414364640883978 0.03536345776031434
0 0.6248618784530386 0.5898821218074656 0.03756906077348066 0.03831041257367387
0 0.10027624309392265 0.6429273084479371 0.062430939226519336 0.06777996070726916
0 0.2430939226519337 0.637524557956778 0.06298342541436464 0.05697445972495088
0 0.21475228128378995 0.791083866036568 0.052860802519125075 0.07431024515688112
0 0.16221669592457194 0.8104700356381598 0.041988103380383474 0.07865018566300065
0 0.13694437442614937 0.8460945157249725 0.046407992883145906 0.07887884600279248
0 0.17126688839207826 0.941877279541929 0.05762074866793529 0.0686735784124279
0 0.1943688033822175 0.9588211182312647 0.044304262902663455 0.08171147064625599
0 0.04904267674969133 0.8751542229426211 0.042115730484633865 0.06689094895203632
0 0.06549493778422141 0.7017374301897601 0.049949332142296424 0.10063276067979905
0 0.023480662983425413 0.6463654223968566 0.04696132596685083 0.07465618860510806
0 0.009668508287292817 0.6817288801571709 0.019337016574585635 0.07858546168958742
0 0.020994475138121547 0.7102161100196464 0.041988950276243095 0.07072691552062868
0 0.04222999076619887 0.67401667306058 0.041435617192538174 0.07862160312052664
0 0.27570564954061355 0.7217476332337361 0.06170058152464994 0.07476756583646478
0 0.3102209944751381 0.6213163064833006 0.07237569060773481 0.02455795677799607
0 0.37432443407100024 0.71664564940213 0.064845046880768 0.1161106808509202
0 0.36961928909935854 0.8624913301209527 0.04532443284080692 0.06411548939352082
0 0.31713840375747615 0.7044065918883038 0.041152377803474686 0.0707630569515679
0 0.3185624438937927 0.733747518580766 0.048228483474565126 0.06818767519037024
0 0.45170175589369466 0.7959839425173519 0.04443189000691359 0.06995223393529187
0 0.5014390819421235 0.739484047681761 0.03181692986708944 0.056553280476306214
0 0.4995860494027469 0.6684946333653642 0.03482719527174615 0.06357242108651515
0 0.35674992164689284 0.9288497225929878 0.035415086383224374 0.064583321900109
0 0.3153809809821555 0.9520703822939023 0.04203092804708685 0.049237802614353156
0 0.4947998118650935 0.8471908110817538 0.041541831963436804 0.08156855793388618
0 0.7585635359116022 0.6434184675834971 0.07955801104972375 0.068762278978389
0 0.9408839779005524 0.6453831041257367 0.07513812154696133 0.07269155206286837
0 0.8907310074631514 0.6942193950134087 0.08959329081983758 0.14484464176865697
0 0.7992554285795855 0.6847347734040894 0.0925541587105802 0.13519295431230258
0 0.7473040244603105 0.6879126915322038 0.062450657768151854 0.1414794606451923
0 0.7123137971606811 0.7407081941788748 0.0790960532507768 0.1443015734616513
0 0.8297916317966091 0.747867118020797 0.06713979406969622 0.1338781573584994
0 0.9779005524861878 0.8192534381139489 0.04419889502762431 0.09037328094302555
0 0.9870165745856354 0.8614931237721022 0.025966850828729283 0.08447937131630648
0 0.7910913072585947 0.9342007404548186 0.060255552502911425 0.08057572783576204
0 0.8171270718232044 0.9882121807465619 0.0718232044198895 0.023575638506876228
0 0.7889502762430939 0.9857563850687623 0.06850828729281767 0.02848722986247544
0 0.5469613259668509 0.6719056974459725 0.05414364640883978 0.12573673870333987
0 0.5812154696132596 0.6773084479371316 0.08066298342541436 0.13654223968565815
0 0.6538951673672159 0.7167670650390323 0.07232459930210149 0.1400293098674843
0 0.5887203465591461 0.7961265583503805 0.07275687812876673 0.12142242780115528
0 0.6782659336567887 0.8209085695182423 0.07663170118675432 0.091227804278706
0 0.7306629834254144 0.9616895874263262 0.07016574585635359 0.07662082514734773
0 0.905844555406675 0.8410007407454078 0.06553257991593389 0.07398532536266277
0 0.9213154390101328 0.9549172982086029 0.055247771888670645 0.07933616668237614
0 0.967403314917127 0.9734774066797642 0.045303867403314914 0.05304518664047151
0 0.987292817679558 0.980844793713163 0.02541436464088398 0.03831041257367387
0 0.846509954366149 0.9342751497495427 0.06399532871357816 0.09253504234404397
0 0.5361878453038674 0.7396856581532416 0.03259668508287293 0.09233791748526522
0 0.8172907296186835 0.8269527742036792 0.06853542557752053 0.11139916729263881
0 0.7911896788384931 0.8626201281042029 0.05822920521690552 0.13145620013667583
0 0.782364739319109 0.923866851423321 0.07573915835286123 0.09706454882047703
0 0.8655694575030224 0.8185721833817234 0.060248132759840964 0.11097042915552915