0 0.03492884864165589 0.2045977011494253 0.06985769728331177 0.1103448275862069
0 0.1509318143912737 0.3900889577447988 0.05917768286165596 0.09837748380283647
0 0.09193099957691059 0.43079193371207714 0.04958811940391252 0.13255929302821218
0 0.22315653298835705 0.506896551724138 0.047865459249676584 0.02528735632183908
0 0.30853816300129366 0.4339080459770115 0.02199223803363519 0.11839080459770115
0 0.2844479688747687 0.31203808806113537 0.05014839748563831 0.10614257471203756
0 0.3117723156532988 0.2942528735632184 0.015523932729624839 0.1425287356321839
0 0.27323778157092643 0.17949304074078143 0.04042336062996831 0.09894507359258568
0 0.2444368887933396 0.1837726379944531 0.046902955383806046 0.10259398238486395
0 0.20517004988112175 0.2233634064678356 0.05277335110666638 0.11771708075768464
0 0.2233264625316594 0.21013207522414606 0.044387133111107695 0.12435280967255044
0 0.30022612985535185 0.13607279383793203 0.03458683325658954 0.09416680280597188
0 0.3111254851228978 0.16034482758620688 0.016817593790426907 0.10689655172413794
0 0.13605347750661712 0.09362039557153283 0.07931221860282092 0.1242868022083247
0 0.014877102199223804 0.2827586206896552 0.029754204398447608 0.12873563218390804
0 0.040421635591199205 0.35677307716695367 0.06442759010371239 0.12152649589413064
0 0.05632709678028565 0.4383091422510978 0.05026881828379542 0.1429241839074401
0 0.0258732212160414 0.4206896551724138 0.0517464424320828 0.11954022988505747
0 0.008732212160413972 0.3454022988505747 0.017464424320827943 0.08850574712643679
0 0.1093143596377749 0.026436781609195402 0.056921086675291076 0.052873563218390804
0 0.822445391570964 0.2614471156821638 0.09833372448041934 0.2053284078208746
0 0.7423136688000838 0.2359707616004408 0.11047297856034269 0.15973259889401953
0 0.7061440588266656 0.11989465680912545 0.10143240373449795 0.16404941394115166
0 0.7561448900388098 0.07413793103448275 0.08408796895213454 0.1482758620689655
0 0.5963777490297542 0.09770114942528736 0.09702457956015524 0.19540229885057472
0 0.49633953325527247 0.18408380504275482 0.1111423879903982 0.16664921391117848
0 0.5341565403840787 0.19215405940861774 0.09241440780830738 0.1752627807124217
0 0.5426908150064683 0.04827586206896552 0.08020698576972833 0.09655172413793103
0 0.4210479656424189 0.06334559516160373 0.0818393303253467 0.10597625078270743
0 0.3855109961190168 0.022988505747126436 0.08796895213454076 0.04597701149425287
0 0.35802069857697283 0.013218390804597701 0.07438551099611902 0.026436781609195402
0 0.32729624838292365 0.12528735632183907 0.015523932729624839 0.12873563218390804
0 0.3318240620957309 0.10172413793103448 0.02457956015523933 0.12758620689655173
0 0.3496119016817594 0.07413793103448275 0.06015523932729625 0.1482758620689655
0 0.9595730918499353 0.03793103448275862 0.08085381630012936 0.07586206896551724
0 0.22509702457956016 0.9689655172413794 0.07115135834411385 0.06206896551724138
0 0.23129728371827518 0.8713428314578835 0.07084321130852907 0.10563517480135143
0 0.06522741600267498 0.8156118525078238 0.07607806595081575 0.12418648574322007
0 0.03428201811125485 0.732183908045977 0.0685640362225097 0.09655172413793103
0 0.15884871679326307 0.7713845615677405 0.0759915135021405 0.09774970413402466
0 0.29689521345407505 0.9040229885057471 0.045278137128072445 0.12528735632183907
0 0.2700715812477307 0.7846055629098708 0.04815522179524152 0.08999043080998634
0 0.27559996158552497 0.676720092242544 0.0637054965744635 0.09851792685398317
0 0.30692108667529105 0.6586206896551724 0.025226390685640362 0.10804597701149425
0 0.2946313065976714 0.7086206896551724 0.04980595084087969 0.08620689655172414
0 0.20173897874667884 0.7117891986772373 0.05141195334690118 0.09698729899922905
0 0.16915118153524578 0.6872127839888754 0.06705254372474047 0.13310100193977747
0 0.0612377327316314 0.6511035933647231 0.06560835666624237 0.08708386385948273
0 0.09994031478233503 0.6850660116356347 0.04946017230587098 0.09347883325809724
0 0.12599771471570803 0.7284073106351667 0.06369420712463611 0.09506965099191421
0 0.07312528702510623 0.5767520889609392 0.067526269357791 0.08024750201440764
0 0.031077539399096604 0.5765974002019344 0.05141195334690118 0.09698729899922891
0 0.29301423027166884 0.55 0.05304010349288486 0.06091954022988506
0 0.22865459249676584 0.5609195402298851 0.06015523932729625 0.08275862068965517
0 0.2655239327296248 0.5810344827586207 0.04980595084087969 0.12298850574712644
0 0.441520969248554 0.9383290932955475 0.07154272593812377 0.12174719211736083
0 0.34896507115135833 0.95 0.05886157826649418 0.09310344827586207
0 0.3979257635704762 0.9168598784878983 0.05915134081205923 0.0903315067913422
0 0.3463375890658205 0.7681183466181035 0.051423242796728434 0.10043557486129788
0 0.5462481672938279 0.5645277259260242 0.041668100741519214 0.0840426714429953
0 0.5070716439802276 0.576532287502855 0.03969374080083454 0.0736376539777256
0 0.383951601727583 0.7393969601420536 0.04417639671433294 0.059984993580596294
0 0.3951356626116746 0.7811273781147475 0.03646335129877176 0.07468676279997725
0 0.4231412960659817 0.7233694100594756 0.05457084300005834 0.07409910971720725
0 0.505886898637909 0.6420194339426339 0.059049735763614344 0.05929702403272165
0 0.4905433814756734 0.6852261074761821 0.06038855462372522 0.07313025406703932
0 0.4896291516695156 0.8656758459446141 0.0455942417232343 0.09795615464939685
0 0.5688395495940455 0.8761795763511735 0.05601126690861406 0.1189668225101456
0 0.59400030078554 0.7982163809485717 0.08120378924477287 0.10940446335175537
0 0.6716575959330882 0.7891297232375211 0.04231116812197803 0.08291330944865989
0 0.641062974412052 0.7485215444052334 0.05915510396200163 0.09148093207869866
0 0.7480517664790659 0.57308632392327 0.04487967449387006 0.07724643618396208
0 0.7218628719275549 0.5379310344827586 0.03492884864165589 0.0367816091954023
0 0.6797112064184369 0.7002900229836575 0.04359730288289508 0.08065458545998919
0 0.7952781371280725 0.5385057471264367 0.03816300129366106 0.03793103448275862
0 0.7655239327296248 0.5431034482758621 0.04592496765847348 0.047126436781609195
0 0.849310849686367 0.5670308269821964 0.06166716308475776 0.06857267950365596
0 0.946313065976714 0.5258620689655172 0.054333764553686936 0.01264367816091954
0 0.8828912559632098 0.6836013912451061 0.052013626077993404 0.08321425884397401
0 0.8284050838368556 0.7284677987692783 0.0623591514144676 0.08238584624495274
0 0.825232807529054 0.8082625714219484 0.06884627246818992 0.08833360561194376
0 0.885367349531667 0.8164502967533556 0.05400303861844768 0.09821697745866897
0 0.8691831996169966 0.9188323092927334 0.05144958484632525 0.10848155187279226
0 0.9407275915002453 0.8997849353554552 0.07013240722910725 0.08607488162327293
0 0.9580661659278491 0.8399717850343031 0.05531927857890422 0.10515365576884884
0 0.9902975420439845 0.8419540229885057 0.019404915912031046 0.08620689655172414
0 0.9712160413971539 0.9408045977011494 0.057567917205692105 0.10919540229885058
0 0.9747736093143596 0.7816091954022989 0.050452781371280724 0.09195402298850575
0 0.9290229812386694 0.7206681006041493 0.0648749736871661 0.06062701895726636
0 0.9276107809546817 0.7568348705698317 0.06291190319630852 0.05367027735406559
0 0.919854674944629 0.6560093667633917 0.045567899673637384 0.0899101776379026