0 0.14301075268817204 0.6247609942638623 0.07634408602150537 0.04875717017208413
0 0.021774193548387097 0.5549713193116634 0.043548387096774194 0.1462715105162524
0 0.01478494623655914 0.380019120458891 0.02956989247311828 0.14244741873804972
0 0.032795698924731186 0.35038240917782026 0.06559139784946237 0.11567877629063097
0 0.03118279569892473 0.4134799235181644 0.06236559139784946 0.10038240917782026
0 0.10371398042561092 0.4437935153532044 0.07517154096229094 0.13268203348420546
0 0.12361669734651998 0.4851830631942284 0.07339649547295501 0.1517802444600718
0 0.1541935894095812 0.5087721659959363 0.06792627835066528 0.14694450994945074
0 0.2013440860215054 0.5951242829827916 0.06505376344086021 0.10803059273422562
0 0.2532258064516129 0.595602294455067 0.06559139784946237 0.10707456978967496
0 0.2685663507855633 0.5276695083287064 0.07032600208311866 0.10491287226194196
0 0.223283025515834 0.5219225654072152 0.05265916502826209 0.10855341874018139
0 0.22287851496087824 0.4602507425155169 0.06481823574632149 0.09816509186221968
0 0.31048387096774194 0.5884321223709369 0.06182795698924731 0.121414913957935
0 0.22422172169311183 0.11791109868457585 0.036854417297257 0.07015676555212529
0 0.2505444750054897 0.14393475467795458 0.04046766129944278 0.06254751584722726
0 0.2969030690924233 0.1496705736418722 0.04219321216877106 0.0683003394508916
0 0.25834529013396845 0.08934967418858482 0.03731695327684427 0.06633823575270938
0 0.12581755191453564 0.04960337237566327 0.03737327709860506 0.06920630458636139
0 0.057526881720430106 0.030592734225621414 0.04946236559139785 0.06118546845124283
0 0.009408602150537635 0.07265774378585087 0.01881720430107527 0.08221797323135756
0 0.029575876571003107 0.10510339837545574 0.0475763854565456 0.09607506265194185
0 0.05311231370422293 0.07139230627077792 0.040430112084935584 0.060635469958125916
0 0.08443336085567611 0.10549209948375644 0.058697736571908014 0.0875876577055079
0 0.12371224919539008 0.12038522313452678 0.04601297685074691 0.07120734213605098
0 0.09888207715967551 0.1703653912329262 0.05578426924185385 0.07608757247696601
0 0.1304992469273075 0.16477910828947848 0.05157706700930463 0.08082319136942528
0 0.09575100024333341 0.21629620741225908 0.05004609141426573 0.11234970062445032
0 0.12940094379810474 0.25945597068332193 0.05163339083106567 0.0836912602030773
0 0.14599165553675408 0.21434212797887064 0.04806964144888728 0.06644947532844468
0 0.2040169208484082 0.2801989338631385 0.05667862118827484 0.09425757040221554
0 0.3067827494223071 0.25570847179458844 0.04698242722618254 0.09320143183950308
0 0.3836610666466727 0.3916521997927606 0.04377539538182323 0.09412408291133319
0 0.34136203603613297 0.34619137082090934 0.05133299711500762 0.06839489309026658
0 0.4854838709677419 0.3867112810707457 0.02903225806451613 0.08508604206500955
0 0.4798387096774194 0.4445506692160612 0.04032258064516129 0.07265774378585087
0 0.4846774193548387 0.497131931166348 0.03064516129032258 0.07648183556405354
0 0.4289520776171577 0.4662466996688669 0.0444563974467015 0.07405872503334276
0 0.4946236559139785 0.511472275334608 0.010752688172043012 0.07839388145315487
0 0.45403225806451614 0.6376673040152964 0.05967741935483871 0.022944550669216062
0 0.44516129032258067 0.6152007648183556 0.06129032258064516 0.06787762906309751
0 0.3860215053763441 0.6065965583173997 0.047311827956989246 0.08508604206500955
0 0.36451612903225805 0.6180688336520076 0.06344086021505377 0.0621414913957935
0 0.31127072565979236 0.37471108047599966 0.04514422871333242 0.08171247056853483
0 0.2479442146911314 0.31273398615780207 0.05105820720795608 0.08177365233518924
0 0.37325825541556096 0.23159344329414489 0.04373784616731603 0.09221203702223185
0 0.43519630194645637 0.26394216929945186 0.034222569076007035 0.07299702449184349
0 0.4080295478066678 0.2360148103851519 0.03962451697103529 0.10172777063744447
0 0.4673272153116892 0.3118987332296283 0.04720772251322619 0.10467370717411123
0 0.744184211222062 0.3378161615603699 0.06680663111720063 0.11730223668959329
0 0.8112485592419313 0.3710680717117532 0.06239290820486159 0.1115216031919952
0 0.9146373644560766 0.39199148049875326 0.06617512367233024 0.11251655998805324
0 0.9715053763440861 0.47992351816443596 0.05698924731182796 0.08795411089866156
0 0.9790322580645161 0.41586998087954113 0.041935483870967745 0.09560229445506692
0 0.6390015745161925 0.184475231984922 0.093951196048859 0.130964656852641
0 0.6384460106042049 0.07403789595295936 0.07377027462002207 0.08869941605608796
0 0.5311827956989247 0.029158699808795412 0.06236559139784946 0.058317399617590825
0 0.7010752688172043 0.021032504780114723 0.043010752688172046 0.04206500956022945
0 0.8564098381693775 0.21999666084360733 0.052020828381638795 0.07604863862545885
0 0.7225806451612903 0.016252390057361378 0.054838709677419356 0.032504780114722756
0 0.7454574471241631 0.08775219880432202 0.04585083458721744 0.09032223904827756
0 0.7629032258064516 0.04158699808795411 0.04946236559139785 0.08317399617590822
0 0.8094086021505377 0.038718929254302106 0.0532258064516129 0.07743785850860421
0 0.8243838867469104 0.1089286776261199 0.04888889496629388 0.08079538147549153
0 0.7179425176463143 0.15162529048203344 0.09043182508294097 0.14335402128029232
0 0.8918834653344898 0.17803422918754677 0.060768059573554696 0.1382679977242669
0 0.8623058871606157 0.10949258106620369 0.05781704302899309 0.12485586660662377
0 0.8929254446419317 0.08048929796005125 0.04486943880628113 0.09509122981345738
0 0.9392294279051099 0.16559170725803474 0.050558122013861125 0.08368013624550366
0 0.9717741935483871 0.0869980879541109 0.056451612903225805 0.11854684512428298
0 0.9908602150537634 0.17160611854684513 0.01827956989247312 0.0869980879541109
0 0.9951612903225806 0.09225621414913958 0.00967741935483871 0.08891013384321224
0 0.960752688172043 0.010038240917782026 0.03870967741935484 0.020076481835564052
0 0.8405913978494624 0.02581261950286807 0.056451612903225805 0.05162523900573614
0 0.9294470352123706 0.07819903751344996 0.053997278347017244 0.1219488639214644
0 0.007526881720430108 0.9521988527724665 0.015053763440860216 0.08221797323135756
0 0.016129032258064516 0.9187380497131931 0.03225806451612903 0.07839388145315487
0 0.0239247311827957 0.9674952198852772 0.0478494623655914 0.06500956022944551
0 0.14491469651181338 0.9503488574190947 0.0656869838837361 0.08765996342973584
0 0.07880699696287626 0.9247367878559365 0.05886670803719076 0.09619186420646392
0 0.21577576350652575 0.930491436338835 0.061636807710969056 0.12776286929178315
0 0.2682795698924731 0.97131931166348 0.054838709677419356 0.05736137667304015
0 0.3471394760762337 0.9109643155896151 0.048771131119024765 0.12954142769000204
0 0.36030041878535407 0.8281153764693462 0.047538836242038286 0.09416301676284057
0 0.45483870967741935 0.6735181644359465 0.043010752688172046 0.04875717017208413
0 0.35268817204301073 0.6725621414913958 0.05591397849462366 0.04684512428298279
0 0.3629032258064516 0.6749521988527725 0.05698924731182796 0.05162523900573614
0 0.36777779449064174 0.702295462653378 0.06976276386550977 0.07623218392542194
0 0.2645349264297808 0.784641998803604 0.06926950787316784 0.10585777124891922
0 0.1260394553909717 0.8654407986752616 0.05013996445053396 0.11712981534720367
0 0.09449055485060123 0.8471209460261558 0.05499744873520697 0.11813589610083523
0 0.05363289789871152 0.8202914405154691 0.049095415646083884 0.0913116338655489
0 0.07355011832699504 0.8076545680318067 0.050964334171688094 0.0769935376124359
0 0.17326252651544036 0.8056667980223113 0.05752859471843573 0.08279641902518103
0 0.20215653312742804 0.7709440631852152 0.044512721268462285 0.07692679386699466
0 0.17452895600605747 0.8290810171956224 0.047851175363597016 0.08269630340701925
0 0.1374688745280135 0.7902595100371517 0.04370029695280871 0.09029999113313052
0 0.1002312907800629 0.7834731144893085 0.04536269479862305 0.06546564248996016
0 0.1890706774521876 0.7070128894336292 0.06708142102425205 0.10392347744467073
0 0.24878564602153358 0.7083075556773997 0.03822325062876607 0.05774515320932687
0 0.2786269138008267 0.6807466499562534 0.03983615385457252 0.0577618391456872
0 0.021236559139784946 0.7710325047801148 0.04247311827956989 0.09273422562141491
0 0.005913978494623656 0.7256214149139579 0.011827956989247311 0.10516252390057361
0 0.041666666666666664 0.6864244741873805 0.044623655913978495 0.0745697896749522
0 0.06774193548387097 0.6677820267686424 0.04408602150537634 0.0372848948374761
0 0.06443934039550711 0.699696281021809 0.045482171643897853 0.09892088357044682
0 0.07180749445328417 0.7326095478739726 0.050407925155832346 0.07603195268909842
0 0.3096774193548387 0.6806883365200764 0.05268817204301075 0.06309751434034416
0 0.7059139784946237 0.6859464627151052 0.09247311827956989 0.07361376673040153
0 0.7774193548387097 0.6912045889101338 0.0989247311827957 0.0841300191204589
0 0.7335766037043004 0.7308831908674551 0.08448029737381012 0.14138079362453657
0 0.6011657842282687 0.7518554699910746 0.08171702690178491 0.13752889195240015
0 0.5967741935483871 0.6835564053537285 0.08064516129032258 0.06883365200764818
0 0.9887096774193549 0.8121414913957935 0.02258064516129032 0.16921606118546845
0 0.9623655913978495 0.8240917782026769 0.07526881720430108 0.15296367112810708
0 0.9202594914344009 0.8174019925357451 0.07124595783854629 0.15175799654492475
0 0.8895161290322581 0.738527724665392 0.08548387096774193 0.17877629063097514
0 0.9376344086021505 0.7050669216061185 0.08387096774193549 0.1118546845124283
0 0.9634408602150538 0.9287762906309751 0.07311827956989247 0.13097514340344169
0 0.9182795698924732 0.9512428298279159 0.06666666666666667 0.09751434034416825
0 0.8664209635403058 0.9647383032862764 0.07151903474759208 0.05617795000500509
0 0.822490255096706 0.9183381373062348 0.07846561664116532 0.10882039372194609
0 0.7950188361409803 0.8201319680098872 0.08152928082924862 0.12796866250689345
0 0.7216385685685397 0.8486214054850366 0.09489504261528788 0.12428362019835971
0 0.6731721022654523 0.7903154485284056 0.09598908603974583 0.1252507671004838
0 0.6521087856908294 0.8541217964606759 0.06079195038455583 0.08474183678700305
0 0.8817853531047191 0.8708700713991344 0.10563578538183033 0.15115794024272716
0 0.539247311827957 0.6849904397705545 0.07849462365591398 0.07170172084130019
0 0.5287634408602151 0.7796367112810707 0.057526881720430106 0.121414913957935