0 0.4095628415300546 0.429126213592233 0.06502732240437159 0.141747572815534
0 0.3704918032786885 0.4684466019417476 0.07103825136612021 0.06310679611650485
0 0.30956284153005464 0.45436893203883494 0.060655737704918035 0.0912621359223301
0 0.2865634106028823 0.37654533184530337 0.05617139975920211 0.08389154483257914
0 0.43792433074552145 0.3040960107401767 0.06176945734742181 0.09130982552942928
0 0.4989071038251366 0.35825242718446604 0.02185792349726776 0.10679611650485436
0 0.4380969543567352 0.10113346742214656 0.05917079362416624 0.09779485993828582
0 0.4639344262295082 0.030097087378640777 0.05136612021857923 0.06019417475728155
0 0.15956284153005465 0.4815533980582524 0.048087431693989074 0.036893203883495145
0 0.19453551912568307 0.4762135922330097 0.06120218579234973 0.04757281553398058
0 0.2098360655737705 0.4524271844660194 0.06229508196721312 0.09514563106796116
0 0.17403673994529426 0.3733736049342881 0.061077291314267104 0.1115737422055933
0 0.21505938181804218 0.32511137773476967 0.04950646953969952 0.10541282847036323
0 0.25693291944145824 0.30290720172026186 0.05781074402149719 0.08407819409017794
0 0.3008820962063088 0.230578592867355 0.0472686301028116 0.04703596844749813
0 0.2829837565749358 0.1841813700093521 0.036372633053638484 0.10294876062316556
0 0.31629193690465857 0.16779591742447664 0.039670403965929024 0.10429293292477092
0 0.34955761134107044 0.2090530222924642 0.0432283871501451 0.09113621484945915
0 0.40981608948222 0.20848878758256123 0.04938503405761687 0.07149446236529099
0 0.05957147743811468 0.39948363266350484 0.05931131149394926 0.13268409982976578
0 0.01994535519125683 0.24029126213592233 0.03989071038251366 0.09029126213592233
0 0.05144589718344088 0.18874757976539824 0.040190828509780084 0.07529115217093711
0 0.0893312273594116 0.2168855940564882 0.04439067171992999 0.06705101944686376
0 0.11525628789289644 0.18777893833069811 0.0379096242215513 0.07018791756209988
0 0.13830511954149965 0.20791916628569876 0.033671616236000575 0.07648630271335768
0 0.10520337489854129 0.22767156891340162 0.04799376083542707 0.08392917233099328
0 0.16160202223020823 0.21543803501739844 0.04096626524961669 0.0870038540270298
0 0.19857660945443945 0.19282293298927916 0.06616012443457586 0.09277843066943371
0 0.1896946632656894 0.1453991392144832 0.037496752848022494 0.0769218176477547
0 0.2335284751643675 0.12055002126675754 0.04833030265815436 0.07331177709970745
0 0.22596320214500554 0.15870636728345125 0.05784890879689794 0.08601994166299347
0 0.27859223052975185 0.07473379228246545 0.0453950971121715 0.09041420673984978
0 0.3081134390228536 0.05684210705917154 0.0549640092581362 0.0779418692757334
0 0.32431693989071037 0.03058252427184466 0.05737704918032787 0.06116504854368932
0 0.3215846994535519 0.009708737864077669 0.05628415300546448 0.019417475728155338
0 0.25244599303971227 0.04574356187178849 0.045299685173669356 0.08555983780781093
0 0.26639344262295084 0.018932038834951457 0.0453551912568306 0.037864077669902914
0 0.2860655737704918 0.012135922330097087 0.04644808743169399 0.024271844660194174
0 0.014207650273224045 0.01699029126213592 0.02841530054644809 0.03398058252427184
0 0.05793475637766975 0.12213710630727412 0.049633105097722154 0.08411582158859202
0 0.02185792349726776 0.15388349514563107 0.04371584699453552 0.06310679611650485
0 0.026670121029890706 0.1039009984266749 0.04419984784292584 0.05734228158278609
0 0.13472892450955315 0.15407907381006022 0.05141816730574038 0.06397633775082724
0 0.13635005692411784 0.11320905015213463 0.040298381680102406 0.05302327150275795
0 0.09141467819669623 0.09701378964472876 0.04068002943411059 0.07244074723091329
0 0.181451106524933 0.10710532178176167 0.05515483313514035 0.08765060713981107
0 0.18413998211075053 0.05352061427173575 0.061540468695016906 0.07965934009253613
0 0.2081967213114754 0.03446601941747573 0.048087431693989074 0.06893203883495146
0 0.1628189655070643 0.0564324915137232 0.039682545197749275 0.07717068332455299
0 0.12890101931089842 0.06223165707691258 0.05440541993888426 0.10500190245675174
0 0.09477056681205806 0.05110274779716561 0.035406372436797735 0.0815273209029952
0 0.006830601092896175 0.1407766990291262 0.01366120218579235 0.0970873786407767
0 0.9176450221875674 0.39537975911434886 0.07278168980273758 0.12453077244567749
0 0.9323722380466126 0.3118477301021026 0.07168185247199393 0.09631321622065277
0 0.8949483557533918 0.24636218324391343 0.05874578101881719 0.13165100962415852
0 0.7958764515948317 0.23826809581008135 0.06415301473003288 0.12936055245693098
0 0.7318761075483421 0.20729122692212457 0.05911354646106504 0.09488223857906257
0 0.593698459359015 0.3441112303941906 0.050320071054936875 0.11906727789927157
0 0.6901639344262295 0.47766990291262135 0.05573770491803279 0.04466019417475728
0 0.5286885245901639 0.41310679611650486 0.03770491803278689 0.08446601941747572
0 0.5265027322404372 0.46553398058252426 0.03333333333333333 0.06893203883495146
0 0.6454037330202316 0.22391753766051228 0.04716801808836941 0.09739697250230293
0 0.8546005501879784 0.07998027347890882 0.06011103069742648 0.09015230248542282
0 0.8043715846994536 0.04951456310679612 0.048087431693989074 0.09902912621359224
0 0.769584496159069 0.18895173230404083 0.04409923582848371 0.10770328563759078
0 0.7970248654347962 0.1659691069323025 0.04686269988516293 0.08186299191977867
0 0.6205863215133404 0.15505926558791727 0.038971296776893996 0.09646372621430918
0 0.6741729282791074 0.16106687062685593 0.05679417739743543 0.08783725639740982
0 0.7273952401805662 0.11625914292738573 0.040331346379563114 0.11018039206241712
0 0.9452146502231675 0.11616096501055227 0.04592246281190281 0.0895055493726416
0 0.5994535519125683 0.03640776699029126 0.04371584699453552 0.07281553398058252
0 0.6568306010928961 0.036893203883495145 0.04262295081967213 0.07378640776699029
0 0.975421954133514 0.10497207166331336 0.04204702019265983 0.11425053646564687
0 0.7740437158469945 0.03932038834951456 0.03333333333333333 0.07864077669902912
0 0.0366120218579235 0.675242718446602 0.073224043715847 0.13689320388349516
0 0.12977530382135702 0.713368311786313 0.08608726777810227 0.13573270437054508
0 0.046062052232015566 0.8115357261225603 0.08414954646848077 0.14810519791704788
0 0.11900333071029646 0.8037152710526205 0.09352763473744158 0.12592412258885377
0 0.0778687945493162 0.8854104274640074 0.07736318076689566 0.13570811544975972
0 0.33111194150035567 0.5809816891239891 0.0759580252329456 0.0919565786422106
0 0.31646452577005224 0.6465836612972913 0.08766936487729622 0.13300673226892057
0 0.3330601092896175 0.5310679611650485 0.07704918032786885 0.062135922330097085
0 0.2355294910891202 0.672750874391365 0.058626086616674684 0.18104113989255544
0 0.19933121114469557 0.641999026376657 0.08260561414468783 0.15277291759148792
0 0.16321880194492278 0.6068782463231139 0.07673346197278208 0.1036692804983034
0 0.0887587441464593 0.6226212327323147 0.08544540775216856 0.13081611901930665
0 0.18360655737704917 0.541747572815534 0.08196721311475409 0.08349514563106795
0 0.3681914586930591 0.8581676433778783 0.06762946828750745 0.16753571222283187
0 0.3168661032878507 0.8896819257032448 0.0726932190201157 0.14776952690026432
0 0.27058628676752033 0.9002790189508519 0.06182150443458295 0.1494378198754961
0 0.23595189207455922 0.8315697686374415 0.07385030351396048 0.17889970448451245
0 0.2817659311761696 0.7614505867833554 0.07540637706957379 0.14710973520985454
0 0.42309647970815417 0.8664468918348374 0.0712759222543454 0.13114023969293329
0 0.3825136612021858 0.945631067961165 0.0633879781420765 0.1087378640776699
0 0.32814207650273225 0.9645631067961165 0.08360655737704918 0.070873786407767
0 0.14371584699453552 0.9446601941747573 0.07540983606557378 0.11067961165048544
0 0.07131147540983607 0.9757281553398058 0.09016393442622951 0.04854368932038835
0 0.03278688524590164 0.9553398058252427 0.06557377049180328 0.08932038834951456
0 0.48770491803278687 0.6587378640776699 0.04426229508196721 0.16601941747572815
0 0.4490102811317286 0.6159933072684691 0.07280771334631797 0.15359476961871113
0 0.4349726775956284 0.5490291262135922 0.08306010928961749 0.09805825242718447
0 0.4907103825136612 0.8703883495145631 0.03825136612021858 0.13689320388349516
0 0.4792349726775956 0.7936893203883495 0.06120218579234973 0.13300970873786408
0 0.4523089110020493 0.7255653178337549 0.06654871334446417 0.1402890297842148
0 0.4628415300546448 0.9490291262135923 0.0546448087431694 0.10194174757281553
0 0.4199453551912568 0.9771844660194174 0.06721311475409836 0.04563106796116505
0 0.23442622950819672 0.9490291262135923 0.0994535519125683 0.10194174757281553
0 0.08032786885245902 0.5398058252427185 0.08961748633879782 0.07961165048543689
0 0.8915681846743894 0.5549705834288415 0.05417643128647936 0.09335141701985854
0 0.7791395259932735 0.5745521740792093 0.04581490964158043 0.11177343004082065
0 0.7392392744169095 0.5795794095739824 0.04215457336298209 0.09198265579746771
0 0.7505464480874317 0.5262135922330097 0.06174863387978142 0.05242718446601942
0 0.6820695314633162 0.5478248354460309 0.06476191005650594 0.07712001724851035
0 0.6815378246456748 0.6026169879588701 0.05984387726962069 0.07656006947571409
0 0.7240437158469946 0.5097087378640777 0.036065573770491806 0.019417475728155338
0 0.6330713452356476 0.6551171950700102 0.05458930266000828 0.08661751693420387
0 0.6069918961025594 0.6227289064069059 0.046101145457086594 0.12633653683693716
0 0.6027322404371585 0.9461165048543689 0.060109289617486336 0.10776699029126213
0 0.5199453551912568 0.8393203883495146 0.020218579234972677 0.10582524271844661
0 0.5443429078409788 0.8420074224845618 0.034802677186264785 0.07855248312457219
0 0.5455329570342843 0.7537201243406547 0.04720618286377023 0.09933872007511825
0 0.5153005464480874 0.7218446601941747 0.01092896174863388 0.07281553398058252
0 0.5438164242631576 0.6468740858769934 0.044817425405219116 0.11650336613446029
0 0.5833072634619926 0.7736368196568784 0.042295091232765175 0.12687189568894794
0 0.624209340392628 0.7176387103756974 0.06577847668056769 0.07336095494127848
0 0.6119194585013549 0.7742539527945315 0.0469390294359645 0.08574648706540973
0 0.6439890710382513 0.5286407766990291 0.03879781420765027 0.05728155339805825
0 0.6040983606557377 0.5330097087378641 0.05081967213114754 0.06601941747572816
0 0.5724043715846995 0.5169902912621359 0.03770491803278689 0.03398058252427184