0 0.22489823609226595 0.020531400966183576 0.07123473541383989 0.04106280193236715
0 0.47591587516960654 0.029589371980676328 0.07530529172320218 0.059178743961352656
0 0.4983793602788036 0.1132062571048551 0.041780282864579174 0.09186029637682754
0 0.3973875624428618 0.07232559708074009 0.08092439099879542 0.11841885176454443
0 0.4966466919969633 0.24995382353202458 0.05579031834970955 0.08066867338084523
0 0.19029850746268656 0.4613526570048309 0.06716417910447761 0.016908212560386472
0 0.1584124830393487 0.45410628019323673 0.05359565807327001 0.03140096618357488
0 0.10651289009497965 0.4468599033816425 0.05834464043419267 0.04589371980676329
0 0.16523879380801157 0.23609376933785434 0.05485990712233598 0.1023234541308653
0 0.2501174325231443 0.25197826716186084 0.06533566539108226 0.0836745801113819
0 0.28648536617420944 0.11489137797614163 0.06015378615782463 0.13039645580531226
0 0.41193497219267683 0.29451906140154166 0.04968448388566613 0.08028909979941326
0 0.03561736770691994 0.4553140096618358 0.056309362279511534 0.028985507246376812
0 0.7266427930916073 0.17022264237882972 0.0880166365913276 0.1345410832801451
0 0.6774989114689196 0.2966163361969128 0.09124292873078346 0.12629785121185863
0 0.764885570741508 0.28453326945242563 0.05673796474025903 0.12897785212480659
0 0.8000291152531532 0.25816450085542464 0.04466844277075469 0.1354650817735367
0 0.6241519674355496 0.42028985507246375 0.05698778833107191 0.09903381642512077
0 0.6775161466320956 0.3667489950604195 0.0641446514063077 0.0920443367068126
0 0.7156350788998835 0.405492180661813 0.0777131724375153 0.09288783355443936
0 0.8287362298565627 0.2672627226927998 0.05493098060162723 0.10594664253666213
0 0.8448612345572538 0.29286274962720776 0.05608322984846235 0.1301434067510242
0 0.9019394787365865 0.27661781602569485 0.07017941239106003 0.08880072188244748
0 0.9318181818181818 0.4414251207729469 0.057666214382632294 0.05676328502415459
0 0.9942333785617368 0.11775362318840579 0.011533242876526458 0.11231884057971014
0 0.954940696230763 0.13910150793593243 0.06576210626682946 0.10541371054616451
0 0.9721845318860244 0.16304347826086957 0.05563093622795115 0.0893719806763285
0 0.9432728575639485 0.30609215640068893 0.05815727274108309 0.09770341046837565
0 0.9214824664398433 0.4072059570434561 0.04660033870479278 0.09577870867929379
0 0.6485753052917232 0.45410628019323673 0.06648575305291723 0.03140096618357488
0 0.09430122116689281 0.5096618357487923 0.07462686567164178 0.07971014492753623
0 0.03324287652645862 0.5501207729468599 0.06648575305291723 0.0929951690821256
0 0.09533074896173452 0.6261559345287229 0.06115527086448933 0.11236486346108955
0 0.025440976933514246 0.6859903381642513 0.05088195386702849 0.14251207729468598
0 0.12317529781876795 0.6951632895888942 0.05963258064302242 0.1038264074961335
0 0.03290366350067843 0.788647342995169 0.06580732700135686 0.11352657004830918
0 0.05324465698443366 0.8180123982252119 0.06913054536486773 0.1044168552894721
0 0.10502471333748392 0.756751746026714 0.053778731354792116 0.08174987832230046
0 0.059316021122125154 0.6773675069167666 0.042017194462216315 0.10393759106281773
0 0.10127614926993231 0.8773004017337498 0.05815727274108301 0.09770341046837579
0 0.1350067842605156 0.9577294685990339 0.06512890094979647 0.08454106280193237
0 0.21031207598371776 0.966183574879227 0.05698778833107191 0.06763285024154589
0 0.3822930800542741 0.9818840579710145 0.05359565807327001 0.036231884057971016
0 0.29918588873812757 0.9565217391304348 0.051560379918588875 0.08695652173913043
0 0.25179735766057576 0.9326354629799039 0.046552956385265305 0.09336324974209573
0 0.2940976933514247 0.9927536231884058 0.05223880597014925 0.014492753623188406
0 0.33298446986415314 0.5871979754808926 0.060162403739412576 0.16537843555230294
0 0.33608047500411475 0.7623398358489432 0.04851716106065527 0.08986658586344272
0 0.42401628222523746 0.482487922705314 0.07055630936227951 0.025362318840579712
0 0.43656716417910446 0.5217391304347826 0.06987788331071913 0.10386473429951691
0 0.48666735291154894 0.5613199384342419 0.0760418792608782 0.1458592308032715
0 0.4190261226135027 0.5758031231554674 0.058536331297302874 0.11702708196596019
0 0.40687045358653134 0.614044058687283 0.06313454911805494 0.07509394930404471
0 0.42288132565840403 0.8415879559320176 0.06479938629810439 0.09087878208059483
0 0.5278154681139756 0.7952898550724637 0.04341926729986431 0.10265700483091787
0 0.42196813521500004 0.7430947419776244 0.05263509968954495 0.09253509385492867
0 0.5281546811397557 0.5706521739130435 0.042740841248303935 0.13647342995169082
0 0.5295115332428765 0.8804347826086957 0.04002713704206241 0.1111111111111111
0 0.8008819538670285 0.9867149758454107 0.06309362279511534 0.026570048309178744
0 0.9901628222523745 0.9305555555555556 0.01967435549525102 0.08574879227053141
0 0.8069877883310719 0.5440821256038647 0.07937584803256445 0.14855072463768115
0 0.9528828077088182 0.5944979688607979 0.05530142157625907 0.09028833428725609
0 0.9793080054274084 0.6086956521739131 0.041383989145183174 0.11352657004830918
0 0.8911686617632938 0.7379973325102134 0.04613513309110599 0.10660609905430384
0 0.9445629449785721 0.7243998194789958 0.04236394427708445 0.08707155334481267
0 0.7020159475508545 0.8428647197226856 0.05081304197273755 0.10327813454517616