0 0.25870465893384226 0.29599914187583193 0.07167565823245696 0.10182086349794223
0 0.3343850221203056 0.4415091348866967 0.05263282205019598 0.12408577217508046
0 0.37342105263157893 0.5575842696629213 0.06789473684210526 0.08333333333333333
0 0.5389473684210526 0.03089887640449438 0.05894736842105263 0.06179775280898876
0 0.4890227812126346 0.04809179672588753 0.057887506338653937 0.07453656769694697
0 0.57279398589388 0.12108799702439652 0.047919536109527955 0.08753623380535612
0 0.4405263157894737 0.020599250936329586 0.0431578947368421 0.04119850187265917
0 0.46358583172698864 0.28060900086500434 0.047209515301088856 0.05851546398308147
0 0.46773622452846253 0.31296956941651655 0.047209515301088856 0.05851546398308168
0 0.5395613825790628 0.4130076559405644 0.04165933257131308 0.0640735200430812
0 0.5447958151789444 0.49409004750599583 0.03881264038551888 0.08369830954806555
0 0.4829422426091957 0.44427088428312034 0.03891596020159233 0.04907045701008116
0 0.42833320881172193 0.4221606024057271 0.02899572385307058 0.050839615468500736
0 0.4189473684210526 0.40168539325842695 0.017894736842105262 0.06367041198501873
0 0.8819056259156853 0.4418429873559655 0.05934680822985755 0.07174392115147217
0 0.8818114012573045 0.29571020275134796 0.04691463841118476 0.07629483134298616
0 0.7641327099807457 0.22142631516556685 0.039227162752640175 0.06872793095220602
0 0.7253844399126818 0.24725405408739892 0.04441055699589876 0.06690974583807645
0 0.6869316682859357 0.22905796015395682 0.045375572868502835 0.07721481871243122
0 0.894383779017478 0.23542044504199236 0.059625981010031436 0.07829822826757703
0 0.9166374129474453 0.1518123298343977 0.040917903543413556 0.08372009917282566
0 0.9337753274276279 0.07705031905723506 0.048190856834836794 0.10625737815946557
0 0.9155263157894736 0.04400749063670412 0.04789473684210526 0.08801498127340825
0 0.9913157894736843 0.07584269662921349 0.017368421052631578 0.08239700374531835
0 0.9760526315789474 0.06460674157303371 0.04789473684210526 0.12921348314606743
0 0.983421052631579 0.1306179775280899 0.03315789473684211 0.09082397003745318
0 0.9752376230191435 0.17911600369539332 0.0432703097106081 0.07719302908767088
0 0.9460630525016607 0.17178847703863923 0.0430950782979215 0.09778138521162053
0 0.5219996538551163 0.20721094106177435 0.031324573855669925 0.08081305709736009
0 0.509048709526128 0.24548333493730293 0.03906763544968379 0.06498261260014587
0 0.6115871928611861 0.3847141148446594 0.05072634646958309 0.06697511471235658
0 0.6105669018288197 0.34067666347391007 0.047369042604045355 0.0622607823351416
0 0.7163143182573429 0.559095386145908 0.032791727801738585 0.0658535733138805
0 0.6702631578947369 0.5702247191011236 0.032105263157894734 0.05805243445692884
0 0.7152631578947368 0.5861423220973783 0.03684210526315789 0.026217228464419477
0 0.6311547909543864 0.5619609483982776 0.046396174676576245 0.0641225466987914
0 0.5925503440795489 0.5596879048672802 0.04717748553021477 0.04541229715706213
0 0.954496701485901 0.505356048838144 0.043006841040164306 0.04630504749555667
0 0.9388314208577542 0.44664751407365155 0.026324263079962915 0.04987604884953545
0 0.9778947368421053 0.48267790262172283 0.04421052631578947 0.07958801498127341
0 0.9936842105263158 0.575374531835206 0.01263157894736842 0.047752808988764044
0 0.9778947368421053 0.5880149812734082 0.04421052631578947 0.02247191011235955
0 0.9538891822231714 0.2538344352230357 0.0590918131656927 0.09045961809939163
0 0.9227842691847736 0.2980077596102005 0.05715392936561952 0.08201630958868687
0 0.9449846893281698 0.35163185051489104 0.052377205434617234 0.08103095334496167
0 0.9615560954174328 0.30871321683952274 0.05849358577960581 0.0764146742791669
0 0.9794736842105263 0.2841760299625468 0.04105263157894737 0.08146067415730338
0 0.5481994131033088 0.24729366108048284 0.037608333558480055 0.0677752591456209
0 0.5797695760897441 0.32818025816140844 0.037209515301088854 0.05841196326547107
0 0.552102352119776 0.3040069700296696 0.04760833355848011 0.0678787598632315
0 0.07447368421052632 0.625 0.0868421052631579 0.05149812734082397
0 0.12929141901333838 0.6955894687194436 0.09088649532395325 0.1329049517128977
0 0.15293481538679435 0.7895084163459185 0.0899214794513493 0.12259987883854283
0 0.21583740428376472 0.8023371134360122 0.0955677514937472 0.1563513232566025
0 0.2910526315789474 0.650749063670412 0.09052631578947369 0.10299625468164794
0 0.3357624989868397 0.7188031624886537 0.10566321925495566 0.1339938086742336
0 0.3181493070738064 0.8727149841871276 0.0852009630072299 0.15998769348486172
0 0.375 0.653558052434457 0.07 0.10861423220973783
0 0.3886842105263158 0.9798689138576779 0.04263157894736842 0.040262172284644196
0 0.35368421052631577 0.9836142322097379 0.07263157894736842 0.03277153558052434
0 0.31526315789473686 0.9630149812734082 0.06736842105263158 0.07397003745318352
0 0.27421052631578946 0.9630149812734082 0.07263157894736842 0.07397003745318352
0 0.22657894736842105 0.9639513108614233 0.08578947368421053 0.07209737827715355
0 0.16815789473684212 0.9648876404494382 0.07842105263157895 0.0702247191011236
0 0.16702021631939962 0.9409380936517493 0.08256876250844782 0.09818994067587297
0 0.12670963531976542 0.8983674696958724 0.0677207485322461 0.1448321030785411
0 0.08841246496854326 0.8703371913851781 0.07046412090196685 0.1598351661115408
0 0.04621142327373323 0.8783310888852053 0.09100614080117075 0.13571394047694277
0 0.02894736842105263 0.9176029962546817 0.05789473684210526 0.10299625468164794
0 0.038421052631578946 0.976123595505618 0.06631578947368422 0.047752808988764044
0 0.4213157894736842 0.6554307116104869 0.022631578947368423 0.11235955056179775
0 0.4704860091312708 0.6983173706673088 0.055758687016164 0.11101528978620098
0 0.4242105263157895 0.797752808988764 0.028421052631578948 0.10299625468164794
0 0.4181578947368421 0.8782771535580525 0.01631578947368421 0.08239700374531835
0 0.4754207064866952 0.8482472239827915 0.049642306671175425 0.11563156885199553
0 0.43447108394811446 0.9133953581950628 0.04695452023692389 0.07723116093100114
0 0.6312784765157932 0.7988079040434648 0.060415765469948673 0.10919165726588123
0 0.669356607601157 0.801075500168272 0.054658321556612224 0.12223490262381062
0 0.72678877741983 0.8063536390861556 0.06358151226165606 0.09705750446501672
0 0.7626315789473684 0.6203183520599251 0.056842105263157895 0.042134831460674156
0 0.8028381045227585 0.7392269334154841 0.06296758076583908 0.10734623512080158
0 0.7864540187041867 0.7901098159951696 0.0566674954018852 0.08294719177051166
0 0.8472794481867039 0.783713795796911 0.06363709819712528 0.07366015957702236
0 0.8976315789473684 0.6123595505617978 0.060526315789473685 0.026217228464419477
0 0.8739473684210526 0.6189138576779026 0.039473684210526314 0.03932584269662921
0 0.8825997458954443 0.6529354319245506 0.05622094326388977 0.08481440354035165
0 0.9041702196575867 0.7028060333678962 0.05099766719489181 0.08569625906646623
0 0.8911793935028591 0.7420147568314396 0.030742050579313066 0.042434438801126025
0 0.8634441839637104 0.7379807259513079 0.04122910609446152 0.10337757311495008
0 0.9502025995479575 0.734663341123501 0.05338995518782547 0.08010551856932664
0 0.9831578947368421 0.6254681647940075 0.02526315789473684 0.052434456928838954
0 0.9756540100405061 0.6501515807650314 0.03764821538421912 0.06871158873363586
0 0.9611201923156643 0.6823187663967976 0.06432294128955547 0.07741092533527226
0 0.8202490903257342 0.8682092139368105 0.05937883800073163 0.08484708797749171
0 0.8161098540551441 0.9159402333008143 0.03773583109056266 0.05841741067166105
0 0.7662811594403983 0.9299440094362784 0.059745626487248814 0.08110721703162177
0 0.8105263157894737 0.9737827715355806 0.04421052631578947 0.052434456928838954
0 0.8346940492414052 0.9493869351105675 0.04295125510469533 0.06970239238355104
0 0.7156871688574509 0.9186478207736729 0.051404337507148117 0.08289271770861126
0 0.6851889568114188 0.8991289435510588 0.06127683997506593 0.09235406690018191
0 0.589096754182439 0.8681586265894232 0.05870084696316649 0.06892948498123704
0 0.6237097140073453 0.8961507730567876 0.06563056793266792 0.05870612319973275
0 0.6152324538888835 0.9344694698849313 0.061412189562013164 0.0708293811882173
0 0.5713157894736842 0.9667602996254682 0.04473684210526316 0.06647940074906367
0 0.6555263157894737 0.9737827715355806 0.06157894736842105 0.052434456928838954
0 0.7731578947368422 0.9747191011235955 0.037894736842105266 0.05056179775280899