0 0.292817679558011 0.481335952848723 0.08176795580110498 0.11591355599214145
0 0.3328729281767956 0.28978388998035365 0.03370165745856354 0.137524557956778
0 0.29049065317558037 0.12691203313394353 0.05441461472046637 0.10730297131840215
0 0.24399179858525502 0.1219563570061112 0.058141028127857625 0.13887433826352327
0 0.17978169977581354 0.15753907333970663 0.05826962071545726 0.1486975209747217
0 0.1421871514542298 0.17826044386756085 0.07948224131366488 0.12404893067596605
0 0.14029133466480068 0.11789359761678592 0.0643722253604421 0.10869683639738054
0 0.12569060773480664 0.05157170923379175 0.08121546961325966 0.1031434184675835
0 0.09471950155227772 0.28932121043383463 0.07738849182995719 0.17501516221645938
0 0.17045511669274427 0.28962699590071955 0.08796242301274403 0.13912666041597915
0 0.16186678614128946 0.372541845626871 0.10223704908540207 0.1328448890183806
0 0.09768929741758169 0.45284290700796703 0.07477991005701656 0.14447184096555343
0 0.04364640883977901 0.4995088408644401 0.08729281767955802 0.07956777996070727
0 0.13149171270718232 0.49803536345776034 0.11491712707182321 0.0825147347740668
0 0.013259668508287293 0.2107072691552063 0.026519337016574586 0.12475442043222004
0 0.04116022099447514 0.15520628683693516 0.08232044198895028 0.17092337917485265
0 0.052209944751381215 0.05255402750491159 0.07458563535911603 0.10510805500982318
0 0.3314917127071823 0.09724950884086445 0.036464088397790057 0.11591355599214145
0 0.32044198895027626 0.0550098231827112 0.05856353591160221 0.1100196463654224
0 0.36685082872928176 0.4901768172888016 0.03425414364640884 0.09823182711198428
0 0.4683140501092083 0.3665422413594407 0.07544766763486796 0.11111874717057418
0 0.6243093922651933 0.5201375245579568 0.08729281767955802 0.03831041257367387
0 0.7552486187845304 0.5142436149312377 0.08397790055248619 0.05009823182711198
0 0.7820499731304483 0.43218684231303117 0.0728657282571149 0.16697370635511907
0 0.8404015622419279 0.43468631210034825 0.08036906822926941 0.1496120694366296
0 0.9032051890030696 0.43945866787308335 0.06761044887378788 0.14515693098655322
0 0.9047521890200617 0.3253839980096693 0.07385450536513212 0.11596174739153033
0 0.5834752721280543 0.3593193618239461 0.0637173270413506 0.14303224846347962
0 0.6160983686366976 0.423328863439423 0.07438173497429104 0.15623679650744388
0 0.6829935118633887 0.3606066442365196 0.06798244350015971 0.0892105169558176
0 0.7451165217879192 0.39784123037930497 0.07916075984466542 0.09949097389796997
0 0.6824336721684963 0.2756132500731055 0.08363208638246779 0.10360315667483092
0 0.6182747794246778 0.29399396480632983 0.07199129866143648 0.10017606391896977
0 0.46477340304558645 0.28609502982957824 0.08359350860618786 0.10065620186147138
0 0.3707182320441989 0.3855599214145383 0.041988950276243095 0.12868369351669942
0 0.4535911602209945 0.011296660117878193 0.04861878453038674 0.022593320235756387
0 0.9350828729281768 0.02013752455795678 0.05138121546961326 0.04027504911591356
0 0.9850828729281768 0.07612966601178782 0.02983425414364641 0.07367387033398821
0 0.9748618784530386 0.12278978388998035 0.05027624309392265 0.09430255402750491
0 0.7353611947468509 0.09601843098120408 0.05423458509782693 0.09355051552272435
0 0.6937970619485208 0.17243512537548492 0.052448533946691134 0.08365874167688285
0 0.67093891816787 0.11539289584132208 0.05639309281416834 0.08971269728443582
0 0.6259050951985144 0.13789640388175 0.050380041041669814 0.09437278781301028
0 0.5544198895027624 0.013261296660117878 0.04696132596685083 0.026522593320235755
0 0.4234806629834254 0.4995088408644401 0.10220994475138122 0.07956777996070727
0 0.863963038774291 0.18652437690364443 0.04966084642877862 0.12379660852351027
0 0.7936620397315409 0.15798245173859324 0.05591776217888287 0.09558374319960716
0 0.39241700132599155 0.2905636534490064 0.05668885576564765 0.1123060175201922
0 0.9756906077348066 0.3718074656188605 0.04861878453038674 0.1444007858546169
0 0.7044198895027625 0.49214145383104124 0.06519337016574586 0.09430255402750491
0 0.6582872928176795 0.49705304518664045 0.05580110497237569 0.08447937131630648
0 0.6883328383674895 0.4306594909292068 0.09739280404356045 0.1002454763790441
0 0.8059602664352489 0.35846642323051636 0.07337917472984638 0.12183279330670173
0 0.8160260259275998 0.26173052657404394 0.06928030475725001 0.10399101844571065
0 0.8842541436464089 0.0412573673870334 0.042541436464088395 0.0825147347740668
0 0.5033149171270718 0.027013752455795677 0.04419889502762431 0.054027504911591355
0 0.37099447513812156 0.1743614931237721 0.042541436464088395 0.08546168958742632
0 0.9939226519337017 0.1807465618860511 0.012154696132596685 0.10019646365422397
0 0.7443419636599018 0.06419556320905828 0.06839347784164536 0.07842787968504703
0 0.6267955801104972 0.02013752455795678 0.04696132596685083 0.04027504911591356
0 0.5903314917127072 0.03094302554027505 0.04143646408839779 0.0618860510805501
0 0.40552486187845305 0.03388998035363458 0.04640883977900553 0.06777996070726916
0 0.9417866666773358 0.19853795863355045 0.04426411519909168 0.09117433217262612
0 0.5966614430801597 0.09979258603743656 0.05148501341736043 0.0944185152361057
0 0.493623461955261 0.1674504922956336 0.05463276018055257 0.08178555998083395
0 0.4320531691879928 0.15132431712615105 0.05210179589900554 0.09935297030325269
0 0.3800223301815839 0.08271229492368444 0.04385261891877225 0.05974014749679115
0 0.3580110497237569 0.13310412573673872 0.016574585635359115 0.07760314341846758
0 0.019337016574585635 0.9395874263261297 0.03867403314917127 0.12082514734774066
0 0.30359116022099447 0.5741650294695482 0.0569060773480663 0.06974459724950884
0 0.8756906077348067 0.9862475442043221 0.04640883977900553 0.0275049115913556
0 0.8781056452323883 0.7269667972290099 0.04037099336665453 0.08904964964955242
0 0.9320373448411052 0.7296491767087085 0.04814437777276857 0.09231669642457976
0 0.974477062082198 0.8256864981748295 0.033175813665905565 0.08777010312831252
0 0.9330899563040888 0.6411490774617319 0.04123163982590563 0.07043132992137094
0 0.9685326575081279 0.6460708686849583 0.035899666828852046 0.08493746687269159
0 0.9930939226519337 0.6458742632612967 0.013812154696132596 0.08153241650294696
0 0.965679518849331 0.5759151352903064 0.043364429024726765 0.06462887514084271
0 0.7902401285991775 0.6446035512190121 0.06167362877618187 0.07127728724863579
0 0.7900552486187845 0.5648330058939096 0.04751381215469613 0.05108055009823183
0 0.6273478728432169 0.7638809474476743 0.05465894063690613 0.12596701846967917
0 0.5579401303454514 0.7613475927557513 0.053990721120221075 0.11710329031805282
0 0.4871759670179253 0.6763109351455353 0.05237184033296508 0.11998165399676927
0 0.528143068161584 0.6387415398835836 0.06423077351408232 0.09789133541506226
0 0.5782647691809701 0.6037418481944545 0.06185365839882131 0.08502974304431359
0 0.6079708926758504 0.6349465744293814 0.05277001541569072 0.10821669845487893
0 0.5751381215469613 0.5550098231827112 0.05414364640883978 0.03143418467583497
0 0.37209944751381213 0.7470530451866405 0.044751381215469614 0.09135559921414538
0 0.35552486187845306 0.769155206286837 0.011602209944751382 0.11198428290766209
0 0.38948809293113584 0.6248225342038851 0.04941652051233886 0.10513256137223324
0 0.3643646408839779 0.5943025540275049 0.029281767955801105 0.09823182711198428
0 0.38425414364640886 0.5736738703339882 0.04143646408839779 0.068762278978389