0 0.374822695035461 0.30113636363636365 0.029078014184397163 0.10732323232323232
0 0.2790968235127511 0.3518803996581756 0.0604425066464091 0.12378206945049781
0 0.21675218645816746 0.39226027987118073 0.0638024598445809 0.12032504785506234
0 0.28228300790463967 0.21521630735566968 0.05297801587963212 0.11554459748985303
0 0.3147873641482539 0.2002436431287292 0.0642988494248697 0.13042605795607246
0 0.36914893617021277 0.1900252525252525 0.04042553191489362 0.09722222222222222
0 0.3606382978723404 0.0845959595959596 0.0574468085106383 0.08333333333333333
0 0.34361702127659577 0.0422979797979798 0.0673758865248227 0.0845959595959596
0 0.08998170816472881 0.1131304163324499 0.06342148733234557 0.08384122911587812
0 0.12176816422316855 0.12713198470742476 0.05325289485503524 0.10677238508995804
0 0.15882940277638097 0.13435722169984754 0.03944947020415016 0.14193277505936858
0 0.20203844575338128 0.10267532905123715 0.052605723694415435 0.10796883991409574
0 0.23577943578420865 0.07690417015348475 0.061878950220961224 0.0811836337136482
0 0.08827167202317913 0.2628535700770656 0.07043363335812972 0.12597109585196548
0 0.07092198581560284 0.4431818181818182 0.059574468085106386 0.11363636363636363
0 0.025886524822695035 0.4684343434343434 0.05177304964539007 0.06313131313131314
0 0.4250487080697669 0.24618715696196747 0.05300470006489083 0.10172188003945298
0 0.4440831919782305 0.368838070895619 0.07782739510035183 0.10403788038655705
0 0.48352960842727705 0.4424531282993242 0.058120020652314024 0.09088761518372615
0 0.4850221525253488 0.24687571600356026 0.06077075399232979 0.08736442214980214
0 0.5296232726355038 0.25151221349791236 0.07291622446377721 0.07592924541633596
0 0.5164189557445346 0.32626916428114616 0.07954739797732586 0.08157529341323909
0 0.5268227225214613 0.387511906949861 0.05040733509539265 0.0775996381725766
0 0.556286692585806 0.4344079295916074 0.0486873322184186 0.10006222514589456
0 0.5446808510638298 0.4703282828282828 0.05390070921985816 0.059343434343434344
0 0.5963659732965388 0.3514877316832297 0.08436115540408724 0.0933359584078076
0 0.9634751773049646 0.03851010101010101 0.07304964539007092 0.07702020202020202
0 0.902127659574468 0.03977272727272727 0.07659574468085106 0.07954545454545454
0 0.8109929078014184 0.02904040404040404 0.10851063829787234 0.05808080808080808
0 0.7691489361702127 0.061237373737373736 0.09716312056737589 0.12247474747474747
0 0.676950354609929 0.03409090909090909 0.08014184397163121 0.06818181818181818
0 0.6219858156028368 0.034722222222222224 0.06808510638297872 0.06944444444444445
0 0.5453900709219858 0.07828282828282829 0.07375886524822695 0.15656565656565657
0 0.48946297456269044 0.14214390764406915 0.07061109912371942 0.10085091347641761
0 0.6297529966024911 0.42629655944540185 0.05402416341072749 0.10810118279107313
0 0.643888043956502 0.3326002147227743 0.09001691041109523 0.13659610852954415
0 0.7685056242348102 0.13119079031179678 0.11264121684753328 0.10854290713512908
0 0.689073643325538 0.23914889236321007 0.04557557381039137 0.10856975179183509
0 0.7261532073390919 0.3393783584397998 0.06558451141909116 0.09912508714437065
0 0.6320180956646608 0.43048415132988344 0.04939655207657463 0.1001283965843834
0 0.6053191489361702 0.4684343434343434 0.04326241134751773 0.06313131313131314
0 0.7068407907001217 0.4235030645693268 0.048900162496285815 0.0900273864833733
0 0.8003777594209414 0.3733002823376193 0.08146222727392691 0.09180864639122659
0 0.8001068990069459 0.2998005888856707 0.09022106036194365 0.09765320870359594
0 0.9349827694516636 0.2847027630475674 0.07310237055638555 0.07971712420421474
0 0.9390389220174634 0.33145570494965404 0.07643563956929848 0.09008282005917961
0 0.8728999908819552 0.37721694740560774 0.06123177906034142 0.08238008853778592
0 0.8619731503394809 0.3122524973875026 0.06930807647546085 0.0743357619612661
0 0.9815602836879432 0.08712121212121213 0.03687943262411347 0.16161616161616163
0 0.9868794326241135 0.2013888888888889 0.02624113475177305 0.1275252525252525
0 0.9900709219858156 0.4393939393939394 0.019858156028368795 0.08838383838383838
0 0.7443262411347518 0.4393939393939394 0.0475177304964539 0.12121212121212122
0 0.8442389569262737 0.42890771487211343 0.06796036578370349 0.10437410651034192
0 0.9620567375886525 0.36047979797979796 0.07588652482269503 0.1148989898989899
0 0.32872340425531915 0.5555555555555556 0.10567375886524823 0.1111111111111111
0 0.38049645390070924 0.6287878787878788 0.01773049645390071 0.16666666666666666
0 0.37163120567375885 0.7746212121212122 0.03546099290780142 0.10732323232323232
0 0.3553191489361702 0.73989898989899 0.06808510638297872 0.10353535353535354
0 0.34102383713441614 0.8410434503367783 0.07296026930307303 0.11992265029278894
0 0.36524822695035464 0.9286616161616161 0.04822695035460993 0.1351010101010101
0 0.3432624113475177 0.9816919191919192 0.062411347517730496 0.036616161616161616
0 0.225177304964539 0.5366161616161617 0.07730496453900709 0.07323232323232323
0 0.16702127659574467 0.5467171717171717 0.1 0.09343434343434344
0 0.12143895207094352 0.6189615563164662 0.09954701205480423 0.1437694685430283
0 0.15284073865784148 0.7844478749530189 0.05640001777534014 0.11335020215704411
0 0.18482668290151885 0.801572923265315 0.05766767591132121 0.12478000995916931
0 0.22032770208720842 0.818998427516481 0.056098454614678155 0.13594513200733946
0 0.2678674550033104 0.7925682386995123 0.06330607026429208 0.11022403775405225
0 0.288323753985291 0.7498124277634529 0.07445876157516139 0.07858684081856587
0 0.31573481206113013 0.702008796242559 0.0789002268167059 0.0827717482373768
0 0.31487882918405097 0.6260500217038466 0.0997157974933753 0.08974122500405378
0 0.020921985815602836 0.922979797979798 0.04184397163120567 0.09848484848484848
0 0.014893617021276596 0.6691919191919192 0.029787234042553193 0.11616161616161616
0 0.03546099290780142 0.8011363636363636 0.07092198581560284 0.11237373737373738
0 0.015602836879432624 0.7348484848484849 0.031205673758865248 0.10606060606060606
0 0.8322695035460993 0.5378787878787878 0.06312056737588652 0.07575757575757576
0 0.6408040938762283 0.5954625061118124 0.06254348203561848 0.13780330121636394
0 0.6005606894925352 0.6601738803698424 0.0552564570344312 0.10444564688017158
0 0.5425531914893617 0.5359848484848485 0.07801418439716312 0.07196969696969698
0 0.45541881336069384 0.6686885202095184 0.0667193918329813 0.07912158125781645
0 0.501810986974479 0.7158903677214755 0.0554072386147622 0.09314818195502392
0 0.399290780141844 0.788510101010101 0.019858156028368795 0.11742424242424243
0 0.4049645390070922 0.8282828282828283 0.031205673758865248 0.06565656565656566
0 0.45217090187337067 0.8568886892449908 0.04615201594645644 0.0772026095416446
0 0.6348967687218707 0.8090475432767874 0.058616410232603 0.10098862528473626
0 0.6017896077590339 0.8291037982734772 0.039467474062390234 0.09920199644554172
0 0.6883190922196802 0.8568503026664841 0.06860753694432362 0.1031776516862042
0 0.6670161338918419 0.8952861788410846 0.05589494786803253 0.07434113089260735
0 0.6137979603448811 0.8864263192773361 0.052313484064974956 0.058924929987137435
0 0.4563829787234043 0.9703282828282829 0.05602836879432624 0.059343434343434344
0 0.9890070921985815 0.8882575757575758 0.02198581560283688 0.09217171717171717
0 0.4124113475177305 0.985479797979798 0.04326241134751773 0.02904040404040404
0 0.902127659574468 0.9583333333333334 0.08085106382978724 0.08333333333333333