0 0.3032333666293941 0.4349677235049071 0.04804214505765504 0.08982325210503507
0 0.34488122350529093 0.3272693073067766 0.05502078725871932 0.12257280071106871
0 0.3063021031950169 0.34127747493894156 0.07608247010947737 0.1263086851048228
0 0.20188172043010752 0.45936902485659653 0.05 0.06022944550669216
0 0.2303763440860215 0.47084130019120457 0.038172043010752686 0.0372848948374761
0 0.2440581116854423 0.13524580256675126 0.05817866387810089 0.13702440328447005
0 0.2053763440860215 0.0248565965583174 0.07741935483870968 0.0497131931166348
0 0.1643364518817158 0.0612124512554703 0.07948075241935952 0.08253189478474622
0 0.16497623188559818 0.1318357649065644 0.0496863619218863 0.09084603009267055
0 0.19992031886091355 0.22061118965411058 0.07263746818889143 0.1194830144067985
0 0.18591631484808127 0.3367127478842784 0.0448110360506603 0.10591988039519874
0 0.17558421121094758 0.41447325576779237 0.06477674155655311 0.07619496172967928
0 0.23704145624754686 0.3904482995592093 0.05240054504793984 0.10814344981869571
0 0.26819318915498014 0.4392821516053958 0.05256241579544529 0.0966934261651159
0 0.16182795698924732 0.4646271510516252 0.04946236559139785 0.0497131931166348
0 0.12816808807485366 0.43600762238053936 0.047635067758133656 0.07739495382587648
0 0.13183203461747947 0.37332136446938574 0.06056960720301008 0.07888501711510525
0 0.16224449320344103 0.2890014067205223 0.05566296769335939 0.09300284447308273
0 0.10629869937652615 0.1939347512894623 0.0626363073390417 0.14198253145544942
0 0.12396525288895952 0.25287399896634777 0.052374533964896997 0.09095728849781189
0 0.07719851147977871 0.18081824957775638 0.0546137099591979 0.11014450243191001
0 0.033602150537634407 0.18164435946462715 0.06720430107526881 0.07074569789674952
0 0.06187302870999322 0.12416892669762043 0.04778103083949358 0.11463534530129604
0 0.030802231176312703 0.08106008647822385 0.05116870803861196 0.10331883173388579
0 0.11586021505376344 0.02581261950286807 0.051075268817204304 0.05162523900573614
0 0.0868279569892473 0.02581261950286807 0.04139784946236559 0.05162523900573614
0 0.03575268817204301 0.005258126195028681 0.03494623655913978 0.010516252390057362
0 0.8056451612903226 0.02676864244741874 0.06720430107526881 0.05353728489483748
0 0.9735488247133407 0.10914258237144535 0.046575204913208455 0.1269968885373699
0 0.8732568985506209 0.1877621779935403 0.04225342111673037 0.09340257539192696
0 0.8305123117890589 0.18141611744712005 0.04816209705597225 0.10987748225957092
0 0.7877079998752718 0.2342655985792425 0.06572145326467664 0.0886455116898663
0 0.5524193548387096 0.012906309751434034 0.06827956989247312 0.02581261950286807
0 0.4295698924731183 0.05305927342256214 0.03978494623655914 0.10611854684512428
0 0.45992033351467176 0.18529750202200912 0.06678081441573536 0.1373804301809221
0 0.5000109639962719 0.24808229381846122 0.060266574235660064 0.13520136411948155
0 0.5517987435111051 0.24880307543288635 0.06183275785076261 0.0846656581444658
0 0.5761565630764651 0.21819841602708653 0.07365541228462814 0.10138533350342042
0 0.45972234826722624 0.25691021613919623 0.05383086899857984 0.0862439288181434
0 0.614892251578863 0.1994101336721682 0.05587686060695046 0.11592514346127057
0 0.5769808210924052 0.12746524301888593 0.07080006693873003 0.12895423712819223
0 0.6878722710535351 0.20880107749096985 0.05085557165436454 0.09375860228837925
0 0.7308596639363552 0.23232217351775977 0.056351867738703244 0.11403534925319733
0 0.5942622600676444 0.41125862228408666 0.06284539939111754 0.08279811561742088
0 0.4500064139816898 0.38142684158157997 0.045108766462628354 0.06583367176715538
0 0.43095725951705327 0.4466593182911403 0.03483108542233812 0.06349884393851724
0 0.9500406297447386 0.4170602510701919 0.03401162826791332 0.05487238575653289
0 0.9302811141662976 0.38923625245325977 0.03261792051108015 0.06149779132530282
0 0.9159990848814251 0.23516159595306854 0.046778994409902394 0.08404261107567453
0 0.8651437640739936 0.37808862484272227 0.03926271780023609 0.05127081078861277
0 0.8489313960114188 0.4140845208598882 0.03714349380425217 0.052137827009050376
0 0.17545605453262447 0.6955399398525802 0.07259554943970294 0.15098726821491404
0 0.1380822584547691 0.6235727975182697 0.06618055273028384 0.13544613261079255
0 0.18844086021505377 0.5396749521988528 0.07473118279569893 0.10038240917782026
0 0.12741935483870967 0.5473231357552581 0.07204301075268817 0.11567877629063097
0 0.12311827956989248 0.5081261950286807 0.0935483870967742 0.0372848948374761
0 0.02956989247311828 0.7217973231357553 0.05913978494623656 0.14149139579349904
0 0.009946236559139785 0.614244741873805 0.01989247311827957 0.13862332695984703
0 0.016129032258064516 0.9287762906309751 0.03225806451612903 0.10994263862332695
0 0.021774193548387097 0.8718929254302104 0.043548387096774194 0.09560229445506692
0 0.08529104546731983 0.8911718139476728 0.07238165652611168 0.1280649692267263
0 0.11271810329216918 0.8652137591784568 0.06981343648141813 0.14800794097612086
0 0.1460827502639272 0.8628781320101541 0.0643118378416974 0.1439613323876354
0 0.21209663138519005 0.7980886905719982 0.061785536546192336 0.13240005032891453
0 0.25913459042942955 0.8290799567069672 0.061942104738316 0.13718016505166786
0 0.25323411917019384 0.9190684977403855 0.06821644092175726 0.09925077080403673
0 0.21135330874300268 0.8945468754069886 0.050156066498256935 0.10518637426093064
0 0.1965712646310678 0.9524422924247068 0.06318984941378955 0.09331436800747825
0 0.3070652390157069 0.8819929955235171 0.0590660508647569 0.13133276897922244
0 0.357667650284983 0.7877675076033768 0.06650959678067651 0.09631594692729975
0 0.3951612903225806 0.7495219885277247 0.02903225806451613 0.08221797323135756
0 0.3967741935483871 0.8269598470363289 0.025806451612903226 0.1089866156787763
0 0.3811258298629653 0.9075695743565954 0.04436734255733226 0.10876569754782264
0 0.36765605644024446 0.8680285319137442 0.06017793587576767 0.11610315690949671
0 0.5376344086021505 0.517208413001912 0.06666666666666667 0.055449330783938815
0 0.5220601726535001 0.6345754544470783 0.06336182357819208 0.14774092080378165
0 0.6285982743327938 0.7012931984078812 0.0611380535561703 0.17820014494323355
0 0.4236559139784946 0.642925430210325 0.02795698924731183 0.15965583173996176
0 0.43333333333333335 0.6821223709369025 0.047311827956989246 0.13479923518164436
0 0.44946236559139785 0.722753346080306 0.07956989247311828 0.1147227533460803
0 0.45383097703715475 0.7915877325128314 0.07454279927128409 0.09569369919817304
0 0.589027471856759 0.7291859504170591 0.06441108131235372 0.13059926284495446
0 0.5624721441993534 0.761313650963798 0.07453219416052029 0.12815397595083927
0 0.5395263404877302 0.8061807736542591 0.072992523322327 0.09753899004418963
0 0.6949727639898075 0.7238463463099418 0.057734970384772856 0.1398702204370937
0 0.737780228875152 0.7774487875685353 0.07671404543335357 0.129199005619503
0 0.5645161290322581 0.9426386233269598 0.05268817204301075 0.1147227533460803
0 0.48865006030570446 0.933355675639855 0.05213943082977831 0.13295554301495668
0 0.5303244299585107 0.9068079513233901 0.05591347680075717 0.10065102802948797
0 0.6231182795698925 0.9574569789674953 0.05806451612903226 0.08508604206500955
0 0.4217741935483871 0.8723709369024857 0.024193548387096774 0.08317399617590822
0 0.7616543349348868 0.5731038465863387 0.07184402211750952 0.128042717545698
0 0.9701612903225807 0.628585086042065 0.05967741935483871 0.14435946462715105
0 0.9790322580645161 0.8092734225621415 0.041935483870967745 0.11567877629063097
0 0.8654763547512356 0.7965092208888241 0.06297545480633182 0.16872892222183994
0 0.9014901571414401 0.8198415772967059 0.0690826176868856 0.15847969000412157
0 0.9146024749999675 0.8784919527900562 0.06995459870126246 0.10314161762532416
0 0.9143392111979817 0.9439016436081782 0.06815911620028943 0.08110858653860212
0 0.8201377877088705 0.8365747765151679 0.06990737739669219 0.15087600980977275
0 0.7798775834936252 0.7871631801019111 0.0593218625275364 0.12275081415929474
0 0.7973355466478493 0.8852548651433175 0.07935019531027876 0.09493794138287662
0 0.7790322580645161 0.9851816443594646 0.05913978494623656 0.029636711281070746
0 0.8908602150537634 0.9746653919694073 0.04946236559139785 0.05066921606118547
0 0.7615591397849463 0.9555449330783938 0.08440860215053764 0.08891013384321224
0 0.988978494623656 0.9349904397705545 0.02204301075268817 0.08221797323135756
0 0.9744623655913979 0.9622370936902486 0.051075268817204304 0.07552581261950286