0 0.2841225626740947 0.034653465346534656 0.08913649025069638 0.06930693069306931
0 0.120447743494037 0.10194756107468468 0.0825016532655516 0.12741951395044607
0 0.15459610027855153 0.024752475247524754 0.0905292479108635 0.04950495049504951
0 0.028899721448467967 0.08292079207920793 0.057799442896935935 0.09900990099009901
0 0.017757660167130918 0.0327970297029703 0.035515320334261836 0.0655940594059406
0 0.07311977715877438 0.01051980198019802 0.054317548746518104 0.02103960396039604
0 0.0483983286908078 0.037747524752475246 0.06894150417827298 0.07549504950495049
0 0.9822423398328691 0.36448019801980197 0.035515320334261836 0.1547029702970297
0 0.9599495263266665 0.35616508710503686 0.04469170342539228 0.13984522116449058
0 0.9226750882840746 0.32651158639828937 0.0514323618105751 0.13387313038389925
0 0.8361134105133918 0.24267126976057155 0.05170946989247647 0.10297574193075133
0 0.7856083084323271 0.26092864953486916 0.05691414048498205 0.13157070528417858
0 0.604464703002783 0.2286706056255512 0.05240584872256019 0.10299734473388027
0 0.614888606195586 0.27793479329416976 0.06747606398562121 0.11582724122335128
0 0.5921634336262797 0.3571458460782611 0.05947652588966332 0.12546899768481332
0 0.48541037840850276 0.19524115178877205 0.051664843909345996 0.10173811816837502
0 0.6051532033426184 0.04084158415841584 0.04596100278551532 0.08168316831683169
0 0.5605849582172702 0.014232673267326733 0.07242339832869081 0.028465346534653466
0 0.8732590529247911 0.013613861386138614 0.06685236768802229 0.027227722772277228
0 0.4334958217270195 0.021658415841584157 0.05362116991643454 0.043316831683168314
0 0.49686629526462395 0.028465346534653466 0.05083565459610028 0.05693069306930693
0 0.7969584038884104 0.1008291947321782 0.08617140353160985 0.09415489198819052
0 0.9801532033426184 0.07301980198019802 0.03969359331476323 0.12871287128712872
0 0.018802228412256268 0.8422029702970297 0.037604456824512536 0.11757425742574257
0 0.1837642388653929 0.7283880426183903 0.07596648789601589 0.11979934614802773
0 0.27131129689027844 0.7075627401228001 0.05743201538254325 0.12664181303780273
0 0.37047353760445684 0.7438118811881188 0.03899721448467967 0.12128712871287128
0 0.3729108635097493 0.6274752475247525 0.034122562674094706 0.10891089108910891
0 0.31403010487480554 0.5862261418196467 0.05049521616483186 0.10788303137399825
0 0.35190231759810187 0.5799669506143542 0.05274521968759855 0.0931179574379993
0 0.13806057232931349 0.5844843053167074 0.06882419566265771 0.11463282306723292
0 0.125 0.5068069306930693 0.06337047353760446 0.07549504950495049
0 0.03168523676880223 0.5241336633663366 0.04108635097493036 0.11014851485148515
0 0.009749303621169917 0.5600247524752475 0.019498607242339833 0.07797029702970297
0 0.5215877437325905 0.5080445544554455 0.07103064066852367 0.07797029702970297
0 0.677924791086351 0.4900990099009901 0.056406685236768804 0.04207920792079208
0 0.9749303621169917 0.5272277227722773 0.05013927576601671 0.09158415841584158
0 0.899025069637883 0.5012376237623762 0.057103064066852366 0.06435643564356436
0 0.8614206128133705 0.48886138613861385 0.0584958217270195 0.039603960396039604
0 0.9376740947075209 0.5037128712871287 0.060584958217270196 0.06930693069306931