0 0.12988826815642457 0.3558648111332008 0.050837988826815644 0.06759443339960239
0 0.059497206703910614 0.3503976143141153 0.05307262569832402 0.07852882703777336
0 0.19010908863546955 0.2506923936873929 0.07144170322125747 0.10546183677076156
0 0.0276536312849162 0.3558648111332008 0.0553072625698324 0.06759443339960239
0 0.020670391061452513 0.37077534791252487 0.041340782122905026 0.03777335984095427
0 0.14458285954382982 0.2755855369065716 0.059405196413115584 0.11104433038068127
0 0.13657497092271767 0.23165710180298277 0.05743289011013772 0.10403402700614382
0 0.16166330873230755 0.17882936639690195 0.07866194038946733 0.10469336345472453
0 0.2541899441340782 0.3727634194831014 0.06815642458100558 0.033797216699801194
0 0.2620111731843575 0.3548707753479125 0.07597765363128492 0.06958250497017893
0 0.3259776536312849 0.36530815109343934 0.07318435754189945 0.048707753479125246
0 0.27948173174708485 0.240066415012883 0.051287638713489674 0.10384316645523888
0 0.270259027613114 0.18071307427815272 0.06095417607416976 0.10811427590233602
0 0.3135211189177728 0.1681586235792115 0.0669724294782407 0.10532302909737616
0 0.3614525139664804 0.03479125248508946 0.06480446927374302 0.06958250497017893
0 0.12908208936066887 0.05571276780695893 0.04807935056555688 0.08091093955691596
0 0.18284552918210129 0.15218742066840163 0.05375060807271257 0.0830725207192243
0 0.10528073051725799 0.1453111517891192 0.06862274363443233 0.0785708176904587
0 0.38833462428376764 0.14318236993133635 0.06593977637087124 0.10727639874960629
0 0.5003131188819305 0.2638013012770159 0.05821154723235296 0.09611644264218396
0 0.5833805041444707 0.3343826152106136 0.08300421613990698 0.10185006377224512
0 0.650366633926566 0.1190571841596212 0.05667923673805139 0.07323626862138059
0 0.6294092384201093 0.19683124447336128 0.052548624308573835 0.08104974723030135
0 0.6798882681564246 0.2147117296222664 0.02011173184357542 0.1073558648111332
0 0.3397732751189974 0.10990706875197809 0.07565698097912 0.09963642973241733
0 0.27228748794997004 0.30039895612993683 0.06887673961958657 0.08453503240218832
0 0.3413284013136718 0.2970832782483255 0.06985039089601092 0.10739785546381854
0 0.30986165258072057 0.3114931527678359 0.049958656956773644 0.09883828561045112
0 0.8742614436212247 0.23269348324905742 0.0810152406701765 0.12064998889685663
0 0.8343881535017111 0.12175941854679327 0.08243722233865358 0.11473782706264633
0 0.9065273560611766 0.1453434352250713 0.05553691455216828 0.11191690945175718
0 0.9352816366150944 0.17204723812163872 0.04616670584083478 0.11460405050167816
0 0.791340782122905 0.028330019880715707 0.05418994413407821 0.05666003976143141
0 0.8347473214000356 0.06468911568858364 0.058778541033606614 0.08322867935178285
0 0.8662011173184357 0.040755467196819085 0.06983240223463687 0.08151093439363817
0 0.95913465232704 0.1688171862249323 0.05193929784312806 0.0929434747354142
0 0.9723463687150838 0.1496023856858847 0.0553072625698324 0.11232604373757456
0 0.10614525139664804 0.9473161033797217 0.07262569832402235 0.10536779324055666
0 0.0223463687150838 0.6341948310139165 0.0446927374301676 0.13518886679920478
0 0.010614525139664804 0.5377733598409543 0.021229050279329607 0.09145129224652088
0 0.049818618407652664 0.519070606745144 0.0730246809631277 0.11643093232727882
0 0.08965626107807333 0.4523065038296457 0.07652030342972 0.093706916939034
0 0.07318435754189945 0.4085487077534791 0.049162011173184354 0.03777335984095427
0 0.032681564245810056 0.4289264413518887 0.06536312849162011 0.07852882703777336
0 0.5075418994413408 0.41699801192842945 0.04189944134078212 0.05467196819085487
0 0.4923350610499461 0.4424767666632812 0.05732256128431348 0.07524169115113027
0 0.37699058096701094 0.609642386194351 0.06476345610417208 0.13205788954512035
0 0.40227106513374306 0.7250868294049672 0.05119463880172838 0.1147602091342366
0 0.3260519173923685 0.6974052128713238 0.07090870750082012 0.1322487500960253
0 0.30226941576546645 0.5581819901300683 0.07447232612904428 0.13732303477750554
0 0.24694416453426002 0.45123525960475247 0.07630030552538185 0.10164185226216713
0 0.31548575038468496 0.4558458415666875 0.06937639700651856 0.10936857607522193
0 0.44740763579061993 0.6713926748511885 0.05811854732059192 0.1070334853211819
0 0.5126860989538552 0.6714346655038737 0.06119084314526052 0.07436911208005438
0 0.5451566596260142 0.7329991247222233 0.06254548839941632 0.1061782572092788
0 0.44031757428570933 0.5704112878485631 0.0531836142714591 0.0959602840096253
0 0.5994292898465451 0.5401114182331183 0.04829934846989497 0.07297600423378295
0 0.6321490194648594 0.5485730422548246 0.04778302191621024 0.07395268905989795
0 0.6361939769449864 0.4404920815255874 0.0468857013847942 0.06598305181841864
0 0.6829608938547486 0.5541749502982107 0.013966480446927373 0.07852882703777336
0 0.6868715083798883 0.6113320079522863 0.006145251396648044 0.07157057654075547
0 0.5124834299635805 0.719078979361018 0.0661597742752094 0.09934146342647328
0 0.6385474860335195 0.9686878727634195 0.054748603351955305 0.06262425447316103
0 0.6863128491620112 0.9681908548707754 0.007262569832402235 0.0636182902584493
0 0.6874301675977653 0.8275347912524851 0.005027932960893855 0.08449304174950298
0 0.6720670391061453 0.6257455268389662 0.035754189944134075 0.08449304174950298
0 0.6685795424151053 0.4673086656567804 0.03377420880509075 0.07252487929528023
0 0.6653631284916202 0.40208747514910537 0.04022346368715084 0.02485089463220676
0 0.6824022346368716 0.4105367793240557 0.015083798882681564 0.041749502982107355
0 0.4509519462628489 0.44019875989917767 0.04833334655071103 0.08687515426864546
0 0.6543023732676659 0.7150454942956416 0.053716609991896695 0.06917337068436155
0 0.7047486033519553 0.6610337972166997 0.029608938547486034 0.10139165009940358
0 0.7300340356235178 0.7000573940686116 0.06396747006789338 0.10026609537506873
0 0.8316596759032356 0.7478861506189962 0.06326514369068657 0.1230768655591794
0 0.8822949957397764 0.7971094017608996 0.05372560432258359 0.1217878634679473
0 0.9165508732704251 0.7892388391620422 0.045497717797133186 0.08579436368749135
0 0.9793296089385475 0.8071570576540755 0.041340782122905026 0.07554671968190854
0 0.990782122905028 0.8518886679920478 0.018435754189944135 0.0775347912524851
0 0.9868715083798882 0.9507952286282306 0.026256983240223464 0.08250497017892644
0 0.9669808851274484 0.6240279760284502 0.03352021281993654 0.06656066458355082
0 0.9231171421934093 0.5700514329497701 0.04799468523717233 0.07892286798633931
0 0.8909859025821001 0.5819588670468866 0.045260390978731586 0.05401992047661299
0 0.7874301675977654 0.41898608349900596 0.06871508379888268 0.05864811133200795
0 0.8071245105252134 0.6761445800427174 0.053843607984473546 0.07215547804022636
0 0.7878757712585825 0.6368306292025198 0.038192815300538585 0.08457476543295184
0 0.7601034765644655 0.6200845351180082 0.04639503832854923 0.09376400092897078
0 0.8810055865921788 0.40308151093439365 0.0446927374301676 0.0268389662027833
0 0.8972067039106145 0.4254473161033797 0.054748603351955305 0.07157057654075547
0 0.958659217877095 0.41699801192842945 0.041340782122905026 0.05467196819085487
0 0.9274750974896356 0.44311849421840205 0.043957072719455315 0.07581930391626235
0 0.971495999079035 0.5531886553291768 0.0464457055761179 0.08185292246468456