0 0.07095769068905074 0.3785214891251421 0.0837780258517168 0.22069846952517555
0 0.10300927771506645 0.3272152777000462 0.0950934814080323 0.17783087227094854
0 0.1397482814485193 0.28612610234589136 0.09210729439906559 0.1405197817626223
0 0.1345401660572518 0.2262388186382543 0.09634277617043785 0.12205893660908114
0 0.25448648696021603 0.3409106896000598 0.11005727885329868 0.1558387793735036
0 0.25746410017021154 0.2663144196025884 0.09494345141290732 0.13202934555339116
0 0.3563753581661891 0.4573791348600509 0.062320916905444126 0.12340966921119594
0 0.22671919770773638 0.5 0.09240687679083094 0.03816793893129771
0 0.3334527220630373 0.4961832061068702 0.09383954154727794 0.04580152671755725
0 0.48531518624641834 0.4961832061068702 0.062320916905444126 0.04580152671755725
0 0.5053724928366762 0.4770992366412214 0.027936962750716332 0.08396946564885496
0 0.5171919770773639 0.10941475826972011 0.004297994269340974 0.09923664122137404
0 0.3510028653295129 0.054707379134860054 0.09169054441260745 0.10941475826972011
0 0.09813753581661891 0.039440203562340966 0.07593123209169055 0.07888040712468193
0 0.40588010740883174 0.21979797763549716 0.06409114915092223 0.11229644574410062
0 0.380006708045562 0.1899778068264645 0.05838966262418635 0.12037146574525985
0 0.3445586740731603 0.1880176928291845 0.06060117225682522 0.13976699736696263
0 0.27789808789972953 0.16563661968108329 0.11797444251253845 0.1684315556250901
0 0.4036532951289398 0.4599236641221374 0.07521489971346705 0.1183206106870229
0 0.41869627507163326 0.44211195928753183 0.07664756446991404 0.15394402035623408
0 0.44091419154243433 0.4232562545751065 0.06420367164726572 0.14664759078226855
0 0.43063132075556587 0.3441941553532166 0.0791716365923968 0.12592776251586674
0 0.5021489971346705 0.2506361323155216 0.034383954154727794 0.1272264631043257
0 0.4885386819484241 0.43765903307888043 0.06160458452722063 0.14249363867684478
0 0.4878223495702006 0.36768447837150126 0.06303724928366762 0.11450381679389313
0 0.545487106017192 0.47264631043257 0.052292263610315186 0.09287531806615776
0 0.6153295128939829 0.029262086513994912 0.06160458452722063 0.058524173027989825
0 0.5505014326647565 0.02099236641221374 0.062320916905444126 0.04198473282442748
0 0.544054441260745 0.10432569974554708 0.0494269340974212 0.13486005089058525
0 0.600999414227375 0.311675983932303 0.06930134829212191 0.1728198617672594
0 0.7138738575458828 0.34393630501316963 0.06703566116124324 0.1368848899419943
0 0.8227077363896849 0.4586513994910941 0.06375358166189111 0.12086513994910941
0 0.7636103151862464 0.4351145038167939 0.07736389684813753 0.16793893129770993
0 0.7704620316756067 0.3515046428070654 0.06768531354163332 0.1166325098973202
0 0.7252995130493676 0.22542088923787781 0.06479081152968741 0.1073112412719456
0 0.6745232641927911 0.2434925441654691 0.06985098067576229 0.12203313057754699
0 0.8415389082660348 0.19204271976458478 0.0648199840287395 0.11621709368924842
0 0.9186925851702531 0.24837242475854918 0.04757382945313613 0.09718515623725552
0 0.8818051575931232 0.46055979643765904 0.06303724928366762 0.11704834605597965
0 0.9856733524355301 0.4440203562340967 0.02865329512893983 0.11450381679389313
0 0.9699140401146131 0.32251908396946566 0.06017191977077364 0.09033078880407125
0 0.015401146131805158 0.6259541984732825 0.030802292263610316 0.19338422391857507
0 0.1174785100286533 0.5986005089058524 0.09025787965616046 0.15903307888040713
0 0.21685010340367272 0.6810224420990322 0.07708931945555957 0.14597243445650493
0 0.5007163323782235 0.6005089058524173 0.03724928366762178 0.1628498727735369
0 0.47349570200573066 0.583969465648855 0.06017191977077364 0.1297709923664122
0 0.9878223495702005 0.7964376590330788 0.024355300859598854 0.0916030534351145
0 0.930289346967428 0.8484526964241869 0.06405364165214107 0.1008460640647113
0 0.8864763818995864 0.8064941895818811 0.049056504207957895 0.11266003991381035
0 0.7435530085959885 0.9529262086513995 0.0988538681948424 0.09414758269720101
0 0.7374503135292896 0.8853495255885575 0.10068661293828922 0.1366769718626645
0 0.8646131805157593 0.9758269720101781 0.09169054441260745 0.04834605597964377
0 0.8918338108882522 0.97264631043257 0.07163323782234957 0.054707379134860054
0 0.914756446991404 0.9701017811704835 0.05300859598853868 0.05979643765903308
0 0.9455587392550143 0.9809160305343512 0.06303724928366762 0.03816793893129771
0 0.6772799999099636 0.6585362550471497 0.07411563494618663 0.11247813784130861
0 0.5856788179452025 0.5632337947125721 0.0682057734262216 0.056939926290305025
0 0.5965196561154402 0.5940536920068361 0.06400363165376596 0.08557888849219229
0 0.604989013506737 0.7752215318716544 0.05911433000213892 0.12301984905936439
0 0.7024414731941168 0.798887667678919 0.08198278860705115 0.10980373852037617
0 0.6716595408313448 0.5820576041099415 0.07035060306102756 0.05597922381531557