0 0.09766584766584767 0.07969432314410481 0.10933660933660934 0.15938864628820962
0 0.2668918918918919 0.11001067780976279 0.07616707616707617 0.19257222504818508
0 0.41584766584766586 0.19502765511249348 0.07985257985257985 0.1930685709143707
0 0.4745085995085995 0.11504573074607868 0.09152334152334152 0.18809011448334712
0 0.1934889434889435 0.14270154185554002 0.10319410319410319 0.1787448458252493
0 0.13636363636363635 0.17813045167202127 0.08230958230958231 0.17047370396635472
0 0.06511056511056511 0.2575082307190705 0.10565110565110565 0.15833338499077043
0 0.13175675675675674 0.36637464816024995 0.07923832923832924 0.18752733131949698
0 0.048525798525798525 0.3455240174672489 0.09705159705159705 0.14301310043668122
0 0.04023341523341523 0.47795702275987223 0.07186732186732187 0.18762634264389438
0 0.08538083538083538 0.5184259059088554 0.07616707616707617 0.1685547577992769
0 0.09398034398034398 0.6145622122021532 0.07678132678132678 0.13479468735048253
0 0.16093366093366093 0.6246708651612936 0.085995085995086 0.10765127253996405
0 0.1732186732186732 0.5662816832596415 0.09705159705159705 0.1757341966014028
0 0.1898034398034398 0.6610262008733624 0.07862407862407862 0.07751091703056769
0 0.2724201474201474 0.5004931878754167 0.09766584766584767 0.11904836196046867
0 0.23126535626535627 0.4392738031411477 0.07371007371007371 0.16058193915777325
0 0.2853194103194103 0.376684546878682 0.10196560196560196 0.15456192995427911
0 0.3581081081081081 0.34991532533410097 0.07862407862407862 0.15687692141894652
0 0.417997542997543 0.36671457011376557 0.06511056511056511 0.17034082937102568
0 0.45085995085995084 0.43118398887619114 0.08476658476658476 0.13805350950742182
0 0.504914004914005 0.27252486361809236 0.06265356265356266 0.14271735570768795
0 0.5304054054054054 0.34170305676855894 0.07800982800982802 0.14847161572052403
0 0.5488329238329238 0.08788209606986899 0.041154791154791155 0.11899563318777293
0 0.5426904176904177 0.03220524017467249 0.04606879606879607 0.06441048034934498
0 0.5257985257985258 0.4581977522018778 0.07923832923832924 0.1394923968216805
0 0.5506756756756757 0.49890829694323147 0.03746928746928747 0.11790393013100436
0 0.5175061425061425 0.5706180919068903 0.0472972972972973 0.13409902959130315
0 0.47788697788697787 0.5538194917493252 0.05835380835380835 0.1737976741767596
0 0.4514742014742015 0.597205577816043 0.07432432432432433 0.13992230539020156
0 0.3977272727272727 0.5397488599894827 0.08046683046683047 0.13092422098959391
0 0.3740786240786241 0.5960617906086781 0.0644963144963145 0.11239784305126113
0 0.31848894348894347 0.5492739304167106 0.08415233415233415 0.12596205157193674
0 0.3227886977886978 0.6375545851528385 0.0866093366093366 0.12445414847161572
0 0.39711302211302213 0.6664847161572053 0.055896805896805894 0.0665938864628821
0 0.36486486486486486 0.6588427947598253 0.06756756756756757 0.08187772925764192
0 0.5463759213759214 0.6069868995633187 0.04606879606879607 0.1222707423580786
0 0.5436117936117936 0.6703056768558951 0.051597051597051594 0.05895196506550218
0 0.8316953316953317 0.013100436681222707 0.09090909090909091 0.026200873362445413
0 0.7429361179361179 0.18659873497700186 0.08108108108108109 0.14083227281154176
0 0.7616707616707616 0.2857375469874628 0.07002457002457002 0.10004192516931687
0 0.7137592137592138 0.2541758804213731 0.04361179361179361 0.11067691953297804
0 0.7567567567567568 0.4832198573027088 0.060810810810810814 0.11080979412830694
0 0.7082309582309583 0.54109511708061 0.06142506142506143 0.08796675424719815
0 0.8187960687960688 0.587099030184082 0.04914004914004914 0.10377951693487632
0 0.6031941031941032 0.44780078827859976 0.033783783783783786 0.0831524571940376
0 0.6741400491400491 0.40495369947778187 0.05528255528255528 0.08168099585304608
0 0.6461916461916462 0.431757428915394 0.06511056511056511 0.08627969399984665
0 0.6418918918918919 0.5010473543713652 0.04238329238329238 0.11160317396768471
0 0.5807739557739557 0.5534934497816594 0.022727272727272728 0.09388646288209607
0 0.6025798525798526 0.5961896796880928 0.04238329238329238 0.08431059754847049
0 0.6035012285012284 0.6823144104803494 0.04606879606879607 0.034934497816593885
0 0.9708230958230958 0.6566593886462883 0.04606879606879607 0.08624454148471616
0 0.7813267813267813 0.6784934497816594 0.029484029484029485 0.0425764192139738
0 0.033783783783783786 0.7358078602620087 0.06756756756756757 0.07205240174672489
0 0.15356265356265356 0.7385371179039302 0.07002457002457002 0.07751091703056769
0 0.18703931203931204 0.7581877729257642 0.08046683046683047 0.1168122270742358
0 0.22143734643734644 0.8380913138749629 0.085995085995086 0.18952900179760598
0 0.3157248157248157 0.7216157205240175 0.07371007371007371 0.043668122270742356
0 0.3676289926289926 0.7838427947598253 0.08292383292383293 0.16812227074235808
0 0.3068181818181818 0.8283017835012759 0.09643734643734644 0.16036762949561204
0 0.2819410319410319 0.9399563318777293 0.05773955773955774 0.12008733624454149
0 0.21007371007371006 0.9350436681222707 0.08722358722358722 0.1299126637554585
0 0.4265970515970516 0.7336244541484717 0.08169533169533169 0.06768558951965066
0 0.48986486486486486 0.7336244541484717 0.07555282555282555 0.06768558951965066
0 0.5377764127764127 0.777292576419214 0.06326781326781326 0.1462882096069869
0 0.5420761670761671 0.865174672489083 0.05466830466830467 0.1168122270742358
0 0.4563882063882064 0.9219432314410481 0.07002457002457002 0.15611353711790393
0 0.5144348894348895 0.9454148471615721 0.055896805896805894 0.1091703056768559
0 0.5506756756756757 0.9426855895196506 0.03746928746928747 0.11026200873362445
0 0.47235872235872234 0.9787117903930131 0.05896805896805897 0.0425764192139738
0 0.3608722358722359 0.9426855895196506 0.09275184275184276 0.1146288209606987
0 0.3725429975429975 0.9830786026200873 0.08906633906633907 0.03384279475982533
0 0.09275184275184276 0.7680131004366813 0.11179361179361179 0.13646288209606988
0 0.136977886977887 0.8376337516758952 0.10257985257985258 0.1404525145273188
0 0.11916461916461916 0.9317685589519651 0.085995085995086 0.13646288209606988
0 0.1375921375921376 0.9699781659388647 0.09582309582309582 0.060043668122270744
0 0.07278869778869779 0.8988580568063504 0.051597051597051594 0.17834622203926206
0 0.03101965601965602 0.8744541484716157 0.06203931203931204 0.20305676855895197
0 0.009520884520884522 0.7865720524017468 0.019041769041769043 0.17358078602620086
0 0.011363636363636364 0.9066593886462883 0.022727272727272728 0.18668122270742357
0 0.7896191646191646 0.9183372901463469 0.07800982800982802 0.12950162068870147
0 0.9662162162162162 0.7570960698689956 0.042997542997543 0.1146288209606987
0 0.980036855036855 0.7900516955615695 0.0343980343980344 0.119261382378431
0 0.9892506142506142 0.9088427947598253 0.0214987714987715 0.08624454148471616
0 0.9186117936117936 0.9645196506550219 0.07063882063882064 0.07096069868995633
0 0.8713144963144963 0.9754366812227074 0.055896805896805894 0.04912663755458515
0 0.8215601965601965 0.9852620087336245 0.06203931203931204 0.02947598253275109