0 0.047311827956989246 0.03824091778202677 0.07311827956989247 0.07648183556405354
0 0.00913978494623656 0.13097514340344169 0.01827956989247312 0.16252390057361377
0 0.020161290322580645 0.4144359464627151 0.04032258064516129 0.12523900573613767
0 0.03413978494623656 0.3173996175908222 0.06827956989247312 0.14149139579349904
0 0.09525693333252709 0.42366839737534273 0.08621096444688593 0.09789412980651277
0 0.05161290322580645 0.46032504780114725 0.07419354838709677 0.03919694072657744
0 0.2884178714835936 0.2665438879372667 0.06155659307820701 0.18202740227242478
0 0.17885395627127942 0.3213942544186112 0.06526882632040869 0.12501662014821802
0 0.17634408602150536 0.42495219885277247 0.06881720430107527 0.10994263862332695
0 0.23684850157017925 0.4095796763062968 0.0849854987716526 0.09016803635036691
0 0.2545698924731183 0.44598470363288717 0.07150537634408602 0.06787762906309751
0 0.11236559139784946 0.4641491395793499 0.06989247311827956 0.03154875717017208
0 0.1570430586122533 0.21143943704872684 0.06930877008568066 0.19404504690521815
0 0.11787766301992929 0.09508299451828914 0.0803038151540153 0.1251513358000378
0 0.19300055446608066 0.13703034719143567 0.05839905585385559 0.15793205390930634
0 0.25727347010304435 0.16109487396831657 0.06069979034629321 0.16573605726519294
0 0.2853797997093824 0.12554998109097812 0.0769841356661343 0.12013749137806226
0 0.3239247311827957 0.24235181644359466 0.0521505376344086 0.15200764818355642
0 0.3370967741935484 0.09369024856596558 0.025806451612903226 0.13575525812619502
0 0.02956989247311828 0.13049713193116635 0.05913978494623656 0.15965583173996176
0 0.21517926996455813 0.3479624500610267 0.0652876009276624 0.1259726430927687
0 0.3094086021505376 0.01577437858508604 0.051075268817204304 0.03154875717017208
0 0.9365591397849462 0.38575525812619504 0.07741935483870968 0.18833652007648183
0 0.835972067732009 0.32850278333026567 0.1010786948132153 0.1715257473391231
0 0.7081268696292161 0.30234278002623416 0.1041918536213065 0.1660233393710415
0 0.6154719779798602 0.2860790032597872 0.08243046197742278 0.178766530594616
0 0.5102313272444935 0.3554555632576393 0.1107253941552999 0.19800060098978747
0 0.4282258064516129 0.42638623326959846 0.07473118279569893 0.10707456978967496
0 0.49112903225806454 0.4502868068833652 0.06720430107526881 0.05927342256214149
0 0.5510752688172043 0.4665391969407266 0.043010752688172046 0.02676864244741874
0 0.42751412995451876 0.2283726614957819 0.08066053269183421 0.1433157717465005
0 0.3774193548387097 0.22896749521988527 0.054838709677419356 0.14818355640535372
0 0.5045707945526593 0.21800251146663 0.0873937647038644 0.15812357531320492
0 0.5187882314717303 0.1332013327972704 0.09565114310918053 0.11385273106712002
0 0.5231182795698924 0.05592734225621415 0.07096774193548387 0.1118546845124283
0 0.6 0.08460803059273422 0.07096774193548387 0.16921606118546845
0 0.5685483870967742 0.014818355640535373 0.057526881720430106 0.029636711281070746
0 0.5161290322580645 0.026290630975143402 0.08494623655913978 0.052581261950286805
0 0.3790322580645161 0.10803059273422562 0.05806451612903226 0.15678776290630975
0 0.3736559139784946 0.31118546845124284 0.047311827956989246 0.15009560229445507
0 0.9897849462365591 0.2280114722753346 0.02043010752688172 0.1367112810707457
0 0.904089483965818 0.19192705254659448 0.07571600457264599 0.16491474997246203
0 0.7404011392555906 0.17745924885710945 0.10489163029343823 0.1469807903797686
0 0.747031956031594 0.07645356048136324 0.0685134073792753 0.12620637279199087
0 0.8181473367232331 0.10624529952444374 0.08506742640242014 0.12167783857066852
0 0.8733274039320944 0.13336211781049762 0.073927300679804 0.12850796817979587
0 0.8563936216639976 0.06613617082136557 0.08077829653910362 0.09463651147415711
0 0.8478494623655914 0.03107074569789675 0.0978494623655914 0.0621414913957935
0 0.7293010752688172 0.014818355640535373 0.07043010752688172 0.029636711281070746
0 0.6876344086021505 0.039674952198852774 0.06774193548387097 0.07934990439770555
0 0.6478494623655914 0.015296367112810707 0.08709677419354839 0.030592734225621414
0 0.9669354838709677 0.039674952198852774 0.06612903225806452 0.07934990439770555
0 0.9169354838709678 0.061663479923518165 0.06505376344086021 0.12332695984703633
0 0.9562144177912199 0.15942877912277795 0.07339649547295501 0.15615472367202454
0 0.96082014648084 0.07867486985701239 0.0655436162274601 0.11167125387437891
0 0.04805261402504305 0.8246251391454369 0.06553167082195967 0.1384009413719274
0 0.02661290322580645 0.6735181644359465 0.0532258064516129 0.0965583173996176
0 0.3002688172043011 0.9751434034416826 0.06612903225806452 0.0497131931166348
0 0.231117986653078 0.8525283977550592 0.042249535990531856 0.07370627408689792
0 0.2733504496392272 0.8509044686070608 0.04821983830691655 0.07700284736912384
0 0.14501284064796074 0.7448386395333079 0.06770609926736915 0.08509738617631211
0 0.25593194218341275 0.7727037352305314 0.03830517825953374 0.09155907043439772
0 0.3266615869273498 0.7417295848698389 0.03249701820667851 0.06918099321102845
0 0.3023101673766026 0.8176912006662936 0.04540707321488328 0.0978016224500166
0 0.005376344086021506 0.5697896749521989 0.010752688172043012 0.08604206500956023
0 0.11848271015679011 0.6687341747214006 0.038154981401504466 0.08391088687799236
0 0.31252861295065093 0.5292571348076416 0.04260625352835094 0.09187071003336064
0 0.3341397849462366 0.5372848948374761 0.031720430107526884 0.0745697896749522
0 0.3448924731182796 0.5683556405353728 0.01021505376344086 0.05449330783938815
0 0.864516129032258 0.9765774378585086 0.08172043010752689 0.04684512428298279
0 0.9740741285174946 0.8562096831155925 0.05021506287954859 0.12392588155184758
0 0.9147431828978454 0.8370526879849071 0.04466291812649131 0.08724641511008875
0 0.8833146043066179 0.7445489387172612 0.059366793231285596 0.09785842820209564
0 0.9539111251969086 0.7753356556547629 0.060029020688910265 0.07690383332172164
0 0.9806451612903225 0.5750478011472275 0.03870967741935484 0.06596558317399617
0 0.8083333333333333 0.5052581261950286 0.0478494623655914 0.05066921606118547
0 0.7744623655913978 0.49665391969407263 0.037096774193548385 0.033460803059273424
0 0.8541901748087046 0.6734193633774593 0.05584059306361464 0.08232833139006251
0 0.6727718400201068 0.6334294756364075 0.07497696568800155 0.09994414469288701
0 0.6657655197038963 0.5645268391301229 0.07645844666303282 0.09336884893064352
0 0.7648890972608606 0.649732207352725 0.06936338090943595 0.11481200735712359
0 0.7842558813760385 0.6215222317601024 0.053652506214698845 0.08026046570147972
0 0.8009660699599628 0.6088228755045776 0.03956136394752135 0.073511499337546
0 0.8247474334864824 0.6272048170207803 0.047426188598516696 0.09126528163764337
0 0.9610215053763441 0.4904397705544933 0.04139784946236559 0.021032504780114723
0 0.9954301075268818 0.5181644359464627 0.00913978494623656 0.055449330783938815
0 0.4865642901740974 0.5688946309360011 0.045888383801724636 0.09497250856623485
0 0.5637096774193548 0.5162523900573613 0.044623655913978495 0.07265774378585087
0 0.6368279569892473 0.5119502868068834 0.06182795698924731 0.06405353728489484
0 0.35994623655913977 0.6472275334608031 0.01989247311827957 0.09177820267686425
0 0.3706989247311828 0.5731357552581262 0.04139784946236559 0.09273422562141491
0 0.41731954100606805 0.6069415660061478 0.06544974319119187 0.10689113915162568
0 0.41397340121017745 0.532508118655742 0.05248336436122631 0.07540244107898564
0 0.410752688172043 0.49569789674952197 0.05268817204301075 0.03154875717017208
0 0.37473118279569895 0.5023900573613767 0.04946236559139785 0.044933078393881457
0 0.3655913978494624 0.5310707456978967 0.03118279569892473 0.06978967495219886