0 0.35494223363286265 0.5365296803652968 0.0821566110397946 0.06621004566210045
0 0.3471225804659326 0.447855172804821 0.044082596975533656 0.13401325619537088
0 0.5 0.23573059360730594 0.03979460847240052 0.10159817351598173
0 0.5073812580231065 0.14897260273972604 0.02503209242618742 0.10388127853881278
0 0.4699401263684626 0.18175313209239924 0.05365057818415063 0.11584803638619774
0 0.46824049780849003 0.11270912922645507 0.05479611110905062 0.0736238761802868
0 0.4060521401489319 0.09166384325803344 0.04654170027173565 0.10093479879724751
0 0.3875876856102258 0.14436453749275055 0.0452804082170924 0.1077708311492773
0 0.3589320721665326 0.17319889071944863 0.0486278149584306 0.15004148086281005
0 0.3261919822381254 0.27342012405900723 0.04595213006464543 0.11690989259883311
0 0.297616867321183 0.1795409029876521 0.07169328599314158 0.13772349213357987
0 0.2555664536019741 0.18282979323036627 0.042776494935183616 0.1271506584104145
0 0.20264755788201172 0.17310373268174042 0.05819579616704742 0.13187626105363692
0 0.46649419218007276 0.057934532753204836 0.05221004618667933 0.06788954819028245
0 0.25627573107330875 0.06410501136403585 0.07861545563177742 0.0955591041517541
0 0.06487540038030214 0.39997828366877125 0.06654729530672779 0.13424570373348
0 0.07839385605456357 0.19151212317080427 0.0631998885653893 0.0919750540199471
0 0.03401797175866496 0.2614155251141553 0.06803594351732992 0.0867579908675799
0 0.1562853115221298 0.12107381562842338 0.07541368134398667 0.09780900238342656
0 0.13735558408215662 0.028538812785388126 0.0821566110397946 0.05707762557077625
0 0.7974967907573812 0.5353881278538812 0.08536585365853659 0.0684931506849315
0 0.6700898587933247 0.5353881278538812 0.06675224646983312 0.0684931506849315
0 0.7397304236200257 0.523972602739726 0.07124518613607189 0.091324200913242
0 0.5426829268292683 0.5251141552511416 0.045571245186136075 0.08904109589041095
0 0.5401155327342747 0.4417808219178082 0.04043645699614891 0.0776255707762557
0 0.6580691727743287 0.4203587770004282 0.05943841739431281 0.11933246614452962
0 0.6840416329932854 0.4269391170605381 0.05236688113665369 0.11583475366973452
0 0.6398623756534377 0.39429234794747403 0.06453586392954412 0.1079700718962278
0 0.5426829268292683 0.06963470319634703 0.045571245186136075 0.0730593607305936
0 0.5547151846442485 0.23022463137186053 0.05419160424005823 0.0850327599362103
0 0.5738418116477928 0.2694089522687456 0.04391455952913271 0.08264339318167233
0 0.7413383511568207 0.1774962300475654 0.06316254691063344 0.08055952890579185
0 0.6939498511982313 0.1448826677256598 0.05476623778524614 0.0644914560889626
0 0.6977040680073824 0.07635298957045404 0.05677393499695412 0.08962553541479919
0 0.9487135178614496 0.05948681210917146 0.03746993513331978 0.07458611201944682
0 0.9557124518613607 0.0228310502283105 0.05006418485237484 0.045662100456621
0 0.9030808729139923 0.0228310502283105 0.051347881899871634 0.045662100456621
0 0.9105627394359137 0.047895671554093654 0.05222124868310595 0.07131420572452897
0 0.9784980744544287 0.1695205479452055 0.04300385109114249 0.07876712328767123
0 0.8585165685921085 0.2618972998473316 0.058076302871828765 0.09534658068834018
0 0.8629555768279771 0.18023312645261558 0.05482971859833108 0.08389784878302653
0 0.8060623625048302 0.20821814693009225 0.059352531588374474 0.09307675838197248
0 0.815182243856377 0.36336966810912835 0.07662269508197189 0.07499123487157955
0 0.7711019419016325 0.300471757443553 0.05554625043159104 0.10673554036956864
0 0.7550200402668787 0.4096527355604119 0.08064182367086332 0.12640094603466825
0 0.5772914800016582 0.39208599909652453 0.0510719815927302 0.11239681341902445
0 0.01251604621309371 0.9343607305936074 0.02503209242618742 0.1312785388127854
0 0.17682926829268292 0.9417808219178082 0.11874197689345314 0.11643835616438356
0 0.443196405648267 0.9492009132420092 0.08279845956354301 0.10159817351598173
0 0.42700162317314283 0.8759510278543234 0.07948135408406067 0.16405889619491723
0 0.4820282413350449 0.9166666666666666 0.07573812580231065 0.1415525114155251
0 0.09680043102839804 0.8702355865732008 0.10118097643081206 0.1266134694980821
0 0.03048780487804878 0.8801369863013698 0.06097560975609756 0.1324200913242009
0 0.06291710319587977 0.7313214928459019 0.11021913407994768 0.14268818367314312
0 0.037869062901155326 0.8047945205479452 0.07573812580231065 0.1004566210045662
0 0.08781311255123424 0.6745589512389135 0.08315693944919882 0.11044577630777774
0 0.036585365853658534 0.5856164383561644 0.07317073170731707 0.0319634703196347
0 0.05717428794045021 0.6229370971646279 0.09653120181459886 0.07862177451100838
0 0.21346418950415869 0.7194901217378321 0.07624223814151405 0.1548932693124347
0 0.2950368315850764 0.7009526053154677 0.1064613970743468 0.17118714830914103
0 0.30358437441222474 0.6386516557863096 0.09092260254726435 0.1299318653006218
0 0.3045571245186136 0.603310502283105 0.09178433889602054 0.06735159817351598
0 0.1709026230528468 0.6828313154392346 0.08848963840939174 0.17100119027865401
0 0.14634146341463414 0.6118721461187214 0.07702182284980745 0.08447488584474885
0 0.5051347881899871 0.7111872146118722 0.029525032092426188 0.10273972602739725
0 0.4987163029525032 0.6141552511415526 0.04236200256739409 0.08904109589041095
0 0.4961489088575096 0.636986301369863 0.04749679075738126 0.13470319634703196
0 0.4611681643132221 0.6484018264840182 0.06354300385109114 0.15753424657534246
0 0.4178433889602054 0.6278538812785388 0.07188703465982028 0.11643835616438356
0 0.39505776636713735 0.5907534246575342 0.06354300385109114 0.04223744292237443
0 0.37123591285459556 0.6573573851869308 0.07174929847527543 0.15484677980481287
0 0.9292350234270975 0.8588232778473235 0.06015121506209738 0.1410286052196562
0 0.8943441128232498 0.7336177762943583 0.051049576599876585 0.1055474983505313
0 0.5375481386392811 0.8767123287671232 0.03530166880616174 0.14840182648401826
0 0.6215974849986496 0.8226242474755805 0.06781978985779781 0.13083432891569663
0 0.6657452159009803 0.7668040176330572 0.06470016721046971 0.15819838239851092
0 0.7403193519200386 0.6313337444102657 0.05040772807612819 0.10554085699229968
0 0.6928754813863928 0.6067351598173516 0.07381258023106547 0.07420091324200913
0 0.5864304601186345 0.6837234364647448 0.06848030920892406 0.13654873283100602
0 0.5433247753530167 0.6934931506849316 0.04685494223363286 0.14269406392694065
0 0.7463233447897331 0.7579796595950721 0.05809497369920677 0.10105434324541773
0 0.8009366957595061 0.6421216611715267 0.06062502613944435 0.0896653835641892
0 0.8976251604621309 0.617579908675799 0.04813863928112965 0.0958904109589041
0 0.7140564826700898 0.5787671232876712 0.05840821566110398 0.0182648401826484
0 0.8446402749392685 0.6239759848848315 0.058718151395577164 0.09535322204657184
0 0.8533376123234917 0.5981735159817352 0.04813863928112965 0.05707762557077625
0 0.7074002360178291 0.68817930299515 0.07919008917696534 0.07501780030450626
0 0.706595951295893 0.7378434785999571 0.04911656269768032 0.10324446925300527
0 0.752947209128374 0.6951278578849014 0.051023437441547505 0.09755663077062263