0 0.034782608695652174 0.21324951644100582 0.06956521739130435 0.0725338491295938
0 0.01548913043478261 0.05125725338491296 0.03097826086956522 0.10251450676982592
0 0.12172685346217779 0.13128592370735734 0.10480068823337858 0.19322160090966042
0 0.15842391304347825 0.06286266924564797 0.08097826086956522 0.12572533849129594
0 0.21766304347826088 0.061895551257253385 0.07880434782608696 0.12379110251450677
0 0.25516304347826085 0.017891682785299807 0.07989130434782608 0.035783365570599614
0 0.2326086956521739 0.2059961315280464 0.08695652173913043 0.08704061895551257
0 0.27309782608695654 0.1997098646034816 0.0625 0.09961315280464217
0 0.10815217391304348 0.02562862669245648 0.06304347826086956 0.05125725338491296
0 0.06657608695652174 0.02321083172147002 0.08315217391304348 0.04642166344294004
0 0.5162322036618803 0.11214276310761526 0.08424934367142875 0.07779699787674546
0 0.8921694375981614 0.18999098312832838 0.10088631211367358 0.040563526381429196
0 0.9355978260869565 0.059961315280464215 0.09184782608695652 0.11992263056092843
0 0.8904891304347826 0.03433268858800774 0.08206521739130435 0.06866537717601548
0 0.16906523702523002 0.8413723014018256 0.09251205302515102 0.13186789306712443
0 0.017119565217391303 0.6252417794970987 0.034239130434782605 0.109284332688588
0 0.010326086956521738 0.5541586073500967 0.020652173913043477 0.07543520309477757
0 0.18447103091275432 0.5359972968669674 0.06448348187205892 0.10209151642764981
0 0.1333787141991618 0.526518253874619 0.062119644804221996 0.09599567322105662
0 0.34974713075395947 0.6441772327488314 0.07473018024490072 0.15065283896388718
0 0.4046195652173913 0.6334622823984526 0.029891304347826088 0.12959381044487428
0 0.4008152173913043 0.9245647969052224 0.0375 0.11992263056092843
0 0.4008152173913043 0.4724371373307544 0.0375 0.11508704061895551
0 0.35572897680066556 0.3126317581067995 0.05454796334796139 0.07956909575900986
0 0.36820652173913043 0.27079303675048355 0.049456521739130434 0.0425531914893617
0 0.25699296401419053 0.3784208501758748 0.05589351209403197 0.07108488532062782
0 0.05652173913043478 0.27321083172147004 0.05434782608695652 0.047388781431334626
0 0.021467391304347827 0.4941972920696325 0.042934782608695654 0.09090909090909091
0 0.019021739130434784 0.42504835589941975 0.03804347826086957 0.08220502901353965
0 0.07484593151680999 0.39720486353893525 0.06324361552187431 0.08074163686391254
0 0.41032608695652173 0.2867504835589942 0.01847826086956522 0.06479690522243714
0 0.39945652173913043 0.2746615087040619 0.04021739130434782 0.05029013539651837
0 0.4013586956521739 0.3065764023210832 0.03641304347826087 0.07156673114119923
0 0.370062482513736 0.2962562508949421 0.04799993040532019 0.061354849958286765
0 0.09366217319438658 0.45051292174167734 0.037789739081330626 0.09656637331709624
0 0.7536720828967483 0.8750423707469006 0.0706307331456297 0.07499778441194035
0 0.6757206181655625 0.5124492642073646 0.05779275233761857 0.12911196462430286
0 0.4903280359579339 0.4320159716002625 0.06622981228719992 0.13891528380570042
0 0.4669104825873922 0.33744440291197664 0.05862647682687932 0.12152158835525903
0 0.7872875857663904 0.674569669155782 0.06500551936551495 0.16763568818131228
0 0.8988170320242442 0.7221160202186387 0.059291210912134504 0.1418310661115453
0 0.8658440617518525 0.6880481812834096 0.06639880269120547 0.11101542978037034
0 0.8050273377324043 0.711173014018788 0.05853151481470011 0.11862023439007528
0 0.8329349066346412 0.751219556261695 0.06028320542169443 0.13907627978447437
0 0.9000788462889031 0.8654104784798111 0.05257469471254843 0.05234322444584861
0 0.9255796965884757 0.7806110880600994 0.04335113770626534 0.10116768346123856
0 0.8659358365210444 0.5777895164360963 0.07474090062860786 0.11791739499658416
0 0.7098014785800464 0.5126679735487831 0.059897997181123784 0.14383858590739088
0 0.7641074374262969 0.5727447155545367 0.06393464341933602 0.11838595459224491
0 0.7718237348496928 0.46097651824623637 0.06033094000131462 0.09094023182191444
0 0.8098355591065025 0.4568137689006818 0.050896525350319785 0.10025942095123928
0 0.8604898263815812 0.4466134607690539 0.059655485532352295 0.10336619803293119
0 0.8944674309225753 0.37559521615502717 0.061961374783923315 0.0911600832790837
0 0.9434782608695652 0.2683752417794971 0.04673913043478261 0.037717601547388784
0 0.8116847826086957 0.261605415860735 0.04619565217391304 0.024177949709864602
0 0.6808013393906865 0.4068135520151856 0.0498675166448468 0.11841481127356723
0 0.6955646006809604 0.33597908800667525 0.04869095830278154 0.09899916768661912
0 0.7287299215001072 0.32284135505821077 0.05227372810045035 0.09274232850125187
0 0.7276458986478249 0.3807585086333012 0.04419022238737991 0.07720958520854333
0 0.7165206748755593 0.4313639928749123 0.0632699093340806 0.09807647683595863
0 0.8501535261884133 0.5144438592541265 0.05169859583552105 0.09170192669380087
0 0.9247781332503353 0.8712270436929646 0.0443645729832388 0.03294200919956161
0 0.8644021739130435 0.27949709864603484 0.05380434782608696 0.059961315280464215
0 0.8828804347826087 0.2751450676982592 0.03858695652173913 0.05125725338491296
0 0.9676630434782608 0.2775628626692456 0.050543478260869565 0.05609284332688588
0 0.8926687664565518 0.4966753884223218 0.059718793540472014 0.10530043400972036
0 0.5863490839624574 0.32519043467314324 0.04175235692771638 0.1019149499924641
0 0.9481298428774538 0.4718655989065212 0.039356865855819725 0.09485198879747632
0 0.9294903783181329 0.42142225275943473 0.0690582461792874 0.09307989091521177
0 0.9242326264012228 0.47460652795080627 0.036866412771743864 0.08488767363730469
0 0.9394598330080635 0.8442132386087666 0.036069702478396165 0.07707744591109149