0 0.41823687752355315 0.5472488038277512 0.02220726783310902 0.14952153110047847
0 0.08514150805853105 0.5555964224217049 0.06472939050163012 0.11898908677294072
0 0.01648721399730821 0.5795454545454546 0.03297442799461642 0.056220095693779906
0 0.0265814266487214 0.39174641148325356 0.0531628532974428 0.13995215311004786
0 0.03621465962060683 0.31458429440606345 0.06127067478821599 0.11146370778089551
0 0.10748472491079678 0.28630119001840404 0.059361473448033567 0.1196279062229887
0 0.0726486473151336 0.22659652312355844 0.05569913838157622 0.09655228799649361
0 0.03527656596416901 0.23225741653813273 0.04353909411840889 0.09170972745288154
0 0.0050471063257065945 0.24043062200956938 0.010094212651413189 0.09569377990430622
0 0.04444862931513363 0.12200646112437094 0.055918420761776645 0.11329869947974719
0 0.09025576775417951 0.13936331438789507 0.048375030906325736 0.10176678914222347
0 0.18463902449310574 0.2705489584689864 0.05778119567815171 0.15291172188996244
0 0.23289573870925645 0.2548020675908718 0.062241219814296485 0.13426064960801248
0 0.1689041984570059 0.1634738458738723 0.06574636195151791 0.09400880774774925
0 0.1335518036228202 0.09187712559083296 0.06414985849681477 0.07473071356719908
0 0.1355152629003886 0.14722045876083295 0.05618412956578443 0.08226789011069206
0 0.19212173154175244 0.0840216555311576 0.060582064250964636 0.11019786643224701
0 0.2018842530282638 0.017942583732057416 0.05787348586810229 0.03588516746411483
0 0.23788694481830416 0.03827751196172249 0.07469717362045761 0.07655502392344497
0 0.42328398384925975 0.3349282296650718 0.012113055181695828 0.13636363636363635
0 0.0050471063257065945 0.08971291866028708 0.010094212651413189 0.0861244019138756
0 0.24670823233750538 0.12376333479845583 0.054556300056766864 0.06059745143253438
0 0.308258872312726 0.170548608134612 0.06631023092917619 0.1370710087046872
0 0.37402760348965125 0.17747701721109727 0.07253905181875289 0.15085592534012937
0 0.905114401076716 0.6016746411483254 0.06864064602960969 0.07655502392344497
0 0.8115746971736204 0.5807416267942583 0.06594885598923284 0.11842105263157894
0 0.7990957657906681 0.42416239429718156 0.06868876042640962 0.11342624012798848
0 0.7168160447468668 0.44641800533945186 0.06569993552771054 0.14178602860005785
0 0.8792696536683263 0.4857433443209459 0.07402535142569167 0.11039507618033283
0 0.9831763122476447 0.4922248803827751 0.033647375504710635 0.13995215311004786
0 0.8793994591468969 0.06524806554075437 0.04834370485201137 0.09937444464461584
0 0.8066581946192612 0.10323988611853337 0.045745892974577526 0.10627280173806092
0 0.8253701211305519 0.017344497607655503 0.059892328398384924 0.034688995215311005
0 0.558262529587543 0.10924577640580473 0.04266252725527146 0.07608981911858725
0 0.5296158339847316 0.0644294922968864 0.04820273760759688 0.08860889440538139
0 0.4880807633559443 0.08007777830095812 0.0473418337716166 0.07418515831989096
0 0.6161357341268131 0.1289371026185397 0.0608321100278152 0.07797088481438819
0 0.7247071158169283 0.1260587487352833 0.047467137988873954 0.08375453631032158
0 0.7647553241811125 0.12131535117013496 0.042787831472528896 0.08565919710901787
0 0.6715285994923283 0.13275877987180087 0.056763098912935496 0.07516052571771363
0 0.83020882551307 0.33194728681821717 0.04831237879769709 0.09698210014700814
0 0.884795607637655 0.34600609728615533 0.06026880370782121 0.08627442145617045
0 0.7896994018342455 0.2949291593249982 0.05261577266227016 0.06636930537702007
0 0.6067729011616417 0.5103708130115479 0.058187871726574 0.1326464627601419
0 0.5498618474772092 0.5198463686948178 0.057061259086586 0.14925353604370642
0 0.5858035751316134 0.36680654805219326 0.04457229125311803 0.1192913582752141
0 0.5430551825558095 0.42379244573984143 0.05341402438962165 0.07600835246729508
0 0.5421252017417824 0.31518461294814876 0.05041009912142965 0.15453770628928082
0 0.5805072670155524 0.2580534782850877 0.04377403952576646 0.10965231118493896
0 0.5045094994833854 0.41643478261726263 0.04771774642338866 0.10289329229118276
0 0.50328163982454 0.3562370913522027 0.03546372399727834 0.09087369825474773
0 0.46051031536566445 0.3636515098143366 0.05272597651003444 0.12610824871736692
0 0.44952893674293404 0.01674641148325359 0.040376850605652756 0.03349282296650718
0 0.3082099596231494 0.9001196172248804 0.0955585464333782 0.19976076555023922
0 0.21904441453566623 0.9114832535885168 0.07335127860026917 0.17703349282296652
0 0.18460516647930278 0.87876037971973 0.07261792961220297 0.20820252418286872
0 0.14307877135059033 0.8167619732013195 0.09069353422180355 0.20290655638584656
0 0.07220755059524411 0.8659084228432015 0.10275960032202788 0.2005720834366358
0 0.020188425302826378 0.8905502392344498 0.040376850605652756 0.2069377990430622
0 0.392328398384926 0.6764354066985646 0.0740242261103634 0.0729665071770335
0 0.39737550471063254 0.7619617224880383 0.0639300134589502 0.14354066985645933
0 0.33310901749663524 0.7350478468899522 0.11036339165545088 0.1901913875598086
0 0.22540632546235945 0.7138692390145576 0.0910056694496187 0.12409852616448298
0 0.25394309854623864 0.7927415976644627 0.10967646909119201 0.16425710382200656
0 0.23620457604306863 0.659688995215311 0.06998654104979811 0.039473684210526314
0 0.16049798115746972 0.6836124401913876 0.07873485868102288 0.08732057416267942
0 0.0797442799461642 0.72188995215311 0.08277254374158816 0.1638755980861244
0 0.03936742934051144 0.6985645933014354 0.07873485868102288 0.11722488038277512
0 0.10026917900403769 0.6566985645933014 0.08613728129205922 0.03349282296650718
0 0.2890309555854643 0.6901913875598086 0.08142664872139974 0.10047846889952153
0 0.9018830348921935 0.9126245851839341 0.08347850527898923 0.1651285256744834
0 0.8552485693021383 0.7018361731134123 0.05648172708177064 0.1049951628379648
0 0.9158440459496034 0.7959050848272418 0.09088036523236143 0.11452914817405237
0 0.9831763122476447 0.8618421052631579 0.033647375504710635 0.12799043062200957
0 0.9764468371467026 0.777511961722488 0.047106325706594884 0.09569377990430622
0 0.9761103633916555 0.7135167464114832 0.0477792732166891 0.08492822966507177
0 0.9619784656796769 0.6584928229665071 0.07604306864064603 0.03708133971291866
0 0.7648302633709134 0.7810782399477517 0.08433884645730529 0.12818652416125353
0 0.7326221983916701 0.8286110608461837 0.061944184955974264 0.16289911447945982
0 0.6672274562584118 0.6895933014354066 0.06527590847913863 0.09928229665071771
0 0.6691777387745922 0.7981482856184906 0.07070760295669211 0.11363524742752193
0 0.6758518306228201 0.8530039350895793 0.08244530814428008 0.13754689485215071
0 0.6460066321136531 0.9253776968135138 0.07446391618609254 0.14388789914684014
0 0.5588829071332436 0.9366028708133971 0.09353970390309556 0.12679425837320574
0 0.5557234312150887 0.8146722179375003 0.060895324794108065 0.13412131140832356
0 0.6064610472626587 0.7634292384201394 0.058625873829310636 0.11477354812792886
0 0.6376278022647821 0.7697590032678018 0.057279978809122285 0.11463420992824008
0 0.44313593539703905 0.9700956937799043 0.02759084791386272 0.05980861244019139
0 0.47106325706594887 0.9671052631578947 0.052489905787348586 0.06578947368421052
0 0.4478465679676985 0.9383971291866029 0.0370121130551817 0.09210526315789473
0 0.4637094658156569 0.8361437725543098 0.050628818843965945 0.11991838017381433
0 0.4411170928667564 0.6842105263157895 0.023553162853297442 0.08373205741626795
0 0.4706439669138027 0.691482498324615 0.04086296710518922 0.09262722330230738
0 0.506982569801226 0.7390861045317333 0.05217777055953344 0.08424222000923282
0 0.5453486907190068 0.7088340109168362 0.06796882383484376 0.10976805428173246