0 0.04673776662484316 0.04241071428571429 0.045796737766624844 0.08482142857142858
0 0.09473023839397741 0.01171875 0.060225846925972396 0.0234375
0 0.14052697616060225 0.037388392857142856 0.06273525721455459 0.07477678571428571
0 0.1684124568310016 0.057694619610316335 0.07416830252993145 0.0809850758774441
0 0.14851010002234344 0.09936917221771191 0.06565424669918929 0.07207315501164453
0 0.1887951047293062 0.10873024112879406 0.07290076891552308 0.09412422051280903
0 0.25753521456328654 0.22018752892098967 0.0656669716306735 0.11311408536129518
0 0.2824630132614336 0.2959798236762297 0.084641179820547 0.11899942472193155
0 0.30834378920953576 0.37611607142857145 0.06963613550815559 0.08705357142857142
0 0.35915934755332496 0.33426339285714285 0.02070263488080301 0.10379464285714286
0 0.20890840652446674 0.029017857142857144 0.03889585947302384 0.05803571428571429
0 0.22159020867292442 0.07497006893098668 0.04295430494816116 0.08010474837162183
0 0.22219852561716016 0.16489006448543148 0.04481080926299643 0.0526258168364898
0 0.14806229426252174 0.2604557014118499 0.04926621254133527 0.09537481446552702
0 0.2780391116959064 0.06910401617706466 0.03761539384986537 0.08604003942057378
0 0.30410621107660646 0.051281492467436775 0.057370585637391565 0.09535816390275505
0 0.349435382685069 0.033482142857142856 0.04015056461731493 0.06696428571428571
0 0.3462986198243413 0.18973214285714285 0.04642409033877039 0.07589285714285714
0 0.3497490589711418 0.24720982142857142 0.039523212045169384 0.09486607142857142
0 0.44228356336260977 0.36104910714285715 0.08657465495608532 0.1171875
0 0.49430365189518416 0.27160545437223604 0.09346249770230317 0.13460777415915967
0 0.7222885837545628 0.24169852729261138 0.07325913776974008 0.15628593716948608
0 0.776348808030113 0.37220982142857145 0.08971141781681305 0.09486607142857142
0 0.8023839397741531 0.35267857142857145 0.0740276035131744 0.13392857142857142
0 0.8326450118752846 0.25096035183804766 0.07909742735490842 0.12047043005659777
0 0.9137390213299874 0.36439732142857145 0.08845671267252196 0.11049107142857142
0 0.9573400250941029 0.40066964285714285 0.08531994981179424 0.03794642857142857
0 0.9702007528230866 0.3638392857142857 0.05959849435382685 0.11160714285714286
0 0.9587298950984727 0.17194298684635242 0.077740301526946 0.11806914552779345
0 0.9423741909624938 0.3151633888909761 0.06834284141487983 0.10349229668330599
0 0.7650765327457326 0.21714627388601113 0.07007116456717653 0.154747011561761
0 0.5834899307462571 0.17133080351641114 0.06067370445511064 0.14017016271727364
0 0.5475962905056803 0.10753594711282119 0.0690341292603454 0.14573386929735882
0 0.9479297365119197 0.04017857142857143 0.05144291091593475 0.08035714285714286
0 0.8269345410674394 0.10027339940714734 0.06770266037261727 0.11671601215450167
0 0.7876609147270733 0.05511347394594868 0.0658846414681336 0.10427008476855448
0 0.7060853199498118 0.04185267857142857 0.055834378920953574 0.08370535714285714
0 0.7427541507847807 0.1327214056276072 0.07648559638265491 0.11790000385613197
0 0.4368556812825577 0.05161887493834775 0.06626877080121768 0.08546601215450167
0 0.9771016311166876 0.015066964285714286 0.045796737766624844 0.030133928571428572
0 0.9458308890364034 0.23982856746240472 0.07199170769396476 0.11507586514817396
0 0.9745922208281054 0.3046875 0.05081555834378921 0.15178571428571427
0 0.7346298619824341 0.048549107142857144 0.05771643663739021 0.09709821428571429
0 0.9206398996235885 0.026227678571428572 0.045796737766624844 0.052455357142857144
0 0.6461290262042494 0.10622006893098668 0.04780666602970124 0.09074138707957984
0 0.8479573182386901 0.13735812806848222 0.07329762318009167 0.11636107824840687
0 0.039191535517516626 0.9153183660406025 0.0654493017932136 0.12195808595403587
0 0.015056461731493099 0.9274553571428571 0.030112923462986198 0.12053571428571429
0 0.01191969887076537 0.7008928571428571 0.02383939774153074 0.09375
0 0.021016311166875783 0.8270089285714286 0.04203262233375157 0.09375
0 0.048344995850773974 0.5094739106459986 0.07601187483601647 0.12116364730601552
0 0.13637930085712618 0.5718753252913382 0.0762423731435936 0.09901136040624843
0 0.03262233375156838 0.4447544642857143 0.04140526976160602 0.05022321428571429
0 0.06555834378920954 0.42354910714285715 0.039523212045169384 0.0078125
0 0.03884563274820147 0.799043835660983 0.056282339988724686 0.08522895020978132
0 0.03369206146549032 0.6293413835264531 0.05064899530953196 0.07115952638027855
0 0.006900878293601004 0.625 0.013801756587202008 0.08258928571428571
0 0.3253402956195752 0.5120022932899754 0.05894538130281393 0.08891544783881868
0 0.30068810195168133 0.6159231333898789 0.05552690979267344 0.10952880913086067
0 0.33401486263473124 0.7562957389043578 0.06762579309054717 0.14221651333998306
0 0.3096696721712691 0.7159556920745251 0.08667686856249078 0.12260135151513792
0 0.20294855708908408 0.9475446428571429 0.07214554579673776 0.10491071428571429
0 0.1786620783581625 0.8403514168764108 0.07374568778649564 0.13971400741257614
0 0.21061215989217524 0.7974935315783706 0.07558936363121375 0.1255433621844705
0 0.21783302516827466 0.750179026836445 0.0846027979488285 0.1045750669863337
0 0.2089475649359326 0.6962013946486346 0.07854694206483298 0.09488535803528565
0 0.35476787954830613 0.46316964285714285 0.029485570890840654 0.08258928571428571
0 0.35978670012547054 0.48939732142857145 0.01944792973651192 0.10825892857142858
0 0.251472892674916 0.5879521093805631 0.04227574203417995 0.07890410610721967
0 0.7631744040150564 0.9754464285714286 0.10100376411543287 0.049107142857142856
0 0.8824621756305437 0.8241795843488797 0.08430815729066551 0.19326878542123285
0 0.8434958113411919 0.7723232303162525 0.08394978843644865 0.13110706876455577
0 0.958594730238394 0.6964285714285714 0.08281053952321205 0.125
0 0.5656233144488593 0.6719777812820001 0.07861087733815286 0.13704235981350774
0 0.5022095978589564 0.7195779816349906 0.06491154143462226 0.13741394428237438
0 0.45364739809457083 0.7186463844188814 0.07387376541040133 0.11532957765566618
0 0.40546896527805415 0.5442669014585179 0.06740822679172026 0.09671129727604669
0 0.38111668757841904 0.7472098214285714 0.023212045169385194 0.11272321428571429
0 0.3760978670012547 0.6997767857142857 0.013174404015056462 0.09151785714285714
0 0.3917816813048933 0.6925223214285714 0.04454203262233375 0.10825892857142858
0 0.4170944376451885 0.676099170576064 0.05196763572714296 0.11348566983016196
0 0.6163042256257346 0.5648279168797281 0.06484750262266938 0.14960615916082937
0 0.6588617280786438 0.5452979849016993 0.0666655215271532 0.16205208654677655
0 0.8352247199029288 0.6224140659706006 0.07290066537689013 0.14847343716948608
0 0.8844719485856707 0.6565657682549746 0.07457788172598398 0.14426286396269258
0 0.9414649226636695 0.6182067878187348 0.07502604987102117 0.11326657647018479
0 0.9682936593982135 0.5218786953478688 0.06233809233408705 0.14926787581750642
0 0.9232331091224641 0.5202961663002572 0.06158276567666895 0.1192185180819086
0 0.8594479881309613 0.5072056553312368 0.06788184479972563 0.1477968704828402
0 0.8209106528201038 0.521662655181393 0.06826597413281 0.1289927978687874
0 0.8648055207026348 0.4458705357142857 0.0671267252195734 0.052455357142857144