0 0.376984126984127 0.022598870056497175 0.06402116402116402 0.04519774011299435
0 0.46247263502688407 0.062307648390089 0.06151677016880849 0.12324401790230456
0 0.2950300817662458 0.13016334262253748 0.0565175212892165 0.11650475652344036
0 0.29494805780144895 0.07360042335727102 0.05940747373227796 0.09402093868398406
0 0.2669312169312169 0.04849340866290019 0.05343915343915344 0.09698681732580038
0 0.23465608465608465 0.025894538606403013 0.059788359788359786 0.051789077212806026
0 0.3455268980896512 0.2797316188465741 0.0615033698574809 0.10819454056231237
0 0.2767195767195767 0.5254237288135594 0.08253968253968254 0.08851224105461393
0 0.025704106618541053 0.10011549832323886 0.04038036067585815 0.0793213838134683
0 0.06064169469043934 0.1007294665767815 0.043364926346628356 0.08881975982537156
0 0.08518518518518518 0.05273069679849341 0.04338624338624339 0.10546139359698682
0 0.04708994708994709 0.02919020715630885 0.056084656084656084 0.0583804143126177
0 0.018518518518518517 0.022598870056497175 0.037037037037037035 0.04519774011299435
0 0.6398034331182935 0.44064338370705924 0.06728246369518837 0.13659105241198657
0 0.667989417989418 0.5423728813559322 0.08412698412698413 0.054613935969868174
0 0.7203703703703703 0.5489642184557438 0.038624338624338624 0.04143126177024482
0 0.7238095238095238 0.269774011299435 0.031746031746031744 0.11016949152542373
0 0.6444067735336445 0.20983153299660962 0.053573967600844555 0.07879066500292749
0 0.6375615619094487 0.13514773716920114 0.06314508373850855 0.09507761048671232
0 0.5943819036540937 0.1059975508024344 0.06505804803975009 0.08949363709661154
0 0.6383749076458828 0.07578461319338134 0.04725866755416497 0.07953505221654454
0 0.6898443482227566 0.15421130260500315 0.05502564397803908 0.07507349475319554
0 0.7232804232804233 0.12476459510357815 0.0328042328042328 0.08945386064030132
0 0.6951278423096823 0.08838832977741848 0.039580009726543686 0.07177199109696351
0 0.5992063492063492 0.02871939736346516 0.051322751322751325 0.05743879472693032
0 0.5494708994708994 0.010357815442561206 0.06190476190476191 0.02071563088512241
0 0.7304232804232804 0.3159133709981168 0.018518518518518517 0.08945386064030132
0 0.17645502645502645 0.010828625235404897 0.05026455026455026 0.021657250470809793
0 0.7772486772486773 0.423728813559322 0.07513227513227513 0.11487758945386065
0 0.9801587301587301 0.2584745762711864 0.03968253968253968 0.10263653483992467
0 0.9912698412698413 0.08804143126177025 0.01746031746031746 0.06685499058380415
0 0.8109780159241868 0.2647349017967487 0.04923233878058844 0.10499165309211574
0 0.9857142857142858 0.1548964218455744 0.02857142857142857 0.046139359698681735
0 0.9400130686869745 0.17494731038474456 0.05558154512979479 0.10518888546418584
0 0.888534186162917 0.16297876390360963 0.060750325522020726 0.11663624477148705
0 0.7507936507936508 0.2735404896421846 0.022222222222222223 0.11770244821092278
0 0.7806690436713984 0.1723541140162008 0.05498463199564073 0.10328921026180514
0 0.7813057522153272 0.0884760087504974 0.06159879413360531 0.06681258688508514
0 0.049206349206349205 0.9858757062146892 0.061375661375661375 0.02824858757062147
0 0.07111721695231014 0.938596761558554 0.05196616002234391 0.09284921466421471
0 0.2253968253968254 0.9529190207156308 0.061375661375661375 0.09416195856873823
0 0.26649093740051233 0.9408951786569647 0.05533080070077997 0.08354807102438187
0 0.3001060827959319 0.6619655650875728 0.03894919028986286 0.06893069630889549
0 0.35236521580231267 0.6890411150172204 0.048574718721252436 0.07205140362406301
0 0.32546900189023054 0.6636961141615412 0.03888137768480933 0.06704745713752074
0 0.33341302103081805 0.7299299877642721 0.05857321648043667 0.08552992638179174
0 0.32755941443239345 0.7674550649282176 0.05687079567422732 0.06760628219171978
0 0.5546073956574302 0.7212470895298717 0.05275311066033085 0.08534913004072735
0 0.5793631486219751 0.7177740768360507 0.05073842745150903 0.0881082446737661
0 0.6366195997648437 0.8708516900130693 0.0481473370997322 0.07485982635011929
0 0.6568097801027729 0.8323579563077507 0.04877815653641303 0.07770112113818736
0 0.6489808801810931 0.7482168745459536 0.04685179192384403 0.06823561718829596
0 0.6593760005749987 0.7169602489680289 0.04635659769727027 0.06916080074297747
0 0.11202739232774934 0.6188874923528251 0.050501083333821674 0.08151690757395443
0 0.04437865946043048 0.7544162821889893 0.04876475622508556 0.06265164379819507
0 0.04360236734225098 0.7906850722689592 0.06306387082212743 0.07814489397534537
0 0.4216931216931217 0.9708097928436912 0.05396825396825397 0.0583804143126177
0 0.08967350325956383 0.6733394509218117 0.0474076930755995 0.09835100789928632
0 0.006349206349206349 0.85075329566855 0.012698412698412698 0.0800376647834275
0 0.014021164021164021 0.980225988700565 0.028042328042328042 0.03954802259887006
0 0.02275132275132275 0.9364406779661016 0.0455026455026455 0.0951035781544256
0 0.39543016036296774 0.7728627634623757 0.04818124340225897 0.07580144593580666
0 0.49261553172903927 0.8173593450152125 0.04848640012499985 0.08427602220699311
0 0.6047619047619047 0.963276836158192 0.04867724867724868 0.07344632768361582
0 0.5383184677311174 0.8352758404777539 0.060418368176624666 0.07806271382031614
0 0.3430054542080969 0.8018711049896478 0.039817353844230796 0.07836332819677519
0 0.03065514095792766 0.6795188179585046 0.043812813959347795 0.07190347934501033
0 0.25162831356970006 0.603427939192427 0.048066124183351204 0.05792710983875229
0 0.45435898749572745 0.6441331440227734 0.05729817729574755 0.06479785946566351
0 0.4793650793650794 0.9562146892655368 0.05714285714285714 0.08757062146892655
0 0.6351851851851852 0.9759887005649718 0.04814814814814815 0.0480225988700565
0 0.7000091333009112 0.8021203646521888 0.055717170339901846 0.10895536380693537
0 0.7309523809523809 0.8488700564971752 0.01746031746031746 0.06685499058380415
0 0.9181279787469158 0.921698230730403 0.05187784142609109 0.10507383324714475
0 0.7547619047619047 0.911487758945386 0.03015873015873016 0.08097928436911488
0 0.7801099952039149 0.8490670445360133 0.044837108715022146 0.07099473182133481
0 0.7473544973544973 0.7565913370998116 0.015343915343915344 0.0800376647834275
0 0.8138466513276335 0.8241915398519734 0.04105848672639327 0.09815377552721616
0 0.8974244344585257 0.8494119568539044 0.034940329863418274 0.06034106782066812
0 0.9862433862433863 0.7471751412429378 0.027513227513227514 0.09698681732580038
0 0.9703703703703703 0.7245762711864406 0.05925925925925926 0.09698681732580038
0 0.9584286517252891 0.6924666219056922 0.04946338826681991 0.06737617775763781
0 0.8447986267558064 0.7883887937464934 0.036432207174595506 0.10177232959091294
0 0.8695271735734885 0.7783162259373577 0.04280191951500109 0.08786170420867825
0 0.8909655924734516 0.7492879961819305 0.05287533555911032 0.07406613104348464
0 0.9148902355018833 0.7321204094181278 0.03114830756346186 0.07245063418655717
0 0.7974811830195638 0.7638234350756197 0.04872374424268715 0.09086735930680478
0 0.7574074074074074 0.7278719397363466 0.035449735449735446 0.060263653483992465
0 0.9791005291005291 0.596045197740113 0.0417989417989418 0.05273069679849341
0 0.8407407407407408 0.5889830508474576 0.04338624338624339 0.038606403013182675
0 0.7789815483954128 0.6303318881294412 0.03298005894832245 0.049933944285089335
0 0.7486772486772487 0.5969868173258004 0.01798941798941799 0.054613935969868174
0 0.7801587301587302 0.5833333333333334 0.03650793650793651 0.027306967984934087
0 0.8286389325302095 0.626689749307208 0.034804704653311334 0.056574589477918595
0 0.8151543802422255 0.6922579636542019 0.03648032483686563 0.04439927898800592
0 0.8073980623381589 0.7311379440881579 0.03253217133560298 0.06685022476545056
0 0.8076105365762953 0.6222658297242244 0.042829531186071974 0.044596511360076245
0 0.8076719576719577 0.5819209039548022 0.03333333333333333 0.02448210922787194