0 0.3695946164391155 0.048656702281722225 0.09484733533555238 0.04725576405122222
0 0.029535864978902954 0.310625 0.05907172995780591 0.13875
0 0.6364275668073136 0.02125 0.08016877637130802 0.0425
0 0.740506329113924 0.023125 0.0759493670886076 0.04625
0 0.8382559774964838 0.08125 0.09845288326300984 0.1625
0 0.90014064697609 0.065 0.0829817158931083 0.13
0 0.9725738396624473 0.111875 0.05485232067510549 0.11625
0 0.5277777777777778 0.088125 0.01617440225035162 0.09875
0 0.5886075949367089 0.0825 0.07454289732770746 0.165
0 0.5590717299578059 0.3325 0.06891701828410689 0.095
0 0.751030966522406 0.21228958208972515 0.0812662014662374 0.11822687565513519
0 0.8463431786216596 0.33 0.08227848101265822 0.1
0 0.8871308016877637 0.36125 0.06680731364275667 0.0375
0 0.9732770745428974 0.361875 0.053445850914205346 0.03625
0 0.9760900140646976 0.3125 0.04781997187060478 0.0825
0 0.9353023909985936 0.34 0.04922644163150492 0.08
0 0.9746835443037974 0.346875 0.05063291139240506 0.06625
0 0.9943741209563994 0.29 0.011251758087201125 0.0975
0 0.80764784274897 0.19623891883672342 0.04747000311428431 0.11223227360693613
0 0.9778481012658228 0.035625 0.04430379746835443 0.07125
0 0.4880450070323488 0.550625 0.06329113924050633 0.16375
0 0.2828295361770251 0.6210950600754079 0.09369182147290808 0.14821454721387226
0 0.21867793404500394 0.6025584749210285 0.08516362938230013 0.18476809249248505
0 0.4838255977496484 0.713125 0.07172995780590717 0.17875
0 0.48347398030942335 0.98375 0.07243319268635724 0.0325
0 0.04113924050632911 0.78375 0.08227848101265822 0.1275
0 0.2997867811148913 0.897690588460201 0.0742747767520861 0.11999883356176042
0 0.24719927910385137 0.7751732622365465 0.07346170630125413 0.15610322514308536
0 0.19651144992625535 0.7517699570595792 0.07933312988695192 0.1716856588177852
0 0.036617002137420904 0.9017482162726526 0.055205586799235165 0.11303311990964858
0 0.15822784810126583 0.98625 0.05485232067510549 0.0275
0 0.3838939094926117 0.8375314851620236 0.06290024639383646 0.11133396621236073
0 0.4256814670941999 0.823701933512935 0.058742223246660216 0.11464714095633582
0 0.07474891369278948 0.9175910456815453 0.0644499504709599 0.1202295746310358
0 0.5573136427566807 0.60375 0.07524613220815753 0.1925
0 0.8370852865595383 0.5928978390851902 0.12627864517120038 0.20899073663405887
0 0.9143851486296803 0.518260693693638 0.147245393969146 0.24610205870484578
0 0.9876933895921237 0.50125 0.02461322081575246 0.2325
0 0.9630801687763713 0.60125 0.07383966244725738 0.205
0 0.9859353023909986 0.70125 0.02812939521800281 0.1975
0 0.9746835443037974 0.9 0.05063291139240506 0.2
0 0.969760900140647 0.943125 0.06047819971870605 0.11375
0 0.9683544303797469 0.97375 0.06329113924050633 0.0525
0 0.9036568213783404 0.926875 0.11392405063291139 0.14625
0 0.8608126363868873 0.9077578116680268 0.10127664549712741 0.1826925893072472
0 0.8216490402340977 0.8473579717357906 0.0941344611222448 0.21814174300453487
0 0.7785917788374993 0.8742033170708732 0.10664945465412276 0.21070221877260933
0 0.7380450070323488 0.96125 0.1019690576652602 0.0775
0 0.6011488007890798 0.9128044605271658 0.11224193495188184 0.16635745665664672
0 0.56853293270693 0.8612212605836356 0.0854576233592549 0.15984089670182258
0 0.5439521800281294 0.920625 0.04852320675105485 0.15875
0 0.6107594936708861 0.961875 0.1019690576652602 0.07625