0 0.5153343815573574 0.14600449551331884 0.06493740712402082 0.10402915939581998
0 0.033515731874145006 0.40389294403892945 0.06703146374829001 0.170316301703163
0 0.07523939808481532 0.44099756690997566 0.11491108071135431 0.09610705596107055
0 0.2192202462380301 0.38990267639902676 0.11422708618331054 0.19829683698296838
0 0.26778385772913815 0.4318734793187348 0.10054719562243503 0.11435523114355231
0 0.3178833553328944 0.17297495434025825 0.08436842383019792 0.11031005870811536
0 0.43136407119250764 0.4040504578552359 0.0741363664582091 0.1406033639310031
0 0.4740082079343365 0.44586374695863745 0.08481532147742818 0.08637469586374696
0 0.49760601915184677 0.46897810218978103 0.10465116279069768 0.040145985401459854
0 0.5759233926128591 0.0851581508515815 0.027359781121751026 0.046228710462287104
0 0.43298985498891457 0.16752800128887077 0.08101827189193034 0.09689975296694278
0 0.45071776584700834 0.10897813236449 0.0723496789641223 0.10167392354170873
0 0.41277693673036614 0.07167574079397346 0.050071016177389724 0.09293162359772993
0 0.12696541324953148 0.3257304241932351 0.09355339644662494 0.16147572573744573
0 0.05005787611103579 0.3107186525187138 0.07987350588574928 0.16133417270068282
0 0.08686798238268524 0.32796928434401484 0.0700882332741368 0.1417774430321397
0 0.027701778385772913 0.2767639902676399 0.05540355677154583 0.17396593673965938
0 0.016073871409028728 0.23661800486618004 0.032147742818057455 0.17396593673965938
0 0.15509982034763786 0.27132875920794214 0.10846174754653952 0.1287988740530941
0 0.16180006778074577 0.21471695023121987 0.10477659170313067 0.10808929823892888
0 0.025991792065663474 0.043795620437956206 0.05198358413132695 0.08759124087591241
0 0.33470382283932915 0.05971594812762293 0.0665845661010596 0.11012603976032359
0 0.23994976995890602 0.12818260164911688 0.06698939070815246 0.10405039235133448
0 0.2188782489740082 0.023722627737226276 0.08344733242134063 0.04744525547445255
0 0.15253077975376197 0.040145985401459854 0.058823529411764705 0.08029197080291971
0 0.10533515731874145 0.05048661800486618 0.07250341997264022 0.10097323600973236
0 0.388418260480553 0.021465151210794946 0.049847793127483074 0.028483048560313667
0 0.366760934209075 0.11349477975115914 0.05506832709269594 0.11243880970340604
0 0.39227086183310533 0.4257907542579075 0.09233926128590972 0.12652068126520682
0 0.3594391244870041 0.4738442822384428 0.0704514363885089 0.030413625304136254
0 0.6238030095759234 0.3704379562043796 0.06839945280437756 0.19586374695863748
0 0.6606140753858344 0.31590373245208986 0.08919823279293343 0.12616760977729513
0 0.9637482900136799 0.2159367396593674 0.07250341997264022 0.13503649635036497
0 0.921152768123452 0.09858957840620772 0.06717076649162988 0.15269095988243805
0 0.8761969904240766 0.07846715328467153 0.06839945280437756 0.15693430656934307
0 0.6800378165159949 0.15337111442083473 0.07589519340362826 0.14913333431983752
0 0.6261969904240766 0.18856447688564476 0.073187414500684 0.1435523114355231
0 0.606703146374829 0.04927007299270073 0.03419972640218878 0.09854014598540146
0 0.6610807113543091 0.051094890510948905 0.0704514363885089 0.10218978102189781
0 0.7021203830369357 0.054136253041362534 0.07181942544459645 0.10827250608272507
0 0.15971272229822162 0.9519464720194647 0.11559507523939809 0.09610705596107055
0 0.057455540355677154 0.933698296836983 0.09575923392612859 0.13260340632603407
0 0.027359781121751026 0.9178832116788321 0.05471956224350205 0.16423357664233576
0 0.10345879791460423 0.857481320142783 0.10920146317191924 0.1896048917058521
0 0.10973318422055066 0.7431154725214736 0.12581280723306276 0.16424146539816942
0 0.04480164158686731 0.8083941605839416 0.08960328317373462 0.17153284671532848
0 0.13166274349752632 0.6674985851675858 0.10816859090782718 0.13730761148641402
0 0.3022778696385821 0.8602879035065446 0.12007555491866836 0.20309305161724436
0 0.2644486520468933 0.7907612244173199 0.0929252359027712 0.162685193097773
0 0.3387527462313817 0.7656730154273295 0.07899403596961274 0.1868603850006429
0 0.42305061559507523 0.9081508515815085 0.16073871409028728 0.18369829683698297
0 0.551983584131327 0.940389294403893 0.07523939808481532 0.1192214111922141
0 0.5714774281805746 0.9130170316301703 0.03625170998632011 0.14233576642335766
0 0.019151846785225718 0.708029197080292 0.038303693570451436 0.1386861313868613
0 0.02667578659370725 0.6094890510948905 0.0533515731874145 0.13138686131386862
0 0.06668946648426813 0.5723844282238443 0.09097127222982217 0.16666666666666666
0 0.022571819425444596 0.5267639902676399 0.04514363885088919 0.07542579075425791
0 0.18669627312610085 0.6079547117119433 0.09764337689712634 0.17610965414262178
0 0.26861516434109095 0.647841957269313 0.13449538687863208 0.1448758323292562
0 0.28161788440252183 0.5656296206483302 0.11849832953043526 0.12403885878200445
0 0.3880492493192703 0.7864423457301211 0.07279623795078953 0.17098867862778694
0 0.4413588623534014 0.7421159014043041 0.08185566876792932 0.17473032313817904
0 0.5461696306429549 0.7354014598540146 0.08686730506155951 0.13503649635036497
0 0.5567715458276333 0.6192214111922141 0.06566347469220246 0.09732360097323602
0 0.5232215244802113 0.5746813095131986 0.0783241410461843 0.112679449865903
0 0.6385866090845309 0.6747820777289111 0.06530027157783036 0.14172789946927267
0 0.6056771545827634 0.6472019464720195 0.032147742818057455 0.15328467153284672
0 0.6070451436388509 0.5632603406326034 0.03488372093023256 0.09975669099756691
0 0.78715311951736 0.7297872597383743 0.06813404382747897 0.09919836760634895
0 0.6951766662418324 0.6632528051686941 0.06433710712883552 0.13563809675660735
0 0.8397299538415649 0.7237713668180118 0.07004638600770771 0.12596943552582693
0 0.8269712111329737 0.6442575321652902 0.04887052907387288 0.09656710333055
0 0.8078681485296305 0.606152232663142 0.055193981778837255 0.10028043723358968
0 0.7848837209302325 0.5109489051094891 0.06224350205198358 0.043795620437956206
0 0.8881668946648427 0.975669099756691 0.08002735978112176 0.04866180048661801
0 0.9677070335048379 0.8847787508781465 0.05310015092827685 0.08445119677176269
0 0.9147253745735404 0.8847189963895201 0.05153668648409669 0.1099703314198843
0 0.8914973647252928 0.8247689690571799 0.053239679445325656 0.11728375679655342
0 0.9629049722039161 0.8106544369581119 0.0480190325932584 0.09291039064221544
0 0.9893980848153214 0.7931873479318735 0.021203830369357045 0.0827250608272506
0 0.9428864569083447 0.5048661800486618 0.052667578659370724 0.031630170316301706