0 0.0482312341332223 0.2374814863243981 0.07532920345914373 0.11406129141181558
0 0.29411457050917444 0.24071692319248683 0.06782898597900688 0.14685174800028342
0 0.37031424124635043 0.21060120424635198 0.07523391658772005 0.11082853279112592
0 0.4146004432939209 0.1814130595759375 0.0640973354712196 0.14335553974016874
0 0.3876436317594428 0.2820493724382283 0.08847196304962959 0.10856175618166156
0 0.5160808368085794 0.29297430567492555 0.052298900428840805 0.11239277702879026
0 0.23851281049395312 0.3344184551449612 0.052968485615850415 0.11459185771582074
0 0.20503654685348424 0.3368526380479327 0.060241212888577686 0.11511875699467077
0 0.16452061894475978 0.28964193271178573 0.06965232197127631 0.10612301350440208
0 0.042553934022380176 0.36827648564261667 0.05185680544924046 0.07687634047444143
0 0.09787878787878788 0.4816810344827586 0.04303030303030303 0.036637931034482756
0 0.056666666666666664 0.47252155172413796 0.058787878787878785 0.05495689655172414
0 0.2545454545454545 0.49084051724137934 0.059393939393939395 0.018318965517241378
0 0.24554432487810268 0.4461562751003437 0.06209631117132162 0.07546760870568622
0 0.013333333333333334 0.48814655172413796 0.02666666666666667 0.023706896551724137
0 0.02212121212121212 0.4369612068965517 0.04424242424242424 0.059267241379310345
0 0.5015151515151515 0.4574353448275862 0.05393939393939394 0.08512931034482758
0 0.7866666666666666 0.030711206896551723 0.09212121212121212 0.061422413793103446
0 0.8199450766007292 0.10310777068007643 0.06862562032791505 0.15336117351490033
0 0.7741080951169671 0.10248666156788569 0.06381147485694866 0.13365726387809984
0 0.9666666666666667 0.03125 0.05090909090909091 0.0625
0 0.910189736496898 0.15284136821480268 0.06493088628468975 0.11008209214608827
0 0.9423873586342781 0.25560356530395767 0.05902909167645648 0.11503094044819588
0 0.9017422230995864 0.06853808826204474 0.05067129235350628 0.11872656945045694
0 0.9696969696969697 0.109375 0.06060606060606061 0.10237068965517242
0 0.7571182327484925 0.1946660240433559 0.058452216273826706 0.13649484803965192
0 0.694029559311328 0.23329082844899182 0.07006523174744568 0.12013163419405724
0 0.7959061115363715 0.1974761535305566 0.059984537477737444 0.12692829699729546
0 0.797987411483003 0.2608003504100487 0.06228430782712525 0.1023633556048624
0 0.8734338070534423 0.3283598621443831 0.06547342230980134 0.10797082800553254
0 0.7152876167926644 0.3465992859289041 0.05376511996475859 0.12110128323043767
0 0.7478693821257578 0.3333014244104922 0.055900924687685996 0.13200887011911558
0 0.7875015386982566 0.3280735656192063 0.06282684385223684 0.10025209146430668
0 0.9138334127714183 0.3383060267961239 0.057975781916708054 0.12033105493620351
0 0.8295549419849791 0.42615036404567874 0.05969867686346609 0.11723002113522649
0 0.9071770544529268 0.4198952206075994 0.06266803239986378 0.09486416042982392
0 0.9884848484848485 0.41217672413793105 0.02303030303030303 0.12392241379310345
0 0.7879749773453566 0.4150387966405662 0.05481842972450701 0.11580116874242992
0 0.7578787878787879 0.4730603448275862 0.05757575757575758 0.05387931034482758
0 0.7534320998869459 0.4330540712703001 0.06308094217603315 0.10887278111947933
0 0.713030303030303 0.48060344827586204 0.05757575757575758 0.03879310344827586
0 0.9654545454545455 0.43372844827586204 0.05818181818181818 0.13254310344827586
0 0.9257575757575758 0.023706896551724137 0.07090909090909091 0.04741379310344827
0 0.930466577306516 0.07277890365461963 0.0619958701258105 0.11309530940059029
0 0.9309176920907695 0.1089878122687479 0.07737229839769112 0.10130589002200703
0 0.9431518120697371 0.37390661287179267 0.058264219618023076 0.10959910114047562
0 0.9630818447711784 0.32621564279174364 0.04538071252542123 0.08285886671020809
0 0.16729807952019027 0.6905286820756322 0.06996736778897822 0.13732910523116457
0 0.25617737954892716 0.6629514161778299 0.08030473746952697 0.1187229024253018
0 0.2639802087091196 0.8206403288826473 0.09759205734396953 0.13072819614491776
0 0.27489831942286364 0.8932438395158745 0.0786161819002871 0.10247129277537853
0 0.2315151515151515 0.9396551724137931 0.06787878787878789 0.1206896551724138
0 0.3842424242424242 0.9234913793103449 0.07393939393939394 0.15301724137931033
0 0.46710837569789004 0.8526348880007959 0.08215210449113962 0.14036244310970786
0 0.5381818181818182 0.8432112068965517 0.04363636363636364 0.13469827586206898
0 0.0706060606060606 0.9525862068965517 0.07454545454545454 0.09482758620689655
0 0.05333333333333334 0.9789870689655172 0.06181818181818182 0.04202586206896552
0 0.02090909090909091 0.962823275862069 0.04181818181818182 0.07435344827586207
0 0.5242424242424243 0.9482758620689655 0.07151515151515152 0.10344827586206896
0 0.9115593806178703 0.6541541046519515 0.10377455839238654 0.176338083020473
0 0.8517061765555716 0.6757351169768114 0.09582966884560558 0.19404233271238916
0 0.8026560495597902 0.7429141223526284 0.09295817726767547 0.1992107223806844
0 0.7554202387516249 0.7794477832417499 0.10785301700835025 0.21211796921424667
0 0.7057297117722646 0.8271424203469541 0.09306119540023039 0.14115279202798311
0 0.6248484848484849 0.9137931034482759 0.09696969696969697 0.1724137931034483
0 0.7015151515151515 0.9709051724137931 0.09151515151515152 0.05818965517241379
0 0.6278787878787879 0.9714439655172413 0.07393939393939394 0.057112068965517244
0 0.790334406645128 0.9239824530724661 0.11787791795824061 0.14187544502382454
0 0.9015151515151515 0.931573275862069 0.12303030303030303 0.13685344827586207
0 0.9406035161936147 0.7917841745089131 0.09334963310154529 0.13042083823225512
0 0.9645454545454546 0.8884698275862069 0.07090909090909091 0.18857758620689655
0 0.9181818181818182 0.9498922413793104 0.10303030303030303 0.10021551724137931
0 0.8206060606060606 0.9730603448275862 0.07393939393939394 0.05387931034482758