0 0.15074024226110364 0.326555023923445 0.06998654104979811 0.02631578947368421
0 0.03600269179004038 0.31220095693779903 0.06258411843876177 0.05502392344497608
0 0.13070009875232572 0.2476696096696143 0.05073846003406616 0.12727276273204044
0 0.09414976366944856 0.2602753253345094 0.0515837008428893 0.1404863700867625
0 0.05006387024469895 0.26332641568125287 0.06316421310124128 0.10081934074927365
0 0.017496635262449527 0.1507177033492823 0.034993270524899055 0.12200956937799043
0 0.052167734109017774 0.16675598656314436 0.052006039918468805 0.12140332672378135
0 0.08766864637236459 0.07400673022839281 0.056560042217556575 0.10983159256090368
0 0.09067425961354893 0.1491984440493937 0.06263223283556156 0.11152917837062815
0 0.1376177658142665 0.05801435406698564 0.05450874831763122 0.11602870813397129
0 0.29475100942126514 0.03409090909090909 0.047106325706594884 0.06818181818181818
0 0.3683973992717514 0.05914777431402529 0.08185011311230751 0.0904175715618778
0 0.47139973082099595 0.17882775119617225 0.0370121130551817 0.1423444976076555
0 0.4801480484522207 0.090311004784689 0.019515477792732168 0.1423444976076555
0 0.43644369425588475 0.08524722081037843 0.06634155698349033 0.13812353093371266
0 0.34488559892328396 0.02033492822966507 0.07738896366083446 0.04066985645933014
0 0.38593539703903096 0.028708133971291867 0.05720053835800808 0.05741626794258373
0 0.503028263795424 0.0651913875598086 0.026244952893674293 0.08492822966507177
0 0.5386944818304172 0.3092105263157895 0.06258411843876177 0.061004784688995214
0 0.7765814266487214 0.3145933014354067 0.059219380888290714 0.050239234449760764
0 0.7178767207196802 0.25214137177229984 0.0529916853140423 0.09400279023705335
0 0.6386271870794078 0.31100478468899523 0.06998654104979811 0.05741626794258373
0 0.6379760918307764 0.27252715416127365 0.06563672076141769 0.0842957797375404
0 0.6941976909914612 0.19303081609122744 0.05710768551039336 0.10031792718835301
0 0.5460868679909379 0.2262484626878526 0.04166121883254075 0.1014288814747188
0 0.6742934051144011 0.022727272727272728 0.040376850605652756 0.045454545454545456
0 0.781628532974428 0.02033492822966507 0.06662180349932706 0.04066985645933014
0 0.9567797930013759 0.12997923991638327 0.05044086251807995 0.10454549000476746
0 0.024226110363391656 0.7972488038277512 0.04845222072678331 0.12320574162679426
0 0.012113055181695828 0.7422248803827751 0.024226110363391656 0.08492822966507177
0 0.3440247407810233 0.8107387933465611 0.07189743036297311 0.15172712661359547
0 0.4730820995962315 0.812799043062201 0.033647375504710635 0.13277511961722488
0 0.404994442107268 0.5793695396240297 0.05109814700101679 0.10340503037384385
0 0.2788176279510994 0.6670523344512123 0.06668558092328421 0.1130596263267125
0 0.19993312652558712 0.5849703954048785 0.04055026921970982 0.11926003997101604
0 0.24538001534001816 0.531512932754734 0.05854755869352478 0.10760638591693615
0 0.19733418933282507 0.48938804073633246 0.033554522657095916 0.09836798556255011
0 0.4717362045760431 0.6848086124401914 0.03633916554508748 0.09928229665071771
0 0.47510094212651416 0.36064593301435405 0.029609690444145357 0.041866028708133975
0 0.4486652653123525 0.5446198846839849 0.04549528454006266 0.08621291794754957
0 0.16234762500617628 0.38990094435760925 0.05483823454559585 0.08101203335385157
0 0.11541049798115748 0.35406698564593303 0.06123822341857335 0.028708133971291867
0 0.03297442799461642 0.44198564593301437 0.06594885598923284 0.08014354066985646
0 0.02832142930732774 0.39261454957411884 0.047842487982981956 0.060119978945385705
0 0.03566621803499327 0.36064593301435405 0.052489905787348586 0.041866028708133975
0 0.08304162849158078 0.4042501528846838 0.04078465196940348 0.08582292962238895
0 0.9044414535666218 0.9491626794258373 0.09421265141318977 0.10167464114832536
0 0.816621803499327 0.9850478468899522 0.09488559892328398 0.029904306220095694
0 0.6927994616419919 0.9240430622009569 0.0908479138627187 0.1519138755980861
0 0.6164199192462988 0.9503588516746412 0.10228802153432032 0.09928229665071771
0 0.8144681829589354 0.8084137933644415 0.06887727940995961 0.17776435299787938
0 0.7663918748839242 0.8411332358230993 0.07203839760738745 0.16249267685282992
0 0.6859433213733516 0.8453985491621614 0.0698936882021834 0.10137646692807452
0 0.6303076790869002 0.8410235482712395 0.07718703228078366 0.1449957940638132
0 0.5615425728265294 0.9143735362792443 0.08746863860041879 0.10880585623697592
0 0.5238896366083445 0.8660287081339713 0.06796769851951548 0.09569377990430622
0 0.5733415234785856 0.8122105852066592 0.07194385678678032 0.10393594927932256
0 0.4993270524899058 0.7769138755980861 0.018842530282637954 0.10406698564593302
0 0.5087483176312247 0.5861244019138756 0.03768506056527591 0.10047846889952153
0 0.5381337074699118 0.5157581597371261 0.047780398532017376 0.10671498403085483
0 0.5922436112526994 0.5322341646607865 0.06734286540622104 0.11191916669578876
0 0.5879704181271124 0.463134737319565 0.06368053033976377 0.0889133308791156
0 0.6561965565947212 0.47724460501893984 0.055918420761776645 0.11216822444063118
0 0.4959623149394347 0.4665071770334928 0.012113055181695828 0.07894736842105263
0 0.49629878869448185 0.5526315789473685 0.01278600269179004 0.06937799043062201
0 0.632732635007941 0.7689746502536094 0.05961151922488421 0.08618671067422742
0 0.6231620084509648 0.7068998712238496 0.09460535240744733 0.1404634608846763
0 0.7330253085527145 0.762467728562683 0.10333800701151495 0.13999155266831345
0 0.8619341956324811 0.780534752518879 0.08097467156449836 0.17757100787091698
0 0.727960007240362 0.5299793640239787 0.07106728992364289 0.08832999742699266
0 0.8358810919746225 0.4372218625111375 0.05472915601315993 0.12401852169290924
0 0.8516150740242261 0.37978468899521534 0.0423956931359354 0.08014354066985646
0 0.8946837146702558 0.3839712918660287 0.07065948855989233 0.08851674641148326
0 0.7931178803581577 0.4641128289071373 0.05330494585718573 0.11792623521312998
0 0.6554508748317631 0.34688995215311 0.04576043068640646 0.014354066985645933
0 0.9350949859473756 0.5283979732603031 0.060801346631165064 0.12571610750263382
0 0.9757738896366084 0.5221291866028708 0.04845222072678331 0.1255980861244019
0 0.993943472409152 0.42523923444976075 0.012113055181695828 0.09928229665071771
0 0.9576043068640646 0.3881578947368421 0.059219380888290714 0.09688995215311005
0 0.8846253293344701 0.6613042178924211 0.0698466991207119 0.09778795018166303
0 0.9369762371792286 0.8264120010660966 0.07903358151233737 0.13200503718061135
0 0.9720726783310901 0.6549043062200957 0.05585464333781965 0.1375598086124402
0 0.75069114249674 0.4909759389941973 0.06095741424507264 0.0862981359099876
0 0.904525113950217 0.740485891386037 0.05854755869352478 0.10760638591693615