0 0.19908466819221968 0.47657841140529533 0.07208237986270023 0.0855397148676171
0 0.15331807780320367 0.4786150712830957 0.05034324942791762 0.0814663951120163
0 0.1147025171624714 0.4740325865580448 0.039473684210526314 0.09063136456211812
0 0.018020594965675058 0.38238289205702647 0.036041189931350116 0.08044806517311609
0 0.009725400457665904 0.2708757637474542 0.019450800915331808 0.0855397148676171
0 0.006006864988558352 0.21232179226069248 0.012013729977116704 0.07637474541751528
0 0.26990246234025816 0.16571812360980406 0.04944092546648195 0.08603144590051867
0 0.2647838452780545 0.33935522713284055 0.03957566158468194 0.07982075027242679
0 0.29033180778032036 0.3314663951120163 0.01887871853546911 0.07637474541751528
0 0.2337622152286974 0.32033280415891247 0.06651015457960689 0.0821358602531955
0 0.22399214042561683 0.37235649809696164 0.06153721583899193 0.06477685552968458
0 0.17562155441486654 0.3616584487425128 0.05998414269422701 0.0718873916911583
0 0.12464794618036358 0.3647315514443204 0.05227802679510637 0.0850427383129981
0 0.007151029748283753 0.06771894093686355 0.014302059496567507 0.0560081466395112
0 0.5532036613272311 0.48778004073319753 0.10983981693363844 0.06313645621181263
0 0.6301487414187643 0.4638492871690428 0.06693363844393593 0.1109979633401222
0 0.683066361556064 0.46588594704684316 0.08352402745995423 0.10692464358452139
0 0.8187470469486422 0.3709092299782408 0.06346131131881802 0.12384591645617236
0 0.8409610983981693 0.48421588594704684 0.09382151029748284 0.07026476578411406
0 0.8850114416475973 0.4938900203665988 0.06636155606407322 0.05091649694501019
0 0.9118993135011442 0.4816700610997963 0.06178489702517163 0.07535641547861507
0 0.9588100686498856 0.49287169042769857 0.05034324942791762 0.05295315682281059
0 0.8764841403211149 0.30973503829150034 0.06742121363244212 0.07196440980474529
0 0.8986345998906736 0.22907665442358904 0.04736239108323237 0.09517271746951672
0 0.8725689123529055 0.20593055369671473 0.05972577962068439 0.11057208042881421
0 0.8574883694879923 0.15263707930731782 0.06765431933933241 0.08214770919374734
0 0.8206672488365415 0.2120675329206368 0.06610124619456724 0.089258245355221
0 0.8077856868002495 0.2625963165368532 0.05497331790363332 0.12783036915763435
0 0.7809750343984144 0.2969799328875645 0.05560270331223711 0.15532527750793987
0 0.7409938585764112 0.30706581799129307 0.07338387822935898 0.15754559596429388
0 0.6937960888397567 0.28261142775627757 0.053246388876682295 0.10236027174457743
0 0.6597178538361927 0.32216074967993885 0.06059021753214159 0.0983639701025636
0 0.6465332543809436 0.385927822501858 0.08888935231035608 0.1353082224762151
0 0.5928337567275798 0.3956467299227585 0.07195998662136512 0.1453137877569396
0 0.5388015967429067 0.4074052594565974 0.06342537206480277 0.14726158058060107
0 0.491784970628083 0.3875303917114949 0.0803654196411564 0.1627083393021059
0 0.47184270093231845 0.35923043435222235 0.0732226510304989 0.10053096832643431
0 0.4637796387332179 0.3241898807494421 0.07609569161313869 0.07612659661448493
0 0.4095342894646255 0.4077258598000556 0.08946143469021865 0.1353141469464912
0 0.3818649885583524 0.45570264765784113 0.07837528604118993 0.12729124236252545
0 0.3606979405034325 0.480142566191446 0.07151029748283753 0.07841140529531568
0 0.3318077803203661 0.48268839103869654 0.06407322654462243 0.07331975560081466
0 0.3149313501144165 0.21945010183299388 0.03032036613272311 0.08655804480651731
0 0.3200800915331808 0.17515274949083504 0.04061784897025172 0.07942973523421588
0 0.31435926773455375 0.13085539714867617 0.02917620137299771 0.062118126272912425
0 0.3651396031081083 0.11090375773089113 0.07211442552478874 0.07710345526145368
0 0.4048599951068326 0.1496888229889585 0.08374255768755488 0.08536858417817375
0 0.400062859044367 0.18435351220349688 0.06893834752319179 0.08826953776770038
0 0.3887989609212256 0.251664004165601 0.06241233563781192 0.07802106920566321
0 0.3320938215102975 0.2561099796334012 0.06464530892448513 0.07026476578411406
0 0.33454632391298855 0.2980398271517709 0.05886328850519056 0.07289387268950667
0 0.3914068246444511 0.06278157391044098 0.06789810693358539 0.11778333258497851
0 0.43726860411218654 0.10812061459832455 0.07673575890910514 0.1290738289670196
0 0.4617433324552111 0.0508541969737383 0.07415702065402321 0.09137784781688428
0 0.48590192074217914 0.11983403165653567 0.06699967656407631 0.10352078897009977
0 0.5198951746006134 0.1464613445856978 0.0587107963977303 0.09121788711943436
0 0.5351816190098012 0.09081721339387659 0.06406933295269583 0.10043617680201952
0 0.5873979752304671 0.07093277999480178 0.05491601487489249 0.10034138527760478
0 0.5717439026339363 0.13014402820791166 0.06516687657104306 0.09841136586477095
0 0.6208677146463801 0.14541567558199756 0.06552916381470454 0.08925232088494503
0 0.6233638925060686 0.08634069018523391 0.05550072593808148 0.07591331568455173
0 0.5566386018465792 0.1903676818896458 0.06877517352836861 0.08114122819539896
0 0.4965243042175993 0.21796957017919708 0.055231680977175936 0.08914568041997846
0 0.602468335652226 0.31206369458421684 0.06297178933434847 0.1024609877392681
0 0.5981281764679328 0.2393153108907495 0.06500370257622001 0.09128305629246952
0 0.6435038280989168 0.2434268002288646 0.043836654521300096 0.09106385089226039
0 0.6860171210346242 0.1976815938528012 0.09629243079051905 0.10891458664867276
0 0.6880174625681803 0.14777454014127733 0.05809209287648944 0.0891753027713581
0 0.7053367936172213 0.12825149942903377 0.05038597697736905 0.10233064939319779
0 0.7404606101540732 0.10548981032153602 0.06760769819795426 0.0801110493159469
0 0.7856973717589048 0.1406544383258314 0.05592031621048392 0.0942432545847554
0 0.6550343249427918 0.023930753564154784 0.04576659038901602 0.04786150712830957
0 0.6164187643020596 0.02240325865580448 0.057780320366132724 0.04480651731160896
0 0.5646453089244852 0.017820773930753563 0.05835240274599542 0.035641547861507125
0 0.3383483676850355 0.044496408011585914 0.04409501759484272 0.05237916215460454
0 0.886441647597254 0.023930753564154784 0.04061784897025172 0.04786150712830957
0 0.6967963386727689 0.04124236252545825 0.06064073226544622 0.0824847250509165
0 0.7876787702674716 0.054096393519314126 0.074938898170087 0.10054874173726204
0 0.09696796338672768 0.9088594704684317 0.10011441647597254 0.18228105906313646
0 0.14002718440896988 0.8991143958130986 0.08908651876323088 0.16890718598964596
0 0.19749086527483747 0.862377160424825 0.07163169183575564 0.1809434866778949
0 0.24685354691075514 0.9434826883910387 0.06578947368421052 0.11303462321792261
0 0.05698052420393209 0.71671848852814 0.09411870732855016 0.16386885652762814
0 0.134477770252357 0.6543215726779801 0.07780999195676343 0.12603068809087076
0 0.062356979405034325 0.5911405295315683 0.06864988558352403 0.14358452138492872
0 0.18267984132460274 0.684874093605845 0.06808264470313416 0.17581629016173825
0 0.23271373899190004 0.685374032395602 0.07245145540179777 0.11681239840828574
0 0.25716468281046234 0.7665679018749258 0.06951916499445406 0.16361410430576362
0 0.2791762013729977 0.7917515274949084 0.041189931350114416 0.14358452138492872
0 0.28299047634590396 0.9251222621241476 0.030280533286781403 0.12350229718016868
0 0.13787185354691076 0.5509164969450102 0.07894736842105263 0.06313645621181263
0 0.02259725400457666 0.6135437881873728 0.04519450800915332 0.12729124236252545
0 0.9083920715008633 0.8168206117081284 0.05430799324101481 0.12375112493175756
0 0.7003308613069715 0.8612259624123706 0.06248032055391554 0.13096237708792197
0 0.652535751823802 0.787909508520973 0.055814445244401566 0.11460392889248355
0 0.5717298520892907 0.8824104775627309 0.04982457648486915 0.12777704892515104
0 0.4455239912646893 0.6490480548096961 0.05135628585490841 0.06976186475921896
0 0.4449373334055371 0.5747336671510849 0.049966386704966614 0.08400071049299412
0 0.9426344538972322 0.7950861392449446 0.05465765180134988 0.13902607401526063
0 0.9908466819221968 0.8161914460285132 0.018306636155606407 0.10896130346232179
0 0.9811212814645309 0.7057026476578412 0.03775743707093822 0.07942973523421588
0 0.8867073239008768 0.7147272806002465 0.04608904478673566 0.11450321289779289
0 0.8838789576636518 0.6383999309449386 0.0461716051821288 0.0931242086511646
0 0.9143848349639053 0.6049961354763341 0.05056177965551853 0.08502496490217024
0 0.9277025095478525 0.6603440431543591 0.04279836072765705 0.07069132764398046
0 0.929029764725372 0.7147980347692784 0.06262213077401314 0.08718603865576503
0 0.5141821379858397 0.710440433473808 0.06623042773133868 0.06991590098639305
0 0.45675926336389555 0.8953091281504056 0.05718103382365434 0.0993467532198083
0 0.30463386727688785 0.9755600814663951 0.009725400457665904 0.048879837067209775
0 0.3514509316795355 0.7859370924267448 0.053691236515737255 0.07182222251812316
0 0.4866338084595823 0.8395139229665485 0.04305477700523618 0.08189295697188259
0 0.39387871853546913 0.9613034623217923 0.04977116704805492 0.07739307535641547
0 0.4236270022883295 0.9485743380855397 0.05091533180778032 0.10285132382892057
0 0.33100069641852065 0.9047561888871721 0.056212671742078286 0.08202921978822898
0 0.3629862700228833 0.9674134419551935 0.05320366132723112 0.06517311608961303
0 0.7013729977116705 0.5651731160896131 0.04691075514874142 0.09164969450101833
0 0.7448959584170858 0.5884257642480791 0.062389025067122836 0.077002739266763
0 0.8172196796338673 0.5544806517311609 0.05892448512585812 0.07026476578411406
0 0.7757437070938215 0.5422606924643585 0.043478260869565216 0.045824847250509164
0 0.73941647597254 0.5427698574338086 0.04748283752860412 0.04684317718940937
0 0.4496169687070113 0.8200445419610674 0.04238945234261741 0.07781371274600592
0 0.7706848393005307 0.6986213013400933 0.03827900471749628 0.09813291576180265
0 0.31836384439359267 0.5840122199592668 0.03718535469107551 0.08044806517311609
0 0.3984553775743707 0.5376782077393075 0.05434782608695652 0.03665987780040733