0 0.050370800929999765 0.10992902686485989 0.06709133299380458 0.12864307969324942
0 0.1965954606141522 0.052256532066508314 0.062082777036048066 0.10451306413301663
0 0.15353805073431243 0.040973871733966744 0.05473965287049399 0.08194774346793349
0 0.32571762597455 0.0708911448626578 0.04875243445338584 0.1168344564435141
0 0.2683578104138852 0.035629453681710214 0.06809078771695594 0.07125890736342043
0 0.44826435246995994 0.3248218527315915 0.07009345794392523 0.048693586698337295
0 0.48288423497377897 0.27747595659011837 0.06645876141789214 0.12978925455133516
0 0.5260347129506008 0.32838479809976245 0.06809078771695594 0.04156769596199525
0 0.5050133469087007 0.09175978172397384 0.07482213257039699 0.11963957522044774
0 0.5532202116021284 0.10654693591293153 0.06565126400992644 0.12499718712913602
0 0.5221202070733719 0.20094614339915395 0.053917962559917966 0.11122800294699865
0 0.5647530040053405 0.22387173396674584 0.049399198931909215 0.09619952494061758
0 0.572429906542056 0.17280285035629453 0.03404539385847797 0.07719714964370546
0 0.43658210947930576 0.0166270783847981 0.056074766355140186 0.0332541567695962
0 0.4809746328437917 0.029097387173396674 0.06608811748998665 0.05819477434679335
0 0.34813084112149534 0.011282660332541567 0.05807743658210948 0.022565320665083134
0 0.605807743658211 0.30403800475059384 0.03271028037383177 0.09026128266033254
0 0.6311748998664887 0.32185273159144895 0.07142857142857142 0.05463182897862233
0 0.8855140186915887 0.3182897862232779 0.056742323097463285 0.06175771971496437
0 0.8354472630173565 0.3176959619952494 0.08878504672897196 0.06294536817102138
0 0.8366282789237939 0.18233216671339028 0.054477725222486895 0.13023037824391076
0 0.7428289990760211 0.26758649619126373 0.069338899385648 0.13708103967956214
0 0.6211615487316422 0.04334916864608076 0.04739652870493992 0.08669833729216152
0 0.7721423826373882 0.0754966062661366 0.049635579355216834 0.0789541266436034
0 0.9522696929238985 0.33788598574821854 0.07142857142857142 0.022565320665083134
0 0.982977303070761 0.3343230403800475 0.03404539385847797 0.029691211401425176
0 0.9919893190921228 0.28919239904988125 0.01602136181575434 0.11282660332541568
0 0.9600690795330955 0.2783921598028366 0.06273614087576024 0.11651775354485218
0 0.9074195598055973 0.27869945290241865 0.06087341131443325 0.12114392657516654
0 0.8663459082792604 0.2705819798721198 0.05845091909053704 0.10676772430856893
0 0.7209612817089452 0.013657957244655582 0.056074766355140186 0.027315914489311165
0 0.979305740987984 0.09501187648456057 0.04138851802403204 0.09501187648456057
0 0.8431241655540721 0.023752969121140142 0.04672897196261682 0.047505938242280284
0 0.9065420560747663 0.014845605700712588 0.06408544726301736 0.029691211401425176
0 0.6662216288384513 0.043942992874109264 0.05874499332443257 0.08788598574821853
0 0.551998108258208 0.8333030021395015 0.06796596215406908 0.15833429109467473
0 0.46714651526997586 0.5469477856654453 0.05641042511663518 0.1279795021257104
0 0.578437917222964 0.46080760095011875 0.022029372496662217 0.12826603325415678
0 0.4710530384857993 0.4595726769493129 0.06807943339486723 0.09432569526150975
0 0.5125772393046905 0.4184649494502028 0.04443222750175199 0.10589677875117372
0 0.5485539137670555 0.40733874853831614 0.06126108672547174 0.11168421252468189
0 0.42877995626967524 0.41300178669006044 0.04738233580232899 0.11556386079151457
0 0.4742990654205608 0.3847980997624703 0.06341789052069426 0.07125890736342043
0 0.38362439459538983 0.6339345712868792 0.08585573069219468 0.10965579028144509
0 0.42877949516960306 0.5487386933207606 0.052862730406556084 0.12064624339951217
0 0.2943982365155747 0.484773488286393 0.05198242408524731 0.136002726132311
0 0.2784179981273475 0.39389199368516836 0.04443506608227421 0.08337293168406185
0 0.24184515654574168 0.41394629481646816 0.04555459140741251 0.12137768227788608
0 0.17965458542993967 0.39884243772884853 0.05595845653381975 0.09001622512985731
0 0.1804597413474995 0.6542622600344936 0.06547633817787378 0.11905894484885098
0 0.11344593623789372 0.7011027538527088 0.06087057273391119 0.14366777364227853
0 0.08461900933563574 0.5713059815309696 0.06378853444859968 0.12962336015945053
0 0.027369826435246995 0.5445368171021377 0.05473965287049399 0.08669833729216152
0 0.035046728971962614 0.6175771971496437 0.07009345794392523 0.0997624703087886
0 0.8624592551270923 0.9028352049618391 0.07752734470610019 0.12099311806838967
0 0.7804651274524828 0.8474700702483171 0.05476328371481586 0.0946838717581428
0 0.5951268357810414 0.8883610451306413 0.011348464619492658 0.11163895486935867
0 0.7028668182333282 0.4053670116389081 0.06670933474381047 0.09305509960951042
0 0.6366652654925877 0.7639369454305482 0.07935792768153875 0.09265544951490616
0 0.684913217623498 0.36163895486935865 0.042723631508678236 0.02494061757719715
0 0.7799677415813127 0.5250517941703791 0.06758680248459702 0.10022246394382366
0 0.8675070181319982 0.39217464859886564 0.05845375767105925 0.08424387724145703
0 0.9242914228471776 0.44377136198303674 0.060701324062902545 0.09268183722776964
0 0.8872826859757004 0.489933192348605 0.04928288911058885 0.08960148915014533
0 0.8978104184748057 0.5283998034339903 0.054343461717889015 0.08043209028545886
0 0.9425494938228031 0.6269783841719239 0.06681145166251998 0.11914189204479338
0 0.8120416895985653 0.770823379205993 0.07478714740398665 0.11845192676439073
0 0.8426736522515622 0.726243196477208 0.08371311979958308 0.1047807756633034
0 0.8600594355573291 0.678929540339676 0.08350320880111962 0.09765488492696137
0 0.9846461949265688 0.45902612826603323 0.030707610146862484 0.08194774346793349
0 0.9916555407209613 0.767814726840855 0.016688918558077435 0.12707838479809977
0 0.9686248331108144 0.9323040380047506 0.06275033377837116 0.13539192399049882