0 0.08790546445620652 0.14494256733258623 0.0687426311085406 0.09750384510591366
0 0.15210526315789474 0.33707865168539325 0.05894736842105263 0.06554307116104868
0 0.21947368421052632 0.32162921348314605 0.06421052631578947 0.09644194756554307
0 0.1476336386586512 0.22009929455640265 0.054984879926623285 0.09370289115771639
0 0.1420049542129216 0.17325499735758498 0.06409086085914073 0.0803446924649817
0 0.15736842105263157 0.03323970037453183 0.042105263157894736 0.06647940074906367
0 0.21789473684210525 0.018258426966292134 0.04421052631578947 0.03651685393258427
0 0.3076315789473684 0.030430711610486893 0.041578947368421056 0.060861423220973786
0 0.28182251472001674 0.3212920049758451 0.0553886279567606 0.08905939572472416
0 0.31657894736842107 0.3352059925093633 0.041578947368421056 0.06928838951310862
0 0.3355263157894737 0.33192883895131087 0.038421052631578946 0.07584269662921349
0 0.32768774479208895 0.09009012225684986 0.03369864402926516 0.0631887261530235
0 0.45052631578947366 0.34925093632958804 0.042105263157894736 0.04119850187265917
0 0.3968421052631579 0.3562734082397004 0.04736842105263158 0.027153558052434457
0 0.5044736842105263 0.25795880149812733 0.03105263157894737 0.060861423220973786
0 0.5113157894736842 0.14232209737827714 0.017368421052631578 0.07303370786516854
0 0.34022558398077546 0.14494011500540493 0.03837492783053197 0.08128420838197033
0 0.5813157894736842 0.30664794007490637 0.06368421052631579 0.12640449438202248
0 0.5994736842105263 0.34129213483146065 0.07368421052631578 0.05711610486891386
0 0.6705263157894736 0.34691011235955055 0.06631578947368422 0.04588014981273408
0 0.6853899620923715 0.2916156436827872 0.08149677781524516 0.10310115321597524
0 0.6244296191207622 0.273594097581426 0.07037060558069613 0.09949096180319195
0 0.9642140761836603 0.1654829129032035 0.05071379530683723 0.11114978076625597
0 0.9886842105263158 0.28323970037453183 0.022631578947368423 0.07209737827715355
0 0.9752631578947368 0.31835205992509363 0.049473684210526316 0.09363295880149813
0 0.7642811256634593 0.15849467316940777 0.05388322124394108 0.09175392696752077
0 0.7134959664280359 0.2050019704624278 0.051532822567374084 0.08223802105903986
0 0.7030453680211796 0.14092221560851262 0.0553886279567606 0.08905939572472416
0 0.6583330394677837 0.1367429229184612 0.049697208480019024 0.09238503649887357
0 0.8644736842105263 0.3099250936329588 0.04894736842105263 0.1198501872659176
0 0.8062854323111976 0.24596914668570974 0.05500939347849022 0.09463922074573138
0 0.8081578947368421 0.3352059925093633 0.06789473684210526 0.06928838951310862
0 0.9102782389628694 0.18127335478261575 0.04307572518366621 0.10031602019893224
0 0.8343943389495494 0.07867851886773075 0.05361357217340164 0.08145430149935604
0 0.9635558381616044 0.08991761853258358 0.052634481250055806 0.08418698524923537
0 0.99 0.1301498127340824 0.02 0.09550561797752809
0 0.7781008863007168 0.1341675869700728 0.0666734127027748 0.07866279582436561
0 0.6828947368421052 0.025749063670411985 0.045789473684210526 0.05149812734082397
0 0.646578947368421 0.025749063670411985 0.04052631578947368 0.05149812734082397
0 0.9323684210526316 0.3441011235955056 0.04368421052631579 0.05149812734082397
0 0.6388182704806694 0.08654676031191232 0.05074984005896639 0.09246134151303911
0 0.5402631578947369 0.09082397003745318 0.04052631578947368 0.08052434456928839
0 0.913893262287615 0.06333397919981089 0.05754291821838993 0.09108466492908532
0 0.2662925710521836 0.8933839114780464 0.0723172562271257 0.11365036314466498
0 0.473852786070966 0.850736348338034 0.0588522165162713 0.08089949698216885
0 0.4857237583400224 0.7296430182629523 0.05060275874776284 0.08684336398494934
0 0.47165023328651856 0.6629553718894201 0.04647730428783689 0.06972236385110016
0 0.4552565887084455 0.6143926187073904 0.04134824535269792 0.05439771787911539
0 0.4209465570338433 0.6559965013978794 0.0504181815330868 0.05972795843959755
0 0.13131578947368422 0.9555243445692884 0.07947368421052632 0.08895131086142322
0 0.01631578947368421 0.9044943820224719 0.03263157894736842 0.08614232209737828
0 0.11339424533696316 0.811942355294585 0.05937998345708868 0.12112351675973038
0 0.24551539314915102 0.7202042765313313 0.05690701702118555 0.10692596291117455
0 0.1879479613788939 0.8042132445610475 0.05277003136099761 0.1094297316185571
0 0.23469205143982722 0.6401496899205372 0.04138574125617077 0.07589514589637708
0 0.28548152512403774 0.6438314068540256 0.06440953703341501 0.09251697710917646
0 0.2828218437516869 0.5742187210307135 0.06040665033282506 0.08007762491540218
0 0.3563157894736842 0.38108614232209737 0.05052631578947368 0.02247191011235955
0 0.31 0.3913857677902622 0.035789473684210524 0.04307116104868914
0 0.3783965000744674 0.4282355344166754 0.03700362007731057 0.06903561872361003
0 0.3431693869318596 0.4444440607095114 0.04972027088054251 0.05313549881640991
0 0.34476780782768884 0.4136024130656413 0.05271955310591944 0.06737120517204849
0 0.306505367707575 0.4249003763759057 0.044432599433938486 0.05181764415756708
0 0.2697973614040151 0.43724912679543354 0.06517953719021725 0.06173255822593045
0 0.07042379111224052 0.8721496306795979 0.05154725607032345 0.14298498675876534
0 0.12328179663178922 0.7061840059005023 0.06467918610395457 0.10281660257734136
0 0.04376412534198739 0.7323154120841359 0.0537981493880778 0.10856970704470767
0 0.05120967592333587 0.8003988112951632 0.04789763914479283 0.0838436126854902
0 0.10317152465363093 0.5377432476544862 0.0441168255623519 0.12001709405432963
0 0.24214413220222264 0.5267099412869206 0.05167990387857763 0.08785599858712975
0 0.20115709895173045 0.5715822359909347 0.07505842058222482 0.09796167519090694
0 0.18831497808647488 0.63913309326729 0.07862006334920436 0.09354709480041155
0 0.016052631578947367 0.7780898876404494 0.032105263157894734 0.0898876404494382
0 0.0685831760056707 0.6604731734830608 0.05526606019742441 0.08437774778464935
0 0.030506764251576838 0.6042409489349981 0.05582842073902707 0.06572746103851528
0 0.1957894736842105 0.3890449438202247 0.05789473684210526 0.03838951310861423
0 0.18390616662873185 0.7068262258629622 0.06554724046822577 0.07577750204615512
0 0.15870284146231933 0.7429925588517611 0.052023093604718844 0.10096461281933938
0 0.15243390236535387 0.8011697855389522 0.04327183359860412 0.1078066569030522
0 0.15457879914849276 0.8904453927105791 0.05149677781524522 0.10092646031225673
0 0.055728111794053854 0.5774569880798907 0.04585293429089431 0.06593889299195735
0 0.07368421052631578 0.3796816479400749 0.04631578947368421 0.019662921348314606
0 0.025882409856731937 0.5391763772769711 0.037750557833589396 0.07750073752282773
0 0.01 0.5332397003745318 0.02 0.06273408239700375
0 0.07230419586503163 0.48813130052768006 0.0393410364022722 0.05799042620284422
0 0.8437727542395616 0.8319525278171102 0.06152274251845627 0.14277355480532317
0 0.7851815578962558 0.7939334293482165 0.05655229609478235 0.11344211752019655
0 0.9936842105263158 0.8014981273408239 0.01263157894736842 0.09363295880149813
0 0.9923684210526316 0.39279026217228463 0.015263157894736841 0.04588014981273408
0 0.9497368421052632 0.38249063670411987 0.06789473684210526 0.025280898876404494
0 0.7804642673288894 0.4202250593734775 0.05504543823061938 0.07595078149251447
0 0.8415413734544597 0.5949188667300029 0.05917089269054534 0.09307178162636359
0 0.8589609593325972 0.7050019704624279 0.05958762307228833 0.10898938462261828
0 0.7122976656839846 0.6573151734991158 0.062452806338067386 0.1381682118794138
0 0.6530475057429509 0.5639000193090072 0.048376378981875905 0.12219497328702177
0 0.6117886466949035 0.6795796554294007 0.06155878727058519 0.12408511555210641
0 0.5822479130045782 0.6699334020751037 0.04780103608866763 0.12028416160390915
0 0.5620922027958006 0.573723555881031 0.04587889899410536 0.10706108985045097
0 0.5904671306263327 0.49697949584191164 0.04953859596855385 0.10639182781201552
0 0.5376315789473685 0.5655430711610487 0.035263157894736843 0.10112359550561797
0 0.5418421052631579 0.62312734082397 0.04368421052631579 0.0852059925093633
0 0.9644188134961723 0.5742758663507362 0.05105553388163475 0.08407252772798705
0 0.6971052631578948 0.38717228464419473 0.04684210526315789 0.03464419475655431
0 0.61 0.3852996254681648 0.04 0.03089887640449438
0 0.6513157894736842 0.399812734082397 0.032105263157894734 0.0599250936329588
0 0.6571073618744219 0.499464964017846 0.04203462480498059 0.08061494634353486