0 0.45696969696969697 0.07866379310344827 0.06545454545454546 0.10129310344827586
0 0.45484848484848484 0.03125 0.0696969696969697 0.0625
0 0.37303030303030305 0.032327586206896554 0.058787878787878785 0.06465517241379311
0 0.33484848484848484 0.036637931034482756 0.06606060606060606 0.07327586206896551
0 0.30818181818181817 0.05495689655172414 0.07939393939393939 0.10991379310344827
0 0.2912121212121212 0.018318965517241378 0.06606060606060606 0.036637931034482756
0 0.2087878787878788 0.03825431034482758 0.07696969696969697 0.07650862068965517
0 0.1784848484848485 0.029633620689655173 0.07333333333333333 0.059267241379310345
0 0.1412121212121212 0.02693965517241379 0.06666666666666667 0.05387931034482758
0 0.02727272727272727 0.045797413793103446 0.05454545454545454 0.09159482758620689
0 0.06575757575757575 0.034482758620689655 0.05272727272727273 0.06896551724137931
0 0.0803964421460721 0.07621977866243951 0.06823785805738011 0.10106981535367436
0 0.15333333333333332 0.4170258620689655 0.03636363636363636 0.02586206896551724
0 0.1206060606060606 0.41487068965517243 0.04242424242424243 0.03017241379310345
0 0.27090909090909093 0.4170258620689655 0.03636363636363636 0.02586206896551724
0 0.3496969696969697 0.4046336206896552 0.04727272727272727 0.05064655172413793
0 0.46213396384879546 0.23088025963900388 0.05394010966526449 0.0769212980486502
0 0.4715151515151515 0.28825431034482757 0.03636363636363636 0.07004310344827586
0 0.4481267567082939 0.3380510880971447 0.05445432121810771 0.07483518049668422
0 0.40037634278624934 0.32508387437150493 0.03938561335966204 0.08920354719262737
0 0.4283466218553193 0.28832954115909665 0.05335284830536941 0.11974852687720394
0 0.36150565670530077 0.31327053756316525 0.0478154955577542 0.1030322948791388
0 0.3442701700619697 0.3661268448657709 0.042433999910260464 0.061669689846107
0 0.3038154456759567 0.352869765901654 0.06171800673068722 0.08960340466643793
0 0.25931139477703696 0.36606172222858485 0.04839371515750138 0.07414463187841308
0 0.2742280506895645 0.29452029345985725 0.05995479119926172 0.07653426046002504
0 0.24258000433759594 0.32357253186059054 0.0542156568249165 0.0833868152900295
0 0.26747821886689294 0.24331406699252608 0.049248197642771246 0.12249790146510386
0 0.22271670432861645 0.22188515497511316 0.053793294325290515 0.08762810525578857
0 0.21521959102878996 0.28175300847112267 0.05170860710760432 0.06701585760110006
0 0.14004475575103525 0.2540440362520831 0.058494963833801664 0.09888735135754406
0 0.03749285509592 0.355602819675156 0.04763179745131951 0.09872195005155258
0 0.014545454545454545 0.23168103448275862 0.02909090909090909 0.08620689655172414
0 0.0866470565078627 0.2514656470067834 0.053049460139403974 0.08432629177327201
0 0.5203030303030303 0.050107758620689655 0.058787878787878785 0.10021551724137931
0 0.9618879156720489 0.18906466847417697 0.06834850635676323 0.14612127145784837
0 0.706488694367195 0.24090418537187555 0.0689726504831191 0.1183111946640193
0 0.7492890169015194 0.1948803771655134 0.05274678769930881 0.1196794720153768
0 0.7900972169972452 0.20214167712987208 0.0655109431930426 0.13614677614847084
0 0.8247668824823045 0.22255482195363946 0.07301329309881333 0.14236336552487902
0 0.8870815501959692 0.27717533185677184 0.07873362822699274 0.09261452700449367
0 0.9043674822459828 0.21835777298532147 0.04584145663945106 0.12747150332862378
0 0.9709090909090909 0.4207974137931034 0.0496969696969697 0.018318965517241378
0 0.5800926961171714 0.23310802452870963 0.06875206961022334 0.09898369780170851
0 0.7709090909090909 0.4073275862068966 0.041212121212121214 0.04525862068965517
0 0.5066666666666667 0.21336206896551724 0.03393939393939394 0.11637931034482758
0 0.6332475679500142 0.28714797804890396 0.06464741894762517 0.10173307238960833
0 0.6770860710760431 0.294064003704127 0.036915446408811 0.0878497415384225
0 0.43393939393939396 0.4886853448275862 0.07515151515151515 0.11745689655172414
0 0.4760606060606061 0.6993534482758621 0.02727272727272727 0.09482758620689655
0 0.44351299976071323 0.7458854176945273 0.07360959621885603 0.08559657086849748
0 0.47515151515151516 0.7834051724137931 0.02909090909090909 0.08405172413793104
0 0.3880275238715212 0.8729417659462047 0.08119475341769623 0.10790789848652681
0 0.2525594157767543 0.909492040891789 0.04608916279278977 0.10498030270745048
0 0.16117263821834596 0.9014967772177017 0.07047840237518771 0.09703568997339672
0 0.14043296704959796 0.857840064141239 0.0697436099494488 0.07979431066305188
0 0.11251693854141387 0.8101283440447535 0.05322411648569097 0.10257620242868626
0 0.04562064924170375 0.8123364478112537 0.051057337700805436 0.1366446318784132
0 0.02727272727272727 0.8518318965517241 0.05454545454545454 0.11099137931034483
0 0.03151515151515152 0.9154094827586207 0.06303030303030303 0.07219827586206896
0 0.11545454545454545 0.9908405172413793 0.06 0.018318965517241378
0 0.4390909090909091 0.9800646551724138 0.04787878787878788 0.03987068965517242
0 0.466969696969697 0.8572198275862069 0.045454545454545456 0.07435344827586207
0 0.4462465826827357 0.9172007429513342 0.05079987406144882 0.1022999829813777
0 0.4954545454545455 0.8081896551724138 0.011515151515151515 0.07758620689655173
0 0.5796969696969697 0.9692887931034483 0.04303030303030303 0.061422413793103446
0 0.5054545454545455 0.8857758620689655 0.03151515151515152 0.07543103448275862
0 0.6312121212121212 0.984375 0.03696969696969697 0.03125
0 0.6018181818181818 0.9859913793103449 0.044848484848484846 0.028017241379310345
0 0.6733227649346769 0.9408032313043339 0.05879763627389669 0.06353417111543927
0 0.7827272727272727 0.9876077586206896 0.04303030303030303 0.02478448275862069
0 0.7704121519639047 0.9611425631356492 0.05134121089473465 0.05839516794592764
0 0.6877109309282693 0.821136579174142 0.04978953447605763 0.07859308642965356
0 0.6320862500075107 0.8020282408765136 0.05934873059320098 0.0764652055981979
0 0.6180772535523333 0.7305341594238846 0.06563895928685062 0.0825436852509518
0 0.6718694742888184 0.6995002116699096 0.051598674534091546 0.09273981684296301
0 0.6432092537318125 0.6128918058324075 0.049587752849327336 0.10216187325772354
0 0.7109502680307742 0.6019249026870808 0.0673652920518152 0.08059567742264012
0 0.7349039403362599 0.6495466862819942 0.0530863429058649 0.0993434438079966
0 0.7877136624936673 0.6240387792861563 0.06797135265787553 0.08066473228446715
0 0.7361563916061107 0.5503260545945156 0.06166304044393076 0.10246538428736941
0 0.6896969696969697 0.4827586206896552 0.048484848484848485 0.10560344827586207
0 0.77 0.4795258620689655 0.06484848484848485 0.09913793103448276
0 0.8696969696969697 0.44665948275862066 0.041212121212121214 0.0334051724137931
0 0.8342424242424242 0.44558189655172414 0.0503030303030303 0.03125
0 0.76028091510368 0.6948406603085467 0.05248932405995192 0.08533482311834142
0 0.7247811608483963 0.7692687474828446 0.06211252822399977 0.05640539683812613
0 0.7185319779383466 0.7369548070671167 0.06006472377277422 0.05081030121816183
0 0.725323571270488 0.8320104394992395 0.04400447557510371 0.08436805505276172
0 0.8503807323282393 0.5654645642430685 0.06596947273325923 0.07614722287139963
0 0.808811688115137 0.6903938575692738 0.056364352089506915 0.07719751749595875
0 0.945460986987379 0.7744433012945312 0.04154335038440023 0.0690746835707287
0 0.8839134735858402 0.7592582702358637 0.04755803191839732 0.0686876459821033
0 0.8233457271979814 0.9242509461055705 0.03837527377427084 0.06549665064090347
0 0.9083180651231356 0.903199555415533 0.04458269517485088 0.05548039205203624