0 0.025661375661375663 0.026836158192090395 0.051322751322751325 0.05367231638418079
0 0.0684338126583837 0.1802913203177748 0.0751165262670078 0.13189741073748643
0 0.0335978835978836 0.2137476459510358 0.0671957671957672 0.11487758945386065
0 0.23994708994708994 0.06167608286252354 0.019576719576719578 0.0743879472693032
0 0.22962962962962963 0.4331450094161959 0.04021164021164021 0.07721280602636535
0 0.18595630907443988 0.4710843583798727 0.03596533695146391 0.1104042206361097
0 0.15102405949982645 0.44951514401697473 0.045655520377759405 0.11694220559570931
0 0.17513227513227514 0.5263653483992468 0.047619047619047616 0.06591337099811675
0 0.22513227513227513 0.4924670433145009 0.049206349206349205 0.07156308851224105
0 0.2357142857142857 0.5343691148775894 0.028042328042328042 0.04990583804143126
0 0.43910731747658444 0.12871169848263855 0.05027428054513512 0.1483610892633
0 0.6253034856496109 0.18927339232390306 0.06952275199267365 0.10320468944412742
0 0.9570251346432953 0.5239897250571 0.04847414643943382 0.06931439225697518
0 0.7240320580830658 0.3435622704802334 0.05153558384115092 0.0836854269993625
0 0.6209106630380625 0.35366403626227105 0.048023733185785504 0.10777275069591186
0 0.6834966694180353 0.2571466771578427 0.044484153546672275 0.13091845480677428
0 0.6722765267453272 0.12698310944601354 0.0712209695149658 0.10711921236112272
0 0.8542328042328042 0.019303201506591337 0.049206349206349205 0.038606403013182675
0 0.8626151972217271 0.13111964845875962 0.053705194087152935 0.1036074828730433
0 0.7974106577255534 0.3447719515728349 0.036106231708097326 0.09727089462790174
0 0.8996158713879369 0.3125174514314361 0.05735568966125674 0.08422825710493043
0 0.8944129181884669 0.38668533381376896 0.04097905240499265 0.10148150669338883
0 0.5283068783068783 0.53954802259887 0.04497354497354497 0.03954802259887006
0 0.6497354497354497 0.5371939736346516 0.04126984126984127 0.044256120527306965
0 0.4847665780756884 0.326411121586094 0.040170412200520436 0.10985738658174468
0 0.4400609581235367 0.29547906350653425 0.03769353329539903 0.09741893920214753
0 0.31634736083818193 0.296147967233584 0.05381835986003901 0.08953253727914776
0 0.8828042328042328 0.05602636534839925 0.04708994708994709 0.1120527306967985
0 0.9142740711062933 0.12044372214932415 0.05094877550665996 0.0995942635732172
0 0.8786838063644259 0.23779007274542113 0.06005665027425479 0.08635823723338178
0 0.9367113756848107 0.1835735746842005 0.047496882494580485 0.0898819785678517
0 0.9686687495657926 0.16683447715680594 0.03788763618163247 0.1040102763019592
0 0.9933862433862434 0.1224105461393597 0.013227513227513227 0.0847457627118644
0 0.9775754064689663 0.09301203211438024 0.03309800243598012 0.10262452299353426
0 0.8328232993754581 0.3109830031458386 0.05033873786421171 0.07887863268809478
0 0.4261904761904762 0.5221280602636534 0.040740740740740744 0.0743879472693032
0 0.39021164021164023 0.5466101694915254 0.03650793650793651 0.025423728813559324
0 0.36941928797492996 0.34241535176252746 0.03479621995827228 0.10653904591052979
0 0.39143241790009725 0.34634654087763694 0.033516187030090086 0.09890739284219993
0 0.26904761904761904 0.2236346516007533 0.038624338624338624 0.10263653483992467
0 0.309488908510989 0.35889304410913 0.05242966083476163 0.060292981931423725
0 0.7391211534430157 0.4886417050144164 0.04321087013217635 0.0697625299285096
0 0.9246690652548156 0.5003132026870599 0.03179249036194561 0.07620982640287237
0 0.7034391534391534 0.5447269303201506 0.03015873015873016 0.02919020715630885
0 0.3842415832324343 0.5053115361376478 0.031429763735330934 0.08181019572558126
0 0.3072863101510026 0.49015228190408766 0.03699805886381265 0.09171987349660804
0 0.2544973544973545 0.4533898305084746 0.009523809523809525 0.0743879472693032
0 0.3404761904761905 0.53954802259887 0.05767195767195767 0.03954802259887006
0 0.7672695322800418 0.4231871319627529 0.03017745979089644 0.07512016224293899
0 0.5868323873648876 0.4058885888972943 0.048612791358171974 0.0740224901854121
0 0.5151381407528183 0.40812262092884466 0.046718221111750995 0.08135805410524997
0 0.493184209016491 0.486831888492856 0.048282293391095646 0.04488163122051864
0 0.8526267159624512 0.39217834845312705 0.043462680823800094 0.06039568226305097
0 0.948997199858409 0.4753502737943523 0.04337949387255735 0.05757082350598904
0 0.7680841625437542 0.4777270456454981 0.03995308000633019 0.0666415820229559
0 0.9812169312169312 0.3935969868173258 0.03756613756613757 0.060263653483992465
0 0.2365079365079365 0.5951035781544256 0.026455026455026454 0.07156308851224105
0 0.19281701123952824 0.6441509753038852 0.0584603493353719 0.15757588840571587
0 0.22962962962962963 0.7528248587570622 0.04021164021164021 0.10828625235404897
0 0.2275132275132275 0.8799435028248588 0.044444444444444446 0.11393596986817325
0 0.23412698412698413 0.9387947269303202 0.031216931216931216 0.04143126177024482
0 0.047619047619047616 0.5936911487758946 0.09523809523809523 0.0687382297551789
0 0.05130584901309364 0.6675748015592716 0.05971940279349231 0.11074165007842313
0 0.00873015873015873 0.6459510357815442 0.01746031746031746 0.1016949152542373
0 0.07911172123912072 0.7786265546069755 0.06052579316006938 0.12020719412671214
0 0.11626529880588672 0.741243846507183 0.05523028819327332 0.15539656008584934
0 0.1586592888364551 0.7743078866895923 0.07662064090306639 0.12922059655467028
0 0.17665807164195624 0.812139382863846 0.06512582369527894 0.07931876246203567
0 0.1730457947866309 0.8596931739154572 0.09027083840048035 0.09105432331542829
0 0.0068783068783068784 0.9585687382297552 0.013756613756613757 0.08286252354048965
0 0.025396825396825397 0.966572504708098 0.04338624338624339 0.06685499058380415
0 0.07645502645502646 0.980225988700565 0.03968253968253968 0.03954802259887006
0 0.12645502645502646 0.9783427495291902 0.0656084656084656 0.04331450094161959
0 0.7218178735945434 0.6166493176962332 0.06743632869791462 0.08610749232750854
0 0.886839530868518 0.6480041381830748 0.06373262499421091 0.08576205498760146
0 0.9581436873347268 0.7579482093012596 0.0442645715145864 0.10554407418463013
0 0.8665043699245847 0.8085602874147655 0.0418431505769604 0.09498886597640775
0 0.9920634920634921 0.8253295668549906 0.015873015873015872 0.0856873822975518
0 0.9904761904761905 0.9058380414312618 0.01904761904761905 0.09416195856873823
0 0.966446662119194 0.8338452803575261 0.03616393951348824 0.08131270986263166
0 0.9629868946744807 0.8865779791304179 0.04371224167752906 0.06887025853423741
0 0.9166396400864799 0.8446939253369151 0.037471701425417774 0.08988598251664846
0 0.8656822306927403 0.9239847109229912 0.04624682838804114 0.06535052114856447
0 0.8518518518518519 0.9792843691148776 0.047619047619047616 0.04143126177024482
0 0.9042188826900452 0.9604451180125355 0.041122196999521576 0.0705067567485358
0 0.7771628179441521 0.856569573632578 0.04117315529122621 0.10807284379320072
0 0.6813843729874797 0.936844670669635 0.03092839218997811 0.08270246711985324
0 0.7012383824016755 0.9480867496088747 0.024773288727005193 0.08870162592268137
0 0.5775068149386006 0.7600082726226212 0.06191899186113742 0.11376390160114645
0 0.5521459584226583 0.8036555486548306 0.03479846979616755 0.08869762197388471
0 0.5938815678214711 0.8681158003835213 0.04315541216468095 0.06787929075713484
0 0.6233714276134148 0.8750919131426632 0.05342790424967663 0.09419128701616948
0 0.5037058964907138 0.9057179229673573 0.03872850504564316 0.0608931681260008
0 0.6159838747571212 0.937787641826794 0.05699521287253745 0.07198720249099468
0 0.39530325496073276 0.7275204457076261 0.03928083488270062 0.09756698377639351
0 0.3351798975295059 0.7284860889860943 0.042510896024799016 0.09974631209626006
0 0.4822147521164594 0.8478410004408846 0.030482478612120445 0.08547797768550021
0 0.4577513473509707 0.8413336955001879 0.029146987716442963 0.07596308544579579
0 0.4297135189844334 0.8030353934818875 0.03972899829845355 0.0769500492741017
0 0.2642857142857143 0.7330508474576272 0.0291005291005291 0.05743879472693032
0 0.2613756613756614 0.8931261770244822 0.02328042328042328 0.05555555555555555
0 0.29145002261331576 0.9098665753577302 0.03418843215371947 0.06798199108876231
0 0.33434875894608007 0.9152762082409 0.03043152032041587 0.047911890640835286
0 0.3145513324183271 0.8969966565047126 0.028509221090247252 0.054305834974986
0 0.31885309364599873 0.7922261375875398 0.03460661674782949 0.06426486093742796
0 0.26904761904761904 0.7650659133709982 0.038624338624338624 0.04990583804143126
0 0.2701058201058201 0.8041431261770244 0.040740740740740744 0.04519774011299435