0 0.1648096894706738 0.06809145129224652 0.045294498729864706 0.11829025844930417
0 0.14441340782122905 0.020377733598409543 0.0553072625698324 0.040755467196819085
0 0.16871508379888267 0.009940357852882704 0.04357541899441341 0.019880715705765408
0 0.4142458100558659 0.05964214711729622 0.030726256983240222 0.11928429423459244
0 0.33775513690601383 0.0437375745526839 0.04924694652807949 0.06560636182902585
0 0.30307262569832405 0.033797216699801194 0.037430167597765365 0.06759443339960239
0 0.39273743016759777 0.01739562624254473 0.04692737430167598 0.03479125248508946
0 0.3848921670154869 0.06510934393638171 0.04718783544914543 0.08349900596421471
0 0.6933403153140888 0.3663021868787276 0.0598614716677443 0.06560636182902585
0 0.6849162011173184 0.3866799204771372 0.0446927374301676 0.04572564612326044
0 0.936334110279019 0.33548707753479123 0.05642867735572351 0.1143141153081511
0 0.9379823923665351 0.10487077534791253 0.04542409489922698 0.07455268389662027
0 0.8687150837988827 0.0268389662027833 0.041340782122905026 0.0536779324055666
0 0.9641091450330238 0.06312127236580517 0.05766584052791901 0.06958250497017893
0 0.6127464820416028 0.2659045725646123 0.06166421794934596 0.07852882703777336
0 0.7061122452282192 0.24453280318091453 0.06021252325289292 0.10139165009940358
0 0.732122905027933 0.02385685884691849 0.04078212290502793 0.04771371769383698
0 0.6165583134287896 0.08499005964214712 0.03544624044080559 0.08250497017892644
0 0.6070430176297333 0.05467196819085487 0.040318150474966806 0.06660039761431412
0 0.5502793296089385 0.37922465208747513 0.0446927374301676 0.06063618290258449
0 0.4923797991713908 0.268389662027833 0.053745474569858634 0.06858846918489066
0 0.4823901451049802 0.21819085487077536 0.04613877704383678 0.09045725646123261
0 0.4511173184357542 0.2271371769383698 0.043016759776536316 0.05864811133200795
0 0.44664804469273744 0.2798210735586481 0.03407821229050279 0.07256461232604373
0 0.5860561944407765 0.3071570576540755 0.048542015816390595 0.05069582504970179
0 0.7223253071165953 0.10337972166998012 0.03654405601071824 0.0805168986083499
0 0.7893839161276882 0.10536779324055666 0.05261840470118374 0.06759443339960239
0 0.764407977507804 0.06510934393638171 0.05929306101694649 0.06461232604373758
0 0.4619149276638946 0.03876739562624255 0.03812251933514159 0.0705765407554672
0 0.5053072625698324 0.38966202783300197 0.04860335195530726 0.039761431411530816
0 0.6237496507274033 0.33399602385685884 0.05209875121498974 0.07157057654075547
0 0.6768156424581006 0.021371769383697812 0.05195530726256983 0.042743538767395624
0 0.441340782122905 0.10387673956262425 0.02346368715083799 0.06858846918489066
0 0.5405109859963632 0.10636182902584493 0.036407535949827145 0.06660039761431412
0 0.5812849162011173 0.38220675944334 0.038547486033519554 0.05467196819085487
0 0.4874416772818525 0.334493041749503 0.04073053819903204 0.05168986083499006
0 0.411731843575419 0.4304174950298211 0.035754189944134075 0.041749502982107355
0 0.33324022346368715 0.4676938369781312 0.05977653631284916 0.11630218687872763
0 0.4229050279329609 0.7027833001988072 0.013407821229050279 0.10934393638170974
0 0.12871044750464547 0.8434393638170974 0.06505235144689973 0.13916500994035785
0 0.09189944134078212 0.9612326043737575 0.08435754189944134 0.0775347912524851
0 0.0276536312849162 0.9647117296222664 0.05307262569832402 0.0705765407554672
0 0.015921787709497207 0.7987077534791253 0.031843575418994415 0.09642147117296222
0 0.03635488195360561 0.654572564612326 0.051939900746865136 0.11232604373757456
0 0.13470611042366828 0.6003976143141153 0.053284329681189534 0.07852882703777336
0 0.1456724665148051 0.5223658051689861 0.06238865152687647 0.09542743538767395
0 0.1923414278440801 0.4960238568588469 0.06512343901873724 0.08946322067594434
0 0.1475720927212421 0.45974155069582506 0.04659017049958511 0.07952286282306163
0 0.08939415700303036 0.5372763419483101 0.054931053036058435 0.07554671968190854
0 0.049392928097989314 0.5029821073558648 0.04278682173657421 0.09045725646123261
0 0.08703557904494366 0.4676938369781312 0.038700681418860294 0.07256461232604373
0 0.19134078212290503 0.426441351888668 0.050837988826815644 0.033797216699801194
0 0.02318435754189944 0.7017892644135189 0.04636871508379888 0.08946322067594434
0 0.011731843575418994 0.7395626242544732 0.02346368715083799 0.04771371769383698
0 0.021508379888268158 0.46520874751491054 0.043016759776536316 0.0636182902584493
0 0.011731843575418994 0.5581510934393639 0.02346368715083799 0.05268389662027833
0 0.5151154458369828 0.918986083499006 0.06690668243449722 0.10039761431411531
0 0.45558659217877095 0.8742544731610338 0.05195530726256983 0.07455268389662027
0 0.45251396648044695 0.9085487077534792 0.04581005586592179 0.09542743538767395
0 0.4511173184357542 0.7211729622266402 0.043016759776536316 0.07455268389662027
0 0.4635371274745104 0.7296222664015904 0.0386031670896523 0.06262425447316103
0 0.4654506014640052 0.7823061630218688 0.054694191104567455 0.10834990059642147
0 0.44273743016759776 0.7917495029821073 0.026256983240223464 0.09642147117296222
0 0.6867554700696816 0.9324055666003976 0.06652354900919431 0.11829025844930417
0 0.6418426909944237 0.8245526838966203 0.05809490357643396 0.11332007952286283
0 0.6936746915747877 0.8404572564612326 0.06421090067431974 0.110337972166998
0 0.7518400483186867 0.8185884691848907 0.057114105201570856 0.1272365805168986
0 0.6916295732408623 0.7743538767395626 0.06957320989591231 0.0874751491053678
0 0.6728573946151508 0.7400596421471173 0.06727031299395846 0.0805168986083499
0 0.5962542355062392 0.7047713717693836 0.07297392236777896 0.09244532803180915
0 0.6420650707384846 0.5909542743538767 0.054284630921894186 0.06660039761431412
0 0.6328555313057372 0.6202783300198808 0.04583648262329215 0.05964214711729622
0 0.5830046303409412 0.5785288270377733 0.04149397750824577 0.07256461232604373
0 0.5353201062172078 0.5298210735586482 0.053803983167383405 0.07455268389662027
0 0.4961798309505884 0.5263419483101391 0.04264055024276222 0.07554671968190854
0 0.5048020912710686 0.5795228628230616 0.03990576275090151 0.08151093439363817
0 0.4787854319081005 0.5755467196819085 0.033114089240089344 0.07256461232604373
0 0.47535970644955955 0.4826043737574553 0.050913172748790064 0.06461232604373758
0 0.4588506396277954 0.5651093439363817 0.03484857549124527 0.07852882703777336
0 0.44581005586592176 0.5914512922465208 0.03240223463687151 0.073558648111332
0 0.6590742881806011 0.5024850894632207 0.04613877704383672 0.09045725646123261
0 0.646858334904907 0.481610337972167 0.032016273670176704 0.07455268389662027
0 0.6255937408396586 0.5064612326043738 0.04331622665568886 0.0874751491053678
0 0.6889290607261753 0.584493041749503 0.05055929362224967 0.08548707753479125
0 0.7250517569462311 0.5651093439363817 0.054853041572692114 0.06759443339960239
0 0.7919780872085209 0.46819085487077533 0.0559703600084463 0.06759443339960239
0 0.8 0.4279324055666004 0.04581005586592179 0.036779324055666
0 0.7128491620111732 0.4254473161033797 0.049162011173184354 0.03180914512922465
0 0.8018493103091862 0.5347912524850894 0.04876629877356884 0.073558648111332
0 0.8263055954428764 0.5790258449304175 0.04464115272417151 0.05168986083499006
0 0.9384908806491122 0.6252485089463221 0.04936396372312903 0.0775347912524851
0 0.8278422254942246 0.6217693836978131 0.043091943698510736 0.06461232604373758
0 0.8615170221272594 0.7514910536779325 0.06174222941271228 0.08648111332007952
0 0.9826815642458101 0.8265407554671969 0.034636871508379886 0.09244532803180915
0 0.9538071551892457 0.8767395626242545 0.056665539287214364 0.08151093439363817
0 0.9201462063392685 0.8623260437375746 0.05141049582775062 0.11530815109343936
0 0.8838138543114158 0.860337972166998 0.05411602902084869 0.10636182902584493
0 0.8881138917490147 0.8146123260437376 0.046580419066664526 0.07852882703777336
0 0.5436698158583273 0.8399602385685885 0.05658470028245615 0.13021868787276342
0 0.9810055865921787 0.5765407554671969 0.03798882681564246 0.08349900596421471
0 0.9932960893854749 0.5178926441351889 0.013407821229050279 0.05765407554671968
0 0.9262569832402234 0.4289264413518887 0.03798882681564246 0.03876739562624255
0 0.9807262569832402 0.4403578528827038 0.038547486033519554 0.061630218687872766
0 0.75 0.4234592445328032 0.036312849162011177 0.027833001988071572