0 0.5380208333333333 0.024074074074074074 0.06875 0.04814814814814815
0 0.44635416666666666 0.0587962962962963 0.06770833333333333 0.1175925925925926
0 0.3436491812556446 0.17920542962332098 0.06747276514684704 0.12508616321159285
0 0.3499248394825391 0.3760773862245445 0.06624153679253553 0.10834933407371847
0 0.6022096974359175 0.3807290306799978 0.05405726791297004 0.11407284217214056
0 0.4163938666604742 0.42041877390233695 0.04706517676456461 0.08367142535922599
0 0.5754734838119865 0.38737101106919325 0.04673390511887613 0.1001977670834772
0 0.5319710149308731 0.486275492395281 0.06637547648795229 0.08719336271983762
0 0.6200520833333333 0.362962962962963 0.019270833333333334 0.07407407407407407
0 0.29661458333333335 0.5787037037037037 0.0578125 0.08148148148148149
0 0.3942183685268333 0.4798247182690844 0.06403980428903916 0.1052909064111098
0 0.3720470630629658 0.5145533006563796 0.06989514038849573 0.0968735968063432
0 0.3600122744040712 0.5511130141951881 0.06965834204816966 0.09131804125078766
0 0.14817708333333332 0.6097222222222223 0.06510416666666667 0.019444444444444445
0 0.12804768671331962 0.5613049056250805 0.06840380290597754 0.1104818358104012
0 0.18049102530383526 0.47384853396591686 0.06279303540947391 0.11248782640489405
0 0.2328742416938896 0.47997393639636665 0.0601494023527529 0.11121108812292951
0 0.0969634354048295 0.15994255086656314 0.06708648658585036 0.1646203281415768
0 0.05713041818339007 0.26492880628226445 0.07202632545143021 0.1468735968063432
0 0.08332514266358088 0.3508725115855488 0.06996630290597755 0.11069232322402427
0 0.03229166666666667 0.13194444444444445 0.06458333333333334 0.13425925925925927
0 0.15192473982753044 0.4066758227304909 0.048099073168604414 0.09577862486747074
0 0.25307765047865316 0.34394044139161595 0.08040689543744482 0.13695524770576314
0 0.014583333333333334 0.3726851851851852 0.029166666666666667 0.13425925925925927
0 0.013802083333333333 0.45416666666666666 0.027604166666666666 0.09537037037037037
0 0.005989583333333334 0.5171296296296296 0.011979166666666667 0.08611111111111111
0 0.0171875 0.041666666666666664 0.034375 0.08333333333333333
0 0.023177083333333334 0.5740740740740741 0.04635416666666667 0.09074074074074075
0 0.07838345856724142 0.5159679762851944 0.06017332821755351 0.13607076318051406
0 0.06674333380889017 0.5432684305647438 0.06202763347318765 0.11882898294396009
0 0.04635416666666667 0.5875 0.04479166666666667 0.06388888888888888
0 0.6753132708127553 0.17042383994192445 0.08533896404039774 0.13117539093635888
0 0.7000827050427565 0.34510920229156944 0.06691246542345937 0.1240900748144591
0 0.6450520833333333 0.6032407407407407 0.030729166666666665 0.032407407407407406
0 0.6528645833333333 0.5842592592592593 0.04635416666666667 0.07037037037037037
0 0.6533854166666667 0.4476851851851852 0.04739583333333333 0.1175925925925926
0 0.702472461541598 0.4795300539286224 0.0666517412183327 0.0936748442013191
0 0.7372349702564344 0.4013323947936781 0.057221734303024616 0.1154197429253128
0 0.7659561587770228 0.3665549173705535 0.0570010915648723 0.14669073699317112
0 0.7990449235074032 0.3644936715751583 0.04821747233876745 0.09855640264524852
0 0.8295489472276842 0.39234961219433623 0.06841934343123128 0.08654808667874257
0 0.8357576356068702 0.5785032581762038 0.05023741341724583 0.07305145154656893
0 0.8130208333333333 0.5861111111111111 0.04375 0.06666666666666667
0 0.7861979166666667 0.5875 0.0359375 0.06388888888888888
0 0.7541666666666667 0.586574074074074 0.04375 0.06574074074074074
0 0.72890625 0.5856481481481481 0.0484375 0.06759259259259259
0 0.97578125 0.6087962962962963 0.0484375 0.021296296296296296
0 0.9679273255105204 0.5623177421530448 0.057087179530688086 0.07581541552412116
0 0.9888020833333333 0.5740740740740741 0.022395833333333334 0.08518518518518518
0 0.98125 0.3226851851851852 0.0375 0.09907407407407408
0 0.9640625 0.2657407407407407 0.071875 0.12407407407407407
0 0.9708333333333333 0.4078703703703704 0.058333333333333334 0.10648148148148148
0 0.9582850611966066 0.4567196517267327 0.06517594426106825 0.08334933407371847
0 0.8171942347785814 0.4609940951200048 0.04373507455166603 0.09058769546817934
0 0.8701736396892243 0.4285532466821131 0.056968780360524815 0.07303763774634338
0 0.8500067347785815 0.465414330806091 0.06934261092773492 0.08391063384338024
0 0.4153645833333333 0.6851851851851852 0.09322916666666667 0.13148148148148148
0 0.1974914239238699 0.7875876579924838 0.09390132545143028 0.14982042059706732
0 0.1327780360264332 0.7635044900781374 0.10902941798289731 0.1767148073196756
0 0.5341145833333333 0.6532407407407408 0.06614583333333333 0.06759259259259259
0 0.5457920217125195 0.7148432450368883 0.08361859848018013 0.12726119981903203
0 0.5825185419751463 0.7318968987652772 0.05082940926806098 0.08694034043545792
0 0.04401511154469422 0.7813468245448704 0.08253031023775227 0.1989221222715926
0 0.028125 0.8574074074074074 0.05625 0.1388888888888889
0 0.09247172966280157 0.848870894871375 0.08805375961460046 0.1462708556360046
0 0.06510416666666667 0.9351851851851852 0.103125 0.12962962962962962
0 0.013541666666666667 0.9481481481481482 0.027083333333333334 0.1037037037037037
0 0.22083333333333333 0.975925925925926 0.075 0.04814814814814815
0 0.24088541666666666 0.9402777777777778 0.06927083333333334 0.11944444444444445
0 0.2752604166666667 0.9439814814814815 0.07864583333333333 0.11203703703703703
0 0.4068968898974576 0.925683692918115 0.08322393457963694 0.11800194055977298
0 0.4236508746837797 0.8767223161860053 0.06343226791297027 0.11533576665387954
0 0.45802556714531983 0.9120840010192895 0.053165696543894116 0.12960309549925814
0 0.4122395833333333 0.9680555555555556 0.07552083333333333 0.06388888888888888
0 0.5013020833333334 0.9263888888888889 0.0671875 0.14722222222222223
0 0.5232765590551833 0.8375278834870337 0.07952309433099553 0.14051862646705152
0 0.6002604166666666 0.836574074074074 0.058854166666666666 0.14537037037037037
0 0.5629184768966783 0.9029332658770811 0.04196747233876744 0.09771445299075586
0 0.5348958333333333 0.9467592592592593 0.04791666666666667 0.10648148148148148
0 0.590625 0.975462962962963 0.046875 0.049074074074074076
0 0.98828125 0.7287037037037037 0.0234375 0.1259259259259259
0 0.8450520833333334 0.6541666666666667 0.06822916666666666 0.06944444444444445
0 0.7515106502704199 0.7284912300053267 0.06598919792695573 0.12672752764982154
0 0.6419270833333334 0.6550925925925926 0.024479166666666666 0.0712962962962963
0 0.6471354166666666 0.7078703703703704 0.034895833333333334 0.09166666666666666
0 0.6643577699798221 0.7269943637344268 0.04252777206215514 0.09871054138788972
0 0.6845952223310268 0.7376361517175021 0.041241536792535526 0.10498153545574783
0 0.7081944730225576 0.743143358972268 0.043798466806520955 0.11637329645169003
0 0.7313751339487445 0.7830501504287086 0.04133601009789801 0.08289963817594105
0 0.9220030964646782 0.9069760998455803 0.06421321037451028 0.08506086098315488
0 0.7479099008205482 0.9542980984242153 0.04314307870085094 0.07669880657929046
0 0.8401297120248955 0.8922218069266611 0.06752777206215513 0.10207834000586015
0 0.80078125 0.9643518518518519 0.03697916666666667 0.0712962962962963
0 0.8287733147210916 0.9558789409665485 0.03906311507691988 0.06602248409565142
0 0.8565198064227217 0.9316794492203644 0.04839864868686554 0.06635948265146428
0 0.8901805262704303 0.946923239232618 0.043095842048169665 0.08773975521919385
0 0.93828125 0.9694444444444444 0.059895833333333336 0.06111111111111111
0 0.9028645833333333 0.9893518518518518 0.050520833333333334 0.021296296296296296
0 0.7786458333333334 0.9782407407407407 0.04791666666666667 0.04351851851851852
0 0.7637092295213992 0.8847207826725082 0.04629977482827836 0.09001258189829202