0 0.10845799769850403 0.6905737704918032 0.0903337169159954 0.09836065573770492
0 0.4945339470655926 0.6931352459016393 0.07077100115074798 0.0932377049180328
0 0.4944206336829431 0.6414751823006455 0.05905813989334516 0.10363930279759649
0 0.441751690754982 0.5969955476886359 0.058148796321228303 0.1096555263390402
0 0.48166970663880204 0.5577603478024035 0.05339696512733669 0.09075329234064973
0 0.5097813578826237 0.5727459016393442 0.04027617951668585 0.08401639344262295
0 0.5135212888377445 0.47899590163934425 0.03279631760644419 0.10348360655737705
0 0.4838443178595933 0.48050227850697663 0.04780416147243119 0.09419506578557224
0 0.3821440743543236 0.5614677096805394 0.058659742191466815 0.13725380204418816
0 0.34568421691144496 0.5345183559113791 0.06154870918386648 0.12330349207559523
0 0.4152218964127618 0.47762312831544784 0.06141196696166158 0.09064792427185667
0 0.45782363192458153 0.4283916869875122 0.05900186580916482 0.07303291532172679
0 0.4454491480847823 0.47366375037670067 0.05291415629918835 0.07845821037343662
0 0.4114818314265483 0.4051200068865738 0.05844253183123685 0.10254905391258064
0 0.41957716736780515 0.3302462915115942 0.05394420207834203 0.07551575732379642
0 0.3838959597882995 0.3491080308746162 0.06869065852684135 0.08637853682624436
0 0.15620709136658867 0.5388005304419369 0.05871207328740145 0.12399978863412217
0 0.5112197928653625 0.19774590163934427 0.037399309551208286 0.06762295081967214
0 0.48873446067653453 0.18822456691416822 0.040630132099120704 0.07195642641105261
0 0.4996563069814573 0.07783834408074711 0.04452495081682984 0.0836208705408204
0 0.46822189920797275 0.03960552382162315 0.03451428554705407 0.06207852772482753
0 0.4595873463232945 0.08445080552378174 0.045768263967968036 0.07152276473685186
0 0.5241657077100115 0.13217213114754098 0.011507479861910242 0.06352459016393443
0 0.4509789589865833 0.13592309393097335 0.05288601925709818 0.06315501663550176
0 0.4424309227533909 0.18585849709226332 0.05643477136886387 0.09517994660179514
0 0.3751438434982739 0.02459016393442623 0.04602991944764097 0.04918032786885246
0 0.33351404221839764 0.0932276488995365 0.05259228374708911 0.0702614890619613
0 0.25313458245690507 0.039670209653308454 0.05332859401623424 0.0744255084387805
0 0.2852007723387579 0.120160886831385 0.04951424343654992 0.06481024463688151
0 0.3135752853420864 0.1852628568765894 0.0464241060990881 0.07363760378580222
0 0.28016138817941144 0.21202585330621995 0.04897910351246668 0.06576917607973448
0 0.368849451254145 0.1998652299317967 0.04145900753321249 0.06389102254174023
0 0.4013399363236581 0.17473760682969006 0.047574854085279124 0.07376892122796526
0 0.3427603942080307 0.16408242231420156 0.042155083733345346 0.06703045175462499
0 0.3595432842853638 0.4222669542266487 0.04988844708458354 0.05975295253829089
0 0.3003119770579546 0.4427961109900787 0.06508142128046436 0.1257466247299532
0 0.2452852640734312 0.429185498738265 0.07131797003956808 0.13869829390798163
0 0.07105174038845295 0.5485180211620022 0.07024769019140187 0.1406161567936874
0 0.12866539678559794 0.43790356338010905 0.06500095314243969 0.12369744440208448
0 0.07202116700190297 0.4071375532257363 0.0505361351770272 0.12000679604717752
0 0.03824095216768574 0.34112245578490474 0.04792486367946827 0.09726883627737552
0 0.036894814287708695 0.2076562196019324 0.054386776837478355 0.08678624912707511
0 0.14988322176944335 0.10908265946541065 0.05739644603691523 0.0759097096502856
0 0.0060414269275028765 0.17879098360655737 0.012082853855005753 0.08094262295081968
0 0.20510295106035195 0.05943131643761598 0.041635983824430046 0.09757118050941324
0 0.17647507064711965 0.05912818691792159 0.04005475810602519 0.07189076768997106
0 0.13397235090698598 0.34651806262670065 0.06926603251993686 0.0864441955473259
0 0.5477560414269275 0.45338114754098363 0.03567318757192175 0.1096311475409836
0 0.5877445339470656 0.03790983606557377 0.04200230149597238 0.07581967213114754
0 0.5535097813578826 0.03278688524590164 0.04027617951668585 0.06557377049180328
0 0.5486191024165707 0.0860655737704918 0.037399309551208286 0.06352459016393443
0 0.5388377445339471 0.1168032786885246 0.017836593785960874 0.07581967213114754
0 0.5526467203682394 0.3119877049180328 0.045454545454545456 0.11577868852459017
0 0.5826715003565384 0.2557631997107374 0.07890249414167902 0.11304383046190934
0 0.6485156655163005 0.27833936854080565 0.04329373469261401 0.08144037277078855
0 0.6311718720601949 0.23135860782818418 0.05861556513420883 0.09236881099431792
0 0.7534608000905276 0.12203373095752178 0.04485892039585118 0.07753898827829536
0 0.7435244204142228 0.06145768854274175 0.03758022883067142 0.08180837572390767
0 0.6726007710571946 0.20470097946734675 0.04436401454078035 0.07952250988508279
0 0.8043169703566235 0.08869031715774063 0.04004266107910283 0.08616937126397155
0 0.7763710976224788 0.09289935529412889 0.045768263967968036 0.07152276473685189
0 0.8386122080804177 0.1561766411233923 0.05900186580916482 0.07303291532172691
0 0.946613428467648 0.08979215775586764 0.04485892039585118 0.07753898827829536
0 0.9312212554208279 0.13897858032423424 0.051240365415836195 0.06500722080012611
0 0.987054085155351 0.07325819672131148 0.025891829689298044 0.06864754098360656
0 0.8435795462026012 0.27035966566817016 0.051429438733975985 0.08440877519379866
0 0.7899349941166365 0.2871912940895224 0.06063542262350418 0.08545931473110299
0 0.7718047988517595 0.35505014513249394 0.0665903328995212 0.09123885276159031
0 0.8201463398045818 0.3857436165786145 0.05425397760351891 0.09799108220927226
0 0.7868612988876206 0.46757184697637805 0.053425102169426864 0.10605648607858457
0 0.8496957948479458 0.4792714763296567 0.06770084681669994 0.09034558003981898
0 0.8757987863840124 0.4344727839623805 0.056221503996879876 0.10433559935612344
0 0.9234985537267596 0.45962949758848387 0.06827622080979545 0.09041123876090051
0 0.8697957560624917 0.5289977139286739 0.06386230218317089 0.10928752338592074
0 0.8208428180979923 0.6013938967134413 0.053775111763616275 0.12955640112799485
0 0.8960418063964098 0.6045425617764669 0.06841296303200035 0.12306680656463907
0 0.8714039125431531 0.6787909836065574 0.056962025316455694 0.12192622950819672
0 0.8262370540851554 0.6782786885245902 0.06444188722669736 0.12295081967213115
0 0.9453394706559264 0.7223360655737705 0.07249712313003452 0.03483606557377049
0 0.9807249712313003 0.6700819672131147 0.03855005753739931 0.12090163934426229
0 0.9526237135824634 0.6587756576197092 0.05306299554831561 0.09683517460317474
0 0.9026843707716976 0.3916247838413509 0.05454771311352771 0.09088460978281282
0 0.8748389491789912 0.32034244345199925 0.061061957367472434 0.0671480092224464
0 0.8664799862639383 0.3508762922196166 0.05909443097411147 0.06080349207559522
0 0.8797617081506389 0.26062074969893567 0.04645224314117827 0.08894079752373714
0 0.9723820483314154 0.5163934426229508 0.05523590333716916 0.0860655737704918
0 0.9480041454981609 0.3971631122366814 0.05771831858901434 0.08410643096176108
0 0.9784985650389452 0.17489349067164914 0.04050942989208336 0.06888265591924927
0 0.09579976985040276 0.9462090163934426 0.09953970080552359 0.10758196721311475
0 0.2937284234752589 0.9380122950819673 0.09608745684695051 0.12397540983606557
0 0.23964326812428077 0.975922131147541 0.0903337169159954 0.04815573770491803
0 0.16772151898734178 0.9487704918032787 0.0811277330264672 0.10245901639344263
0 0.2336018411967779 0.9144467213114754 0.07825086306098965 0.1711065573770492
0 0.3406445646899133 0.8548378384195943 0.10731303016358881 0.1509658559265114
0 0.39902186421173763 0.8299180327868853 0.0811277330264672 0.18032786885245902
0 0.29430379746835444 0.7581967213114754 0.06386651323360185 0.036885245901639344
0 0.22669735327963175 0.7781762295081968 0.09781357882623705 0.07684426229508197
0 0.49320926653104813 0.8715979010220904 0.06692824546678798 0.129017371385001
0 0.49510932105868816 0.9590163934426229 0.06962025316455696 0.08196721311475409
0 0.13364469790361108 0.8677496106481715 0.07369993414997494 0.14101010912017656
0 0.0981012658227848 0.8237704918032787 0.07537399309551208 0.1680327868852459
0 0.08515535097813579 0.7909836065573771 0.07479861910241657 0.10245901639344263
0 0.5017261219792866 0.7674180327868853 0.05638665132336018 0.055327868852459015
0 0.5083429228998849 0.805327868852459 0.043153049482163405 0.13114754098360656
0 0.4407364787111623 0.7530737704918032 0.06098964326812428 0.02663934426229508
0 0.8317031070195627 0.9298155737704918 0.07767548906789414 0.1403688524590164
0 0.9125851295226988 0.9462907560711373 0.06135963586572721 0.10390193768192267
0 0.9576152457584914 0.9737921142699764 0.07316900527632265 0.03996963521715749
0 0.9720943613348677 0.8165983606557377 0.05581127733026467 0.14549180327868852