0 0.2760196905766526 0.313125 0.06258790436005626 0.07375
0 0.16736990154711673 0.075625 0.08016877637130802 0.15125
0 0.12417343880662378 0.13751161426534253 0.0804108356299444 0.1292508284711954
0 0.08907983178019363 0.18196726840995567 0.07752557597091343 0.1464961604864179
0 0.026722925457102673 0.095 0.053445850914205346 0.11
0 0.014767932489451477 0.039375 0.029535864978902954 0.07875
0 0.09936794620006491 0.27796047355058817 0.05223637507314019 0.12596348459297488
0 0.15119549929676512 0.33875 0.07876230661040788 0.0225
0 0.16912798874824192 0.329375 0.08368495077355836 0.04125
0 0.20182841068917018 0.306875 0.090014064697609 0.08625
0 0.5780590717299579 0.07625 0.090014064697609 0.1525
0 0.7949993338161737 0.25500512224837 0.075731328701173 0.15509335969555124
0 0.8533755274261603 0.276875 0.07383966244725738 0.14625
0 0.9462025316455697 0.19875 0.10759493670886076 0.1525
0 0.9711673699015471 0.10125 0.057665260196905765 0.185
0 0.9268635724331927 0.314375 0.090014064697609 0.07125
0 0.6761603375527426 0.286875 0.1019690576652602 0.12625
0 0.5924753867791842 0.28 0.0850914205344585 0.14
0 0.5520393811533052 0.28 0.08720112517580872 0.14
0 0.7756680731364276 0.3275 0.08720112517580872 0.045
0 0.20140041873236983 0.5228330281649967 0.11844839505342171 0.15320030910983776
0 0.17229254571026723 0.410625 0.11251758087201125 0.12125
0 0.07911392405063292 0.4075 0.10056258790436005 0.115
0 0.12716825664724338 0.4892581332907568 0.09833334183549267 0.2178204340072611
0 0.2206686747711299 0.6533147704614842 0.13223325637155756 0.18536711385503693
0 0.27593656674137634 0.7337667922103139 0.10193964691534581 0.22057510199203875
0 0.11373770770868895 0.7640034653059792 0.08031126069428443 0.1653989612772844
0 0.05590717299578059 0.666875 0.11181434599156118 0.18375
0 0.38220815752461323 0.775 0.05555555555555555 0.1575
0 0.0450070323488045 0.82 0.090014064697609 0.1525
0 0.02109704641350211 0.450625 0.04219409282700422 0.17125
0 0.3590014064697609 0.93 0.1019690576652602 0.14
0 0.3829113924050633 0.880625 0.05414908579465542 0.17625
0 0.27997733163248506 0.8857043957692133 0.0750826034175815 0.11764429329250675
0 0.44655414908579466 0.600625 0.07313642756680731 0.16375
0 0.48929806001041426 0.6643663811084376 0.09902821043362796 0.15927416839508324
0 0.9246669710414673 0.5962646096391226 0.097089322889426 0.20276950041030573
0 0.990506329113924 0.648125 0.0189873417721519 0.15625
0 0.7078112970517084 0.773560930947902 0.09433089296448445 0.16516763321639474
0 0.4490154711673699 0.844375 0.07805907172995781 0.13125
0 0.42053445850914206 0.75 0.02109704641350211 0.19
0 0.7489694260741522 0.8542442807576215 0.09252720143668668 0.21241296523161707
0 0.7925457102672293 0.91125 0.0970464135021097 0.1775
0 0.8308245084972259 0.8915044451983721 0.08550429689024315 0.17325549645597305
0 0.9718706047819972 0.95625 0.04922644163150492 0.0875
0 0.8628691983122363 0.980625 0.08157524613220815 0.03875
0 0.8055555555555556 0.98125 0.0710267229254571 0.0375
0 0.44057665260196904 0.92125 0.06118143459915612 0.13
0 0.5943347946413962 0.8800157566213196 0.08436821916215138 0.18065362926206205
0 0.5189873417721519 0.933125 0.06891701828410689 0.13375