0 0.23049381777080596 0.31970323729500894 0.06416817810727454 0.15173473562857154
0 0.3905027932960894 0.05964214711729622 0.06368715083798883 0.11928429423459244
0 0.27262569832402234 0.05616302186878728 0.05139664804469274 0.11232604373757456
0 0.04646798090178901 0.14621103355250148 0.03717377551531779 0.09511858242470299
0 0.016201117318435754 0.1779324055666004 0.03240223463687151 0.073558648111332
0 0.038547486033519554 0.05019880715705766 0.04581005586592179 0.10039761431411531
0 0.0036312849162011174 0.1312127236580517 0.007262569832402235 0.08548707753479125
0 0.012290502793296089 0.05168986083499006 0.024581005586592177 0.06560636182902585
0 0.9332402234636872 0.3374751491053678 0.06759776536312849 0.1242544731610338
0 0.851093077252171 0.23631403630776524 0.07032643024093017 0.15615642116854003
0 0.9877094972067039 0.12276341948310139 0.024581005586592177 0.10636182902584493
0 0.903365277479304 0.13562868877944498 0.06680871553681912 0.10521757299221159
0 0.958659217877095 0.04572564612326044 0.05251396648044693 0.09145129224652088
0 0.8100558659217877 0.06262425447316103 0.055865921787709494 0.12524850894632206
0 0.7650124300274453 0.2569651487778638 0.06012105584355371 0.10970170566539963
0 0.9108667358542232 0.06204050845306591 0.05169241481161834 0.09418361106950861
0 0.9297587684581086 0.09197550463876172 0.048912119459240705 0.09795723493847293
0 0.9089385474860335 0.015904572564612324 0.05921787709497207 0.03180914512922465
0 0.7103351955307262 0.04125248508946322 0.06201117318435754 0.08250497017892644
0 0.6039106145251396 0.04324055666003976 0.04692737430167598 0.08648111332007952
0 0.6572625698324023 0.01242544731610338 0.05977653631284916 0.02485089463220676
0 0.024581005586592177 0.6237574552683897 0.049162011173184354 0.14214711729622267
0 0.09978599551113378 0.6178726897885687 0.058484080400945694 0.12150862352554544
0 0.14531853309697046 0.5286077821516728 0.07404528389520605 0.09779183681759662
0 0.073463687150838 0.4438369781312127 0.07430167597765364 0.08846918489065607
0 0.15782122905027932 0.4269383697813121 0.04078212290502793 0.05467196819085487
0 0.2502408350696767 0.5532992205392383 0.08648204497983887 0.14341453195320006
0 0.28354912616592687 0.6154813153167089 0.05231932789878602 0.11509886641500018
0 0.3203198788340052 0.6436231702677515 0.048431464663409876 0.12177358993095354
0 0.38463700670668616 0.7025632653386368 0.05621694168691784 0.11140625025491163
0 0.3560328827648078 0.9098568477225538 0.059097992751105784 0.1384477357298837
0 0.4181564245810056 0.9607355864811133 0.0553072625698324 0.07852882703777336
0 0.38994413407821227 0.9915506958250497 0.06256983240223464 0.016898608349900597
0 0.4824022346368715 0.9831013916500994 0.057541899441340784 0.033797216699801194
0 0.4701117318435754 0.9706759443339961 0.04636871508379888 0.05864811133200795
0 0.48639043007218136 0.9277351818067586 0.06456107792830315 0.10107941443330741
0 0.36979409393210233 0.4591645700819802 0.054436958137224864 0.07947559356237355
0 0.3976667401805689 0.5609958649954965 0.043332027648973544 0.09954026796467161
0 0.3577567330370019 0.553454514842271 0.06001054957898823 0.07590448896559844
0 0.2989416925525417 0.519954311644503 0.05219582089721269 0.07732550657404591
0 0.2976929278913118 0.47482694304998113 0.06897184835478527 0.08351080113362075
0 0.476265057662432 0.7789023693551919 0.04733364733316732 0.12765679693380783
0 0.4990010760142925 0.8289315721582328 0.04725239272686915 0.10280590230160107
0 0.5270459820281115 0.8780789704514707 0.05285198564264769 0.10718708398713168
0 0.5467111860105014 0.8423671009537028 0.03833334634634701 0.10812205534232583
0 0.5614525139664804 0.889662027833002 0.03687150837988827 0.09145129224652088
0 0.5617318435754189 0.9294234592445328 0.036312849162011177 0.073558648111332
0 0.5279092784204539 0.4432288182422901 0.04160729723156331 0.08450821962203423
0 0.4920445822117543 0.4796182816261095 0.05446945997974433 0.08941595141525625
0 0.47757938471888295 0.5477485454212313 0.04605381968481654 0.07787399996051854
0 0.46148858742828536 0.6005927661076981 0.045530912493710815 0.08876788974425184
0 0.4788214627748815 0.6803308111939019 0.060578959349621014 0.07892710017590092
0 0.5007570556555511 0.6335225326402121 0.02754656144132993 0.05466858548772966
0 0.5076072245614132 0.5883048760489866 0.0482624550823095 0.07008372909596347
0 0.5360468417251141 0.6021437520372719 0.038706745061864244 0.05150251943533231
0 0.5481408946078958 0.5759250066420086 0.03762842883713306 0.063349941149916
0 0.5555865921787709 0.5342942345924453 0.04860335195530726 0.07852882703777336
0 0.6136871508379889 0.9731610337972167 0.06759776536312849 0.0536779324055666
0 0.5986033519553072 0.9388667992047713 0.037430167597765365 0.12226640159045726
0 0.973463687150838 0.9488071570576541 0.05307262569832402 0.10039761431411531
0 0.9111731843575419 0.9314115308151093 0.07486033519553073 0.13717693836978131
0 0.8011173184357542 0.9438369781312127 0.09608938547486033 0.11232604373757456
0 0.751465223349017 0.8762781516974881 0.08598838944700046 0.1632547438045276
0 0.6927881294585364 0.8859982532325408 0.08976899660206301 0.12377683937406131
0 0.6097765363128491 0.7733598409542743 0.05977653631284916 0.18290258449304175
0 0.5879888268156425 0.5601391650099403 0.016201117318435754 0.09840954274353876
0 0.6800756614226718 0.7597135132949302 0.0725058139801558 0.13941982823639065
0 0.7422800343332917 0.7815392818352564 0.06132937943836202 0.13761571536234665
0 0.7104543349276828 0.7783808047191246 0.05401480665792893 0.12118459269004324
0 0.7797264528523167 0.7738553446614835 0.07141774720266894 0.14828514259510953
0 0.8116171559429641 0.7571331060718499 0.08427340958234616 0.15120480281775514
0 0.66907961210686 0.706348640085475 0.08527372138503082 0.11550052225625294
0 0.6750950423701584 0.6601977034906179 0.08242192197911045 0.09740535884887509
0 0.9282485502013257 0.7879322140132399 0.06305085967152035 0.15165372791969586
0 0.8880413374354345 0.7858783126063189 0.07306447319803316 0.13946033209082842
0 0.9715083798882681 0.8300198807157058 0.05698324022346369 0.1172962226640159
0 0.9877094972067039 0.8707753479125249 0.024581005586592177 0.12326043737574553
0 0.9921787709497206 0.8146123260437376 0.01564245810055866 0.09642147117296222
0 0.9891061452513966 0.7415506958250497 0.021787709497206705 0.0874751491053678
0 0.8825053093492959 0.6854089708711562 0.06288835045892377 0.10195193865528224
0 0.8255726332184646 0.5886659837442695 0.06397966742066254 0.09408066008185174
0 0.9578497357616369 0.6173369479761133 0.042172456817944196 0.08653679504704855
0 0.9257463318392155 0.6137017048945562 0.03712177256728707 0.07921400986009056
0 0.916163181489356 0.5552653931225653 0.07026142655589174 0.13627570546277468
0 0.985195530726257 0.562624254473161 0.029608938547486034 0.10536779324055666
0 0.9577331016020222 0.4821885850313462 0.05403105757918867 0.12615477161648447
0 0.8315642458100558 0.4259443339960239 0.06089385474860335 0.05268389662027833
0 0.8572625698324022 0.42047713717693835 0.056424581005586595 0.041749502982107355
0 0.7835195530726257 0.41302186878727637 0.049720670391061456 0.0268389662027833
0 0.7067039106145251 0.4140159045725646 0.04581005586592179 0.02882703777335984
0 0.6893854748603352 0.43290258449304175 0.054748603351955305 0.06660039761431412
0 0.5888268156424581 0.4671968190854871 0.017877094972067038 0.09542743538767395
0 0.6318560174458198 0.5604743003594291 0.052241323476739744 0.09124200756808169
0 0.6712254276216228 0.4771221319404343 0.06559389157350716 0.07531549172468793
0 0.7182728725038926 0.5224073097195668 0.045537412862214605 0.09075596131482827
0 0.7514009646108882 0.5542915649729641 0.05618443984439862 0.10146589240202881
0 0.8665660180998681 0.5210968763265738 0.048843865589950124 0.07708248344741919
0 0.7530771285012471 0.4687032278020783 0.06231019013553504 0.0959472200891149
0 0.830953211170693 0.48044856635055216 0.06447657313775283 0.07523448401581231