0 0.24252392344497609 0.043617021276595745 0.07236842105263158 0.08723404255319149
0 0.17613636363636365 0.06329787234042553 0.0735645933014354 0.12659574468085105
0 0.430622009569378 0.3074468085106383 0.03827751196172249 0.11702127659574468
0 0.4019615646585826 0.31915894698321173 0.0561824338194148 0.11607228562209099
0 0.38299979642092813 0.4071798909374213 0.03942126966388203 0.09166498692392394
0 0.4249401913875598 0.4398936170212766 0.049641148325358854 0.10319148936170212
0 0.41776315789473684 0.05319148936170213 0.06399521531100479 0.10638297872340426
0 0.07057416267942583 0.0425531914893617 0.07655502392344497 0.0851063829787234
0 0.0542343185257947 0.4574366398629033 0.060759025015388664 0.13122595092681683
0 0.044334743092987176 0.36534782030827223 0.05298225636254581 0.08507262277318993
0 0.01854066985645933 0.3819148936170213 0.03708133971291866 0.09148936170212765
0 0.059222113889256287 0.1102870248809287 0.07922922958168893 0.10688282818611039
0 0.1167711115582097 0.12322858500171395 0.07390381611556969 0.15434652130907922
0 0.18459244675942532 0.15098270608354827 0.08326344727114104 0.1241270033105258
0 0.2512225124945496 0.12180335867097213 0.10585308748933145 0.16588992639744368
0 0.3068181818181818 0.08297872340425531 0.06937799043062201 0.16595744680851063
0 0.3380408485784993 0.07432106812279454 0.06237304189829321 0.14725769724488427
0 0.3869217200326699 0.20234875058941917 0.08402867124918321 0.13054713178870833
0 0.3119504274539036 0.3476594752576796 0.06934032855625677 0.11688958022721713
0 0.2388331398069856 0.22060444296596537 0.06113426066827023 0.1227524623837229
0 0.10895017353681237 0.3964977544030903 0.05200893458526233 0.09350896156150525
0 0.2254549124761913 0.4761042788999797 0.047974716895810156 0.07626478643709018
0 0.18380270886782016 0.4296757171347595 0.050519446574779164 0.059429258615237485
0 0.2518198184252838 0.2933214278217128 0.0489349350364327 0.09013172342591114
0 0.10037294826084785 0.3320313595617658 0.0592826406415665 0.07484297220341257
0 0.13429836853373464 0.3693498251766104 0.04908732021779392 0.07314759658494485
0 0.3280266828111195 0.4697330959554748 0.08223441287597748 0.1304356825243729
0 0.30910587451906596 0.536440294410225 0.04163172363557052 0.06206350165526272
0 0.3386972095224907 0.5340694666550745 0.03940651699160313 0.06829788135955339
0 0.1821172248803828 0.5484042553191489 0.04007177033492823 0.0627659574468085
0 0.1507177033492823 0.5553191489361702 0.03708133971291866 0.04893617021276596
0 0.1303827751196172 0.5531914893617021 0.03708133971291866 0.05319148936170213
0 0.013157894736842105 0.3180851063829787 0.02631578947368421 0.08936170212765958
0 0.025119617224880382 0.549468085106383 0.04665071770334928 0.06063829787234042
0 0.09300239234449761 0.5526595744680851 0.04126794258373206 0.05425531914893617
0 0.060406698564593304 0.5574468085106383 0.04066985645933014 0.04468085106382979
0 0.3104066985645933 0.5670212765957446 0.04665071770334928 0.02553191489361702
0 0.3465909090909091 0.5638297872340425 0.037679425837320576 0.031914893617021274
0 0.4395933014354067 0.5180851063829788 0.02033492822966507 0.07872340425531915
0 0.43899521531100477 0.11648936170212766 0.0215311004784689 0.10106382978723404
0 0.9300239234449761 0.019148936170212766 0.056220095693779906 0.03829787234042553
0 0.7671815709913425 0.056833724817696614 0.05869930718944356 0.0981729280130046
0 0.7350478468899522 0.04627659574468085 0.05143540669856459 0.0925531914893617
0 0.7684555848664449 0.09404919249349891 0.053677015050428864 0.0659979861125342
0 0.7803214593088111 0.1354017735032314 0.07761521269878445 0.09085108186804272
0 0.7785296744890322 0.20424169330849787 0.060701663361890604 0.08342791001084171
0 0.8696124993942351 0.38825383074805997 0.05210560714874347 0.07439717514607087
0 0.9567544367780899 0.25017883438848565 0.04145148214526919 0.07798379870899497
0 0.9345933156013755 0.3304068037123322 0.05039491770235792 0.07747721524343781
0 0.9490326005494595 0.3785256793199723 0.04131220060056904 0.07266464977282475
0 0.9652276131544338 0.32211061261783747 0.034385873888206665 0.0817933208005899
0 0.9844497607655502 0.2691489361702128 0.03110047846889952 0.07446808510638298
0 0.9865430622009569 0.35425531914893615 0.026913875598086126 0.06382978723404255
0 0.47188995215311 0.08457446808510638 0.04425837320574163 0.09680851063829787
0 0.5100061865341375 0.11862709973305303 0.05700337041533692 0.12462007367474184
0 0.5805180847773528 0.1233045567380739 0.07495905778405541 0.10343129054095901
0 0.6298061264582485 0.163931022755004 0.06785248958139144 0.12848025862245618
0 0.5697550080915452 0.19270172286501727 0.04181361416148982 0.09181358594303751
0 0.5959733004839393 0.1873437293994461 0.04252312552165177 0.09610605484675208
0 0.6791859822440541 0.43684387993673995 0.03464968430532779 0.0690645131085598
0 0.6523368446356054 0.498182961373823 0.04765519386080867 0.08686593455465198
0 0.5904832670417479 0.49243491803089734 0.044553338003038935 0.08242486663182359
0 0.7881802365011386 0.5270397342244729 0.05017206723083758 0.06896657694556547
0 0.49177610298920477 0.44049302977814114 0.0468899698827665 0.08044580607646909
0 0.4694976076555024 0.35904255319148937 0.039473684210526314 0.07553191489361702
0 0.46411483253588515 0.30319148936170215 0.028708133971291867 0.08085106382978724
0 0.9447247668774607 0.4885459444624201 0.0341761270533474 0.05097940672558107
0 0.8972538484477158 0.11695020880069673 0.046486877920945094 0.08785546483232912
0 0.4339114832535885 0.6260638297872341 0.031698564593301434 0.0925531914893617
0 0.2811004784688995 0.6377659574468085 0.07894736842105263 0.11595744680851064
0 0.0625 0.6686170212765957 0.06279904306220095 0.1776595744680851
0 0.012858851674641148 0.7382978723404255 0.025717703349282296 0.10638297872340426
0 0.02930622009569378 0.6563829787234042 0.05861244019138756 0.15319148936170213
0 0.11244605166050507 0.6674855808870171 0.10671498403085483 0.1531982684601921
0 0.8890550239234449 0.5973404255319149 0.07117224880382775 0.035106382978723406
0 0.9778708133971292 0.7425531914893617 0.04425837320574163 0.08936170212765958
0 0.8754720855129277 0.818155881056374 0.0544291353918101 0.09472139036785335
0 0.9217737748367175 0.7790508376629186 0.04808614213157047 0.08052010558602612
0 0.9095933244662038 0.8858306453621672 0.04620831483154453 0.07721716695998856
0 0.9748803827751196 0.8164893617021277 0.050239234449760764 0.07765957446808511
0 0.9480969406465412 0.7891369509896303 0.048002573204750265 0.07732861622432399
0 0.8297119008537095 0.6377219158544429 0.04733567082580733 0.09746708267221389
0 0.7507022679964462 0.6516868115540775 0.08512652189888795 0.1040628363721927
0 0.7887241703949959 0.6967425271671174 0.05391461819422825 0.09787572997477709
0 0.7227667786634774 0.8660012403748625 0.06209282977327481 0.09094901803103704
0 0.8452310743562659 0.9329836498933868 0.04611164226806325 0.09632895337542294
0 0.5768540669856459 0.6138297872340426 0.06758373205741627 0.06808510638297872
0 0.4674043062200957 0.6175531914893617 0.035287081339712915 0.07553191489361702
0 0.4979066985645933 0.6186170212765958 0.060406698564593304 0.07765957446808511
0 0.5876624035026643 0.8882454470662252 0.046694975720186264 0.0729989975658308
0 0.4647129186602871 0.9207446808510639 0.029904306220095694 0.07127659574468086
0 0.5216901704505844 0.6451333370283836 0.05191061298616323 0.06695036663543281
0 0.5392935756926487 0.6882606549421888 0.04779447540550896 0.09218508349082219
0 0.6026562967519811 0.6944477387917852 0.06552896133832507 0.10815604340067393
0 0.4605263157894737 0.9654255319148937 0.0215311004784689 0.06914893617021277
0 0.8647950513073671 0.9594730070859505 0.04704235506412786 0.06346167923550304
0 0.930322966507177 0.9952127659574468 0.046052631578947366 0.009574468085106383
0 0.9297111295248701 0.8419586375781704 0.05985287045702837 0.07381629217095693
0 0.9829545454545454 0.7877659574468086 0.03409090909090909 0.05638297872340425