0 0.03211805555555555 0.06635802469135803 0.0642361111111111 0.13271604938271606
0 0.10243055555555555 0.051440329218107 0.10069444444444445 0.102880658436214
0 0.3072916666666667 0.021604938271604937 0.09606481481481481 0.043209876543209874
0 0.22916666666666666 0.051440329218107 0.10416666666666667 0.102880658436214
0 0.22907266587565545 0.1063799540643603 0.10949285914974717 0.14255535898546923
0 0.23771204236099625 0.19087498758436358 0.08407713535627831 0.1401540003107873
0 0.1527843631798323 0.20169037545357282 0.08845863995906876 0.19800104393909287
0 0.20493282945171176 0.3023983057191826 0.07032996397587228 0.14136942083166792
0 0.25927185700579547 0.27296987739644024 0.10322150123839935 0.19385512026780966
0 0.3270273817538254 0.2557005141495252 0.07859710516615653 0.1711115048099108
0 0.38136574074074076 0.0720164609053498 0.08101851851851852 0.1440329218106996
0 0.4322916666666667 0.032407407407407406 0.07060185185185185 0.06481481481481481
0 0.39961351749842533 0.34880993996780946 0.059606290462290365 0.10822908389497099
0 0.342144727823554 0.3576309317860967 0.09013577374050852 0.15937414354138293
0 0.3535299407292464 0.4140286799894959 0.07258580146101573 0.10282047873530001
0 0.3504050925925926 0.44753086419753085 0.06076388888888889 0.06378600823045268
0 0.30336571059531736 0.37155758485890117 0.06555861683775979 0.13765933466784622
0 0.27216886659969786 0.3725308486589198 0.05530733501912082 0.11480706357477066
0 0.22193287037037038 0.41872427983539096 0.09780092592592593 0.12139917695473251
0 0.2378472222222222 0.4686213991769547 0.08101851851851852 0.021604938271604937
0 0.026041666666666668 0.17901234567901234 0.052083333333333336 0.17901234567901234
0 0.02141203703703704 0.2875514403292181 0.04282407407407408 0.14917695473251028
0 0.04079861111111111 0.3966049382716049 0.08159722222222222 0.15946502057613168
0 0.07682683018006452 0.3405225065913628 0.08479746105886932 0.19341806779359297
0 0.1249183104267386 0.35838787633206676 0.10304437823019467 0.17747217321935735
0 0.14667290307480563 0.3918560026244262 0.0825064090931949 0.11847110373784057
0 0.14583333333333334 0.426440329218107 0.1111111111111111 0.10596707818930041
0 0.9522569444444444 0.0941358024691358 0.0954861111111111 0.17592592592592593
0 0.8425925925925926 0.07716049382716049 0.09375 0.15432098765432098
0 0.8842592592592593 0.050411522633744855 0.10300925925925926 0.10082304526748971
0 0.6079282407407407 0.027777777777777776 0.10358796296296297 0.05555555555555555
0 0.6566466189565675 0.1493944889533141 0.11026042402183235 0.1968482330526369
0 0.7535322979122414 0.18884298893200221 0.0909151722823663 0.20139929689754707
0 0.8115739222107279 0.19924981467776937 0.10246567452649097 0.17739421491801544
0 0.8417611364067022 0.2773310669374931 0.10089494826340754 0.15571131834506857
0 0.7243611078987757 0.29153581846494253 0.09099791246117786 0.1656249413488979
0 0.6890071692328625 0.35768238376927314 0.07925854904867159 0.13541510756260355
0 0.6410810260794184 0.33621619098330163 0.0825064090931949 0.11847110373784057
0 0.5943004089088114 0.2771205995667704 0.07453444108005342 0.13273382798314398
0 0.6384413106486367 0.27323278876664403 0.08528178193317996 0.14133872349783339
0 0.5271990740740741 0.16718106995884774 0.07523148148148148 0.2191358024691358
0 0.5565959633995752 0.2042377080464456 0.08817530045169851 0.14172851500454273
0 0.5247792366300371 0.28845867254499696 0.06499174680382855 0.12531365565550054
0 0.49508101851851855 0.2926954732510288 0.01099537037037037 0.1388888888888889
0 0.92023437007863 0.19784253582042216 0.12753889046372732 0.18486164821316603
0 0.9329955789989357 0.30670174549283186 0.07269201796018133 0.1427100606213977
0 0.9701967592592593 0.2664609053497942 0.05960648148148148 0.17078189300411523
0 0.8829259704683884 0.33825807095218163 0.07304635948618612 0.12537626528992518
0 0.9250578703703703 0.42746913580246915 0.07928240740740741 0.10390946502057613
0 0.6921296296296297 0.4506172839506173 0.061342592592592594 0.05761316872427984
0 0.5086805555555556 0.45113168724279834 0.03819444444444445 0.056584362139917695
0 0.8619791666666666 0.4645061728395062 0.057291666666666664 0.029835390946502057
0 0.7447916666666666 0.45010288065843623 0.08333333333333333 0.05864197530864197
0 0.0234375 0.9696502057613169 0.046875 0.060699588477366256
0 0.24479166666666666 0.9675925925925926 0.06828703703703703 0.06481481481481481
0 0.3177083333333333 0.9624485596707819 0.07407407407407407 0.07510288065843622
0 0.36082175925925924 0.9418724279835391 0.0642361111111111 0.11625514403292181
0 0.7218687402825766 0.8468427579329326 0.07800656779268014 0.18330126721957254
0 0.5363054029674487 0.7033181645806377 0.0796718679043476 0.1569420875328666
0 0.6207013788404144 0.5645876222279431 0.07650674803863593 0.13811173580898037
0 0.9268833070623475 0.833053858329457 0.0918364793518978 0.14631149115004277
0 0.9328703703703703 0.9722222222222222 0.06944444444444445 0.05555555555555555
0 0.9794560185185185 0.8816872427983539 0.041087962962962965 0.16255144032921812
0 0.9629629629629629 0.7443415637860082 0.07407407407407407 0.15123456790123457
0 0.734375 0.9830246913580247 0.056712962962962965 0.033950617283950615
0 0.5439814814814815 0.9794238683127572 0.061342592592592594 0.0411522633744856