0 0.40685895183797943 0.176609809606394 0.10469683221092636 0.14929695753547462
0 0.21192443919716647 0.06092436974789916 0.07792207792207792 0.12184873949579832
0 0.500590318772137 0.4317226890756303 0.03778040141676505 0.0546218487394958
0 0.42752510771198865 0.38639602111555477 0.08488658305053506 0.11427106787200234
0 0.05895078550662791 0.05992747465923956 0.0690098005178133 0.11941795264696134
0 0.016233766233766232 0.06985294117647059 0.032467532467532464 0.08298319327731092
0 0.15899868979786327 0.1719809389533165 0.05503792698395032 0.13834870363273255
0 0.24916207761389494 0.2700347430371127 0.06255751023429079 0.12314881855745663
0 0.20286991612730865 0.24816316367789426 0.07881853048922963 0.09703633176313256
0 0.21076642082723526 0.1498320679179508 0.0652824149400636 0.10025358156987477
0 0.18358913813459268 0.4422268907563025 0.05785123966942149 0.03361344537815126
0 0.22727272727272727 0.4364495798319328 0.05076741440377804 0.045168067226890755
0 0.0915255338148539 0.39972057293714053 0.05822950183190818 0.10289122597032331
0 0.09268004722550177 0.4417016806722689 0.05194805194805195 0.03466386554621849
0 0.9805194805194806 0.05777310924369748 0.03896103896103896 0.11554621848739496
0 0.9926210153482881 0.1171218487394958 0.01475796930342385 0.11869747899159663
0 0.9580873671782763 0.04884453781512605 0.0755608028335301 0.0976890756302521
0 0.9117473435655253 0.051995798319327734 0.0808736717827627 0.10399159663865547
0 0.8586186540731995 0.038340336134453784 0.09504132231404959 0.07668067226890757
0 0.7930932703659976 0.023109243697478993 0.08677685950413223 0.046218487394957986
0 0.647874852420307 0.026260504201680673 0.07378984651711924 0.052521008403361345
0 0.6995221334249462 0.06311626824443999 0.05829132614688414 0.10919374697872666
0 0.7027298347080982 0.1191211411971292 0.0842241359109262 0.10687532535355244
0 0.5690672963400236 0.02415966386554622 0.06965761511216056 0.04831932773109244
0 0.5929885560922533 0.31366017466317286 0.06834735337820431 0.11202221012851128
0 0.6446348027380561 0.3393482226168454 0.06645274843184158 0.09928876408576644
0 0.5410271546635183 0.0667016806722689 0.04309327036599764 0.12289915966386554
0 0.6371271706071764 0.1159939388963409 0.06320965332140367 0.12949414090783928
0 0.9799291617473436 0.24737394957983194 0.04014167650531287 0.09978991596638656
0 0.9513223548318803 0.2887301802497304 0.06579030129223272 0.09189302156731631
0 0.9908500590318772 0.33088235294117646 0.01829988193624557 0.10084033613445378
0 0.9687131050767415 0.3792016806722689 0.06257378984651712 0.06932773109243698
0 0.9920306965761512 0.3849789915966387 0.015938606847697757 0.051470588235294115
0 0.9397102624966325 0.33950256574350196 0.05113537251376878 0.10132718969850311
0 0.8393803374746578 0.3793632197610775 0.0445182173903103 0.08825133291992272
0 0.8739360876395943 0.34900180613051013 0.0518493399158576 0.11397503305728914
0 0.8077879791128348 0.38060267138890935 0.052212969533082784 0.09090859070178943
0 0.7687386853491296 0.2840986520642293 0.05218205737559479 0.08775733019758776
0 0.8471716374032418 0.21008596131461688 0.07356748585497304 0.10295364069372108
0 0.7980787847070951 0.17370110564136457 0.0669709388365065 0.09197862425127513
0 0.7685282758064439 0.14220632669119482 0.060508344500488004 0.09465906999370315
0 0.7148923703183995 0.2449049466226107 0.06181263067471391 0.1073497146944687
0 0.5784662392833368 0.1580891991447034 0.051622650760945694 0.09086578935981014
0 0.6215064954969219 0.17967097580077507 0.05444029193918256 0.07742433388483339
0 0.5985488754784218 0.12772599822456446 0.0651690703626077 0.08869895972113509
0 0.6844327873746858 0.2712902802710869 0.05576518621840042 0.09221581892173339
0 0.09208972845336481 0.5131302521008403 0.08146399055489964 0.10819327731092437
0 0.4085005903187721 0.5084033613445378 0.08146399055489964 0.09873949579831932
0 0.41984514129151 0.5476962379554339 0.06549880004247959 0.12231240509928659
0 0.5064935064935064 0.5572478991596639 0.025974025974025976 0.13760504201680673
0 0.4645900478367322 0.6527222159598809 0.07480994771422295 0.10934176438608327
0 0.3500785100946592 0.6620760964719562 0.0633539100563475 0.14420002326078046
0 0.38321879375429657 0.6680825826656462 0.07032439074453511 0.13315901751579418
0 0.360435519094746 0.754353459874235 0.07316264002776407 0.12181840237695186
0 0.13305908094060862 0.6699274383888899 0.08161257578260929 0.14132518418987375
0 0.5106257378984652 0.9438025210084033 0.01770956316410862 0.08298319327731092
0 0.4964580873671783 0.6691176470588235 0.04604486422668241 0.12184873949579832
0 0.5047225501770957 0.8035714285714286 0.0295159386068477 0.09243697478991597
0 0.5029515938606848 0.756827731092437 0.03305785123966942 0.09138655462184873
0 0.14082215013750543 0.8591002653052301 0.05404575016446951 0.09733951573613116
0 0.2140136912534067 0.7024253913431524 0.06628489581204045 0.1423131896345432
0 0.19421487603305784 0.9648109243697479 0.048406139315230225 0.0703781512605042
0 0.28512396694214875 0.9737394957983193 0.04604486422668241 0.052521008403361345
0 0.37012987012987014 0.979516806722689 0.07083825265643448 0.04096638655462185
0 0.3882842122665931 0.8532463349486251 0.07199230653598608 0.12278321986106003
0 0.449232585596222 0.9873949579831933 0.06729634002361275 0.025210084033613446
0 0.4327135044977869 0.7454338248935205 0.059036205706461085 0.1249928508417146
0 0.40434064536154457 0.7737701941812031 0.05936892316619814 0.09877514798201323
0 0.47285734524948264 0.8029652946447646 0.06879341541539731 0.09735912911754964
0 0.1671230711885702 0.7399881541636911 0.0703449988495272 0.13525985785192862
0 0.31598561875856024 0.8600651295932052 0.07975918704623047 0.1327934188193978
0 0.24940968122786306 0.9774159663865546 0.05371900826446281 0.045168067226890755
0 0.7827881456307767 0.6313446393229972 0.06875951547804435 0.15403901685120036
0 0.9196802764515741 0.6151122069753678 0.06737279688385035 0.132945010805897
0 0.9083095058164999 0.8109281783463754 0.07476873150423877 0.10514008371381436
0 0.8551366123343249 0.8704953693740659 0.07185835385353817 0.10912775767618609
0 0.8407695266692987 0.8210810328433554 0.07587724068104076 0.0978727452213026
0 0.7358930438961425 0.7587825285262529 0.07924099664156543 0.14010355865388888
0 0.7903944897938509 0.7443192027124841 0.07015952590459922 0.11635229482671855
0 0.846200221865785 0.742375316231563 0.07040682316450321 0.141562378860332
0 0.8910850566531854 0.7412232545772613 0.07504694092163103 0.1335014282516295
0 0.9370114242761639 0.7258049179700933 0.07618636225592075 0.1293853502633194
0 0.5312868949232585 0.8067226890756303 0.023612750885478158 0.16596638655462184
0 0.6551503370159627 0.8382185254841191 0.06036109998567908 0.1397843358786146
0 0.538961038961039 0.8419117647058824 0.03896103896103896 0.11449579831932773
0 0.7209524362506239 0.891787296523124 0.05173599533840165 0.10242041120854964
0 0.6987190876867087 0.8534549797898081 0.06827522501073227 0.10466926895204069
0 0.6874262101534829 0.9847689075630253 0.05962219598583235 0.03046218487394958
0 0.89009123276674 0.9410170932199315 0.05233661816303451 0.1035136327185964
0 0.9527180367656698 0.9117738763495431 0.04093508854750439 0.0837928441957771
0 0.9338842975206612 0.9569327731092437 0.05548996458087367 0.0861344537815126
0 0.7367178276269185 0.9690126050420168 0.05548996458087367 0.06197478991596639
0 0.7917273707021498 0.9103069899380957 0.06660730921928158 0.11504506660677484
0 0.7713437527382981 0.8497660449784399 0.07198200248349017 0.1217327996929928
0 0.9713695395513577 0.9653361344537815 0.04073199527744982 0.06932773109243698
0 0.9985242030696576 0.707983193277311 0.0029515938606847697 0.12394957983193278
0 0.987012987012987 0.694327731092437 0.025974025974025976 0.11974789915966387
0 0.9737308146399055 0.5519957983193278 0.0525383707201889 0.12710084033613445
0 0.9793388429752066 0.6008403361344538 0.04132231404958678 0.13445378151260504