0 0.29620343839541546 0.08524173027989822 0.11962750716332378 0.17048346055979643
0 0.37526290652099675 0.1280407426024171 0.13016254139747557 0.19357602544002037
0 0.38941779784504993 0.2726519305333251 0.1202339792525208 0.19656322584756689
0 0.323538760538994 0.30736553709366704 0.1028928529812541 0.21671030763676052
0 0.4795845272206304 0.36895674300254455 0.07951289398280802 0.24427480916030533
0 0.5046561604584527 0.4688295165394402 0.029369627507163324 0.16157760814249364
0 0.4580945558739255 0.5006361323155216 0.11532951289398281 0.09796437659033079
0 0.35164545138004305 0.4537683625521591 0.11911728227360047 0.1812367935975063
0 0.2889094630782567 0.40969044700413154 0.08066887986660487 0.1869427854275592
0 0.23489995558797558 0.44347339179734613 0.10222557864675924 0.19126501501589552
0 0.373567335243553 0.510178117048346 0.08667621776504297 0.07888040712468193
0 0.012535816618911174 0.07824427480916031 0.025071633237822348 0.15648854961832062
0 0.045845272206303724 0.18447837150127228 0.09169054441260745 0.1984732824427481
0 0.09375602608073233 0.2411814672378796 0.1036916071199309 0.19265579300202212
0 0.010386819484240688 0.22328244274809161 0.020773638968481375 0.18193384223918574
0 0.17067439732251188 0.36038400663110337 0.09349613524117821 0.18546487636122247
0 0.07490074773655711 0.39899978422868254 0.09361192071835626 0.16262336967998536
0 0.1758595988538682 0.4993638676844784 0.09813753581661891 0.1005089058524173
0 0.023997134670487107 0.26208651399491095 0.04799426934097421 0.12468193384223919
0 0.6632530515887063 0.07274255062824292 0.10092439369449387 0.1416466944052085
0 0.5599323423908151 0.3580887816319014 0.06854028748053392 0.16054938596602705
0 0.6747851002865329 0.5082697201017812 0.05157593123209169 0.08269720101781171
0 0.6468481375358166 0.5076335877862596 0.044412607449856735 0.08396946564885496
0 0.8341218121981488 0.35973246604060366 0.09684425111522244 0.17685530733162785
0 0.8616063897103637 0.434044941473756 0.05777763241746062 0.1317299705974923
0 0.7986751036776552 0.49322785941162806 0.0664560427165957 0.10832727941571199
0 0.7585959885386819 0.4796437659033079 0.0830945558739255 0.13994910941475827
0 0.7603868194842407 0.5305343511450382 0.08524355300859598 0.03816793893129771
0 0.9473495702005731 0.5120865139949109 0.0508595988538682 0.07506361323155217
0 0.9777936962750716 0.5197201017811705 0.044412607449856735 0.05979643765903308
0 0.45236181561068656 0.7020134633952423 0.08669981234291552 0.1988672205272816
0 0.3675097925079271 0.6937192824755116 0.07921854572043685 0.15889370686706575
0 0.3771489971346705 0.9650127226463104 0.08237822349570201 0.06997455470737914
0 0.4331061726658144 0.8750989559585644 0.08331635768942931 0.1516156591460562
0 0.2349009431193341 0.7955892436877985 0.08796565851573866 0.19262441072714864
0 0.1320797552283225 0.8565724745462813 0.06874046978088243 0.1681829737522866
0 0.1157189615623684 0.6728905603196164 0.08674887038664407 0.17348118458395825
0 0.07592130369073773 0.6574856723823722 0.06795740996920943 0.16557918781265857
0 0.02650429799426934 0.7576335877862596 0.05300859598853868 0.14885496183206107
0 0.03402578796561605 0.8804071246819338 0.0680515759312321 0.1475826972010178
0 0.020773638968481375 0.6768447837150128 0.04154727793696275 0.11959287531806616
0 0.1176667357779649 0.9408068413079713 0.05870984142303626 0.1127645144869268
0 0.7383256617404138 0.6513631298734252 0.10659030034954972 0.1941650843432319
0 0.8954154727793696 0.573791348600509 0.11318051575931232 0.04834605597964377
0 0.9620343839541547 0.5846055979643766 0.07593123209169055 0.06997455470737914
0 0.6443409742120344 0.6068702290076335 0.12106017191977077 0.11450381679389313
0 0.5544412607449857 0.5992366412213741 0.07020057306590258 0.09923664122137404
0 0.6052516953803916 0.7162189034303743 0.08873302400040795 0.22188649724114357
0 0.5361747851002865 0.7270992366412213 0.0336676217765043 0.17938931297709923
0 0.7449856733524355 0.9312977099236641 0.10315186246418338 0.13740458015267176
0 0.9494985673352435 0.6946564885496184 0.1010028653295129 0.20865139949109415
0 0.8939828080229226 0.9357506361323156 0.08882521489971347 0.12849872773536897
0 0.9401900372816719 0.8924661414241212 0.10347573049257876 0.21168050579012918
0 0.7360315186246418 0.9853689567430025 0.11246418338108882 0.029262086513994912
0 0.605903222300516 0.8966887738045576 0.09108022837270979 0.17510898928025154
0 0.6967086937759258 0.7327096105730101 0.13747501437361326 0.17259935016524336
0 0.5576647564469914 0.8371501272264631 0.07664756446991404 0.2035623409669211
0 0.6432664756446992 0.9739185750636132 0.07879656160458452 0.05216284987277354
0 0.9803008595988538 0.7805343511450382 0.03939828080229226 0.16157760814249364
0 0.9842406876790831 0.8950381679389313 0.03151862464183381 0.14631043256997456