0 0.18925233644859812 0.3806413301662708 0.06875834445927904 0.05819477434679335
0 0.009012016021361816 0.32007125890736343 0.018024032042723633 0.09857482185273159
0 0.027703604806408544 0.24821852731591448 0.05540720961281709 0.1377672209026128
0 0.20138106232704053 0.24321543746439517 0.07553590020842854 0.18081360774488373
0 0.34457935169234566 0.2259924546902227 0.07173343030326237 0.2187216215521479
0 0.06034582355909666 0.1653367167379155 0.0805352076388511 0.19516212600412788
0 0.0260347129506008 0.15320665083135393 0.0520694259012016 0.15676959619952494
0 0.018691588785046728 0.10807600950118765 0.037383177570093455 0.1496437054631829
0 0.092614657997958 0.13080466846390162 0.07982798546483592 0.16428326614664568
0 0.13225381745522016 0.09730825369563603 0.09658604200260831 0.1385143081777576
0 0.15220293724966621 0.03859857482185273 0.09078771695594126 0.07719714964370546
0 0.3029001282715783 0.17041523525421273 0.07704895508415668 0.15947739415866902
0 0.27764404716984364 0.11746855820538496 0.08965093062975527 0.156177020068304
0 0.25934579439252337 0.05463182897862233 0.08878504672897196 0.10926365795724466
0 0.42999204571985467 0.2372945962373624 0.06797516922010062 0.17116040514611897
0 0.49322066611819987 0.19855699394159976 0.09298871434137075 0.15624611777298986
0 0.4786381842456609 0.3919239904988123 0.0814419225634179 0.035629453681710214
0 0.5350467289719626 0.21140142517814728 0.048731642189586116 0.1496437054631829
0 0.5353805073431241 0.028503562945368172 0.04806408544726302 0.057007125890736345
0 0.5720961281708945 0.12173396674584323 0.025367156208277702 0.13182897862232779
0 0.5727636849132176 0.1989311163895487 0.0267022696929239 0.11520190023752969
0 0.6407093518408019 0.2193477516930661 0.08695350280761607 0.15493409344849834
0 0.668138676423587 0.2651201696122717 0.08354658111630571 0.18097944223612966
0 0.7080549408511612 0.28746396159009113 0.07673500942884101 0.17490300454647315
0 0.7736982643524699 0.3646080760095012 0.07343124165554073 0.09026128266033254
0 0.8374499332443258 0.3586698337292161 0.07409879839786382 0.1021377672209026
0 0.8502037256867107 0.28273892668639156 0.08279969351059868 0.11923554206210252
0 0.7938631830925259 0.28687579903572386 0.060320371094387204 0.12826686531869497
0 0.7887709443722959 0.21034157132473263 0.07596092097028717 0.11197145591638873
0 0.9068758344459279 0.34323040380047504 0.07009345794392523 0.1330166270783848
0 0.657543391188251 0.016033254156769598 0.06008010680907877 0.032066508313539195
0 0.7510013351134847 0.02315914489311164 0.06542056074766354 0.04631828978622328
0 0.9779706275033377 0.08610451306413301 0.044058744993324434 0.11282660332541568
0 0.9254563183799183 0.039974125653423356 0.06115340464894702 0.07723944033105534
0 0.9879839786381842 0.35629453681710216 0.02403204272363151 0.10688836104513064
0 0.9706275033377837 0.37292161520190026 0.05874499332443257 0.07363420427553444
0 0.8907076629416916 0.08287499128358493 0.05221562304912438 0.09486069359879032
0 0.807743658210948 0.033847980997624705 0.06008010680907877 0.06769596199524941
0 0.2820427236315087 0.9756532066508313 0.07009345794392523 0.048693586698337295
0 0.18858477970627505 0.9471496437054632 0.06608811748998665 0.10570071258907364
0 0.11753017538757612 0.8208177673721316 0.08764826040278598 0.15613556144549257
0 0.056578505439823734 0.8131679821769853 0.07285320866029091 0.15108093772064712
0 0.01335113484646195 0.7131828978622328 0.0267022696929239 0.10095011876484561
0 0.5233644859813084 0.9548693586698337 0.03871829105473965 0.09026128266033254
0 0.49966622162883845 0.9839667458432304 0.062082777036048066 0.032066508313539195
0 0.45493991989319094 0.9584323040380047 0.048731642189586116 0.0831353919239905
0 0.42022696929238984 0.9673396674584323 0.04739652870493992 0.06532066508313539
0 0.3464619492656876 0.9334916864608076 0.06542056074766354 0.1330166270783848
0 0.49075162079856965 0.9176540765145585 0.05295231777114236 0.06876006664741036
0 0.4620699211372566 0.8463610363310644 0.047515525000016046 0.09357630835617312
0 0.465638359046537 0.6959784014600129 0.05263837211582698 0.08418567703521422
0 0.47281941394258864 0.6595892890590282 0.05348387024923188 0.06283564390806255
0 0.544392523364486 0.5997624703087886 0.030040053404539385 0.11401425178147269
0 0.5350467289719626 0.4804038004750594 0.048731642189586116 0.07957244655581948
0 0.40720961281708945 0.42992874109263657 0.044058744993324434 0.040380047505938245
0 0.43124165554072097 0.42992874109263657 0.044058744993324434 0.040380047505938245
0 0.19793057409879838 0.417458432304038 0.05540720961281709 0.015439429928741092
0 0.4156656705096902 0.7302828433408328 0.06321047658160962 0.07965619586598077
0 0.2208751060155793 0.7402563915747672 0.0742449955457866 0.09531673844971644
0 0.15318554575036947 0.5842196470771808 0.07583965298005486 0.07754347023167261
0 0.12694286580915165 0.5027763168534534 0.060171902251308244 0.09265123117792204
0 0.11148197596795728 0.43942992874109266 0.04672897196261682 0.05938242280285035
0 0.038793078527811525 0.4594491256155859 0.06705261191846767 0.07261322237526163
0 0.02703604806408545 0.5267220902612827 0.0540720961281709 0.06294536817102138
0 0.07554722893969583 0.5186929369767955 0.04345578284038385 0.09111809419843614
0 0.03204272363150868 0.4857482185273159 0.06408544726301736 0.06413301662707839
0 0.007676902536715621 0.5314726840855107 0.015353805073431242 0.08194774346793349
0 0.16676957674513906 0.7253356104634386 0.04097596184101865 0.09937635522708654
0 0.8875166889185581 0.9851543942992874 0.08611481975967958 0.029691211401425176
0 0.6712283044058746 0.9614014251781473 0.08210947930574099 0.07719714964370546
0 0.6557361936285401 0.7330025434576756 0.07120642121548522 0.10831177376165764
0 0.9070729960122965 0.8590968286233532 0.07326349314814813 0.11072852929658308
0 0.9679572763684913 0.9239904988123515 0.06408544726301736 0.15201900237529692
0 0.9144297503487876 0.5096103331010384 0.06220177333112419 0.09388033825679053
0 0.8581441922563418 0.45546318289786225 0.06341789052069426 0.09144893111638955
0 0.7231883440996433 0.514163455807562 0.07410899128155303 0.08937849616943128
0 0.8093649337020171 0.5004973406956303 0.060634316749702585 0.11284125493089116
0 0.8176589518696289 0.5710242284216507 0.06968090176091184 0.09997059548738427
0 0.7672176165449649 0.5702861310783204 0.06954489749667826 0.09403235320709924
0 0.6987052156088847 0.5532871731850265 0.060866659846477995 0.0938526991749162
0 0.6876457674870169 0.47865879402655526 0.048687433367581856 0.08647805670170536
0 0.6244993324432577 0.917458432304038 0.07676902536715621 0.16508313539192399
0 0.5881174899866488 0.8770783847980997 0.05740987983978638 0.17458432304038005
0 0.5694259012016022 0.916270783847981 0.020026702269692925 0.15320665083135393
0 0.5704272363150867 0.7808788598574822 0.022029372496662217 0.11757719714964371
0 0.595460614152203 0.7422802850356295 0.07209612817089453 0.10926365795724466
0 0.5884512683578104 0.6888361045130641 0.05807743658210948 0.07600950118764846
0 0.6263195178888329 0.46923444591779195 0.04906824530743608 0.1031051350865035
0 0.5883577542719572 0.45932641387622813 0.05581295071036201 0.07712888400355805
0 0.5983540974376461 0.5458589166771438 0.051575267159648094 0.09603452251391004
0 0.9183086966261358 0.7810363737033447 0.08119257149748503 0.10733141841965799
0 0.9913217623497997 0.44061757719714967 0.017356475300400534 0.06175771971496437
0 0.7656325691983401 0.865589516670201 0.06973303177144927 0.1605130276644173
0 0.8286311181950661 0.7876456957836201 0.05775894753648174 0.13296218097917448