0 0.333879781420765 0.029611650485436892 0.0633879781420765 0.059223300970873784
0 0.1540983606557377 0.02815533980582524 0.06557377049180328 0.05631067961165048
0 0.3958889577281484 0.11488882448465511 0.056132899031475614 0.11754824054023409
0 0.3187898162992718 0.2001575657387432 0.06457081914047363 0.09488023087133159
0 0.24867321527276295 0.23390159215214998 0.07421610390805097 0.08102920543070971
0 0.2783538000551309 0.3075528435384301 0.03934517607572559 0.08626435090243575
0 0.2831069463669706 0.33636257652822094 0.056183317022805074 0.0797237229456363
0 0.4322316391100915 0.4674487090489892 0.03564676977751064 0.05398815549914775
0 0.35382513661202186 0.49029126213592233 0.03989071038251366 0.019417475728155338
0 0.4382513661202186 0.49514563106796117 0.034972677595628415 0.009708737864077669
0 0.3535038161328845 0.36576490630662434 0.04893958596165129 0.06852983031618258
0 0.3722479375806075 0.33525409007870743 0.03738786380310875 0.06187382601632573
0 0.395904646235653 0.3874760620615179 0.03888730214086208 0.051312894591756135
0 0.4179406318187011 0.3994858920590165 0.05157007663550698 0.060960640401446775
0 0.4037068587691686 0.33589200710787875 0.043068562924444415 0.07877428113831043
0 0.4412568306010929 0.34271844660194173 0.0366120218579235 0.06407766990291262
0 0.4521857923497268 0.2980582524271845 0.014754098360655738 0.07378640776699029
0 0.11634260484559832 0.1322111816440688 0.055395670137850773 0.10294557366881245
0 0.12707057996439627 0.3457152304550552 0.056513546863218043 0.06325842865200962
0 0.09863387978142077 0.48349514563106794 0.0366120218579235 0.03300970873786408
0 0.07801062304914427 0.31671180531256243 0.0516972638396357 0.07066937826552444
0 0.03788461633899246 0.3016385257613023 0.044008834454353385 0.0672029158520275
0 0.020491803278688523 0.35631067961165047 0.040983606557377046 0.06796116504854369
0 0.10027322404371584 0.032524271844660196 0.048633879781420766 0.06504854368932039
0 0.03633879781420765 0.03155339805825243 0.04426229508196721 0.06310679611650485
0 0.07107553085101422 0.05871651861758057 0.05688238975519131 0.09141376845783486
0 0.027049180327868853 0.11213592233009709 0.054098360655737705 0.10388349514563107
0 0.012021857923497269 0.05048543689320388 0.024043715846994537 0.08737864077669903
0 0.09151805836417762 0.1996044857659399 0.05571318125785059 0.08550940558877777
0 0.06784341385431732 0.2503940353306159 0.05009607573857923 0.0734633193988319
0 0.039459681663740406 0.23398477726708894 0.03709579012393451 0.08125174166917594
0 0.031840748350407094 0.19517866989654253 0.04768134642142082 0.05582935094227112
0 0.059531310278482345 0.15867530660084633 0.03428723736429883 0.07522869857420278
0 0.9643568853450638 0.13508513378794562 0.07064534170428681 0.10016976063172833
0 0.755112011825331 0.1745282673277043 0.07416568591672139 0.11885372302530738
0 0.9518542289426475 0.3288914824607818 0.06063121404473608 0.08586544626652498
0 0.9907103825136612 0.43398058252427185 0.018579234972677595 0.09902912621359224
0 0.940983606557377 0.45436893203883494 0.05245901639344262 0.0912621359223301
0 0.9153005464480874 0.4883495145631068 0.048087431693989074 0.02330097087378641
0 0.8636612021857923 0.4810679611650485 0.05191256830601093 0.037864077669902914
0 0.6366120218579235 0.043689320388349516 0.08196721311475409 0.08737864077669903
0 0.5002732240437159 0.03446601941747573 0.055191256830601096 0.06893203883495146
0 0.5890869552040316 0.17294251717313985 0.060618952214644854 0.12660258522034595
0 0.7027945004725563 0.33526061132543133 0.05878882714615662 0.1119207981983137
0 0.6613648249200852 0.220672768667375 0.05390895052051011 0.11447737887978969
0 0.6775061775863876 0.40900415513425825 0.04253483355742563 0.07970559484941285
0 0.7281291664414575 0.43206365733238855 0.06624831956400744 0.09791153245647073
0 0.7125683060109289 0.47815533980582525 0.06229508196721312 0.043689320388349516
0 0.5579257817193686 0.09065230189745303 0.052727480193078415 0.14931015496455358
0 0.579588849501846 0.2829570196501187 0.06693467357598064 0.10863070418226142
0 0.5059446311220523 0.214432101898727 0.05553557606239228 0.11362518531929766
0 0.525622436294317 0.15081267674468296 0.04919396036990899 0.08794730604433804
0 0.5286885245901639 0.43786407766990293 0.0453551912568306 0.12427184466019417
0 0.6636612021857924 0.4893203883495146 0.053005464480874315 0.021359223300970873
0 0.6314207650273224 0.4529126213592233 0.07704918032786885 0.0941747572815534
0 0.6315152787540742 0.3846375185096255 0.08100241792466305 0.09897965448971245
0 0.4819672131147541 0.1470873786407767 0.04480874316939891 0.09611650485436893
0 0.5171731681358714 0.2991371337094634 0.05684423359395271 0.08850114709861157
0 0.4784153005464481 0.3339805825242718 0.03770491803278689 0.06990291262135923
0 0.47295081967213115 0.10097087378640776 0.026775956284153007 0.1262135922330097
0 0.6393554190036674 0.31507251846979 0.06765872685887064 0.08055448452704667
0 0.621207706744384 0.2658530039863542 0.05379448203679423 0.1057395148021198
0 0.6258772675928964 0.20477779158281625 0.044606614313758404 0.11283398381319266
0 0.6441505679401822 0.11745107881239238 0.052701585861930904 0.10566039465150931
0 0.4891653235329571 0.37404935168122433 0.04676651233233761 0.06934246380136937
0 0.46584699453551914 0.39563106796116504 0.012568306010928962 0.08058252427184466
0 0.4890710382513661 0.46990291262135925 0.040437158469945354 0.06019417475728155
0 0.04702252296102046 0.9113984305501849 0.05352738890812393 0.08535116528755679
0 0.21010928961748634 0.9752427184466019 0.040983606557377046 0.04951456310679612
0 0.2442622950819672 0.9844660194174757 0.04371584699453552 0.031067961165048542
0 0.24003975411349163 0.927550591383724 0.0383662914942562 0.05321508208926631
0 0.22948530928155467 0.8943018702525993 0.05280287873491213 0.07171937220254271
0 0.1480238751962238 0.6674544692142429 0.05680653432303591 0.1272965384796169
0 0.18807878671830017 0.5727201107131624 0.0440474475059138 0.11182354995147965
0 0.1139344262295082 0.5592233009708738 0.06284153005464481 0.11844660194174757
0 0.07206123168301186 0.6724678827884691 0.066159745411439 0.1328234286918452
0 0.020491803278688523 0.7417475728155339 0.040983606557377046 0.0970873786407767
0 0.0693364928318643 0.7776189522852974 0.0630586620823074 0.10447028850949341
0 0.22163538299434146 0.6499779367179367 0.05158325224624182 0.10363952692808318
0 0.2814846241788467 0.6884041151492585 0.05660257790610816 0.07005454515686399
0 0.32034557509823947 0.6486625858437852 0.055942118225282216 0.10298513374411758
0 0.20041385240803913 0.7418911619413744 0.047071761622246515 0.09264343467515578
0 0.34203430876670354 0.863802617614686 0.04350054252816017 0.07007597713594567
0 0.37335991183609035 0.8751399263319953 0.042966813161141634 0.0710072908470483
0 0.36065573770491804 0.9742718446601941 0.04262295081967213 0.05145631067961165
0 0.4325136612021858 0.974757281553398 0.03333333333333333 0.05048543689320388
0 0.4320272258028419 0.9068491084090732 0.03266061182241666 0.07608089213469492
0 0.44508196721311477 0.8567961165048543 0.02896174863387978 0.06893203883495146
0 0.288270252859976 0.6427244230646764 0.05966550507400129 0.09549506397999227
0 0.4263522007062298 0.8285445923501388 0.04201382291081951 0.08160778234692302
0 0.3945355191256831 0.9689320388349515 0.029508196721311476 0.062135922330097085
0 0.1911764804743173 0.8718085770397125 0.043132156526508716 0.08362865007034927
0 0.4179447067272984 0.7295443102223109 0.04891414852082572 0.06658808274336704
0 0.6211238928358958 0.6271994632707677 0.08292157403604128 0.12045755801659917
0 0.5894121963552035 0.7533990356313784 0.05623419190445671 0.08360721809126738
0 0.7962189591234003 0.882738764673462 0.05357826378977545 0.08923466043318787
0 0.9453213755536493 0.719858656278744 0.05764505608964185 0.10795818290207204
0 0.9915300546448087 0.625242718446602 0.016939890710382512 0.08932038834951456
0 0.9879781420765027 0.7242718446601941 0.024043715846994537 0.08155339805825243
0 0.9721563936409473 0.8894376761909786 0.03595201906741973 0.07728912637293427
0 0.8592260609885735 0.9117042816820785 0.04195068619907739 0.11846142615511304
0 0.7483606557377049 0.9616504854368932 0.05628415300546448 0.0766990291262136
0 0.5737704918032787 0.9757281553398058 0.08743169398907104 0.04854368932038835
0 0.6699135954945237 0.927839032241368 0.05528165854445677 0.13591572233137095
0 0.6398335132449547 0.9280730888103415 0.044314540634584156 0.13221189946604275