0 0.3890375289374788 0.5062766003224156 0.07333887924213175 0.08920554938928568
0 0.378069794548579 0.3150115604495876 0.056676491225607854 0.09480136407761305
0 0.20158412051923646 0.26731040149628027 0.06027153752892556 0.08330206100903274
0 0.10495156383516907 0.3750592909439667 0.07480321963003154 0.07960694697527887
0 0.06323684073196977 0.4524270962035542 0.06810648319382012 0.0997265317949495
0 0.05054054054054054 0.5365384615384615 0.07081081081081081 0.10576923076923077
0 0.4471161633687633 0.22293538084350129 0.04980674543230241 0.10434402582036062
0 0.3781280928089576 0.12026645758529356 0.059652356371524225 0.07848877463421458
0 0.3118733687414549 0.06902026278445277 0.07072060150217653 0.061298557736166645
0 0.3464864864864865 0.021634615384615384 0.034594594594594595 0.04326923076923077
0 0.6716216216216216 0.09951923076923076 0.036216216216216214 0.06826923076923076
0 0.6672972972972973 0.03028846153846154 0.03189189189189189 0.06057692307692308
0 0.022432432432432432 0.3548076923076923 0.044864864864864865 0.075
0 0.534824016788025 0.1479766952628262 0.04962379229772326 0.060118850656717245
0 0.561973976629086 0.17173825047855473 0.05249950435751974 0.07072374406926994
0 0.5652528355506724 0.23998510497928185 0.04289559961476747 0.07831535855331118
0 0.5840186326674683 0.2965312699948957 0.04613884285801072 0.07834892295606656
0 0.597482882095066 0.26032813194192955 0.037826269146064226 0.06576501194917779
0 0.6264196088531564 0.2941690588024342 0.03700678181642345 0.11478669128626152
0 0.6429611437714455 0.29736382437047837 0.030824914019894758 0.10030207962479949
0 0.6640550608029554 0.3144561450938227 0.04064901248985759 0.10617200360229705
0 0.672972972972973 0.2759615384615385 0.03351351351351351 0.06346153846153846
0 0.4408108108108108 0.013942307692307693 0.03405405405405405 0.027884615384615386
0 0.47162162162162163 0.021634615384615384 0.038378378378378375 0.04326923076923077
0 0.5097297297297297 0.01971153846153846 0.034594594594594595 0.03942307692307692
0 0.5304355127115566 0.06146900109355717 0.03831962531648846 0.06288599063168837
0 0.17400037002678542 0.13440024572812156 0.04957082358171991 0.08992094889728369
0 0.148868581866105 0.2505453336998021 0.041635724830705816 0.100413960967318
0 0.016756756756756756 0.2725961538461538 0.03351351351351351 0.09711538461538462
0 0.08637612911312723 0.23099634372697503 0.03823520035374074 0.09076501194917778
0 0.12363202638619472 0.19502783595123765 0.05206906068058448 0.07744891923291332
0 0.07579002911675818 0.12916556891147576 0.06734574892606913 0.08625939926628519
0 0.023513513513513513 0.18990384615384615 0.047027027027027025 0.05096153846153846
0 0.04224054226926891 0.24299351876976188 0.0526253293444972 0.07841605176157775
0 0.05779120541511124 0.18561136126088296 0.034262679089491 0.0791873919408349
0 0.15472051672745055 0.0629530315922244 0.0508936108592703 0.07166850032943071
0 0.13513513513513514 0.01826923076923077 0.046486486486486484 0.03653846153846154
0 0.10621621621621621 0.025961538461538463 0.03189189189189189 0.051923076923076926
0 0.09588313059833593 0.0520215263369251 0.04503208987607207 0.043727944273556085
0 0.12036681587218125 0.09456384892184617 0.029749617284700606 0.06760417786536593
0 0.006756756756756757 0.14134615384615384 0.013513513513513514 0.075
0 0.02634629778067091 0.13063896451503576 0.03321305425515423 0.08109928072966
0 0.9158397480041853 0.36409229803355325 0.05785194104692203 0.10058178298109555
0 0.9813513513513513 0.3975961538461538 0.0372972972972973 0.10673076923076923
0 0.8660988072383149 0.24824121912804314 0.044800327457088146 0.09563983306238118
0 0.9459129619307922 0.21952588477522886 0.043713462030120255 0.1283153585533112
0 0.9532139638581769 0.15357379211939254 0.05307150114480464 0.07265241505947284
0 0.7523659124547349 0.18642681289302793 0.04317870583546652 0.09562305086100349
0 0.7246224433571301 0.19248413811924353 0.0370440224090545 0.08402305458415683
0 0.7834395842756413 0.3178582995325606 0.07279255435570428 0.12188666894734144
0 0.7345156934679797 0.30153484249697016 0.04910892365804028 0.09472304713785014
0 0.7056756756756757 0.3105769230769231 0.03189189189189189 0.11346153846153846
0 0.7062162162162162 0.2423076923076923 0.032972972972972976 0.07115384615384615
0 0.9043960104825217 0.07762376233416564 0.05748025043187669 0.04481814627899063
0 0.8478378378378378 0.009134615384615385 0.04810810810810811 0.01826923076923077
0 0.7318918918918919 0.014903846153846155 0.04540540540540541 0.02980769230769231
0 0.7146211760984749 0.1098813355009506 0.0449948492834409 0.074491580975661
0 0.6981081081081081 0.13317307692307692 0.016756756756756756 0.08557692307692308
0 0.773231316895837 0.057342911194022586 0.06231365904999719 0.042945415960046994
0 0.7772972972972974 0.015865384615384615 0.04756756756756757 0.03173076923076923
0 0.4866498435037308 0.9214663849838031 0.0694334299029692 0.14780904893899843
0 0.04498600940073537 0.9399818425515493 0.06133689048663452 0.08235171068174622
0 0.2088256540734658 0.8921246029578609 0.07457724155693442 0.09883212213892202
0 0.20438210156519485 0.8022515241732072 0.05748440986347532 0.11115311199089276
0 0.14253368941333205 0.8716532329933768 0.061399802980123194 0.08619786452790007
0 0.1379113432020805 0.8039011328912337 0.063037152725117 0.08717618519081612
0 0.0912117145929257 0.8409290753032131 0.04447998064375798 0.10909577745679389
0 0.05209122224311193 0.8124828972565624 0.04589713666154139 0.09661255965817146
0 0.019754425809567863 0.9012940649134709 0.03014282036900487 0.09164263940382747
0 0.01555049978196687 0.7599674903022577 0.026421949078709765 0.09544963478009987
0 0.09962109441653712 0.7105315294557961 0.05744300983924552 0.07558178298109554
0 0.06808678993060643 0.6666196220512043 0.03739582546912903 0.07249018711282115
0 0.09491721541548133 0.6543206879256777 0.04761891136928281 0.0697118590035982
0 0.11956975061482189 0.6410825916071161 0.05047889530570719 0.07935521395461233
0 0.16513513513513514 0.6394230769230769 0.04810810810810811 0.1
0 0.13783783783783785 0.6072115384615384 0.04108108108108108 0.035576923076923075
0 0.06845558837270843 0.7387433977672777 0.045855736637311635 0.06104123064837425
0 0.03848207273071007 0.7241472253053571 0.05197469194035144 0.07167968846368265
0 0.30567567567567566 0.6115384615384616 0.05783783783783784 0.04423076923076923
0 0.9902702702702703 0.6884615384615385 0.01945945945945946 0.12307692307692308
0 0.9425658609713418 0.6530135116255964 0.04447998064375792 0.10909577745679366
0 0.8843153872957401 0.6944886495577061 0.04924053299090443 0.069728641204976
0 0.883201679855138 0.9238659192387624 0.07915900020110024 0.08157477643536311
0 0.7316566191345779 0.897064076385072 0.05647202562176966 0.08230136407761306
0 0.7496239865894805 0.838695207112588 0.05567983510727437 0.06691115462587181
0 0.7495618865531358 0.7853214313965146 0.03572701947739092 0.06958878952682797
0 0.7597700567870613 0.7318413684050485 0.04652210216482955 0.0687391324078078
0 0.7976736992913313 0.7189469866726713 0.050321614071985515 0.06973982933922772
0 0.8285796912995191 0.674869733745805 0.0475816707766517 0.1004754957057031
0 0.7515505845566927 0.6424882173210456 0.04076489369934967 0.08021605920788434
0 0.7797297297297298 0.60625 0.042702702702702704 0.03365384615384615
0 0.7 0.8576923076923076 0.02054054054054054 0.08653846153846154
0 0.7021621621621622 0.8014423076923077 0.024864864864864864 0.07403846153846154
0 0.8883783783783784 0.6100961538461539 0.053513513513513515 0.041346153846153845
0 0.8308108108108108 0.6072115384615384 0.036756756756756756 0.035576923076923075
0 0.8588665021503056 0.6259903825783724 0.04755599887579408 0.06586570515744436