0 0.4096583442838371 0.25350467289719625 0.059789750328515114 0.17289719626168223
0 0.4204993429697766 0.07885514018691589 0.03810775295663601 0.15771028037383178
0 0.31110381077529564 0.035046728971962614 0.07555847568988174 0.07009345794392523
0 0.1481634571247145 0.08579147076148697 0.08830148583613608 0.16505290875659923
0 0.046599465462134296 0.24661361292447206 0.0876444556127458 0.16495754744247973
0 0.9684625492772667 0.0566588785046729 0.06307490144546649 0.1133177570093458
0 0.9648488830486203 0.3177570093457944 0.07030223390275953 0.04439252336448598
0 0.364323258869908 0.9742990654205608 0.054533508541392904 0.0514018691588785
0 0.2736530880420499 0.981892523364486 0.05847568988173456 0.036214953271028034
0 0.31898817345597896 0.9731308411214953 0.05847568988173456 0.053738317757009345
0 0.29697766097240474 0.9521028037383178 0.06701708278580815 0.09579439252336448
0 0.2801036235180431 0.9060604293937444 0.07004860029424495 0.09383900357287664
0 0.23565273071074153 0.8749477884391403 0.0650028805563195 0.09891723455524949
0 0.2237786632595192 0.7645983692367263 0.05914835328968675 0.11782343449816896
0 0.2555604202742689 0.7715598415696421 0.04304279264960483 0.10618896856678282
0 0.2915497171262961 0.7808934988929314 0.06928189717537646 0.10883519683248867
0 0.36049528259769653 0.7462755102256715 0.07743552664913657 0.13558510586723982
0 0.2952128007823238 0.6792579848742398 0.05260351513158308 0.09944181818511418
0 0.3253519822385977 0.6859810539218575 0.04382613610251334 0.10978900277809843
0 0.3776784139848235 0.6818323547466262 0.042958583829926004 0.10385251996865211
0 0.2132729891280775 0.6162816603146859 0.05712633446791714 0.15239335689953523
0 0.2722578402240253 0.5831538126833005 0.0462858393567168 0.10549755083831387
0 0.3197872703952218 0.5929880687046117 0.05374915793900628 0.09495964361709106
0 0.3387055063275233 0.5170533928631508 0.05946854823436173 0.1085730014197648
0 0.36465920730091744 0.6124184666685615 0.05850014680805554 0.08170384254126013
0 0.3200760786690007 0.4292102078149716 0.058542251217894956 0.08287206684032561
0 0.262316163754536 0.4008632377742437 0.07287060290296309 0.0814653428537535
0 0.2914918592301223 0.49845745459884894 0.05588866624853446 0.0999186247557105
0 0.36451814773454316 0.4239171728703091 0.03627961585002344 0.027345772644684015
0 0.3776337917012885 0.45400482430144373 0.04727188826654141 0.0603182484312396
0 0.19710906701708278 0.3522196261682243 0.03679369250985545 0.02453271028037383
0 0.1478318002628121 0.3580607476635514 0.040735873850197106 0.036214953271028034
0 0.11186998178554061 0.47943316163867833 0.06095102632049993 0.11343662124426504
0 0.049385549227303926 0.5455216371940108 0.044272644276706706 0.10404324259689067
0 0.0835765849193976 0.568099151328314 0.05433861967675776 0.11131478380400694
0 0.14663534960556313 0.6418399385317803 0.050800842100769905 0.10382863143901794
0 0.1118210679328985 0.6273923138338755 0.05292371007625836 0.09019138510671001
0 0.04862023653088042 0.8019859813084113 0.09724047306176084 0.15537383177570094
0 0.09151729477203732 0.714282078545279 0.06698178781877144 0.15382377661132438
0 0.10643889618922471 0.3533878504672897 0.04862023653088042 0.026869158878504672
0 0.06208935611038108 0.35397196261682246 0.054533508541392904 0.028037383177570093
0 0.05201518084508242 0.6833005352970368 0.06823710352167241 0.13425004746957
0 0.8224296340509 0.7505211131503582 0.06422735369569224 0.149937658457651
0 0.5905938989022328 0.631733181670473 0.07372050769203177 0.15945028694877889
0 0.5558711390667888 0.5139573314271552 0.06581950467730836 0.13970972370842005
0 0.45893561103810776 0.5508177570093458 0.03876478318002628 0.1530373831775701
0 0.966819973718791 0.9304906542056075 0.06636005256241786 0.13901869158878505
0 0.9802890932982917 0.9684579439252337 0.03942181340341656 0.0630841121495327
0 0.863578231832471 0.7541447466846822 0.06485891984328312 0.1674610229436323
0 0.934024426448267 0.8336550861967819 0.07283631508540434 0.13491757666840493
0 0.9359097975745417 0.6988801658907219 0.070259122343442 0.09968012506820387
0 0.9766754270696452 0.697429906542056 0.04664914586070959 0.11448598130841121
0 0.9684087199790059 0.4293897573960613 0.05139912758028074 0.08415954098314435
0 0.821105742712882 0.6223264127251539 0.05464999087967367 0.13808858136839228
0 0.8343843852986271 0.5379400271126942 0.05442282849643658 0.11365123240213779
0 0.8741092497379396 0.5260906608168099 0.05934223500484349 0.1050683285225686
0 0.8765317640279223 0.5963152164670971 0.05021138036301843 0.08747349125210205
0 0.8664369198306706 0.6565026563986003 0.0732240785157181 0.10940736471720423
0 0.6550591327201051 0.35455607476635514 0.052562417871222074 0.029205607476635514
0 0.6967805519053877 0.3808411214953271 0.07293035479632064 0.08177570093457943
0 0.7821279196099631 0.39354546194319545 0.06869243543762497 0.09248005664557275
0 0.7414586070959264 0.35864485981308414 0.05059132720105125 0.037383177570093455
0 0.8818613765940077 0.3751393786872555 0.03301110506711223 0.04546519354501512
0 0.7005607417762079 0.5126451975370342 0.045434927418169783 0.11815729549979494
0 0.8252299605781866 0.3633177570093458 0.03810775295663601 0.04672897196261682