0 0.2231578947368421 0.5454119850187266 0.07684210526315789 0.16760299625468164
0 0.16663350410955013 0.3924065201769438 0.07838261536102628 0.16925104549102576
0 0.03315789473684211 0.44756554307116103 0.06631578947368422 0.15917602996254682
0 0.02605263157894737 0.5617977528089888 0.05210526315789474 0.1348314606741573
0 0.41368421052631577 0.4044943820224719 0.01263157894736842 0.11235955056179775
0 0.39710526315789474 0.34737827715355807 0.045789473684210526 0.09737827715355805
0 0.39763157894736845 0.2705992509363296 0.04473684210526316 0.11610486891385768
0 0.2806764827671121 0.38054286245117996 0.08078990972168174 0.13690521479198647
0 0.06807707240729458 0.35047423938249883 0.09061834392141056 0.13076264354590264
0 0.13066486437845207 0.3377790196547007 0.076450709055689 0.13071963075525006
0 0.1730082576014772 0.25238278685618154 0.07217405451251149 0.17308128366813078
0 0.1987168620537391 0.24786509981672494 0.06793225513531428 0.14824005868467538
0 0.20841483085097814 0.21629972806707481 0.07754623208470404 0.1327341915584417
0 0.08168665893346302 0.22880139023693596 0.09883476663902432 0.14587184956983998
0 0.109255691758016 0.2813573481538708 0.07003930934549532 0.10278561375342635
0 0.05591192625381316 0.19010601460054186 0.07499060870109743 0.11278746695580354
0 0.2757229328705519 0.19343979999254152 0.0760101761663509 0.13439399829372906
0 0.2946779015382208 0.25328751118431764 0.07028503965724213 0.13642252810838484
0 0.325091179508195 0.250812875849111 0.06698685218153658 0.15277980499758861
0 0.3561701704803631 0.2423230490053878 0.053023847229779965 0.13876279920029194
0 0.37628722644190643 0.2168583414674294 0.05920113501688703 0.11065894254837848
0 0.4036842105263158 0.20177902621722846 0.03263157894736842 0.10393258426966293
0 0.4031578947368421 0.009363295880149813 0.03368421052631579 0.018726591760299626
0 0.37605263157894736 0.023876404494382022 0.034210526315789476 0.047752808988764044
0 0.34578947368421054 0.010767790262172285 0.06 0.02153558052434457
0 0.3244736842105263 0.021067415730337078 0.04894736842105263 0.042134831460674156
0 0.34386383606187515 0.042018915105632465 0.04702170734751666 0.08288079618518057
0 0.36562596761922744 0.059980122684267376 0.03984629782019032 0.09031445108718372
0 0.33424673649658465 0.0815785637602003 0.04156553792747457 0.07374432175723743
0 0.27898849227003475 0.06238913307723461 0.05605485866870487 0.08783227836811472
0 0.21763157894736843 0.01451310861423221 0.05526315789473684 0.02902621722846442
0 0.17210526315789473 0.04400749063670412 0.05894736842105263 0.08801498127340825
0 0.2407827924149379 0.07085745352563146 0.04508800998989308 0.09008762963497706
0 0.4131578947368421 0.09691011235955056 0.01368421052631579 0.10018726591760299
0 0.13842105263157894 0.009831460674157303 0.045263157894736845 0.019662921348314606
0 0.0868421052631579 0.0351123595505618 0.07052631578947369 0.0702247191011236
0 0.09254001030410336 0.0776411435746333 0.08043695078476551 0.0985866524969531
0 0.1283442249928746 0.04724701312719719 0.05584040141836579 0.0784689824879649
0 0.07554466234980749 0.1396866713530248 0.08287551820682892 0.09051444027272247
0 0.015789473684210527 0.21910112359550563 0.031578947368421054 0.16292134831460675
0 0.018157894736842106 0.149812734082397 0.03631578947368421 0.09925093632958802
0 0.056842105263157895 0.020599250936329586 0.04631578947368421 0.04119850187265917
0 0.023157894736842106 0.017322097378277154 0.04631578947368421 0.03464419475655431
0 0.02394736842105263 0.05383895131086142 0.04789473684210526 0.10018726591760299
0 0.012368421052631579 0.026217228464419477 0.024736842105263158 0.052434456928838954
0 0.6373684210526316 0.6048689138576779 0.07368421052631578 0.04868913857677903
0 0.5168421052631579 0.5711610486891385 0.07684210526315789 0.11610486891385768
0 0.735 0.5692883895131086 0.09526315789473684 0.1198501872659176
0 0.621578947368421 0.5622659176029963 0.09473684210526316 0.13389513108614232
0 0.5969592081271025 0.5009786424423287 0.12242157587654447 0.16772027712769647
0 0.86724291622073 0.5134645299081262 0.07471002322337043 0.14635343049718139
0 0.9573684210526315 0.6039325842696629 0.07578947368421053 0.05056179775280899
0 0.7686806753241444 0.46026081865071117 0.05359305446932132 0.14070640918990274
0 0.725845361988954 0.4634089338368055 0.07686800516770674 0.1718471818143284
0 0.6922254886377399 0.45605909300358694 0.07989901660663176 0.12091666098215095
0 0.7128710874785145 0.3498926638623881 0.06218746395345773 0.10359401072574367
0 0.646197425399727 0.39115292053037515 0.09813688504927948 0.13831026205213928
0 0.5207694064251922 0.41603971978517357 0.0840550330836935 0.14201256761354644
0 0.5574721144756297 0.4270924190579296 0.059039396552989516 0.1265055947310523
0 0.8226262526929108 0.4215112256028513 0.0719712156508326 0.14131702848920227
0 0.8397033654052984 0.3904710004493255 0.06555981594063891 0.11338301148737855
0 0.9440608657292241 0.17912612768571798 0.053797684383286505 0.12673241618325887
0 0.9209302493629464 0.46293986619649846 0.07206861693962836 0.12266138754248349
0 0.9760526315789474 0.4602059925093633 0.04789473684210526 0.17134831460674158
0 0.4376315789473684 0.42930711610486894 0.035263157894736843 0.16573033707865167
0 0.46117060651783437 0.22908388482503816 0.07979178798146234 0.11623501304207605
0 0.5061062693427327 0.2379591681502448 0.06359484552160774 0.09631622646236636
0 0.4268421052631579 0.2200374531835206 0.01368421052631579 0.10112359550561797
0 0.42736842105263156 0.2701310861423221 0.014736842105263158 0.06647940074906367
0 0.9889473684210527 0.21207865168539325 0.022105263157894735 0.0852059925093633
0 0.9797368421052631 0.16666666666666666 0.04052631578947368 0.1104868913857678
0 0.7701604069002829 0.11905360364429536 0.044690368550622896 0.0956346563494861
0 0.7324939727869343 0.046352037695444256 0.05298274683199835 0.09115189183868964
0 0.7951090196774557 0.04399191884260133 0.04030827643456226 0.08757641313671952
0 0.7742105263157895 0.01451310861423221 0.04736842105263158 0.02902621722846442
0 0.8584979037214838 0.053945986261114805 0.049319982030716636 0.09159156573163878
0 0.8399151126260076 0.03547415397594997 0.04648556422166908 0.059472556484806045
0 0.9660915048869714 0.058588491557448524 0.04571172706816254 0.07150293950183911
0 0.927294256541156 0.04678382423636165 0.05488517112821419 0.05967143991408443
0 0.8856925318840867 0.1458987376882596 0.04637654454421337 0.10052915673030353
0 0.5999763271852085 0.058073240915916174 0.06124206099968002 0.1081337570386569
0 0.4898132571576968 0.13103966520445465 0.06243498531749083 0.09149267689512977
0 0.44026315789473686 0.14840823970037453 0.04052631578947368 0.0945692883895131
0 0.8302671994879811 0.24925507230915314 0.07062996231007052 0.10566555333105214
0 0.8496993238120542 0.1499692134509049 0.040372613609664 0.09038540190076445
0 0.7284693172385055 0.12986973256846174 0.07252076821762642 0.09658606070522559
0 0.455096988702525 0.37901002963353847 0.07004913668186909 0.12612290264021994
0 0.4946059406653022 0.04856472613982343 0.06403537841094571 0.09264185892388727
0 0.867929615459286 0.3567072592349298 0.05404520574731961 0.11463108235264496
0 0.6556550135908776 0.25483204564915046 0.047084253470332106 0.13142803313479792
0 0.6216763721084173 0.2746712382751567 0.05032793110730979 0.1355990563683428
0 0.3605263157894737 0.9864232209737828 0.05368421052631579 0.027153558052434457
0 0.33842105263157896 0.9864232209737828 0.03263157894736842 0.027153558052434457
0 0.31842105263157894 0.9845505617977528 0.04631578947368421 0.03089887640449438
0 0.30026315789473684 0.9882958801498127 0.038421052631578946 0.023408239700374533
0 0.36465241421994254 0.8701787177970363 0.03661423857187258 0.06374246855486004
0 0.16263157894736843 0.9868913857677902 0.04842105263157895 0.026217228464419477
0 0.3020985818886221 0.9274914945827076 0.05231792935594752 0.06212567461022517
0 0.2232106369744843 0.9257794790385145 0.03929853630568256 0.0893071706855879
0 0.1929796476672983 0.9202953128755939 0.047483685961888594 0.08014275823471648
0 0.1494455572162198 0.9078520882322796 0.04147975502733911 0.0699990034051774
0 0.237586460407543 0.7591273342614423 0.04207040799191466 0.07287894298280319
0 0.11910554823157805 0.861027518569538 0.05581895569333196 0.07753265289994991
0 0.018157894736842106 0.7794943820224719 0.03631578947368421 0.0702247191011236
0 0.08461845458010543 0.7878153279141569 0.05398265962450415 0.06608384540302767
0 0.08105130001533302 0.7591578337650607 0.051748722116405924 0.060182064620614414
0 0.07176036395626667 0.8997276671991433 0.031103559313102755 0.07513429424966553
0 0.0517661731505967 0.9083029667460416 0.036002139882263307 0.05992619938921927
0 0.030768051410377188 0.9261351359527186 0.03793583723988688 0.05271936593942279
0 0.31951747118673723 0.7086532207243292 0.031491373415999176 0.04624997864836279
0 0.41157894736842104 0.827247191011236 0.016842105263157894 0.06647940074906367
0 0.005526315789473684 0.9040262172284644 0.011052631578947368 0.0702247191011236
0 0.03448619812532953 0.6946488752722757 0.035411486917687876 0.05704625981159343
0 0.7928947368421052 0.9826779026217228 0.0668421052631579 0.03464419475655431
0 0.7717612829336103 0.8327560337800555 0.06602179455501085 0.11064497353691444
0 0.8303619376495481 0.7636396954295576 0.04655972873314472 0.08561883413564457
0 0.9836842105263158 0.7345505617977528 0.03263157894736842 0.10205992509363296
0 0.9339473684210526 0.6633895131086143 0.06578947368421052 0.06835205992509363
0 0.6897368421052632 0.6615168539325843 0.057368421052631575 0.06460674157303371
0 0.800360146597262 0.713573447615554 0.06334732415757476 0.10841756029298028
0 0.7737695808401807 0.6874475706037813 0.06944865638091989 0.09990567417580046
0 0.756578947368421 0.6657303370786517 0.06894736842105263 0.07303370786516854
0 0.536578947368421 0.6596441947565543 0.06473684210526316 0.060861423220973786
0 0.52903051164516 0.7352281147055127 0.0681699491629735 0.11280143596726777
0 0.5924591645233552 0.8010711696448697 0.062444812653864715 0.11482996578192345
0 0.642683449110068 0.7749690105409441 0.059813233706496174 0.11447521171401924
0 0.5144736842105263 0.9517790262172284 0.07 0.09644194756554307
0 0.5740573305270528 0.8784242339983468 0.04736483894805911 0.09786206959342017
0 0.6817483329813359 0.9018642818685609 0.07982306104286994 0.14050863151688495
0 0.4394736842105263 0.9517790262172284 0.03894736842105263 0.09644194756554307
0 0.4328947368421053 0.8904494382022472 0.025789473684210525 0.09737827715355805
0 0.4336842105263158 0.7607677902621723 0.02736842105263158 0.09831460674157304
0 0.4869172122031777 0.7990532915728968 0.058791875188956656 0.13860692856166623
0 0.4713256637124592 0.7767582056163591 0.061037431085714834 0.12210775004530078
0 0.4432410379609495 0.7236631320918361 0.04427128138631869 0.10024535347598006