0 0.039164768955769355 0.13083893014087622 0.06730079550881402 0.1484900915860336
0 0.39917825537294566 0.3196629213483146 0.05752212389380531 0.1
0 0.4301517067003793 0.21235955056179776 0.019595448798988623 0.09438202247191012
0 0.40256351079187536 0.23635304012987213 0.05174684140222708 0.09575168913212172
0 0.33073861776867286 0.21350530696259684 0.062302097653703176 0.11895612738047077
0 0.26679404858785566 0.14296294946587376 0.05162242781076707 0.121548602752836
0 0.40399530089774033 0.1313426433630905 0.05876628660353904 0.0996260887424685
0 0.38305941845764857 0.014606741573033709 0.0493046776232617 0.029213483146067417
0 0.339679491562859 0.06363216613466204 0.05632613684245609 0.10393733873094298
0 0.3007023098105214 0.039527312031039215 0.057016440251567754 0.07481542160187435
0 0.27054361567635904 0.015730337078651686 0.05309734513274336 0.03146067415730337
0 0.1959544879898862 0.023033707865168538 0.0493046776232617 0.046067415730337076
0 0.2291403286978508 0.044382022471910115 0.06257901390644753 0.08876404494382023
0 0.10082174462705436 0.038202247191011236 0.07395701643489254 0.07640449438202247
0 0.9747155499367889 0.35224719101123597 0.05056890012642225 0.0348314606741573
0 0.9883059418457648 0.3303370786516854 0.02338811630847029 0.07865168539325842
0 0.9649178255372945 0.29719101123595504 0.07016434892541087 0.09325842696629214
0 0.9593140850939199 0.24426394161333648 0.07207674123294645 0.07029623627776853
0 0.9604930467762326 0.007303370786516854 0.04361567635903919 0.014606741573033709
0 0.5290771175726928 0.029775280898876405 0.041719342604298354 0.05955056179775281
0 0.9324704371016928 0.11661757060967927 0.06285995819495703 0.0830926372176942
0 0.9227309048597299 0.14649490737898707 0.048600329679238 0.06410788294082109
0 0.8062579013906448 0.035955056179775284 0.07901390644753477 0.07191011235955057
0 0.7903015970333456 0.07586382652916128 0.04733610717607744 0.06401631692382244
0 0.867940911921172 0.07585049401183262 0.04609395848422643 0.06504834641244175
0 0.8204211919871619 0.13314812940619686 0.04539562579871724 0.06163177688708844
0 0.8832058924628517 0.13421069758860266 0.03739891764126945 0.07227255283277682
0 0.854099678811393 0.12173286591078816 0.03672265876707009 0.06997957881304157
0 0.5211837428067702 0.10320966518495533 0.05176088593713925 0.0643367979833178
0 0.8296460176991151 0.33314606741573033 0.05752212389380531 0.07303370786516854
0 0.8581823000995902 0.3155426007764565 0.06558706750306458 0.09338812880225325
0 0.7234513274336283 0.3151685393258427 0.08280657395701643 0.10898876404494381
0 0.7297292725406201 0.25135550340509294 0.06355829088046622 0.08650920674304746
0 0.7114652746876622 0.20106649190589576 0.06673289167327978 0.05532323063674013
0 0.757576285336058 0.19940972554387107 0.04460899786797005 0.05372082533926326
0 0.6308470290771175 0.32134831460674157 0.06826801517067003 0.09662921348314607
0 0.629779443460294 0.21427587078882715 0.06061044345926328 0.06497776010230852
0 0.49051833122629585 0.33876404494382023 0.05562579013906448 0.06179775280898876
0 0.45733249051833125 0.34831460674157305 0.0347661188369153 0.04269662921348315
0 0.4661820480404551 0.13202247191011235 0.05246523388116309 0.08202247191011236
0 0.31352718078381797 0.9735955056179775 0.07711757269279393 0.052808988764044947
0 0.1720305313612052 0.7190782821556166 0.07006402316314297 0.12849428752740677
0 0.00695322376738306 0.9207865168539325 0.01390644753476612 0.11123595505617978
0 0.015486725663716814 0.7241573033707865 0.030973451327433628 0.10224719101123596
0 0.045076508953403684 0.6749785548598786 0.0719964752641056 0.0983403409097187
0 0.20158124226567906 0.5643464070345996 0.07354765731429067 0.11303864849975107
0 0.14634775908304692 0.6126657682374528 0.06258102792433018 0.10102438229908259
0 0.059901033675399784 0.5308502507320991 0.05839103181127613 0.08052496514696289
0 0.0926102734223259 0.6490958106143184 0.06435294808761093 0.1269586449452947
0 0.020227560050568902 0.47359550561797753 0.040455120101137804 0.11348314606741573
0 0.02307206068268015 0.6174157303370786 0.0461441213653603 0.08426966292134831
0 0.012010113780025285 0.5719101123595506 0.02402022756005057 0.09438202247191012
0 0.0003160556257901391 0.46685393258426966 0.0006321112515802782 0.09775280898876404
0 0.22989281210755935 0.44055919132657617 0.06648406449035969 0.10691705787816844
0 0.4054993678887484 0.38932584269662923 0.06890012642225031 0.03932584269662921
0 0.11742817921634509 0.46216882140262433 0.06416832832073696 0.08543139424592876
0 0.8119469026548672 0.9606741573033708 0.11061946902654868 0.07865168539325842
0 0.5742730720606827 0.9556179775280899 0.08786346396965866 0.08876404494382023
0 0.7972658175136837 0.8949287261030886 0.10794655063534044 0.12899407702613103
0 0.6642926936809576 0.8198490462392902 0.08609557184214313 0.17341330445049177
0 0.5742248696071652 0.7938346382960237 0.09346016874801064 0.1627267454963042
0 0.6150010669812331 0.7263664586917815 0.09800936110053274 0.13725031293508533
0 0.6506942858931506 0.6766573819883629 0.07159313140201844 0.14206899961182104
0 0.7087341373437895 0.6943325660617248 0.08420525334591708 0.10932257762176786
0 0.7426303412542928 0.8164191441966083 0.10699136149051401 0.14463284808778393
0 0.8345623953748028 0.7957356641439797 0.08643269427030144 0.1263138592315355
0 0.7705546123893142 0.7605407820657235 0.09183473598749965 0.11211916473499588
0 0.8070314516027216 0.6709440649128667 0.06719042645226603 0.14287211405794373
0 0.8776954689118553 0.6725579409946487 0.07275501412502852 0.16908107475515183
0 0.9003310750154839 0.6288435957407473 0.06518372364097749 0.1371167875043557
0 0.8880580895176263 0.5467047545120025 0.08557984490562548 0.1150321211668564
0 0.963653603034134 0.7106741573033708 0.07269279393173199 0.10674157303370786
0 0.9864096080910241 0.6404494382022472 0.02718078381795196 0.15730337078651685
0 0.9785082174462706 0.801123595505618 0.04298356510745891 0.1662921348314607
0 0.9118204804045512 0.3955056179775281 0.058786346396965866 0.051685393258426963
0 0.9432414098191246 0.43667920651715925 0.053231802018483605 0.10707921020530027
0 0.8232707008688466 0.5351282695559737 0.07991291745271252 0.11574366959598037
0 0.8360363458805374 0.43154096964743993 0.05123914374210681 0.06990899250290836
0 0.8105281500749731 0.4126315561419802 0.07837577993743969 0.0696304708571439
0 0.8135271807838179 0.38202247191011235 0.04424778761061947 0.024719101123595506
0 0.6709860935524652 0.3960674157303371 0.05246523388116309 0.052808988764044947
0 0.5938685208596713 0.40337078651685393 0.09165613147914033 0.06741573033707865
0 0.48008849557522126 0.6842696629213483 0.08027812895069532 0.17752808988764046
0 0.5415236591366365 0.6430505917593825 0.08790361035164565 0.16905627145351798
0 0.5679850434667112 0.5973761551960581 0.0877631382073909 0.1297762117653881
0 0.5803854635828527 0.5605741133590452 0.10327895994987327 0.11631404540483785
0 0.5836754550793543 0.5216269363812275 0.09926555432729592 0.10480339229766204
0 0.44879898862199746 0.6303370786516854 0.017699115044247787 0.1146067415730337
0 0.4646017699115044 0.6421348314606742 0.0493046776232617 0.13820224719101123
0 0.46744627054361565 0.3887640449438202 0.054993678887484194 0.038202247191011236
0 0.7237673830594185 0.39719101123595507 0.061946902654867256 0.0550561797752809
0 0.7585335018963337 0.4117977528089888 0.05815423514538559 0.08426966292134831
0 0.5227339178480138 0.4267441434797207 0.050151511729423 0.07880619053085353