0 0.013797634691195795 0.24591121495327103 0.02759526938239159 0.13434579439252337
0 0.03699179500112484 0.2522640467642093 0.06171946737586157 0.1298874529262014
0 0.026609724047306178 0.1746495327102804 0.053219448094612355 0.10163551401869159
0 0.01806833114323259 0.052570093457943924 0.03613666228646518 0.102803738317757
0 0.3304862023653088 0.4532710280373832 0.08147174770039421 0.0514018691588785
0 0.4274684701345766 0.3503716093135436 0.057287659243953674 0.11078761623832793
0 0.2959400187586298 0.33209044868971577 0.07270537112665887 0.12403480952315223
0 0.2380709276996912 0.19910657076914492 0.04845645621016445 0.1238537293871833
0 0.289173474281498 0.18634033752895063 0.0646373983991383 0.11620896792310564
0 0.2525147719734395 0.11264068977672036 0.04067829361235938 0.10207723751548949
0 0.47864651773981604 0.4632009345794392 0.06110381077529566 0.03154205607476635
0 0.514454664914586 0.46203271028037385 0.0683311432325887 0.03387850467289719
0 0.5315374507227333 0.42289719626168226 0.06964520367936924 0.11214953271028037
0 0.5447960303845181 0.20174429971301436 0.05745506267577757 0.09216406877041895
0 0.4737278975346454 0.3528320735736299 0.05028893356743018 0.09375206288003375
0 0.23751642575558476 0.02102803738317757 0.05847568988173456 0.04205607476635514
0 0.5463206307490145 0.02511682242990654 0.05716162943495401 0.05023364485981308
0 0.9674770039421814 0.12558411214953272 0.06504599211563732 0.15070093457943926
0 0.9615637319316689 0.016355140186915886 0.07687253613666228 0.03271028037383177
0 0.9178712220762155 0.016355140186915886 0.07095926412614981 0.03271028037383177
0 0.6172798948751642 0.19100467289719625 0.07555847568988174 0.1810747663551402
0 0.035479632063074903 0.7663551401869159 0.07095926412614981 0.14018691588785046
0 0.2268330617158673 0.6781674382601579 0.09295271290941987 0.17156875538370073
0 0.26584084673612274 0.641430108138276 0.05637142056532074 0.12583844949190262
0 0.22526965898441856 0.5434416556695153 0.06304792288210159 0.1055588665972411
0 0.18988173455978974 0.5344626168224299 0.08015768725361366 0.11098130841121495
0 0.3430229740361357 0.5486457263013634 0.05685923580133294 0.0944324760514119
0 0.20959264126149804 0.4935747663551402 0.08015768725361366 0.029205607476635514
0 0.4463693869330164 0.8168253700140826 0.06327834121842546 0.13936932995300055
0 0.5205994071166582 0.8489787078138935 0.06796935780557586 0.1433502920701616
0 0.35985646625210094 0.6284476839743479 0.05096217040583411 0.11945299745947274
0 0.3888963060866715 0.6489308457558248 0.04737100254415359 0.10743054788312953
0 0.4166922979086908 0.7094796012450765 0.06066461538432383 0.1146324957212132
0 0.5588042049934296 0.4877336448598131 0.04139290407358739 0.017523364485981307
0 0.554191601532988 0.6305144578702008 0.04454306498874159 0.07451614355788423
0 0.5663600525624178 0.6623831775700935 0.026281208935611037 0.08177570093457943
0 0.551645419492271 0.7834555400259251 0.052321227586546656 0.09629263542957811
0 0.7082785808147175 0.9561915887850467 0.08541392904073587 0.08761682242990654
0 0.759526938239159 0.9661214953271028 0.06438896189224705 0.06775700934579439
0 0.8045335085413929 0.9672897196261683 0.05059132720105125 0.06542056074766354
0 0.9255567712577976 0.9160517232928403 0.05313126618230165 0.10220179824204297
0 0.9525363840396233 0.7953498481802459 0.057883486118398005 0.10851920895733484
0 0.9669352315794392 0.732180411851992 0.0628643128352642 0.0985495208028487
0 0.9796320630749015 0.8387850467289719 0.040735873850197106 0.102803738317757
0 0.9921156373193167 0.8107476635514018 0.01576872536136662 0.0911214953271028
0 0.643657437723079 0.5979248472195715 0.060542208686432085 0.10995959852495159
0 0.6399898143677027 0.7956044202793323 0.04915848316748717 0.10062532604015051
0 0.6015111695137977 0.7757009345794392 0.04402102496714849 0.09579439252336448
0 0.6770121136583279 0.7831276351692728 0.07953488181580429 0.1095963481238178
0 0.6855022180765165 0.844589732550622 0.07313198301372542 0.09029238748453065
0 0.7415711963157298 0.8463184801191774 0.07134450239039214 0.09709760932750953
0 0.8000243878304982 0.8640223796765297 0.06382735980338346 0.1102998051106408
0 0.5965834428383706 0.5373831775700935 0.03416557161629435 0.11682242990654206
0 0.588042049934297 0.5677570093457944 0.017082785808147174 0.11448598130841121
0 0.6015111695137977 0.5017523364485982 0.04402102496714849 0.0455607476635514