0 0.44979790057914854 0.2680755970535317 0.06256879267549643 0.11821287451616146
0 0.29548497546718155 0.3486434127976169 0.0814002084159093 0.13265812301343788
0 0.21233920430911432 0.3530665954715646 0.07949075615918413 0.14213858205211613
0 0.19377654829979335 0.23806852656351613 0.08979541345104357 0.17193343650243006
0 0.04328421705344348 0.3714417866142863 0.06317808818641682 0.11228154177246893
0 0.0130173564753004 0.35570071258907365 0.0260347129506008 0.11045130641330166
0 0.342456608811749 0.6876484560570071 0.03871829105473965 0.023752969121140142
0 0.28437917222963954 0.6834916864608076 0.042723631508678236 0.032066508313539195
0 0.29285908328309124 0.6503026658678003 0.044722923031313935 0.06815199141035999
0 0.328133031057524 0.626780770303578 0.044792836508997076 0.07527788214670203
0 0.39000437830835594 0.6136713293801656 0.036254425814163084 0.08943983964368239
0 0.5214373169451829 0.6200298656357972 0.048188881452015275 0.08125067210994989
0 0.41971647946487406 0.612770030773767 0.0443932814311258 0.10258688709942068
0 0.13733735682451031 0.44587630937775946 0.09122712361026748 0.11375939076541437
0 0.15459816673585994 0.5234807257614936 0.075418880931896 0.06728218163756172
0 0.23755412324910535 0.4703708659258013 0.050998935376673944 0.09553009172900429
0 0.2810035727315093 0.4639835037669983 0.06511084493570297 0.10517637964590469
0 0.46382334957660043 0.4033086017024011 0.04657073535230294 0.12042234255005332
0 0.4290047706926349 0.5164841366257422 0.06582501066314805 0.10993388300672523
0 0.49515942295597104 0.4409851493080776 0.04109045445835188 0.1061152847846286
0 0.5095867012312143 0.2971449501616244 0.05332786849949747 0.1288049771083783
0 0.5413885180240321 0.25534441805225655 0.056074766355140186 0.11401425178147269
0 0.5574098798397864 0.25950118764845603 0.02403204272363151 0.10095011876484561
0 0.5537383177570093 0.33016627078384797 0.03137516688918558 0.08788598574821853
0 0.6031375166889186 0.19536817102137768 0.06742323097463285 0.18883610451306412
0 0.8618157543391188 0.060570071258907364 0.0774365821094793 0.12114014251781473
0 0.7832706926997103 0.25857095463677937 0.060694297157612695 0.13125627892301073
0 0.8572796518316633 0.3349942361821155 0.05659573873343013 0.12171363405499908
0 0.7911499934130549 0.4419624528169945 0.07158832417216526 0.08505545125886135
0 0.8435748128258125 0.40520023105303427 0.07165823764984809 0.0921813419952034
0 0.8360661097935244 0.4901861910270361 0.07007504828897762 0.13491595780347784
0 0.9162003601358306 0.45254339926645515 0.06115211346688668 0.10988551625057712
0 0.9612878815061741 0.4152633581769848 0.05390220727157659 0.11931069899651474
0 0.986648865153538 0.40676959619952496 0.0267022696929239 0.09382422802850356
0 0.9799732977303071 0.47624703087885983 0.04005340453938585 0.10688836104513064
0 0.8309288120982087 0.5715850222547929 0.07636609158495165 0.0957926541195224
0 0.7313113782904203 0.5880539731358289 0.0813302949382263 0.1255322322770957
0 0.9913217623497997 0.1823040380047506 0.017356475300400534 0.1342042755344418
0 0.9876502002670227 0.07066508313539192 0.024699599465954607 0.12470308788598575
0 0.982977303070761 0.34679334916864607 0.03404539385847797 0.1021377672209026
0 0.9753004005340454 0.5742280285035629 0.049399198931909215 0.07244655581947744
0 0.7956682059222232 0.6277637955922866 0.05376238031621031 0.10505891752383066
0 0.6138738267498175 0.5839256335238672 0.056455911778063854 0.10746185258231498
0 0.52877292563543 0.7919651732307889 0.043679115703680715 0.09782938373859987
0 0.5507343124165555 0.7755344418052257 0.037383177570093455 0.07363420427553444
0 0.5644192256341789 0.8254156769596199 0.010013351134846462 0.0665083135391924
0 0.5432295077452611 0.8832551850055489 0.04204104381574113 0.0669367048079324
0 0.5091375049016612 0.8883581651959988 0.034896007836956046 0.08705072365838336
0 0.47898675515745687 0.8999517546752065 0.04417188875179627 0.08002156643433754
0 0.5570761014686249 0.9020190023752969 0.024699599465954607 0.03681710213776722
0 0.37962811818664666 0.8220095628363031 0.04357424548715601 0.08714054763408681
0 0.2735914663737988 0.8124193430500107 0.07028816742636049 0.08860457755384722
0 0.14150600194526294 0.8725691203335716 0.05636269380781972 0.09796066493385892
0 0.19591018709242858 0.8381614668719477 0.05020320392526499 0.0824590491757847
0 0.17341227732573894 0.9541782965084685 0.04816557695945413 0.07887537519783587
0 0.2581303436650362 0.8915499751828386 0.06549874776729382 0.07667972623712903
0 0.22411239107009276 0.8550887141795894 0.050179899432704 0.08008375226367069
0 0.05507343124165554 0.7351543942992874 0.05540720961281709 0.07125890736342043
0 0.09712950600801068 0.9720902612826603 0.04472630173564753 0.055819477434679333
0 0.19954434501755736 0.9099692864755449 0.0634611208014828 0.07309605225918048
0 0.2707656234318862 0.8623247615824792 0.051270315745459365 0.05515695375965856
0 0.4078402850584246 0.8039046354585595 0.04606968876224055 0.06935345893960201
0 0.9602803738317757 0.7327790973871734 0.0794392523364486 0.0665083135391924
0 0.9729639519359146 0.9073634204275535 0.0540720961281709 0.15676959619952494
0 0.7983978638184246 0.7541567695961995 0.1068090787716956 0.10926365795724466
0 0.8429880637408129 0.8615540608355793 0.07575341736969753 0.16941303932187182
0 0.9272866492140115 0.8416810839280016 0.08525069096386759 0.18494920276290902
0 0.8148999348071473 0.9010332056540526 0.0975730494333104 0.14826338182040086
0 0.6633495233491901 0.8361002664579694 0.07717009657830735 0.17774039758745602
0 0.6949686293436266 0.9129623035769345 0.08888315953682964 0.14698590938864026
0 0.7349799732977303 0.9572446555819477 0.09479305740987984 0.0855106888361045