0 0.5049668874172185 0.03176470588235294 0.1 0.06352941176470588
0 0.437269412707989 0.1472160876866677 0.10029329180805756 0.15513078457936016
0 0.4507487827300389 0.2644240491626505 0.06945982785672225 0.09582401064168981
0 0.5870860927152318 0.057058823529411766 0.06556291390728476 0.11411764705882353
0 0.5787909111250777 0.19099875211792752 0.06440840647328575 0.1329778197778494
0 0.56158940397351 0.3305882352941176 0.07152317880794702 0.07764705882352942
0 0.5052980132450331 0.3523529411764706 0.06225165562913907 0.03411764705882353
0 0.6036423841059603 0.2988235294117647 0.03245033112582781 0.12705882352941175
0 0.930794701986755 0.024705882352941175 0.09337748344370861 0.04941176470588235
0 0.9072847682119205 0.023529411764705882 0.10596026490066225 0.047058823529411764
0 0.8390728476821192 0.03 0.09668874172185431 0.06
0 0.8399439983981334 0.06861585888422536 0.10936445909931819 0.12540573623813972
0 0.7192052980132451 0.05941176470588235 0.11920529801324503 0.1188235294117647
0 0.6645048726377676 0.09407249697791431 0.07998696435812576 0.18733708909962576
0 0.6294701986754967 0.06647058823529411 0.019205298013245033 0.13294117647058823
0 0.6936665995000628 0.19449408529289886 0.08571604938854141 0.15259787735085786
0 0.7208726273643761 0.2394057592226002 0.0821890232314987 0.1193484198256636
0 0.7613128253063769 0.13545807305434424 0.06396962869222826 0.16703381062575157
0 0.7935011525792585 0.17847922738948427 0.07368763564776817 0.1350174773189819
0 0.8300519105812911 0.21307761768384753 0.07250954625433284 0.15724710607360975
0 0.9168954964189694 0.20762516954982216 0.047751937138783604 0.11614229685775974
0 0.944856711859422 0.13724272583246483 0.07313326793158777 0.15142640934335466
0 0.9685430463576159 0.21941176470588236 0.06291390728476821 0.10941176470588235
0 0.9943708609271523 0.2541176470588235 0.011258278145695364 0.12
0 0.9412328967840319 0.2858196304005445 0.07621334633948672 0.1164405727509021
0 0.9324503311258279 0.3347058823529412 0.08344370860927153 0.06941176470588235
0 0.7695364238410596 0.32588235294117646 0.06490066225165562 0.08705882352941176
0 0.687748344370861 0.33705882352941174 0.0695364238410596 0.06470588235294118
0 0.47654693324790437 0.4990641487721675 0.07706054189131317 0.14473752307947024
0 0.31821192052980135 0.44823529411764707 0.12251655629139073 0.15764705882352942
0 0.23526747773595766 0.5607697631611257 0.07187811858140343 0.16189133221562985
0 0.4096780850599313 0.6417528851972704 0.057932303834817 0.1547141988451077
0 0.35822234783599427 0.7075935922504537 0.07623646432651136 0.11996998451560799
0 0.49064524400454845 0.8252806082926787 0.0714928187976588 0.10306780280386513
0 0.5542481419436021 0.877701020881871 0.07142346483658503 0.09247956750974749
0 0.6125827814569537 0.9294117647058824 0.01456953642384106 0.13411764705882354
0 0.4913907284768212 0.9464705882352941 0.05827814569536424 0.10705882352941176
0 0.5655629139072847 0.97 0.059602649006622516 0.06
0 0.4649006622516556 0.981764705882353 0.05695364238410596 0.036470588235294116
0 0.5271523178807948 0.9741176470588235 0.039735099337748346 0.05176470588235294
0 0.25919553238542786 0.9037934187866318 0.05666174249328309 0.1628261805409123
0 0.16808653672315155 0.7511055584097579 0.06765801678603206 0.12387433612657306
0 0.15697035552503028 0.8295308237409007 0.06695723515202849 0.11793032697447536
0 0.10896843749922426 0.8739151059663371 0.07242478030190919 0.1443059296030218
0 0.17512810209890162 0.8900807270584598 0.055691251010658194 0.11570570080057918
0 0.18747199768993367 0.927722783301257 0.060719554407070206 0.07502247989971372
0 0.06466108042711684 0.45541986793210676 0.0817964814244908 0.16046323420297767
0 0.015894039735099338 0.941764705882353 0.031788079470198675 0.10941176470588235
0 0.05159119733920508 0.8826994907804748 0.07302538399213918 0.13495582110806054
0 0.9194493380265786 0.5658714083043228 0.11520959803726828 0.20942839769021543
0 0.9688741721854305 0.8452941176470589 0.06225165562913907 0.13529411764705881
0 0.9903973509933774 0.9070588235294118 0.019205298013245033 0.10352941176470588
0 0.8960264900662251 0.9341176470588235 0.0728476821192053 0.13176470588235295
0 0.8294701986754967 0.9911764705882353 0.08278145695364239 0.01764705882352941
0 0.7884837122177417 0.8832910399860269 0.06986053963181643 0.15700048122992485
0 0.8562722669578354 0.8531093852646978 0.09474868670142769 0.11699047606846093
0 0.7333092268897125 0.8087001535627617 0.05656156454950943 0.14753206289385348
0 0.6994226555153406 0.822614510335191 0.053250306271363734 0.14722378183924723
0 0.6576158940397351 0.8582352941176471 0.07549668874172186 0.12588235294117647
0 0.633112582781457 0.8564705882352941 0.026490066225165563 0.1388235294117647
0 0.6360927152317881 0.7652941176470588 0.03245033112582781 0.10705882352941176
0 0.7909137939221411 0.765209886395683 0.08346729056870768 0.1124129087180943
0 0.8067928856383019 0.6678044498351066 0.09477951068412727 0.12169635842140238
0 0.7571552994212276 0.5572362248639169 0.1030424763743474 0.1706715270701039
0 0.8396942494973167 0.5513830113589034 0.08440695806863285 0.15482750610548612
0 0.8539215650722423 0.45323519897690623 0.10352749012945409 0.14367435975161336
0 0.7029801324503311 0.3905882352941176 0.08013245033112583 0.042352941176470586
0 0.7360927152317881 0.4441176470588235 0.09205298013245033 0.14941176470588236
0 0.8182119205298013 0.4088235294117647 0.07880794701986756 0.07882352941176471
0 0.6708609271523179 0.45647058823529413 0.09271523178807947 0.17411764705882352
0 0.6347682119205298 0.6 0.029801324503311258 0.16470588235294117