0 0.1545945945945946 0.510576923076923 0.0972972972972973 0.11730769230769231
0 0.27135135135135136 0.5586538461538462 0.06918918918918919 0.021153846153846155
0 0.2905405405405405 0.5134615384615384 0.08702702702702703 0.11153846153846154
0 0.3216216216216216 0.5149038461538461 0.036756756756756756 0.08942307692307692
0 0.013243243243243243 0.1283653846153846 0.026486486486486487 0.13365384615384615
0 0.019189189189189187 0.19134615384615383 0.038378378378378375 0.16346153846153846
0 0.03945945945945946 0.19759615384615384 0.07891891891891892 0.15673076923076923
0 0.09378083500684489 0.1234027713880851 0.07911902313536769 0.13498161302984762
0 0.16876502886863082 0.2714217969011759 0.08662235881585631 0.12026876324928647
0 0.18101044797301305 0.32549319818628686 0.06604401999858965 0.11760541859081111
0 0.21976866125745653 0.2983172506132759 0.05587577989212445 0.1330558849648928
0 0.18113495563600931 0.19816706190077757 0.07877883864483158 0.12632776687600147
0 0.26582231970039444 0.29248614556739594 0.07068579948070298 0.15345104790935563
0 0.2795533621802504 0.39153779155566687 0.08270245086914706 0.14390416542531542
0 0.33405405405405403 0.4081730769230769 0.011891891891891892 0.14326923076923076
0 0.32216216216216215 0.33413461538461536 0.03567567567567568 0.09903846153846153
0 0.3021027678036896 0.28005729884061836 0.050217151216008976 0.11246051791015252
0 0.31121993880025445 0.1722872812799739 0.04937422446165869 0.10472342584424132
0 0.26302659569434556 0.06700405076568763 0.06466055270369858 0.10982354215129599
0 0.21075672103519144 0.07232013551512619 0.053093776358363286 0.08969708544845459
0 0.2235135135135135 0.022596153846153846 0.0654054054054054 0.04519230769230769
0 0.04432432432432432 0.010576923076923078 0.057297297297297295 0.021153846153846155
0 0.09783783783783784 0.020673076923076922 0.0627027027027027 0.041346153846153845
0 0.1362162162162162 0.03125 0.05405405405405406 0.0625
0 0.32756756756756755 0.18461538461538463 0.024864864864864864 0.08461538461538462
0 0.855945945945946 0.5216346153846154 0.0772972972972973 0.09519230769230769
0 0.8256198596780313 0.42589213831674044 0.07879020331120513 0.11291101278806671
0 0.8938017122007887 0.4503521459512001 0.052806459088533056 0.10979982439355529
0 0.9198837823096602 0.47662982616984184 0.04322792246570808 0.11283985951484396
0 0.7920721262486196 0.3136226167798727 0.05185013750400415 0.09917811694302849
0 0.8299554227519511 0.37078281427269333 0.056034633387796906 0.08227348399776854
0 0.8626542952602702 0.345998853974658 0.06638050021151955 0.08504746401931403
0 0.61980805983943 0.38472365387490015 0.056011904055050174 0.10910699217363826
0 0.666201776856126 0.30126478080715596 0.06687187780896053 0.09754746401931402
0 0.4851351351351351 0.5091346153846154 0.05891891891891892 0.1201923076923077
0 0.5235135135135135 0.5230769230769231 0.06 0.09230769230769231
0 0.5507740198683073 0.4716124369765562 0.05449231259723369 0.12527400852537768
0 0.5215923651511079 0.45520698873605037 0.06105439563717261 0.1277344979316979
0 0.5299895167510714 0.386446455428119 0.05802287311030734 0.10543997582189885
0 0.37243243243243246 0.5360576923076923 0.06486486486486487 0.06634615384615385
0 0.3545945945945946 0.4548076923076923 0.02918918918918919 0.10384615384615385
0 0.4105189444587942 0.5009906297626163 0.04543924757097004 0.10056378138286212
0 0.42295693330763556 0.4397999099050522 0.05675280064559514 0.10054271476699954
0 0.38121821257822935 0.48071663548915483 0.06408221388643197 0.10881721931615403
0 0.39034304396356173 0.42793344773061703 0.05787168000340247 0.101593821975745
0 0.5606150404558571 0.35232635006425206 0.06729902351932246 0.09470763300830225
0 0.43204754477706975 0.27752383177307033 0.04587775794770532 0.08430719628391549
0 0.5644175974612261 0.2831851495806901 0.04702307091586541 0.09973659604213458
0 0.6113747102679875 0.29575762842485165 0.0605101508190261 0.08647791283275126
0 0.5202727519929624 0.24045856231887774 0.04768837095295806 0.08924924171241873
0 0.48605799230443303 0.20723672430938014 0.056185826494701836 0.0861196378439225
0 0.45258227706764576 0.2034985546844182 0.039228713687940536 0.0933403840424533
0 0.38825980488212436 0.17742896074210693 0.04587775794770535 0.0843071962839156
0 0.4460331589993275 0.05970244473987556 0.039466868014671266 0.08569286072374922
0 0.5827027027027027 0.025 0.04756756756756757 0.05
0 0.6583446621295915 0.09417441101661886 0.06191634744666378 0.06742628109639646
0 0.7215312079577455 0.10085649042054827 0.0377810145059707 0.07021867659192661
0 0.7446893421199658 0.0704587190899558 0.04518602430025984 0.08041625806415809
0 0.7215613458457042 0.04490812215690306 0.04018133099486354 0.06275029076763697
0 0.7524324324324324 0.026923076923076925 0.03891891891891892 0.05384615384615385
0 0.6247727249789636 0.18255426289700338 0.05059142970566525 0.08086410180019411
0 0.600419863071928 0.07779923712896802 0.04253248454065682 0.06773712056974371
0 0.5968554603932896 0.15467752967844134 0.041428674126828886 0.0944810599984062
0 0.490098577719755 0.0768586940237114 0.045650968287348014 0.07853796551468471
0 0.5599189729469165 0.052738617163676886 0.0437761233950162 0.05825608907516986
0 0.5345945945945946 0.028846153846153848 0.03891891891891892 0.057692307692307696
0 0.5110813329146368 0.05351571584704479 0.03881293264395211 0.08276346096553022
0 0.45837837837837836 0.009615384615384616 0.04432432432432432 0.019230769230769232
0 0.5877627449514967 0.1997460175578696 0.05300311086093164 0.059978961887969605
0 0.9432971177981715 0.47422863115787367 0.049385589128032245 0.09130667175630637
0 0.9578179679781167 0.45662063268476566 0.052265918547992514 0.10975504001995157
0 0.9098813005869683 0.15167195940156733 0.0393156749077664 0.08184670687759538
0 0.9353415512686599 0.1730747707521114 0.03770541795251808 0.06829559966884959
0 0.9856756756756757 0.47884615384615387 0.028648648648648647 0.08076923076923077
0 0.9361108595251386 0.21558399274101986 0.05198626166692938 0.07522922415177417
0 0.9341699306069249 0.27185638492782166 0.03501407991618893 0.054654923712896805
0 0.9727027027027026 0.28221153846153846 0.05459459459459459 0.08557692307692308
0 0.9689761200011197 0.22795361633302616 0.03354365140147206 0.05836672443823982
0 0.9878378378378379 0.06346153846153846 0.024324324324324326 0.09038461538461538
0 0.814508262958658 0.27400066131745765 0.056964521361973115 0.07851689889882203
0 0.7930283219163707 0.2341165562085352 0.04746158129260075 0.08348001094318795
0 0.08794495736380524 0.7887936583294911 0.07358515395580432 0.10385410727178798
0 0.02216216216216216 0.8740384615384615 0.04432432432432432 0.11923076923076924
0 0.30567567567567566 0.5961538461538461 0.06 0.05384615384615385
0 0.1837837837837838 0.5932692307692308 0.05945945945945946 0.04807692307692308
0 0.11162162162162162 0.5985576923076923 0.06864864864864866 0.058653846153846154
0 0.03567567567567568 0.6048076923076923 0.057297297297297295 0.07115384615384615
0 0.4656756756756757 0.9725961538461538 0.08162162162162162 0.05480769230769231
0 0.3928360040054672 0.8278426959316326 0.0797993921164398 0.15228930533753993
0 0.3818918918918919 0.6682692307692307 0.08378378378378379 0.1076923076923077
0 0.38432432432432434 0.7432692307692308 0.08864864864864865 0.12884615384615383
0 0.47390361644781626 0.7038464388844775 0.0730332487488903 0.11722607698611923
0 0.45513513513513515 0.6173076923076923 0.08108108108108109 0.09615384615384616
0 0.36162162162162165 0.6014423076923077 0.043243243243243246 0.06442307692307692
0 0.6913513513513514 0.96875 0.08432432432432432 0.0625
0 0.632972972972973 0.9629807692307693 0.07243243243243243 0.07403846153846154
0 0.5954054054054054 0.9475961538461538 0.0718918918918919 0.10480769230769231
0 0.5464864864864865 0.9274038461538462 0.09513513513513513 0.1451923076923077
0 0.573242398438663 0.8669063148141034 0.07088245125310169 0.10363018540377004
0 0.628908687503546 0.9062464508446683 0.07415212810669776 0.11827718419486491
0 0.5898818042540795 0.7747119090113592 0.06682641914346683 0.15121448037105334
0 0.5461338406914411 0.7218891679033931 0.07088615553070765 0.14484198612911298
0 0.6062357449384685 0.6414953732856178 0.09164978145399948 0.11110122236993782
0 0.7797297297297298 0.9365384615384615 0.06756756756756757 0.12692307692307692
0 0.7560414489719842 0.8588993334547933 0.0922281202712664 0.11210754520507989
0 0.7165140533478399 0.9125399809069138 0.0741407634403242 0.13169393828279988
0 0.6818569530881914 0.8353890054030018 0.08339048023898663 0.10658330291972985
0 0.6352135911616134 0.8286305417016745 0.07068209520309714 0.11223924718401271
0 0.6444498393215434 0.7247290701739858 0.06418424405023723 0.12511858878870416
0 0.6734933918202367 0.6687728197442873 0.07834798865686418 0.08795579716167022
0 0.6948648648648649 0.6086538461538461 0.06108108108108108 0.07884615384615384
0 0.8980294368609391 0.7095632881523749 0.06157986723373363 0.09998423566789333
0 0.47405405405405404 0.5894230769230769 0.0681081081081081 0.04038461538461539
0 0.8687078277864301 0.641536394725147 0.06845570115385616 0.09672027867858639
0 0.7445945945945946 0.5913461538461539 0.05675675675675676 0.04423076923076923
0 0.9256756756756757 0.5855769230769231 0.05243243243243243 0.032692307692307694
0 0.9905405405405405 0.5899038461538462 0.01891891891891892 0.041346153846153845
0 0.9805405405405405 0.7177884615384615 0.03891891891891892 0.07788461538461539
0 0.9764864864864865 0.7399038461538462 0.047027027027027025 0.08942307692307692
0 0.7895791662067141 0.6610265912009645 0.06146647240355525 0.09709962028327805
0 0.8083127980196078 0.6259212296178184 0.055482728180882936 0.09564545371209979
0 0.8705405405405405 0.5961538461538461 0.0654054054054054 0.05384615384615385
0 0.8291891891891892 0.9538461538461539 0.06702702702702702 0.09230769230769231
0 0.8785817198181864 0.9283791391418414 0.06424847593731618 0.14045841979971582
0 0.9164864864864865 0.95625 0.08162162162162162 0.0875
0 0.9824324324324324 0.9625 0.03513513513513514 0.075
0 0.6702702702702703 0.5822115384615385 0.06594594594594595 0.025961538461538463
0 0.784054054054054 0.5865384615384616 0.051351351351351354 0.03461538461538462
0 0.8486248226777658 0.7247634637588198 0.04944982101511119 0.10664650276731814
0 0.9654054054054054 0.8120192307692308 0.06918918918918919 0.08942307692307692