0 0.3738344988344988 0.6099585062240664 0.06701631701631702 0.15975103734439833
0 0.3328563671199754 0.43674387174957513 0.07150672206519457 0.16949296414234574
0 0.15847153558792684 0.47295561113869306 0.10621745829875782 0.14791164538364288
0 0.12412587412587413 0.6125518672199171 0.10955710955710955 0.1545643153526971
0 0.029428904428904428 0.6068464730290456 0.058857808857808856 0.16597510373443983
0 0.45881842930029904 0.4417862423037557 0.07868577361985642 0.1299795290337001
0 0.23073326961113594 0.374858065015166 0.09081164441577085 0.1200920425718885
0 0.300617565769541 0.37082153240809 0.07398308116081609 0.1252498459470319
0 0.35734994778115914 0.28346367561703506 0.06399199618499021 0.17477403410576306
0 0.38617067175416575 0.28246639637304777 0.06197927375600799 0.14758546518892637
0 0.4004618442179459 0.2496051479429189 0.07516892622483483 0.12746961111703917
0 0.2605442838993847 0.24319166067363904 0.09852980928115258 0.1355578605752762
0 0.28408760028022517 0.3055340230225439 0.07020176308506429 0.09576897367352463
0 0.23743113886241177 0.1963369261131745 0.0743623927583893 0.10457549616689031
0 0.47684794432993716 0.23543459569748335 0.07285826779235033 0.12925414716706612
0 0.48985089047497277 0.3042693673980305 0.06650904307764714 0.13468029350381033
0 0.5235893925789534 0.30628621896159525 0.06030222565256825 0.154629261417318
0 0.5576923076923077 0.30186721991701243 0.04428904428904429 0.14315352697095435
0 0.5675990675990676 0.2769709543568465 0.024475524475524476 0.1078838174273859
0 0.5652680652680653 0.02437759336099585 0.029137529137529136 0.0487551867219917
0 0.5547785547785548 0.03578838174273859 0.046620046620046623 0.07157676348547717
0 0.5638111888111889 0.07883817427385892 0.03205128205128205 0.08091286307053942
0 0.5547933021535304 0.12160644302472048 0.03969529379685646 0.07125010000022326
0 0.4968844340517912 0.09151586335081077 0.055521107074452306 0.08254473062519709
0 0.43997668997669 0.01867219917012448 0.054778554778554776 0.03734439834024896
0 0.38461538461538464 0.04771784232365145 0.054778554778554776 0.0954356846473029
0 0.4543639854095165 0.09473646218055794 0.04218904731600091 0.08813776312032079
0 0.291958041958042 0.03008298755186722 0.07109557109557109 0.06016597510373444
0 0.29155492643804304 0.078221428305229 0.08233780583023789 0.0869188316100534
0 0.3343144158879013 0.050623236114486006 0.05599196621535522 0.07120648043011774
0 0.2650122085501101 0.1436900415121649 0.08688791905039488 0.07608834872161774
0 0.12360806890225665 0.25920079014119607 0.06718334120372757 0.1440889312755359
0 0.04971063633478011 0.2570023514657041 0.095277432566862 0.16001889701546185
0 0.041518662853500296 0.20207382675528163 0.08151815093953814 0.1220434647802951
0 0.04020979020979021 0.14989626556016597 0.08041958041958042 0.10477178423236515
0 0.1621342502964802 0.21814248497283512 0.0783980095656128 0.1599899783989039
0 0.18352376048298777 0.14399061586080752 0.06958849665453709 0.09258440229184044
0 0.03146853146853147 0.03371369294605809 0.047785547785547784 0.06742738589211618
0 0.010198135198135198 0.03008298755186722 0.020396270396270396 0.06016597510373444
0 0.26427738927738925 0.014004149377593362 0.041375291375291376 0.028008298755186723
0 0.19405594405594406 0.03941908713692946 0.09906759906759907 0.07883817427385892
0 0.07459207459207459 0.03423236514522822 0.05128205128205128 0.06846473029045644
0 0.19259906759906759 0.013485477178423237 0.06118881118881119 0.026970954356846474
0 0.7974941724941725 0.6654564315352697 0.06701631701631702 0.0487551867219917
0 0.6016899766899767 0.2354771784232365 0.043706293706293704 0.13692946058091288
0 0.6075174825174825 0.133298755186722 0.05536130536130536 0.09232365145228216
0 0.671161136592348 0.18082417576919751 0.04819964823016629 0.10753534415707912
0 0.6619664131337089 0.1094432170586577 0.062463254321164854 0.07822846687345658
0 0.660767446645436 0.0536442341082745 0.0652651157930701 0.06718036942503076
0 0.7897595773938528 0.1354972641254915 0.04721724215132468 0.12606246695387696
0 0.8141914645973468 0.07754394536025919 0.029859737534908833 0.07727836161532729
0 0.830964082131378 0.0884071429262739 0.042995580782446315 0.11103187807046959
0 0.8612213386627432 0.08930320701230864 0.048517928132186264 0.08063692798689609
0 0.8803010033921269 0.1319976590868858 0.065438038930471 0.08481522419681493
0 0.9598915699471097 0.20653095779206795 0.04315833197058844 0.12762938844391358
0 0.9833916083916084 0.3086099585062241 0.033216783216783216 0.10062240663900415
0 0.9588947189197407 0.30819070882941235 0.041626640631767894 0.09013991373033796
0 0.6360722610722611 0.010892116182572614 0.07167832167832168 0.021784232365145227
0 0.039627039627039624 0.9564315352697096 0.0641025641025641 0.08713692946058091
0 0.574009324009324 0.7525933609958506 0.011655011655011656 0.11099585062240663
0 0.801407007238912 0.935775994412683 0.06881247903586804 0.0728023205367125
0 0.9077596503530302 0.8334349643693477 0.06488285472050186 0.1469108117239031
0 0.6098484848484849 0.9605809128630706 0.060023310023310024 0.07261410788381743
0 0.9781468531468531 0.7302904564315352 0.043706293706293704 0.08091286307053942
0 0.9793123543123543 0.7738589211618258 0.041375291375291376 0.1078838174273859
0 0.9915501165501166 0.8314315352697096 0.0168997668997669 0.1338174273858921