0 0.19666666666666666 0.04741379310344827 0.10363636363636364 0.09482758620689655
0 0.2061880816566372 0.11387238889126144 0.09833237145068448 0.1536834695465869
0 0.17264183012270223 0.24010440047832857 0.09887799089030744 0.12787782859269103
0 0.2496969696969697 0.21282327586206898 0.04 0.11961206896551724
0 0.26 0.3119612068965517 0.019393939393939394 0.13254310344827586
0 0.24454545454545454 0.32004310344827586 0.0503030303030303 0.1206896551724138
0 0.21517527863159544 0.33969253191631393 0.06211296991637248 0.10629393976643577
0 0.1573680585202419 0.4046216634090789 0.0663325913095755 0.11826024406554066
0 0.1684848484848485 0.44396551724137934 0.09090909090909091 0.11206896551724138
0 0.23212121212121212 0.4353448275862069 0.07515151515151515 0.10560344827586207
0 0.19515151515151516 0.4838362068965517 0.0703030303030303 0.032327586206896554
0 0.8354545454545454 0.03286637931034483 0.07939393939393939 0.06573275862068965
0 0.9596969696969697 0.0334051724137931 0.08060606060606061 0.0668103448275862
0 0.9833333333333333 0.06627155172413793 0.03333333333333333 0.0894396551724138
0 0.8774102301752993 0.07536415249413754 0.06190087618661258 0.10198359493884956
0 0.8310802484382666 0.14533324228305336 0.08135525674698962 0.12840994402058079
0 0.9474743802087358 0.11150241240316291 0.0689312891463614 0.0849867370121976
0 0.9924242424242424 0.10075431034482758 0.015151515151515152 0.11314655172413793
0 0.9673566570956315 0.15783194162415615 0.05668122731104824 0.09429001679291668
0 0.8124811108836986 0.24843749608930393 0.08443116547573509 0.10483471282930658
0 0.847083022904978 0.3040232817479986 0.05523420951994591 0.10177669222957138
0 0.8756895781935438 0.22543077531086522 0.0784235828475688 0.10572420566413179
0 0.9433333333333334 0.4644396551724138 0.05515151515151515 0.07112068965517242
0 0.8369696969696969 0.47575431034482757 0.06545454545454546 0.04849137931034483
0 0.5034047624371709 0.3508437418870976 0.07311272257511987 0.1453691832728187
0 0.44846218179564473 0.2581161237718413 0.05821890685180678 0.12554001679291668
0 0.5265268265115864 0.21630139470877577 0.07983241267422658 0.14665367218899367
0 0.5866813634710655 0.334768821097703 0.08368087004034998 0.15107687303982245
0 0.6675029518502709 0.3921578557493454 0.08424929232919401 0.11343659314727202
0 0.6027272727272728 0.44450431034482757 0.07818181818181819 0.11099137931034483
0 0.8137984544898579 0.3800628926969439 0.07330998083688428 0.1001857999319919
0 0.42156006890276915 0.35284420930661214 0.06572653070351504 0.11824143472833369
0 0.36103697748875346 0.4119218540102746 0.06761312106936024 0.08279394592399031
0 0.3139121939123494 0.379388588783568 0.06996895494593929 0.11837310008878349
0 0.45545454545454545 0.44719827586206895 0.06 0.10560344827586207
0 0.3480448624228949 0.3637596381010545 0.07323415455522322 0.11094285266375045
0 0.2509090909090909 0.5377155172413793 0.037575757575757575 0.07543103448275862
0 0.05543476316149867 0.9114567949520782 0.06757493310491568 0.13121008788550625
0 0.2515151515151515 0.8189655172413793 0.03636363636363636 0.09698275862068965
0 0.08548407772693974 0.8991922682507042 0.058294733133467905 0.11478296406115839
0 0.15818181818181817 0.9622844827586207 0.08 0.07543103448275862
0 0.022727272727272728 0.915948275862069 0.045454545454545456 0.08405172413793104
0 0.9784848484848485 0.8410560344827587 0.04303030303030303 0.11099137931034483
0 0.952551579356677 0.8281885596823604 0.06074177840693141 0.10302356247133192
0 0.8679867560053862 0.898265051508429 0.061878073337391634 0.11381823387750466
0 0.8203691015981853 0.9358971504218445 0.05939338974671156 0.08791854623757298
0 0.8457791406487443 0.7861745496609355 0.055552350114585626 0.10824220947095069
0 0.870555782906181 0.7654398080020461 0.0665446850393354 0.12257058889312687
0 0.9927272727272727 0.6594827586206896 0.014545454545454545 0.09267241379310345
0 0.9827272727272728 0.5673491379310345 0.034545454545454546 0.10021551724137931
0 0.9754545454545455 0.630926724137931 0.04909090909090909 0.07435344827586207
0 0.9448215596450543 0.6649248446689293 0.05172669559768331 0.09198436968146656
0 0.9170975835493596 0.7429503439968035 0.04809033196131967 0.09187151365822374
0 0.8943443487530948 0.6567783391264487 0.06782521479912 0.08710429075157651
0 0.8662195376943294 0.6279723292739072 0.064847935201257 0.08808783027243722
0 0.833939393939394 0.5193965517241379 0.08242424242424243 0.03879310344827586
0 0.7803030303030303 0.5511853448275862 0.08060606060606061 0.10237068965517242
0 0.7218181818181818 0.5274784482758621 0.07151515151515152 0.05495689655172414
0 0.6821212121212121 0.5280172413793104 0.07333333333333333 0.05603448275862069
0 0.6466666666666666 0.525323275862069 0.06060606060606061 0.05064655172413793
0 0.6221212121212121 0.5479525862068966 0.08181818181818182 0.09590517241379311
0 0.6663210512213684 0.7534313751177971 0.061052501267573514 0.08474221562850473
0 0.695347535455227 0.7573870695314929 0.05457512548144554 0.10068029668546737
0 0.7276127075821496 0.7531480113702218 0.046756778769095314 0.12626022559287778
0 0.7582341533034337 0.7155037807951575 0.05402208830782484 0.10173907355515693
0 0.7816510054760397 0.6856377703834582 0.05912827258451161 0.08253061520309021
0 0.6921422273651529 0.8772812785551172 0.07068106241687984 0.12054708183978356
0 0.7054545454545454 0.9876077586206896 0.05090909090909091 0.02478448275862069
0 0.5033333333333333 0.959051724137931 0.06363636363636363 0.08189655172413793
0 0.5771306885287353 0.9083711195747484 0.07589329355844657 0.10349379590151019
0 0.5314184436459879 0.9292159902638354 0.06927965032421994 0.10436447939912831
0 0.5224039104839677 0.8323648970035956 0.0684312754051806 0.08712310008878349
0 0.4512633570392807 0.8977078339149174 0.05170389274846229 0.10381900862012165
0 0.4870135150628588 0.8717759815866618 0.06477210891959588 0.09884488300419575
0 0.2957575757575758 0.9714439655172413 0.052121212121212124 0.057112068965517244
0 0.31802068545560397 0.9406954195603835 0.05332536595210768 0.06298358878129552
0 0.2784848484848485 0.9795258620689655 0.017575757575757574 0.040948275862068964
0 0.3015151515151515 0.853448275862069 0.06363636363636363 0.09482758620689655
0 0.2827272727272727 0.8211206896551724 0.026060606060606062 0.11637931034482758
0 0.2906060606060606 0.6045258620689655 0.04181818181818182 0.13577586206896552
0 0.3422576157293282 0.6129359779464542 0.06556746040619518 0.11500867610764404
0 0.36488941854548973 0.7336471694491201 0.08280227453809189 0.12092326858392646
0 0.3884656158390296 0.6638446367020235 0.06749910682325462 0.1419671406172648
0 0.42540165818212283 0.5941670916398182 0.08485535293525462 0.113455402484479
0 0.4393939393939394 0.5414870689655172 0.0993939393939394 0.08297413793103449
0 0.4722231366318826 0.6698790424912153 0.08164317675841065 0.12196323611640858
0 0.5033554478717299 0.7104632632707903 0.07860545599410987 0.09712232534616648
0 0.653920436117189 0.6124368660492131 0.05412813517270479 0.10389424596895004
0 0.5891249747011442 0.6155270513372727 0.0689312891463614 0.08498673701219736
0 0.6204240487959229 0.6409968512144851 0.08284788023653411 0.09725399070661628