0 0.39555247012316735 0.31168490063862114 0.06476657099650412 0.10308555391196102
0 0.18383978562337402 0.26833307533240924 0.058192669533142866 0.13088554461176982
0 0.11972303154069115 0.22818220817609955 0.06469341537051283 0.10029225782257575
0 0.08275825272206946 0.19477689298820433 0.05497815265060707 0.12763621899788105
0 0.10138406627597725 0.2862714659821001 0.07613858435185139 0.09917106998970236
0 0.0062827225130890054 0.2709497206703911 0.012565445026178011 0.1005586592178771
0 0.22718266245920057 0.3592099354675033 0.0454436136651404 0.10213556923711409
0 0.2558809331428703 0.36711460089463144 0.05172633617822941 0.10304762828612063
0 0.2929941885440136 0.33464944321971624 0.0598838326510411 0.09588381874997323
0 0.39397905759162305 0.409683426443203 0.04450261780104712 0.03910614525139665
0 0.008900523560209424 0.4031657355679702 0.01780104712041885 0.0521415270018622
0 0.7892670157068062 0.029329608938547486 0.0968586387434555 0.05865921787709497
0 0.8981817807988017 0.10246522867897258 0.0993602879620282 0.16932637788572683
0 0.962565445026178 0.07262569832402235 0.07486910994764398 0.1452513966480447
0 0.9062827225130891 0.03677839851024209 0.1068062827225131 0.07355679702048418
0 0.9806282722513089 0.22951582867783984 0.0387434554973822 0.17225325884543763
0 0.6591623036649215 0.0223463687150838 0.07853403141361257 0.0446927374301676
0 0.6706697628185272 0.09046681620399534 0.06586390538637235 0.14498499525274336
0 0.8119929979963414 0.15257404664069923 0.09072655814342735 0.13839114578769013
0 0.8569352325291539 0.2927516154041671 0.08398051666572713 0.11978821150590868
0 0.8536561825417552 0.22731820925293988 0.0647551001690185 0.12256262161690884
0 0.9465968586387434 0.40875232774674114 0.05654450261780105 0.040968342644320296
0 0.6976439790575916 0.4064245810055866 0.05287958115183246 0.04562383612662942
0 0.5284886758753753 0.35208735544219694 0.06063833056592428 0.08486264423393235
0 0.46465968586387435 0.3133147113594041 0.049738219895287955 0.10893854748603352
0 0.7990065084312622 0.34743024843465486 0.052518133682954625 0.11336571886795142
0 0.8615183246073298 0.3919925512104283 0.07591623036649214 0.074487895716946
0 0.8549738219895288 0.419925512104283 0.07225130890052356 0.0186219739292365
0 0.7087289889196319 0.16235119762982753 0.07841643603137217 0.12640094694934703
0 0.646496314293618 0.21079719665516472 0.07750271248332817 0.11142736288520733
0 0.6404531520071163 0.15057035807895577 0.06510796391779644 0.11612093566242677
0 0.5423293695205318 0.10454807237739758 0.055805806191481594 0.11940834057122565
0 0.4995731424452995 0.12170714366852307 0.052566904100282114 0.11522791626087509
0 0.6406912298789826 0.30201638627177585 0.04976549221133724 0.08792203438047991
0 0.6852921102915313 0.28465778285504645 0.06056661849362584 0.12195458225090433
0 0.7678010471204189 0.3947858472998138 0.08534031413612565 0.06890130353817504
0 0.6510471204188482 0.38361266294227186 0.05392670157068063 0.09124767225325885
0 0.5791155123331971 0.3655119742820033 0.05523203201103722 0.07758490415119404
0 0.5460732984293194 0.4068901303538175 0.05759162303664921 0.0446927374301676
0 0.9054973821989529 0.35661080074487894 0.06858638743455497 0.1452513966480447
0 0.39214659685863873 0.49394785847299816 0.09528795811518324 0.12942271880819367
0 0.4201570680628272 0.6047486033519553 0.03926701570680628 0.12569832402234637
0 0.4238219895287958 0.7253258845437617 0.03193717277486911 0.1340782122905028
0 0.20445026178010473 0.4692737430167598 0.06649214659685863 0.08007448789571694
0 0.17491992929242559 0.5382873635762928 0.07219539831678884 0.14775925169467355
0 0.21300498415588673 0.5690513925163037 0.06604607267450412 0.1320256184230281
0 0.3393386113760197 0.6616949444689061 0.0660475162281968 0.17191085252938557
0 0.30366408328603717 0.6392252790525738 0.0688345701822707 0.13892333390201364
0 0.2694555160222364 0.6510827382004754 0.0679452318428905 0.12488084853433597
0 0.2372866837650617 0.6552918756510784 0.07581010581173726 0.10654385464064667
0 0.23282852124067505 0.7051151757355136 0.08025391040125276 0.0969858132663214
0 0.36449244308334666 0.7046013357578308 0.07284088456953171 0.1524907500977334
0 0.3674917849479587 0.7606477500236892 0.07050134809150513 0.10299050934375545
0 0.4225130890052356 0.9166666666666666 0.03455497382198953 0.09590316573556797
0 0.39738633560881614 0.8533108794654912 0.05376033577111275 0.12096651828114705
0 0.2684384774247663 0.8303857223663996 0.05265153055375891 0.09854414464531275
0 0.24806551256716905 0.9059378406429233 0.05982359140622799 0.1134986890619974
0 0.16002565803783178 0.7959547249210465 0.05770496535986797 0.11226357068253331
0 0.19401114953942697 0.8929502885147002 0.05399127347657189 0.10986933884435567
0 0.15320930924049764 0.9057198835461435 0.04327621720145283 0.09903825346472614
0 0.12760936480978774 0.9099479838096669 0.046721671789447715 0.09119039964182392
0 0.08930556484519929 0.8674692162431327 0.04690383907757937 0.07823102281210867
0 0.06184949624968779 0.852267771085811 0.04312990594947036 0.0934516612859552
0 0.026963350785340314 0.8314711359404097 0.05392670157068063 0.10614525139664804
0 0.026963350785340314 0.75 0.05392670157068063 0.10707635009310987
0 0.020157068062827226 0.6159217877094972 0.04031413612565445 0.09404096834264432
0 0.0484284811917963 0.6021728801866751 0.07566379455975479 0.10095726246187571
0 0.0678755298970178 0.541907885481021 0.05534393078056324 0.14160269944480822
0 0.096292648904208 0.58061481281214 0.0535293980656536 0.13206369771793844
0 0.12855830021919126 0.5927759074703692 0.05795026100019821 0.16145979175350902
0 0.15100324723533198 0.6287465808199332 0.06234385161869349 0.11015431887990286
0 0.1830558888629307 0.6390074756248636 0.04434772282896474 0.1001213620026892
0 0.15569447399468858 0.700460143260414 0.07999858748712993 0.10715189400665097
0 0.024083769633507852 0.48417132216014896 0.048167539267015703 0.09869646182495345
0 0.009162303664921465 0.5297951582867784 0.01832460732984293 0.08379888268156424
0 0.07201877243725822 0.7850480956278758 0.04206987114944395 0.07289148504304453
0 0.10351055426559083 0.8167242604514282 0.041887703861312235 0.08585086187275957
0 0.10918653366947181 0.7605352793332614 0.048596445749170346 0.08311453105666955
0 0.3640039783321971 0.91388949051241 0.07013556996154902 0.08902402889682808
0 0.2895287958115183 0.9930167597765364 0.04397905759162304 0.013966480446927373
0 0.2835571515921735 0.9353907462827196 0.04224056761009011 0.07940917591827752
0 0.3170829330133894 0.9496040506357489 0.04669728658078403 0.09025930094536189
0 0.6098335022769358 0.8009787254854733 0.06993046101844635 0.14093754113643875
0 0.5302739261478099 0.5277302785523198 0.07728468915904733 0.14293270872340824
0 0.9352641938006921 0.8066298818978946 0.04372662178488556 0.09632096229609138
0 0.7743138691590356 0.9019639327422523 0.05537834326301981 0.083171496329965
0 0.9816659707701256 0.8208431094163893 0.032037600716909684 0.08813116316434631
0 0.9752899992824318 0.8736592377158139 0.04200962990463096 0.0905063553550687
0 0.9686278624813618 0.9273684622513251 0.04429895241163702 0.09825916460976555
0 0.7038390716067334 0.9239781833103606 0.04752494012165832 0.0820314225187067
0 0.7277486910994765 0.952513966480447 0.05340314136125655 0.09497206703910614
0 0.8429319371727748 0.973463687150838 0.05340314136125655 0.05307262569832402
0 0.8015706806282723 0.9613594040968343 0.05445026178010471 0.07728119180633147
0 0.6358638743455497 0.9716014897579144 0.041361256544502616 0.056797020484171325
0 0.6761780104712042 0.9860335195530726 0.03717277486910995 0.027932960893854747
0 0.4836310677960394 0.9541641922117127 0.044603045743087696 0.08995528126235963