0 0.014167650531286895 0.38130252100840334 0.02833530106257379 0.11764705882352941
0 0.045355533580549556 0.38865546218487396 0.05919350550988659 0.11134453781512606
0 0.04087515816240256 0.5976890756302521 0.06610794204308003 0.059873949579831935
0 0.07077563379568785 0.46743697478991597 0.055843727547614616 0.06722689075630252
0 0.07470074502825587 0.5472689075630253 0.045357942748594116 0.10609243697478991
0 0.04052527541379095 0.5005252100840336 0.048863194682828265 0.06932773109243698
0 0.21562864812024948 0.4900210084033613 0.057267610592190155 0.10819327731092437
0 0.04838272294450922 0.6843487394957983 0.03887942175692853 0.0703781512605042
0 0.175829629297966 0.5630252100840336 0.044531603541737616 0.08928571428571429
0 0.21346980992994816 0.5661764705882353 0.040930819642905195 0.06407563025210083
0 0.21605667060212513 0.6948529411764706 0.06139315230224321 0.06827731092436974
0 0.14433293978748524 0.7100840336134454 0.03955135773317592 0.037815126050420166
0 0.08175914994096813 0.7022058823529411 0.051357733175914994 0.05357142857142857
0 0.2403822986892994 0.35714285714285715 0.05813837093389291 0.10189075630252101
0 0.32063260353412876 0.3324579831932773 0.06320023394656504 0.1207983193277311
0 0.2688825728955173 0.5225840336134454 0.057230949893602716 0.07142857142857142
0 0.3096848124080277 0.5 0.06303807027969738 0.0934873949579832
0 0.4241847113205119 0.4695378151260504 0.07132474365703774 0.0819327731092437
0 0.38725620452547926 0.5288865546218487 0.0458671796872971 0.09243697478991597
0 0.4747569138916257 0.4175420168067227 0.05074466846567858 0.09558823529411764
0 0.49557260920897284 0.43907563025210083 0.027744982290436836 0.06302521008403361
0 0.4973435655253837 0.5078781512605042 0.024203069657615112 0.0661764705882353
0 0.49085005903187723 0.49107142857142855 0.0371900826446281 0.0661764705882353
0 0.45371121984039464 0.5477941176470589 0.04704059216598892 0.06827731092436974
0 0.7290436835891382 0.058298319327731093 0.06965761511216056 0.11659663865546219
0 0.6437426210153483 0.04831932773109244 0.05608028335301062 0.09663865546218488
0 0.58913813459268 0.02100840336134454 0.07201889020070838 0.04201680672268908
0 0.5363951854915384 0.11817226890756302 0.05229405447853411 0.12710084033613445
0 0.6026875017689095 0.19380252100840337 0.06012313711760012 0.13025210084033614
0 0.8832838626812887 0.28781512605042014 0.07002582821006596 0.11554621848739496
0 0.8609831389472554 0.5126050420168067 0.06149590933242371 0.0861344537815126
0 0.9132231404958677 0.7085084033613446 0.06375442739079103 0.04096638655462185
0 0.9840613931523022 0.694327731092437 0.031877213695395513 0.06932773109243698
0 0.9542413289198295 0.6864495798319328 0.06033748235557293 0.07457983193277311
0 0.8932060874877948 0.6817226890756303 0.05212466574608419 0.07563025210084033
0 0.8804604486422668 0.7190126050420168 0.04191263282172373 0.01995798319327731
0 0.8396774751584585 0.3314075630252101 0.06452082459028362 0.15966386554621848
0 0.7955029794309146 0.3634453781512605 0.06975261170608224 0.14600840336134455
0 0.7682711142973103 0.31985294117647056 0.06114883606058839 0.12710084033613445
0 0.6269930607713669 0.32195378151260506 0.06004205528416622 0.11659663865546219
0 0.7227052483203107 0.41964285714285715 0.05973217808159507 0.11029411764705882
0 0.7706943378139834 0.4411764705882353 0.05138663343824388 0.09663865546218488
0 0.8074487726024218 0.48634453781512604 0.06390883062140014 0.08718487394957983
0 0.7951292800028503 0.529936974789916 0.061230453264698816 0.05672268907563025
0 0.6150267957678597 0.5168067226890757 0.045121922313874574 0.08928571428571429
0 0.639923744283807 0.47689075630252103 0.04589661532030245 0.10504201680672269
0 0.682448906445091 0.4653361344537815 0.062241166705846236 0.08928571428571429
0 0.6777968681883941 0.4007352941176471 0.05592480938104845 0.08088235294117647
0 0.5687464464771343 0.41596638655462187 0.0494240778219598 0.05672268907563025
0 0.5837143454297251 0.4742647058823529 0.048272875910691244 0.06932773109243698
0 0.6150903503080146 0.3860294117647059 0.043144381195749655 0.08508403361344538
0 0.666512573703493 0.6875 0.033566552807695944 0.0703781512605042
0 0.7237308146399055 0.717436974789916 0.047225501770956316 0.023109243697478993
0 0.8261511216056671 0.710609243697479 0.04191263282172373 0.03676470588235294
0 0.7922077922077922 0.7158613445378151 0.048406139315230225 0.026260504201680673
0 0.8041640202303897 0.6596638655462185 0.04460546030958923 0.07878151260504201
0 0.7069716201622973 0.6759453781512605 0.03502763192153566 0.06407563025210083
0 0.6813113516089719 0.6523109243697479 0.037543845611369045 0.06722689075630252
0 0.6512789509978391 0.6418067226890757 0.03815637495092913 0.05567226890756303
0 0.6640524218028939 0.5714285714285714 0.05509847017419209 0.06407563025210083
0 0.6059622195985832 0.6953781512605042 0.03364817001180637 0.06722689075630252
0 0.5711946900380069 0.6638655462184874 0.04046600383904843 0.0546218487394958
0 0.518004722550177 0.11922268907563026 0.017119244391971666 0.07247899159663866
0 0.962171697538991 0.4275210084033613 0.05914908437504034 0.13445378151260504
0 0.12271793172824252 0.9227941176470589 0.03584674606280986 0.05672268907563025
0 0.08946821350336168 0.9248949579831933 0.028866213198023478 0.058823529411764705
0 0.1587315247320644 0.8508403361344538 0.03980182829905977 0.06512605042016807
0 0.12864386538771175 0.8272058823529411 0.032769649233844865 0.0661764705882353
0 0.09584785768297609 0.8445378151260504 0.030563312746582628 0.06932773109243698
0 0.11091209165618 0.8387605042016807 0.02761171888589786 0.06932773109243698
0 0.1271566954883195 0.875 0.027220759849892806 0.04936974789915966
0 0.06414003272003056 0.8960084033613446 0.026069557938624283 0.06197478991596639
0 0.05805193539369353 0.9642857142857143 0.03245977203127371 0.059873949579831935
0 0.0920469109919969 0.9653361344537815 0.02691088264732165 0.0430672268907563
0 0.12868949232585597 0.9789915966386554 0.03659976387249114 0.04201680672268908
0 0.04249037282151296 0.851890756302521 0.033227239972119404 0.051470588235294115
0 0.04001443236305823 0.8975840336134454 0.028607982195880836 0.05357142857142857
0 0.11983471074380166 0.7452731092436975 0.04132231404958678 0.032563025210084036
0 0.15466351829988192 0.7373949579831933 0.03778040141676505 0.01680672268907563
0 0.4538984035514618 0.832983193277311 0.03759549181179753 0.06827731092436974
0 0.48642266824085006 0.9038865546218487 0.04604486422668241 0.06407563025210083
0 0.4802553604398958 0.9548319327731093 0.03792757958179181 0.06302521008403361
0 0.456255530736542 0.904936974789916 0.030769897548296753 0.07352941176470588
0 0.424057602240202 0.8623949579831933 0.04028885467033962 0.06302521008403361
0 0.4314360515212374 0.9464285714285714 0.044443296642721564 0.051470588235294115
0 0.32015347022250107 0.9642857142857143 0.03572124309452957 0.0661764705882353
0 0.3965192047514793 0.8665966386554622 0.03495377515368391 0.07457983193277311
0 0.25165093723973847 0.9217436974789915 0.03884998612392318 0.05777310924369748
0 0.37131050767414403 0.9669117647058824 0.03541912632821724 0.0661764705882353
0 0.2340707572620394 0.8823529411764706 0.04462044581143027 0.0430672268907563
0 0.21875217250482223 0.8529411764705882 0.03694630177364987 0.0430672268907563
0 0.37068927978036553 0.8335084033613446 0.04329209473145301 0.06407563025210083
0 0.33465374389445884 0.875 0.038923842891774786 0.04726890756302521
0 0.2975206611570248 0.7384453781512605 0.03778040141676505 0.018907563025210083
0 0.9719598583234947 0.9044117647058824 0.05608028335301062 0.12394957983193278
0 0.8904118413964401 0.9285714285714286 0.05816780656689826 0.11449579831932773
0 0.6948051948051948 0.9632352941176471 0.06257378984651712 0.07352941176470588
0 0.6579102715466352 0.944327731092437 0.05844155844155844 0.11134453781512606
0 0.5430939383600677 0.9543067226890757 0.06583472553909644 0.09033613445378151
0 0.5206611570247934 0.9464285714285714 0.02243211334120425 0.09453781512605042
0 0.5377804014167651 0.8245798319327731 0.05667060212514758 0.10084033613445378