0 0.040123371705395025 0.2037767527000749 0.044055044345425474 0.09083043756159942
0 0.10353168869374625 0.17445836245133892 0.07118683649623794 0.09678436681163267
0 0.20942813067355495 0.07815669079011352 0.06070876083821208 0.1344594609637091
0 0.21768556566584277 0.1533425520418895 0.06070218679670421 0.13345342474640526
0 0.16235777827647252 0.1553542924028936 0.06237737992641765 0.13068168214545794
0 0.2974645195438667 0.21009168840624906 0.05658303349911829 0.1077276651948934
0 0.3567639401151658 0.11855301071192852 0.06284374105521058 0.11567326090288857
0 0.3675141242937853 0.18108651911468812 0.04463276836158192 0.096579476861167
0 0.3807909604519774 0.13078470824949698 0.01807909604519774 0.11267605633802817
0 0.3253844050390902 0.25628739842203874 0.0594933547957837 0.12121674610478343
0 0.08003914481043882 0.22812717601303936 0.06894009757360421 0.09846795117828819
0 0.11448269952207317 0.22613584162868097 0.05379761899110384 0.11335327241377621
0 0.2876884809632406 0.36730019335165615 0.04744487485389992 0.09132316966352774
0 0.3785310734463277 0.44114688128772633 0.022598870056497175 0.07746478873239436
0 0.2777688030151193 0.3305490133998955 0.04176228713223605 0.08547176840712817
0 0.2378594060424475 0.34841105020519747 0.04287250851053706 0.08261790378919288
0 0.15828345581462652 0.4333487764467008 0.05641210841991152 0.08157072354499399
0 0.18984666823465307 0.3538823673232243 0.04111842688272822 0.07331721178249455
0 0.6385483724713886 0.09935337794053756 0.06591183934806728 0.15330721102807018
0 0.9304111718830463 0.264478529996989 0.07444558199282554 0.1635933672386251
0 0.5259887005649717 0.03169014084507042 0.06440677966101695 0.06338028169014084
0 0.48564114028634103 0.17736133258766806 0.0712525769113176 0.1068447289846709
0 0.5152754652511898 0.26351106423615245 0.0684540143202873 0.11045826376894598
0 0.5403347305793295 0.2292135908609125 0.07290804791650714 0.10105487773181202
0 0.6455211760762787 0.24156383066849987 0.0759958683338875 0.14170693650890503
0 0.6032175200653159 0.19394110532534167 0.06737666314952599 0.11834230947340049
0 0.5560491507730221 0.15657376119096805 0.06809283785562155 0.1415632644883765
0 0.5181469360262155 0.12640271162337444 0.0725600195348573 0.13417195088585013
0 0.4831451815138127 0.08425163547184668 0.0730986951202379 0.13022992803362288
0 0.830225988700565 0.41448692152917505 0.07740112994350283 0.13078470824949698
0 0.6938322411361415 0.36319185100543055 0.058481744040102195 0.13916115398227605
0 0.8615819209039548 0.43913480885311873 0.08587570621468926 0.08148893360160966
0 0.7980225988700564 0.4351106639839034 0.05367231638418079 0.08953722334004025
0 0.4175141242937853 0.46327967806841047 0.05536723163841808 0.03319919517102616
0 0.6238053271477861 0.36884781813407913 0.0497770763161373 0.10271805612182193
0 0.6527207841131933 0.3490660338994803 0.06560943343870118 0.1070295450320944
0 0.6180790960451977 0.46579476861167 0.0576271186440678 0.028169014084507043
0 0.42736936975622153 0.37076632028736256 0.054191665663309435 0.0872784527808649
0 0.46732169590783096 0.3031465517340153 0.050348622109057724 0.10380621435611373
0 0.4217465421355369 0.2379079065813165 0.03949582608507831 0.08413724412187233
0 0.4236152736714631 0.29743857344294183 0.053160332783103885 0.10220475200644619
0 0.5858757062146893 0.43661971830985913 0.05310734463276836 0.08651911468812877
0 0.559086676333413 0.33955945572150553 0.06397368455803557 0.11583750493686465
0 0.5920884163888664 0.29908209302191396 0.06909787456979526 0.12261282039357994
0 0.39915254237288134 0.27867203219315895 0.01864406779661017 0.08853118712273642
0 0.41412429378531074 0.041750503018108655 0.04858757062146893 0.08350100603621731
0 0.43813559322033896 0.03772635814889336 0.04689265536723164 0.07545271629778671
0 0.4345691757022721 0.4350500271827726 0.04502721085205935 0.06684981238028385
0 0.9889830508474576 0.41901408450704225 0.022033898305084745 0.12173038229376258
0 0.20112994350282487 0.5271629778672032 0.0711864406779661 0.09456740442655935
0 0.18099586575898258 0.6480451838357562 0.07158785302822329 0.15815257606716576
0 0.13113740556053963 0.5904647073315944 0.0811529285531869 0.15351243305213946
0 0.10986530443383409 0.6498412501291655 0.05951965096181567 0.1252408909739986
0 0.059605233975997894 0.783284471887248 0.054513793697199456 0.13657422742875236
0 0.03591934959561354 0.7369758648527001 0.06809941189712948 0.14256930070568033
0 0.16374391148897174 0.7832235030125136 0.061319750880180324 0.14158383650182393
0 0.12828526109176577 0.8109919439636016 0.06226562122078242 0.11357906645129295
0 0.11258398898108914 0.8816197011989385 0.057082264835451056 0.09774942503884336
0 0.33508793125399283 0.777414158985419 0.07018837382357242 0.11674084712373295
0 0.329368790485763 0.8752357521081302 0.05595232133262645 0.09758518100486718
0 0.22768361581920904 0.9683098591549296 0.04293785310734463 0.06338028169014084
0 0.4692090395480226 0.5050301810865191 0.05254237288135593 0.05030181086519115
0 0.49971751412429377 0.5005030181086519 0.05141242937853107 0.04124748490945674
0 0.5118751799530454 0.5212720929519267 0.04963902144447023 0.08159129555844165
0 0.4964105733366553 0.5556825463643259 0.0526216571977233 0.1061467748586735
0 0.5296610169491526 0.5070422535211268 0.06271186440677966 0.05432595573440644
0 0.5483050847457627 0.49295774647887325 0.05819209039548023 0.026156941649899398
0 0.5669491525423729 0.5261569416498993 0.05254237288135593 0.0925553319919517
0 0.5980660443418447 0.5469368006103033 0.06109623346890974 0.10737860511349395
0 0.6285310734463276 0.5271629778672032 0.059322033898305086 0.09456740442655935
0 0.6267577859868455 0.6045787440996048 0.063421860889639 0.1177674553544842
0 0.5649295364354783 0.6080379057646231 0.05264137932224727 0.10916488351058497
0 0.5876726395868785 0.6690572209755585 0.05952622500332366 0.12624692719130232
0 0.597293198646388 0.7515830488146432 0.05611009832881724 0.12173005022015894
0 0.5180890775820384 0.69324273610734 0.054382312867040254 0.1164535030826759
0 0.48327757445509445 0.708353602325142 0.04980337248216914 0.10674220099103722
0 0.45445106495918053 0.6713354012905688 0.05148513965339051 0.1049764946073935
0 0.43332687976640405 0.7080761291988039 0.04866028089632836 0.10456588452245362
0 0.46442701807839143 0.6130982807241062 0.06840799602973162 0.1034160102478191
0 0.45639947662974606 0.5459196482022668 0.06270568618354364 0.09454650033950829
0 0.4406779661016949 0.5181086519114688 0.04406779661016949 0.07645875251509054
0 0.43389830508474575 0.5030181086519114 0.04858757062146893 0.04627766599597585
0 0.8313559322033899 0.506036217303823 0.08531073446327683 0.052313883299798795
0 0.7829494661071044 0.5853931331629776 0.05036834423358157 0.10682432300802519
0 0.7555154659560618 0.5944062320734163 0.05268082357129497 0.11520110081440792
0 0.7246949223172985 0.6034090449771311 0.05217501819345409 0.12417330475315434
0 0.6912894724365136 0.5761021460341967 0.05544651595478544 0.10655738494361361
0 0.6813665074676384 0.5398539841910878 0.062088122100067526 0.08641608858408974
0 0.6663841807909604 0.511569416498994 0.06497175141242938 0.06338028169014084
0 0.39915254237288134 0.8013078470824949 0.01864406779661017 0.1096579476861167
0 0.7753969593946983 0.791024845571174 0.054329720534976436 0.10840521334424531
0 0.7462678460802824 0.843502806868147 0.060577280008053 0.11433873661763262
0 0.7510664231282622 0.9297447805035414 0.0643545831472251 0.0877506128693457
0 0.8284544049887491 0.9205061366107888 0.05641868246141938 0.08257675976229804
0 0.8758078369889456 0.7136119849828036 0.05652386712554649 0.09867333923915898
0 0.9146002406326725 0.7371206161124403 0.06121456621605296 0.12548725702496263
0 0.9833333333333333 0.7736418511066399 0.03333333333333333 0.13883299798792756
0 0.9850282485875707 0.9129778672032193 0.029943502824858758 0.047283702213279676
0 0.9550847457627119 0.5140845070422535 0.07966101694915254 0.06841046277665996
0 0.9338983050847458 0.5296780684104627 0.08135593220338982 0.09959758551307847
0 0.8761663201602652 0.6155645148041748 0.06848031048631914 0.11448240863816116
0 0.9202113055342929 0.5694616279041015 0.07467527762733202 0.1123676421731181
0 0.9211471169034969 0.6421939486161585 0.0724153906216823 0.1120391541051662
0 0.938086210474472 0.6844578387680438 0.04356896109210857 0.10282075015225732
0 0.9597751695095251 0.690853485178391 0.0482662342241229 0.1306407041553648
0 0.9807909604519774 0.6916498993963782 0.0384180790960452 0.1096579476861167
0 0.9949152542372881 0.676056338028169 0.010169491525423728 0.0744466800804829