0 0.20236612702366127 0.5199556541019955 0.07970112079701121 0.07982261640798226
0 0.325653798256538 0.5432372505543237 0.07721046077210461 0.03325942350332594
0 0.30292652552926524 0.5238359201773836 0.07783312577833126 0.07206208425720621
0 0.3446721846703032 0.3882161028064862 0.050718870911354526 0.14582077914732616
0 0.18337484433374845 0.05432372505543237 0.055417185554171855 0.10864745011086474
0 0.0062266500622665 0.20121951219512196 0.012453300124533 0.11862527716186252
0 0.21828458853772847 0.13392932717493009 0.07903541984902038 0.10009455642533141
0 0.24503766583459233 0.1821213943674571 0.07028188294531833 0.09328434579517013
0 0.16311374533595316 0.16356900970834126 0.04979914600959096 0.10027573559423741
0 0.10541963797439524 0.1878577863220801 0.07214263260069259 0.09244719264068939
0 0.2534800883542163 0.23651294725384214 0.05675714152767085 0.11790092642987722
0 0.023972602739726026 0.39301552106430154 0.04794520547945205 0.14966740576496673
0 0.20263870062376915 0.2147249353711178 0.06288235650365644 0.10328484311375859
0 0.07030470963041206 0.28797565341636955 0.0419291071911238 0.13346733126661067
0 0.050035710912205225 0.3276721429937073 0.0498281274628141 0.10471032539468088
0 0.25505914131680607 0.38294490876701964 0.050146923448268474 0.15349081319955893
0 0.30106049358190273 0.42562756113855904 0.057358070443980176 0.11466548217808804
0 0.4151599061127305 0.3702171270133295 0.05696001170023267 0.1489430550329813
0 0.031755915317559155 0.5133037694013304 0.05977584059775841 0.09312638580931264
0 0.15955273461310834 0.42776651644721947 0.04852483454391453 0.09566014959670713
0 0.1183626544791743 0.40738122509191704 0.05054498219201591 0.1192132403446654
0 0.08596596074712401 0.3999037053423857 0.058654117999573936 0.12260701052595067
0 0.11978143697289581 0.3389165774806735 0.04798186853405147 0.10776477344938334
0 0.6808841843088418 0.5443458980044346 0.08655043586550436 0.031042128603104215
0 0.9554794520547946 0.5332594235033259 0.06787048567870485 0.05321507760532151
0 0.9819427148194272 0.508869179600887 0.0361145703611457 0.10199556541019955
0 0.9134495641344956 0.5 0.057285180572851806 0.1197339246119734
0 0.8480697384806973 0.4933481152993348 0.0759651307596513 0.13303769401330376
0 0.8501459713058742 0.4386700735471392 0.07202670678780004 0.07470883343891542
0 0.7627883317888812 0.4453564210787385 0.08126568303298934 0.15579842322650478
0 0.781866340719428 0.4137937911801456 0.07424972460846332 0.12930405278997792
0 0.6446957188233381 0.4608668821337723 0.10497042544943681 0.16588923567181715
0 0.5585305105853051 0.4778270509977827 0.0684931506849315 0.164079822616408
0 0.5214819427148194 0.4451219512195122 0.04296388542963885 0.10310421286031042
0 0.537359900373599 0.352549889135255 0.074719800747198 0.1419068736141907
0 0.6196657292790385 0.3907733602346581 0.09164811796628057 0.1262947622986375
0 0.5793408157030395 0.3599916652511175 0.054751484606181025 0.09656513058214067
0 0.6279193361146417 0.3210868968071696 0.059146366466296535 0.10274185452249852
0 0.7952527658771599 0.2252331350768456 0.06220897395428933 0.09543381286443918
0 0.8387054952109038 0.25868461545332466 0.05359309895339714 0.10968790378638434
0 0.8611970755117033 0.17833016261605833 0.0674945992629454 0.14272099055744233
0 0.8388425027566078 0.13686914308894457 0.06671253626399157 0.11824024855645995
0 0.9540973326156725 0.2106613859509024 0.060963643941835885 0.09525281666735254
0 0.9869240348692403 0.421840354767184 0.026151930261519303 0.0942350332594235
0 0.5912715771934153 0.09147264559202019 0.05170336784479973 0.10609046714042174
0 0.6629611564684612 0.06700278129528499 0.05162366884843614 0.09389534518920223
0 0.9887920298879203 0.05709534368070954 0.0224159402241594 0.025498891352549888
0 0.986612702366127 0.3181818181818182 0.026774595267745952 0.06873614190687362
0 0.9853673723536738 0.23170731707317074 0.029265255292652552 0.09534368070953436
0 0.741095401062053 0.21957709540379577 0.07084658504509883 0.08450566429282663
0 0.6774205497525545 0.1854017217248795 0.0739599100762321 0.08495815478554333
0 0.5748581170071138 0.15000480668744726 0.06230316367726442 0.10984622971588043
0 0.5544510201480264 0.07338381210168753 0.04670755706837503 0.10314918745185321
0 0.5252179327521793 0.13636363636363635 0.050435865504358655 0.10864745011086474
0 0.5189912826899128 0.05155210643015521 0.03798256537982565 0.10310421286031042
0 0.5146326276463262 0.17682926829268292 0.029265255292652552 0.12084257206208426
0 0.7695636663910697 0.10187928652313813 0.06656762899787588 0.09606729955424266
0 0.7812534531629837 0.17723330772929097 0.057024783731914164 0.06366769947298814
0 0.735929106128907 0.1429560093321264 0.04778624372479533 0.07783129229638999
0 0.7049985078711012 0.12184664170256758 0.05525822379951512 0.07891726947891024
0 0.9642803019390193 0.10304332883949084 0.03602081687624121 0.08608965547506411
0 0.9794520547945206 0.16851441241685144 0.0410958904109589 0.06430155210643015
0 0.8188515780495325 0.028742194273568535 0.05364338025846714 0.022195253326169437
0 0.7703851426501347 0.037204406888739265 0.04388361033140256 0.051789412352580014
0 0.5652142728929416 0.1973373249156317 0.07024565612878951 0.08774110854461581
0 0.4056662515566625 0.9478935698447893 0.07036114570361146 0.10421286031042129
0 0.4897260273972603 0.7172949002217295 0.02054794520547945 0.08647450110864745
0 0.3665019048238002 0.7992305996639445 0.05798073545020683 0.11475598027663134
0 0.3857409713574097 0.5764966740576497 0.06164383561643835 0.03325942350332594
0 0.3287671232876712 0.5892461197339246 0.05603985056039851 0.058758314855875834
0 0.2823785803237858 0.5914634146341463 0.046699875466998754 0.06319290465631928
0 0.3443653473249838 0.9339087775566431 0.04933587899609164 0.1245754813981329
0 0.1780821917808219 0.9512195121951219 0.0722291407222914 0.0975609756097561
0 0.2714483333267137 0.9133426729760732 0.044904770319447174 0.11285552020722096
0 0.3122254277522183 0.8705350596750564 0.060377205752138195 0.10070555581936351
0 0.2538864830564458 0.7961542132289283 0.07850694456576889 0.11441647517822935
0 0.19464317666166236 0.8689519833519151 0.06080424594910884 0.07086257276491345
0 0.22178728545800314 0.9293844215449333 0.06100711612167067 0.10190470136801766
0 0.23658974290394474 0.8623111593273164 0.040459170916191216 0.09891826411608705
0 0.340458218773797 0.7168062086657956 0.05971106856607691 0.09396317302015503
0 0.3151567462245659 0.6527649986930194 0.05402738451367346 0.08095356818204527
0 0.2825718911656006 0.6640892365461011 0.03791779334814416 0.09079573957113757
0 0.2725841104134392 0.706387592199515 0.052028972955489465 0.0607264197844197
0 0.30275822256289675 0.754523075208975 0.03538366114340292 0.08378186247629897
0 0.040830647516103484 0.8920082494169812 0.05296318858386469 0.10848875823773017
0 0.12499526300559981 0.8726742894414456 0.058501965370152495 0.09932541407362251
0 0.06694975552371152 0.8431936647248075 0.04402851759751818 0.0739623613547974
0 0.07149997645683072 0.7779531262315579 0.04231267520825963 0.09697246351149544
0 0.16130864461958397 0.8131578014240177 0.04541150951278128 0.09520765910399041
0 0.19730366648618428 0.8001140082127028 0.03922108626704373 0.09984591536911133
0 0.118561683851048 0.7449196735168614 0.03984375127327035 0.09993641346765461
0 0.15059270485519158 0.7440370883412898 0.041581329752446286 0.08025225366128917
0 0.08603819626114657 0.7180408233903899 0.036679708698996644 0.09172339082416185
0 0.12447316060951301 0.6975984904224724 0.05209418122524149 0.07070424683541748
0 0.0784557907845579 0.5809312638580931 0.04234122042341221 0.04212860310421286
0 0.15099626400996263 0.5875831485587583 0.03922789539227895 0.05543237250554324
0 0.22198007471980075 0.5720620842572062 0.045454545454545456 0.024390243902439025
0 0.03455790784557908 0.5781596452328159 0.030510585305105854 0.036585365853658534
0 0.5140099626400996 0.8054323725055432 0.028019925280199254 0.1319290465631929
0 0.6840823578512384 0.6865317586398462 0.0633963410602965 0.08674562946063898
0 0.712640099626401 0.5770509977827051 0.060398505603985055 0.03436807095343681
0 0.7528548912615131 0.8344226589198741 0.03555754986274175 0.11038940127895998
0 0.8225315682517635 0.7875083513252916 0.0746840101687395 0.10056971718563873
0 0.5981077102495085 0.7144634039206387 0.056040286798468966 0.10339801147989255
0 0.8684964755812961 0.7770211751407812 0.05911738501307325 0.09830726472205507
0 0.863013698630137 0.9545454545454546 0.09464508094645081 0.09090909090909091
0 0.9168795893026773 0.7558095168493356 0.06086220885555526 0.07973175236580037
0 0.9666874221668742 0.9223946784922394 0.06662515566625156 0.11529933481152993
0 0.9434907276579726 0.6395031848482141 0.05971831392938259 0.09507182047026577
0 0.90393788151211 0.8220456259124717 0.06094915321522453 0.09303552176713074
0 0.9328304368325853 0.8644568754742906 0.06535852580195167 0.10142954060771034
0 0.5826060752445589 0.6745521872025572 0.04792390562760519 0.09889559384849643
0 0.9900373599003736 0.6430155210643016 0.019925280199252802 0.06873614190687362