0 0.45108695652173914 0.07892057026476579 0.017734553775743706 0.07637474541751528
0 0.4353546910755149 0.08503054989816701 0.04919908466819222 0.12118126272912423
0 0.4166582943810493 0.07892057026476579 0.04300760075449847 0.11405295315682282
0 0.1784043135205732 0.07942973523421588 0.07802909693512529 0.1334012219959267
0 0.2811784897025172 0.059063136456211814 0.06922196796338673 0.11812627291242363
0 0.27145308924485123 0.020366598778004074 0.05320366132723112 0.04073319755600815
0 0.030892448512585814 0.03513238289205703 0.06178489702517163 0.07026476578411406
0 0.8851298788629819 0.1878818737270876 0.04690987821424134 0.07942973523421588
0 0.9373569794050344 0.2983706720977597 0.04633867276887872 0.02240325865580448
0 0.9985697940503433 0.2724032586558045 0.002860411899313501 0.07433808553971487
0 0.9819908246585459 0.2484725050916497 0.03390630921084323 0.051934826883910386
0 0.8089244851258581 0.2836048879837067 0.05034324942791762 0.051934826883910386
0 0.5612128146453089 0.00560081466395112 0.04805491990846682 0.01120162932790224
0 0.549439905304211 0.06415478615071284 0.059884469427698164 0.07433808553971487
0 0.5225848526979736 0.08095723014256619 0.047819589850933444 0.05702647657841141
0 0.48541189931350115 0.04480651731160896 0.05091533180778032 0.06720977596741344
0 0.48226544622425627 0.08604887983706722 0.04462242562929062 0.062118126272912425
0 0.5288901601830663 0.2724032586558045 0.05091533180778032 0.07433808553971487
0 0.6004004576659039 0.2724032586558045 0.05892448512585812 0.07433808553971487
0 0.7371762267819874 0.2494908350305499 0.045435767112422226 0.07026476578411406
0 0.7582354850591259 0.04786150712830957 0.04949917628584457 0.0560081466395112
0 0.727317461746716 0.03920570264765784 0.027004659947813717 0.05091649694501019
0 0.8405270989877797 0.06924643584521385 0.03937050807673047 0.04480651731160896
0 0.9066571664516871 0.1104887983706721 0.03273997264141149 0.06720977596741344
0 0.9506141040704226 0.2668024439918534 0.031009236606852616 0.05091649694501019
0 0.4182056221443407 0.9012219959266803 0.0709884877681229 0.09674134419551934
0 0.4396453089244851 0.6675152749490835 0.04061784897025172 0.12729124236252545
0 0.3741950088703397 0.6242362525458248 0.08011963403621977 0.1120162932790224
0 0.1622013879592822 0.6629327902240326 0.06635299621483785 0.1109979633401222
0 0.04421126546734312 0.8258655804480651 0.08502623941721528 0.12118126272912423
0 0.032036613272311214 0.7067209775967414 0.06407322654462243 0.14052953156822812
0 0.06989361399116349 0.7367617107942973 0.05835833179173095 0.12729124236252545
0 0.016304347826086956 0.3818737270875764 0.03260869565217391 0.09368635437881874
0 0.021739130434782608 0.48727087576374745 0.043478260869565216 0.09470468431771895
0 0.10097024296163473 0.6624236252545825 0.05939251443742503 0.12423625254582485
0 0.06273621672989424 0.6491853360488798 0.05091445487328037 0.07942973523421588
0 0.06841741530097643 0.5845213849287169 0.049696968704200754 0.07739307535641547
0 0.09702537575147908 0.5687372708757638 0.06330928079213893 0.10590631364562118
0 0.15916623238581853 0.5468431771894093 0.04448939477105314 0.09164969450101833
0 0.12351766276831336 0.5259674134419552 0.04624230261531835 0.09266802443991853
0 0.15959254888147276 0.46334012219959264 0.06401351709573917 0.09368635437881874
0 0.07093130437485737 0.4159877800407332 0.05135438332940554 0.09164969450101833
0 0.2009073897078393 0.4429735234215886 0.07860886222972341 0.10183299389002037
0 0.10207269490544744 0.4546843177189409 0.06069100493059429 0.09674134419551934
0 0.39219090597069073 0.5361507128309573 0.06729936855620694 0.08961303462321792
0 0.3567699834959835 0.48981670061099797 0.06962435878033485 0.09063136456211812
0 0.3280678452281703 0.39969450101832993 0.051083269501695006 0.06822810590631365
0 0.40241210287599744 0.47046843177189407 0.053276105802085263 0.0814663951120163
0 0.3517355041158681 0.43737270875763745 0.053481581135177134 0.07128309572301425
0 0.02231121281464531 0.9765784114052953 0.04462242562929062 0.04684317718940937
0 0.8289473684210527 0.9429735234215886 0.07322654462242563 0.11405295315682282
0 0.837705769100879 0.7362525458248472 0.07203715930878775 0.109979633401222
0 0.9109877432475703 0.6980651731160896 0.05113441910134289 0.0855397148676171
0 0.9831235697940504 0.34164969450101834 0.033752860411899316 0.06415478615071284
0 0.9257255560235272 0.4241344195519348 0.06279603092665954 0.09164969450101833
0 0.8561212814645309 0.32484725050916496 0.05320366132723112 0.03054989816700611
0 0.8049199084668193 0.34572301425661917 0.05606407322654462 0.07230142566191446
0 0.8349959462255236 0.38289205702647655 0.04694653891891845 0.08044806517311609
0 0.824118698093397 0.41446028513238287 0.05012240826535515 0.07331975560081466
0 0.781193312316856 0.49338085539714865 0.06277385911695321 0.10692464358452139
0 0.8870783867893535 0.629837067209776 0.06963884767530588 0.10692464358452139
0 0.8626920027030845 0.5880855397148677 0.0761372291868872 0.09674134419551934
0 0.8497472662140696 0.5463340122199593 0.07591726495882455 0.09063136456211812
0 0.7431350114416476 0.34623217922606925 0.04805491990846682 0.07331975560081466
0 0.6304347826086957 0.31924643584521384 0.06292906178489703 0.019348268839103868
0 0.6183267700663865 0.4108961303462322 0.07080518424473735 0.09164969450101833
0 0.5955598244988952 0.5015274949083504 0.07439881023759276 0.1120162932790224
0 0.652466216998513 0.6043788187372708 0.06821588617313439 0.11507128309572301
0 0.7097111156894601 0.6053971486761711 0.06531881356914378 0.11405295315682282
0 0.558066361556064 0.924643584521385 0.07265446224256293 0.15071283095723015
0 0.5153181407614089 0.8151731160896131 0.07811690723945033 0.15173116089613034
0 0.5446823640496599 0.725050916496945 0.07611505737718087 0.1120162932790224
0 0.4914187643020595 0.9434826883910387 0.06292906178489703 0.11303462321792261
0 0.6206342021247937 0.6736252545824847 0.052183090642008004 0.09877800407331976
0 0.7311918673225033 0.7571283095723014 0.08740237924099113 0.1395112016293279
0 0.47225400457665906 0.6858452138492872 0.02459954233409611 0.13747454175152748
0 0.4719679633867277 0.5977596741344195 0.02402745995423341 0.09572301425661914
0 0.482837528604119 0.4679226069246436 0.04576659038901602 0.09877800407331976
0 0.5407311293265187 0.5437881873727087 0.06516448783570004 0.1415478615071283
0 0.5278669586943434 0.5122199592668024 0.06732834634614868 0.12219959266802444
0 0.5064586515361545 0.4419551934826884 0.0482884960970003 0.10183299389002037