0 0.021971496437054632 0.3477801268498943 0.043942992874109264 0.11627906976744186
0 0.1961388441587228 0.2008323411236197 0.06406328985419732 0.11115875424056015
0 0.23861136418956244 0.2618568784657128 0.09098704131014126 0.13736685425412679
0 0.32070358675380595 0.18755872136830662 0.06954019645566392 0.1337020682157348
0 0.26650436387296905 0.15016598574804502 0.059249380126210685 0.09077267797951266
0 0.2887121078274107 0.17398534347286662 0.0744695786352127 0.1214047340699417
0 0.16713405659754765 0.1330031756800663 0.04719410721031973 0.10255313841412941
0 0.012173396674584324 0.024312896405919663 0.024346793349168647 0.048625792811839326
0 0.044622174654092316 0.06347978167162122 0.06909643100192303 0.10203266745206087
0 0.08669833729216152 0.030126849894291756 0.055819477434679333 0.06025369978858351
0 0.29334916864608074 0.016913319238900635 0.043942992874109264 0.03382663847780127
0 0.16472417336270806 0.13211838446469384 0.048664302989874425 0.09316861477004183
0 0.006828978622327791 0.08985200845665962 0.013657957244655582 0.07610993657505286
0 0.5827279135789447 0.29176292133662296 0.08416657073663744 0.16429105149689927
0 0.5410934192149147 0.39279504528600256 0.07086619020262347 0.13801654364398935
0 0.37856294536817103 0.5253699788583509 0.037410926365795724 0.02748414376321353
0 0.37024940617577196 0.48890063424947144 0.020783847980997625 0.09830866807610994
0 0.4029053056979016 0.40811642210683513 0.05218680529362724 0.11029729805526602
0 0.3859857482185273 0.30761099365750527 0.052256532066508314 0.1226215644820296
0 0.37589073634204273 0.35782241014799154 0.032066508313539195 0.12579281183932348
0 0.3806413301662708 0.1638477801268499 0.04156769596199525 0.0824524312896406
0 0.5018968258056302 0.08623753683003649 0.07342613221175083 0.10761958937907025
0 0.5501781472684085 0.03858350951374207 0.07660332541567696 0.07716701902748414
0 0.5074228028503563 0.023255813953488372 0.050475059382422804 0.046511627906976744
0 0.40496513134608153 0.0890300749304582 0.049603990445159354 0.1037825121036195
0 0.4399778879604227 0.04940474773021603 0.04590855652777839 0.0813684165562388
0 0.37885985748218526 0.1062367864693446 0.03800475059382423 0.07505285412262157
0 0.37945368171021376 0.049682875264270614 0.039192399049881234 0.08668076109936575
0 0.1508313539192399 0.9756871035940803 0.06175771971496437 0.048625792811839326
0 0.12321852731591448 0.9656448202959831 0.050475059382422804 0.06871035940803383
0 0.12323835245439133 0.85369641358581 0.06431710759666197 0.08270367364344473
0 0.15901786491038927 0.8193134258384596 0.056089757147362154 0.13905388831723442
0 0.1862042192213367 0.7860835350516631 0.050411189351234335 0.09224075074540469
0 0.23324086786340428 0.6682359049969516 0.06291608446255852 0.09420236219239471
0 0.28689814600030117 0.7072573371051248 0.06211474229817613 0.08781679466854239
0 0.33224465558194777 0.7621564482029598 0.05522565320665083 0.13107822410147993
0 0.32586308264533426 0.6519812682751437 0.050970427256537235 0.09122674110223811
0 0.28394101540725863 0.6168767874222496 0.05254438200426887 0.08501346481544444
0 0.24948777376193518 0.6008329946327902 0.055271398885331835 0.07782925169474902
0 0.26989311163895485 0.5597251585623678 0.054038004750593824 0.0412262156448203
0 0.05166270783847981 0.5687103594080338 0.03800475059382423 0.05919661733615222
0 0.10684514734356367 0.7801843117071247 0.05446419997925692 0.08937101305296381
0 0.14502310661473097 0.7281440994483345 0.03961859427854433 0.08829419282134618
0 0.10956100486867129 0.6994583900389644 0.0541183367520005 0.07880018852865092
0 0.9091448931116389 0.9809725158562368 0.08194774346793349 0.03805496828752643
0 0.8955914066962877 0.9041888204010398 0.07810755339052752 0.10585000694832536
0 0.9439737164900941 0.8911431079694524 0.05919722357840715 0.14349758217328307
0 0.9738035502461367 0.8386488325879369 0.046317735658793546 0.11198073486748152
0 0.9789192399049881 0.9043340380549683 0.042161520190023755 0.11522198731501057
0 0.7119952494061758 0.9635306553911205 0.06532066508313539 0.07293868921775898
0 0.7174763503670455 0.8180365534271697 0.0552250990792211 0.11262682700645218
0 0.6878513832402254 0.8313110960455659 0.05043991893226747 0.11122516207990321
0 0.7551993848285168 0.6611298143313583 0.05533471478909064 0.09787074548167883
0 0.8012891039550324 0.823612730702223 0.04499759865352646 0.08973893055715973
0 0.7648149366736754 0.8458608066512459 0.04782837450276644 0.08572596479375817
0 0.7368964128437969 0.8749054404375819 0.05342075355579506 0.07558586836209223
0 0.8257715912879723 0.780512847854388 0.0724864447564659 0.09700569204549266
0 0.8470827421586784 0.8224102892937033 0.06658864554059907 0.07970471752320965
0 0.8895212299942222 0.7732398147273539 0.06501469079286744 0.0859179938100033
0 0.9373876733179903 0.735331128258999 0.05830383592923316 0.0980861095280023
0 0.6894405339696182 0.6706677671956814 0.0687101247102484 0.10833208935738392
0 0.6831561513983619 0.7150966354920211 0.07321861427539696 0.10127709466448251
0 0.6525624901715088 0.7533418341703466 0.05299400419970223 0.09875553669705127
0 0.6785300922019496 0.6009963398433388 0.06846216370947632 0.11885984107243208
0 0.6131431828442093 0.5946134467072954 0.05331699458761811 0.07241462100479842
0 0.5769600709351739 0.6348534607522827 0.047240407016430536 0.06775556310242623
0 0.6156762153882903 0.7538981834398957 0.05002488305955971 0.09854017265072773
0 0.6413899996762665 0.6301800609470621 0.049846094704238966 0.1111820892706385
0 0.6182739491547046 0.6604657359379276 0.041082933316406556 0.0968369980593259
0 0.5169838239042951 0.6392038144880179 0.04036247728086058 0.056710937676201584
0 0.5019216380909748 0.7155273164839481 0.03741622898005853 0.09340731384644373
0 0.5218783426974033 0.6796430520510343 0.048871820926228306 0.09951110948462963
0 0.4722418631092199 0.7362229726739956 0.06811630048221991 0.10828901654811916
0 0.4636979331411265 0.6933994658354892 0.0605407875504445 0.09403007095533593
0 0.6015439429928741 0.9624735729386892 0.05463182897862233 0.07505285412262157
0 0.5673990498812351 0.9577167019027484 0.05522565320665083 0.08456659619450317
0 0.5575614959791888 0.8879134288355227 0.053789489622392016 0.12306843310297087
0 0.5918822490753022 0.8817154173146602 0.04669818520877557 0.1236086418442257
0 0.6253465750883838 0.9312080621881318 0.054423756914838715 0.10624125948259963
0 0.5124703087885986 0.9545454545454546 0.04275534441805225 0.09090909090909091
0 0.48188836104513066 0.9582452431289641 0.050475059382422804 0.08350951374207188
0 0.4723737975310002 0.8676027064403286 0.04758041350199436 0.09625371650880638
0 0.4843399533329455 0.8058082544078088 0.05128170416106799 0.10074048317411971
0 0.5574875748469044 0.6855368795192346 0.05160469454898394 0.07439956748186692
0 0.5511771140017464 0.7564574183402535 0.0552596854019467 0.11368390945888347
0 0.4268656350216981 0.8502415957174035 0.07094707633145989 0.10427605078471748
0 0.4471496437054632 0.9656448202959831 0.05819477434679335 0.06871035940803383
0 0.40736342042755347 0.9640591966173362 0.052256532066508314 0.07188160676532769
0 0.3744061757719715 0.790169133192389 0.029097387173396674 0.08350951374207188
0 0.37915676959619954 0.9608879492600423 0.03859857482185273 0.07822410147991543
0 0.4258283224036437 0.7639601574164594 0.045251416395991145 0.06128384996004443
0 0.6249836957634792 0.8655397317095977 0.05756580966860952 0.11174203579107968