0 0.44141973137875534 0.1127671248066044 0.0787093363693772 0.15143529462915253
0 0.36065264185936596 0.260428994599556 0.10392414125144 0.13722219140845998
0 0.4889502762430939 0.2635135135135135 0.022099447513812154 0.10442260442260443
0 0.4768646408839779 0.34705159705159705 0.0462707182320442 0.14127764127764128
0 0.4574268453340766 0.37919507776853406 0.04974719673955581 0.1225936752283755
0 0.4256999246273602 0.3465821852463634 0.056525468529119376 0.14729235395223528
0 0.3602252678031855 0.3243325008405924 0.10391124626586669 0.10652395560191089
0 0.3445124806931926 0.37685786064052995 0.09291780272659084 0.10875223956320641
0 0.362914364640884 0.47235872235872234 0.07665745856353591 0.05528255528255528
0 0.42265193370165743 0.4834152334152334 0.05939226519337017 0.033169533169533166
0 0.287292817679558 0.45884520884520885 0.049723756906077346 0.08230958230958231
0 0.24689226519337015 0.45454545454545453 0.05179558011049724 0.09090909090909091
0 0.22620223480119242 0.4291031787449405 0.05940281004127516 0.09209556810556996
0 0.16781767955801105 0.4557739557739558 0.049723756906077346 0.08845208845208845
0 0.13087016574585636 0.44103194103194104 0.05870165745856354 0.11793611793611794
0 0.04454419889502762 0.4748157248157248 0.06284530386740332 0.05036855036855037
0 0.1875 0.028255528255528257 0.07113259668508287 0.056511056511056514
0 0.23132783196067722 0.12992739233993716 0.07051935886371646 0.18564749524942525
0 0.02796961325966851 0.056511056511056514 0.05593922651933702 0.11302211302211303
0 0.05452697942622749 0.17174388422214598 0.08811168869175971 0.10988067644983594
0 0.11554257330042413 0.056858437684231496 0.08189621907850005 0.10975202229600087
0 0.09599447513812155 0.04054054054054054 0.08287292817679558 0.08108108108108109
0 0.049723756906077346 0.02764127764127764 0.06353591160220995 0.05528255528255528
0 0.03901933701657458 0.24447174447174447 0.07803867403314917 0.11547911547911548
0 0.05104640356359769 0.36893977375556564 0.07751220667589691 0.12930797761014867
0 0.054833026188295005 0.42985779636123905 0.05576568559110896 0.11412282078270211
0 0.09530386740331492 0.4391891891891892 0.058011049723756904 0.12162162162162163
0 0.020027624309392266 0.3286240786240786 0.04005524861878453 0.10196560196560196
0 0.011740331491712707 0.38390663390663393 0.023480662983425413 0.09950859950859951
0 0.015538674033149171 0.4484029484029484 0.031077348066298343 0.10319410319410319
0 0.19704721176478285 0.3897835616369488 0.052102771169795975 0.07475360184673606
0 0.8988259668508287 0.06941031941031942 0.08770718232044199 0.13882063882063883
0 0.7907458563535912 0.06941031941031942 0.0718232044198895 0.13882063882063883
0 0.8206736188567905 0.24220160485578102 0.08137445199658458 0.11710873476102662
0 0.8093600892726425 0.3439813730436212 0.0799650964181562 0.11585164372056217
0 0.746883529106121 0.22100888280673106 0.08174027341118234 0.1330792507315426
0 0.7027678793361081 0.1862959301341384 0.06961887538163022 0.14633545593738595
0 0.5574260135544117 0.07635721337445271 0.07618727142391403 0.1317363902551879
0 0.5272790055248618 0.06388206388206388 0.054558011049723756 0.12776412776412777
0 0.5293508287292817 0.19901719901719903 0.05870165745856354 0.12530712530712532
0 0.5621178199365323 0.21841349668513385 0.05596266635281533 0.12272232938221071
0 0.517610497237569 0.29606879606879605 0.03522099447513812 0.12530712530712532
0 0.5172651933701657 0.12837837837837837 0.034530386740331494 0.0945945945945946
0 0.5556432447713677 0.44074362923189286 0.07243993667615546 0.08868166763371817
0 0.6602209944751382 0.46621621621621623 0.09806629834254144 0.06756756756756757
0 0.9558011049723757 0.46375921375921375 0.055248618784530384 0.07248157248157248
0 0.9568370165745856 0.46253071253071254 0.06560773480662983 0.07493857493857493
0 0.4257596685082873 0.550982800982801 0.0835635359116022 0.10196560196560196
0 0.23929558011049723 0.5399262899262899 0.06837016574585636 0.07985257985257985
0 0.27940713971851516 0.5946367870039709 0.08508075164995471 0.12823672034744601
0 0.12880717094349453 0.6388392371562353 0.07916192824808879 0.1109233439005755
0 0.05690716875878036 0.6557872328146501 0.07890866726875197 0.09986683284406445
0 0.10662800337857366 0.7625176038673723 0.06620922193965399 0.11802274805793096
0 0.028314917127071824 0.7825552825552825 0.05662983425414365 0.14742014742014742
0 0.12097189785591098 0.8451631164675241 0.06463102570833429 0.10939464964645901
0 0.026243093922651933 0.8882063882063882 0.052486187845303865 0.11793611793611794
0 0.03418508287292818 0.9275184275184275 0.06837016574585636 0.11056511056511056
0 0.092179773947815 0.895574121211058 0.05719028629277922 0.08591017724511883
0 0.06271930706955647 0.7941794547988003 0.046647084494546805 0.10779448086243416
0 0.06664364640883978 0.9797297297297297 0.06284530386740332 0.04054054054054054
0 0.34337572857246096 0.8485375749651227 0.06810985435351423 0.17086259578946555
0 0.31422651933701656 0.9864864864864865 0.05386740331491713 0.02702702702702703
0 0.45938668025185125 0.7458522319622534 0.07687787915872066 0.13175068516116964
0 0.4567403349543882 0.8312187724371072 0.07535596314503135 0.1255795892067
0 0.47720994475138123 0.902948402948403 0.04558011049723757 0.15233415233415235
0 0.42827944485928787 0.8822511752478824 0.06424995917049504 0.1228938682539909
0 0.40996544490133885 0.9125991858578805 0.06674623414481126 0.08119630101485734
0 0.9803176795580111 0.5565110565110565 0.0393646408839779 0.11302211302211303
0 0.8853591160220995 0.5319410319410319 0.10911602209944751 0.06388206388206388
0 0.5148480662983426 0.5927518427518428 0.029696132596685083 0.1683046683046683
0 0.569060773480663 0.5761670761670762 0.13397790055248618 0.15233415233415235
0 0.5826730559004082 0.6559011617195422 0.12187759221874397 0.1977618293485803
0 0.5877371311899129 0.7666235162504512 0.08306520866316514 0.1306508380865035
0 0.5354924844072068 0.8153199929621068 0.06305047933934627 0.16093452161958371
0 0.8406801226987698 0.7036450438459632 0.11547803682935126 0.21973190240178558
0 0.9578729281767956 0.6554054054054054 0.08425414364640885 0.20024570024570024
0 0.9799723756906077 0.8095823095823096 0.04005524861878453 0.23587223587223588
0 0.9263442248438257 0.9002279737940166 0.11594587383130465 0.14975021709516081
0 0.8466850828729282 0.9428746928746928 0.11187845303867404 0.11425061425061425
0 0.8318206579257155 0.8491080801755054 0.0908717694933179 0.17010582645835964
0 0.7870349179680902 0.798403169173424 0.08154094251180742 0.1846477125166308
0 0.7542298754959412 0.7676115861350327 0.0767782137090332 0.1575349160537137
0 0.7138111556002275 0.8429781475671349 0.07827198961390724 0.16247751077968184
0 0.661944050148858 0.8148647076855005 0.09486182037250823 0.1333508539451945
0 0.671770854241137 0.8986458046252725 0.08828052934465096 0.1172516838208433
0 0.5863043357780061 0.8895022289125373 0.09856812002587821 0.14447883953161375
0 0.6671270718232044 0.984029484029484 0.10359116022099447 0.03194103194103194
0 0.6705801104972375 0.9557739557739557 0.106353591160221 0.08845208845208845