0 0.07113259668508287 0.41584766584766586 0.10497237569060773 0.14619164619164618
0 0.3242403314917127 0.4176904176904177 0.07113259668508287 0.14250614250614252
0 0.35220994475138123 0.3310810810810811 0.015193370165745856 0.11179361179361179
0 0.305939226519337 0.35872235872235875 0.10773480662983426 0.16707616707616707
0 0.3072360524341076 0.23957866554963228 0.09025268709938346 0.14397953093483473
0 0.344267955801105 0.12714987714987716 0.031077348066298343 0.14373464373464373
0 0.3182453132452408 0.10591863268313907 0.06578477016975767 0.16040657966036798
0 0.264477575380011 0.13006600369115778 0.08775641212506709 0.18564135486033706
0 0.1973989323533699 0.17715819201960398 0.0763561120768052 0.1398651558751733
0 0.2124305122792297 0.36571929990411267 0.08932171337081332 0.16359266345343856
0 0.22168508287292818 0.4391891891891892 0.11878453038674033 0.09950859950859951
0 0.04558011049723757 0.33353808353808356 0.09116022099447514 0.17076167076167076
0 0.0747621293452311 0.236048408364933 0.10209033390311514 0.1787206624321952
0 0.08513706263918797 0.09990992947272945 0.07827198961390724 0.16324956635411242
0 0.15384490969082681 0.08729082803279518 0.07473453061342843 0.15945684482506928
0 0.050759668508287295 0.020884520884520884 0.06837016574585636 0.04176904176904177
0 0.6560815069646225 0.4113754066767778 0.08398093726849325 0.14132953635946124
0 0.8738715041327109 0.2865947250952983 0.08646196711956798 0.1291302983492806
0 0.9782458563535912 0.38636363636363635 0.04350828729281768 0.13144963144963145
0 0.5579272630891328 0.321656752604798 0.07589062521252021 0.14967172213447516
0 0.633352401437368 0.16663872650226072 0.08494005110587867 0.12294490506935865
0 0.7114016203184222 0.07808842815103703 0.09628642107417848 0.10611042853837536
0 0.6595303867403315 0.032555282555282554 0.05386740331491713 0.06511056511056511
0 0.6477900552486188 0.014742014742014743 0.07320441988950276 0.029484029484029485
0 0.43840756466669467 0.25955031972711 0.06981820628100499 0.09546756309946605
0 0.40673282682249046 0.2997508720744003 0.07499014173043382 0.11035968282243584
0 0.41061911489687514 0.38654247901775396 0.06408111851760372 0.1161590918656159
0 0.3933011049723757 0.4465601965601966 0.06698895027624309 0.08476658476658476
0 0.3794889502762431 0.42321867321867324 0.0393646408839779 0.09705159705159705
0 0.5555939226519337 0.017813267813267815 0.06422651933701658 0.03562653562653563
0 0.5401578671263589 0.0414221982159926 0.04945290066583024 0.08010368486492263
0 0.5 0.013513513513513514 0.05110497237569061 0.02702702702702703
0 0.47064917127071826 0.0171990171990172 0.06698895027624309 0.0343980343980344
0 0.5016679197533207 0.062355824050081096 0.056837359863755 0.10120264143652237
0 0.45357981436502764 0.0799179868510061 0.050199788618267335 0.082582130890633
0 0.4336887932445931 0.14876005169056658 0.05666851921086379 0.09383163406551508
0 0.8934764238896566 0.10955877787279814 0.07411544821949415 0.13242981779804228
0 0.9387235533564485 0.24619496281748518 0.06605327627233615 0.14200050480155754
0 0.9927486187845304 0.1977886977886978 0.014502762430939226 0.12776412776412777
0 0.9630524861878453 0.16646191646191646 0.0738950276243094 0.1167076167076167
0 0.9844613259668509 0.06695331695331695 0.031077348066298343 0.1339066339066339
0 0.9091850828729282 0.033169533169533166 0.0738950276243094 0.06633906633906633
0 0.9568370165745856 0.04361179361179361 0.0462707182320442 0.08722358722358722
0 0.24930939226519336 0.9588452088452089 0.10497237569060773 0.08230958230958231
0 0.17606574604195782 0.9086694517920378 0.10743346014310354 0.14083011646702814
0 0.29264185003532045 0.842829486571581 0.10375530059854883 0.1308948887954788
0 0.3404696132596685 0.952088452088452 0.03867403314917127 0.09582309582309582
0 0.3491022099447514 0.85995085995086 0.021408839779005526 0.12039312039312039
0 0.3108895970763498 0.7401285854577592 0.07646867251206597 0.1447791607891782
0 0.2680578474639312 0.7394133348121211 0.06760333239484057 0.14941439930998074
0 0.22988506384948107 0.7615861836590647 0.060359573740991934 0.134457948880887
0 0.18920311027514128 0.7726167471746658 0.06620922193965384 0.11868042502874204
0 0.33459944751381215 0.6154791154791155 0.05041436464088398 0.11547911547911548
0 0.10969117788431229 0.7590835039323942 0.06997180181065436 0.13230115638579493
0 0.10743409383492511 0.7067649838775525 0.09961165418970906 0.1307662273832316
0 0.1772188875831625 0.6622155722809403 0.08134631188776946 0.116695181083313
0 0.24660092217753177 0.5899927176899886 0.08129003167013923 0.11423817862631054
0 0.11213056972077964 0.6073314368594306 0.07535596314503135 0.12633019879295182
0 0.31613245494643233 0.5564998171498874 0.07675242373788657 0.09691050001504607
0 0.08011049723756906 0.5362407862407862 0.07458563535911603 0.0945945945945946
0 0.6004834254143646 0.9606879606879607 0.11395027624309392 0.07862407862407862
0 0.50103591160221 0.9766584766584766 0.10842541436464088 0.04668304668304668
0 0.8225384886002146 0.905626178875468 0.07949725941620264 0.18661253326434366
0 0.7633138889909015 0.8662913009285947 0.10554337257714815 0.17882788027573457
0 0.6837016574585635 0.9293611793611793 0.08977900552486189 0.14127764127764128
0 0.6178770580348545 0.8494816956462188 0.08950579914694644 0.14150108490912428
0 0.6681407494323731 0.7821973984440559 0.08506550652671276 0.15854999712718643
0 0.6660296383510145 0.6782496614391008 0.09627117595093669 0.13557301445369702
0 0.7459982599756734 0.6567598978847335 0.107955227225019 0.1334805526647286
0 0.7756891201484061 0.7031686821467799 0.10490904505997206 0.18126343916402918
0 0.8364485307569818 0.7056699668073243 0.08344392506333614 0.17814168607708242
0 0.8759163622971498 0.8230713905918713 0.11615574957858457 0.190206044862864
0 0.8800248181841691 0.6437102112306919 0.08304996353992342 0.16094266887806508
0 0.9457872928176796 0.7199017199017199 0.10842541436464088 0.20147420147420148
0 0.918055726185709 0.5975601448592663 0.091239941045584 0.1268234008732332
0 0.9235295802704843 0.5547019850583247 0.08728038041287718 0.10460316091667167
0 0.49795812566505104 0.8500609907751553 0.09119655581352684 0.1550574855600535
0 0.43439226519337015 0.9545454545454546 0.0856353591160221 0.09090909090909091
0 0.4162078795545795 0.9040738715317432 0.08513703186758502 0.1315444136688671
0 0.40794755177688086 0.8724683238117595 0.09243707073906413 0.14895786655496318
0 0.42649312009813833 0.8171076071326507 0.09073341908691025 0.1047103787602111
0 0.3939917127071823 0.5386977886977887 0.054558011049723756 0.09950859950859951
0 0.38959601115944287 0.6629047554148365 0.056809219754939806 0.09997414020802121
0 0.4488950276243094 0.5122850122850123 0.055248618784530384 0.04668304668304668
0 0.4675414364640884 0.5362407862407862 0.0649171270718232 0.0945945945945946
0 0.4766600683322535 0.6182771824216708 0.07890866726875197 0.10066033440667335
0 0.44296334000847315 0.6713233887464543 0.05258115301965444 0.09615997511027018
0 0.5893047518017247 0.5732145202421955 0.06401194331440001 0.08301100226479058
0 0.7305340335696806 0.5775997300429578 0.12328929793484092 0.14009481731880816
0 0.9775552486187845 0.8058968058968059 0.04488950276243094 0.1891891891891892
0 0.9098756906077348 0.5141277641277642 0.07803867403314917 0.05036855036855037
0 0.5607734806629834 0.5276412776412777 0.0718232044198895 0.0773955773955774