0 0.14858757062146893 0.03319919517102616 0.0655367231638418 0.06639839034205232
0 0.2827683615819209 0.022635814889336015 0.07288135593220339 0.04527162977867203
0 0.4002824858757062 0.03621730382293763 0.0423728813559322 0.07243460764587525
0 0.011299435028248588 0.3938631790744467 0.022598870056497175 0.07545271629778671
0 0.06885027250271025 0.372638060829599 0.05054844783353435 0.06134647581511288
0 0.11853273718500025 0.2899540826752508 0.05414390457945406 0.07957220649094554
0 0.156895362142475 0.30700860512933076 0.048853532579296935 0.06127622855649475
0 0.034877987755268194 0.2526049000410009 0.03941182804334992 0.07795736069894936
0 0.06458957726117891 0.17276425354824437 0.04253636379607894 0.0851166929844402
0 0.10144050689904718 0.107744869157008 0.04779235355631473 0.08935157962951035
0 0.07090395480225989 0.04476861167002012 0.05141242937853107 0.08953722334004025
0 0.038818145269718086 0.07254741231837619 0.04614024930145843 0.09028736858819604
0 0.349957767469274 0.34183891201730265 0.047723589076472075 0.06122939705074902
0 0.3206480008756702 0.37127237675694047 0.04319538630571299 0.07409712609984342
0 0.30065183942091184 0.41342136815199987 0.044256565328695444 0.046021775026827826
0 0.12372881355932204 0.4336016096579477 0.0384180790960452 0.012072434607645875
0 0.24629121103622248 0.06697193966597269 0.04205701404342848 0.08710534966617499
0 0.4180790960451977 0.2982897384305835 0.023728813559322035 0.09557344064386318
0 0.35143086616922914 0.416355839356404 0.037613766069348895 0.035703839572188575
0 0.8700943378592821 0.36221096928401436 0.061548873068198645 0.12105384892913044
0 0.9631006218454281 0.35331718897348435 0.06617112659717936 0.09714313724256662
0 0.9245762711864407 0.01358148893360161 0.09548022598870057 0.02716297786720322
0 0.7322033898305085 0.023641851106639838 0.09265536723163842 0.047283702213279676
0 0.7937853107344632 0.047283702213279676 0.07344632768361582 0.09456740442655935
0 0.6957933357594464 0.07666606135530897 0.10326273191449681 0.1338295972791864
0 0.6403236246033468 0.10315250585788005 0.07599036857017816 0.16885269770561148
0 0.7570428654330194 0.21925224074196217 0.060068012810866274 0.1260137827570312
0 0.8201010986135354 0.18489270406939337 0.0943088058906599 0.13546701766782915
0 0.5429811201415737 0.06334719264066577 0.063115355324293 0.11810598753583733
0 0.4533898305084746 0.07243460764587525 0.04689265536723164 0.11267605633802817
0 0.4370056497175141 0.15040241448692154 0.014124293785310734 0.12575452716297786
0 0.5293785310734463 0.41146881287726356 0.061016949152542375 0.056338028169014086
0 0.807506024868833 0.30786370068730073 0.08984870039766076 0.11017561771799687
0 0.8988700564971751 0.061871227364185113 0.07005649717514124 0.12374245472837023
0 0.9390097939638087 0.10639425758569097 0.07082000080870446 0.16662988349514876
0 0.9565842539779769 0.1469861014147094 0.07154712059609844 0.11745118761162529
0 0.9581689281571556 0.25072491056136714 0.08008979414504509 0.07964329490579039
0 0.6576271186440678 0.4079476861167002 0.04858757062146893 0.06338028169014084
0 0.6128949956079829 0.3496911802138381 0.06653047211114653 0.07908131683684332
0 0.5379278766432185 0.21724773871339106 0.07961111159447708 0.14791326316521364
0 0.517142925276518 0.134460913139794 0.07610127684731921 0.13169960492398838
0 0.6112457713286913 0.21118558218801645 0.05783341208359551 0.08675495452930924
0 0.4401129943502825 0.41146881287726356 0.020338983050847456 0.056338028169014086
0 0.1768361581920904 0.4768611670020121 0.08361581920903954 0.0744466800804829
0 0.11666666666666667 0.4788732394366197 0.07288135593220339 0.07847082494969819
0 0.19265536723163842 0.5120724346076458 0.08361581920903954 0.1448692152917505
0 0.261826266194858 0.5044555173634463 0.09401755765445267 0.11536970907462556
0 0.24825496822385268 0.5911857944055433 0.08288093786426837 0.13198059395846204
0 0.3384620133323568 0.5763611676791179 0.05104532230718671 0.09952902056691265
0 0.37627685765837976 0.6004930672836339 0.07131620808027422 0.13853111666926007
0 0.4065670628580161 0.6007493788308952 0.04609743830207745 0.08928133237089221
0 0.40847457627118644 0.5251509054325956 0.04293785310734463 0.158953722334004
0 0.37090386606883224 0.8798792799394131 0.056951905817596904 0.10579939539946352
0 0.41129943502824856 0.8677062374245473 0.03728813559322034 0.09154929577464789
0 0.42259887005649716 0.8138832997987927 0.014689265536723164 0.0925553319919517
0 0.28086806495785194 0.8987280515350538 0.06070108184003865 0.08787806951097715
0 0.2457627118644068 0.9587525150905433 0.0655367231638418 0.08249496981891348
0 0.24219311986552086 0.8942841054265807 0.055830391074231954 0.09269750882164096
0 0.2470031413099037 0.8144677158429232 0.06175383210356119 0.07285777351003817
0 0.2697978744402213 0.711734101757343 0.08351400689344074 0.093844880712408
0 0.308382315951978 0.6542014496137034 0.07789867161923777 0.1076718144730605
0 0.35181771073505763 0.7572135292650781 0.05355364654966267 0.11871395595430365
0 0.378838423265944 0.8069880651125184 0.0660258360801171 0.12023513873480907
0 0.42259887005649716 0.6981891348088531 0.014689265536723164 0.08048289738430583
0 0.2007312454336962 0.8309987484822704 0.04240793079793625 0.08209858433252851
0 0.16944407771014902 0.860514168356963 0.05731968009102398 0.0746825199216636
0 0.19430316837333728 0.8927416097837684 0.04370911829828504 0.0861695607074893
0 0.13242578485344528 0.8817007300368648 0.04993223632328116 0.07337207891701325
0 0.1748587570621469 0.9627766599597586 0.05593220338983051 0.0744466800804829
0 0.15621468926553672 0.9844064386317908 0.06384180790960452 0.03118712273641851
0 0.01694915254237288 0.96579476861167 0.03389830508474576 0.06841046277665996
0 0.027401129943502824 0.9532193158953722 0.05480225988700565 0.07545271629778671
0 0.08509725793502682 0.9532012310365071 0.0770508803910779 0.0744960350549072
0 0.06448809854662146 0.9011453415964222 0.07838645013134789 0.09262810271924887
0 0.027966101694915254 0.7635814889336016 0.05593220338983051 0.1267605633802817
0 0.04171143490558153 0.6718046282585729 0.06519556957295912 0.1272305607501901
0 0.09489630637869344 0.7179752410541687 0.06639361035354392 0.08911826325700868
0 0.11866759733635522 0.684740081097607 0.08377087288972664 0.09988109801623093
0 0.12019481577071582 0.6075792765744458 0.08665606736717178 0.14117541443143317
0 0.16443385637840913 0.6097769927195832 0.09442881012934319 0.15154018139181769
0 0.21232768864928142 0.5715108105202762 0.059297414822008586 0.10790513084556239
0 0.007909604519774011 0.5492957746478874 0.015819209039548022 0.12877263581488935
0 0.02768361581920904 0.614185110663984 0.05536723163841808 0.1358148893360161
0 0.009887005649717515 0.8078470824949698 0.01977401129943503 0.08450704225352113
0 0.007344632768361582 0.8742454728370221 0.014689265536723164 0.0925553319919517
0 0.02005649717514124 0.9049295774647887 0.04011299435028248 0.09356136820925554
0 0.4519774011299435 0.7650905432595574 0.04406779661016949 0.1096579476861167
0 0.4868689103937183 0.7908142251705785 0.055471045560264526 0.11075932922736428
0 0.44689265536723166 0.8782696177062375 0.03389830508474576 0.08048289738430583
0 0.4384180790960452 0.9285714285714286 0.01694915254237288 0.08651911468812877
0 0.7581922128292871 0.7694908858657268 0.07357609508592394 0.1386247796807513
0 0.6423728813559322 0.5070422535211268 0.08135593220338982 0.13480885311871227
0 0.9432681539980511 0.8227927888346959 0.05918583934278494 0.07877691204949702
0 0.8716626992878174 0.8690963940522234 0.05018910231956705 0.0794082962208362
0 0.9005022120903129 0.8951120000286596 0.05608725707051759 0.0987337261254639
0 0.9751412429378531 0.8817907444668008 0.04971751412429379 0.08350100603621731
0 0.8073446327683615 0.9577464788732394 0.04293785310734463 0.08450704225352113
0 0.8522598870056497 0.966297786720322 0.03898305084745763 0.06740442655935613
0 0.6426553672316384 0.9647887323943662 0.04689265536723164 0.07042253521126761