0 0.03185437997724687 0.5673076923076923 0.06370875995449374 0.0840080971659919
0 0.3987485779294653 0.5501012145748988 0.02161547212741752 0.08805668016194332
0 0.22746541072199092 0.5294923166371335 0.05835997682460189 0.11008713904810573
0 0.18193206425739902 0.4944708328009708 0.05982809443899281 0.09811824239062593
0 0.24353344847385797 0.46600691451955706 0.04688409295232719 0.10384739476733663
0 0.2671903853406809 0.5144175771701636 0.049218997564656586 0.1071196351214663
0 0.2884185110488212 0.4969208645829768 0.0529100617130551 0.12164338026804518
0 0.09051233969847947 0.46428972066008284 0.058856574798033995 0.13539078277280198
0 0.05624089290898701 0.4824548568790414 0.04687145446869191 0.13212852496220515
0 0.022468714448236633 0.062246963562753034 0.044937428896473265 0.07591093117408906
0 0.026734926052332197 0.1720647773279352 0.053469852104664393 0.0728744939271255
0 0.02104664391353811 0.41346153846153844 0.04209328782707622 0.09817813765182186
0 0.01422070534698521 0.37398785425101216 0.02844141069397042 0.0860323886639676
0 0.025881683731513082 0.4438259109311741 0.051763367463026164 0.09817813765182186
0 0.10328748581789209 0.29086860322374125 0.055409290725216345 0.07543838047535258
0 0.27993029842078265 0.07887519486259724 0.04905286077785659 0.06972919318570708
0 0.3549199398884004 0.41442005901252943 0.045170382875386994 0.07437726649310605
0 0.035485852368833434 0.03233025089030689 0.06755873545439041 0.02922339813912756
0 0.21067232787262727 0.3969456727234193 0.06553624049672416 0.09971989590752847
0 0.6762320498284538 0.5511870815235185 0.06345234139527733 0.0803122743463849
0 0.6700796359499431 0.5769230769230769 0.05005688282138794 0.06477732793522267
0 0.9207442072097152 0.5144068535346852 0.06269932486262882 0.12871841796742745
0 0.9107418419438793 0.2795350802644778 0.04937068348085316 0.08592352516951278
0 0.8365774713619286 0.18851683193206603 0.04487964952662978 0.08848835620214449
0 0.935435303256806 0.23613523364114714 0.061236620296571724 0.08311290848618247
0 0.5893846152301893 0.4502686772352972 0.0659660212780424 0.09269382644140502
0 0.682870175302301 0.4266242210776881 0.06585406319972059 0.11591422789133425
0 0.9513832513015652 0.12314311598835309 0.043563217828435294 0.0792611429076708
0 0.7690828345191992 0.06132162385988679 0.03756975147028018 0.03419617296108192
0 0.7772459748963682 0.11570223326613657 0.06501977860435453 0.07340410643384425
0 0.7881801199090024 0.15218844846295815 0.05527024329265558 0.06835336023243765
0 0.6980416181215376 0.18729073713178676 0.04480019385088064 0.08443977320619306
0 0.646287276424496 0.13899844827696536 0.058802396089555675 0.07477993938711365
0 0.9889078498293515 0.14321862348178138 0.02218430034129693 0.10222672064777327
0 0.9815130830489193 0.08704453441295547 0.036973833902161544 0.06882591093117409
0 0.5843473114489047 0.265910773977529 0.03981978735852686 0.09099423645798466
0 0.5729535897765461 0.2349324096233492 0.044072454285502945 0.07628365643749871
0 0.4927334545554616 0.12459995716674724 0.03865504157652895 0.06057091321155762
0 0.5324232081911263 0.5703441295546559 0.05005688282138794 0.07793522267206478
0 0.46771858193445864 0.45533628622081196 0.057234958880478415 0.08168810729965417
0 0.45479985741506407 0.40450317820778603 0.05139499082548792 0.1022947094836929
0 0.4283276450511945 0.4144736842105263 0.03754266211604096 0.07186234817813765
0 0.42519908987485777 0.4676113360323887 0.03128555176336746 0.08299595141700405
0 0.564396807850854 0.49313297559573827 0.05173809049575535 0.061926781077761554
0 0.6925239916806788 0.2821721503128497 0.040917715948411176 0.08908784651359189
0 0.7603698477661758 0.2826378207710107 0.05607743853378228 0.08055805999708349
0 0.732899956713164 0.24241774154926043 0.06286364926246067 0.07924117782060551
0 0.42775881683731515 0.22115384615384615 0.03640500568828214 0.07995951417004049
0 0.4877701934015927 0.5814777327935222 0.052901023890784986 0.05566801619433198
0 0.6040829608251534 0.5194677856720833 0.05613703029059417 0.08359449724404705
0 0.6422404741221946 0.19312376173118617 0.055270243292655445 0.06835336023243771
0 0.4152445961319681 0.28846153846153844 0.011376564277588168 0.07692307692307693
0 0.5084556981691801 0.2893584127176983 0.040090656788347084 0.07587100099995837
0 0.5639931740614335 0.5738866396761133 0.042662116040955635 0.0708502024291498
0 0.5692878025954184 0.16384640408703346 0.038026621605837654 0.05747552518780254
0 0.46592090932692 0.522825822130645 0.04320566728756422 0.06104251942588948
0 0.5867553404388799 0.12828343623181024 0.03875436117121535 0.0656316419564969
0 0.2621883145987072 0.8166661794608462 0.07435398400533906 0.14406747398908698
0 0.19169510807736065 0.6538461538461539 0.051194539249146756 0.08906882591093117
0 0.25625985304569737 0.7170632406224962 0.07922784546770446 0.10315900604849974
0 0.3330588873547194 0.7543148714332024 0.05386894287037851 0.11265197008073731
0 0.3149773683548846 0.6862802769591492 0.06527800955053933 0.08656200117068648
0 0.30631399317406144 0.6396761133603239 0.0676905574516496 0.06072874493927125
0 0.12951770638057758 0.7382712220867915 0.07432689465109983 0.11376205229624299
0 0.11026784093737967 0.784255392587617 0.05670044545614001 0.14122785415956335
0 0.03405929909185693 0.6758538141920372 0.058260657229915365 0.10502641030316634
0 0.05327576799528374 0.7727935132890356 0.06273182726520149 0.10144943352154678
0 0.06691861936240505 0.8171361000988278 0.0727793213609599 0.12168236595777113
0 0.05317555426339887 0.8833876696960397 0.0666413945219101 0.12710678190699207
0 0.013083048919226393 0.9195344129554656 0.026166097838452786 0.1305668016194332
0 0.011092150170648464 0.7575910931174089 0.02218430034129693 0.10020242914979757
0 0.02417519908987486 0.7555668016194332 0.04835039817974972 0.10020242914979757
0 0.02844141069397042 0.625 0.04209328782707622 0.03137651821862348
0 0.575938566552901 0.965080971659919 0.06655290102389079 0.06983805668016195
0 0.5673240052573654 0.8966497055053139 0.0655561044156614 0.10073204165651632
0 0.515358361774744 0.9671052631578947 0.0671217292377702 0.06578947368421052
0 0.4789533560864619 0.9762145748987854 0.05688282138794084 0.04757085020242915
0 0.42093287827076226 0.6811740890688259 0.022753128555176336 0.09716599190283401
0 0.5198981613891122 0.663960055460796 0.06974917958582534 0.0829850243890668
0 0.479806598407281 0.6376518218623481 0.052901023890784986 0.05668016194331984
0 0.4473833902161547 0.7535425101214575 0.07565415244596133 0.11639676113360324
0 0.745164960182025 0.972165991902834 0.05688282138794084 0.05566801619433198
0 0.7940841865756542 0.9858299595141701 0.06029579067121729 0.02834008097165992
0 0.7841568062995751 0.9246767530823015 0.050098423046230856 0.09407964193820702
0 0.8198557246158137 0.6899958614733629 0.05556820207671489 0.08353554646725553
0 0.9687144482366326 0.9665991902834008 0.038680318543799774 0.06680161943319839
0 0.6889981581255963 0.805220487311712 0.045289566389011035 0.08045014098703317
0 0.9386785230356315 0.7280673396451813 0.0326164343321655 0.0710560579057177
0 0.6898811963248214 0.8068271321003809 0.0538219895972019 0.08133440263890536
0 0.9209328782707622 0.6366396761133604 0.030716723549488054 0.05465587044534413
0 0.9604357491197767 0.7086052863368102 0.04405259036656569 0.07527151068851085
0 0.9860637087599545 0.7307692307692307 0.027872582480091012 0.05465587044534413
0 0.8728668941979523 0.631578947368421 0.040386803185438 0.044534412955465584
0 0.7522337967432461 0.8021781143085774 0.044892288010265194 0.060207226007275974