0 0.34476401179941 0.03805774278215223 0.0700589970501475 0.07611548556430446
0 0.04387905604719764 0.18438320209973752 0.08775811209439528 0.21128608923884515
0 0.10029498525073746 0.12561363943464626 0.1187315634218289 0.15870954146924382
0 0.25405604719764013 0.1823236361742581 0.11799410029498525 0.23612972804429508
0 0.3075221238938053 0.10873018822320069 0.10398230088495575 0.19136524147420567
0 0.34587020648967554 0.400262467191601 0.06784660766961652 0.09711286089238845
0 0.153023598820059 0.26920415758619914 0.09660766961651918 0.18079020433757886
0 0.0700589970501475 0.2932796092217209 0.08185840707964602 0.17801283347639904
0 0.11025073746312684 0.27072983458221567 0.0715339233038348 0.15690856888669638
0 0.03650442477876106 0.33267716535433073 0.07300884955752213 0.19291338582677164
0 0.02359882005899705 0.3648293963254593 0.0471976401179941 0.1679790026246719
0 0.18252212389380532 0.32462766571275853 0.11283185840707964 0.14814977422713402
0 0.1887905604719764 0.38571618481169956 0.10914454277286136 0.12448955224674729
0 0.2713864306784661 0.4304461942257218 0.06932153392330384 0.03674540682414698
0 0.5412979351032449 0.2211685336010806 0.08112094395280237 0.18456687831916677
0 0.9513274336283186 0.15782826243952047 0.09218289085545722 0.19518009019208582
0 0.39491150442477874 0.1994750656167979 0.03023598820058997 0.15748031496062992
0 0.40376106194690264 0.41601049868766404 0.04793510324483776 0.06561679790026247
0 0.46607669616519176 0.4251968503937008 0.09292035398230089 0.047244094488188976
0 0.5977138643067846 0.37270341207349084 0.09513274336283185 0.15223097112860892
0 0.5306047197640118 0.3614777743723944 0.084070796460177 0.13735332362001165
0 0.4609144542772861 0.35944393589846363 0.084070796460177 0.16884938661213778
0 0.41482300884955753 0.3569553805774278 0.0700589970501475 0.15748031496062992
0 0.8875368731563422 0.3943569553805774 0.09513274336283185 0.1089238845144357
0 0.6980088495575221 0.421259842519685 0.0715339233038348 0.05511811023622047
0 0.9347345132743363 0.4120734908136483 0.10988200589970501 0.07349081364829396
0 0.8528761061946902 0.43241469816272965 0.06563421828908554 0.03280839895013123
0 0.0803834808259587 0.5392518569510554 0.08333333333333333 0.1714664235808896
0 0.059734513274336286 0.9504554012624636 0.05014749262536873 0.08975802155793293
0 0.13163716814159293 0.949231304683157 0.058997050147492625 0.09378664879905058
0 0.06637168141592921 0.8494742470213859 0.06489675516224189 0.10565875199916555
0 0.011430678466076696 0.8753280839895013 0.022861356932153392 0.07349081364829396
0 0.02691740412979351 0.8274278215223098 0.05383480825958702 0.09055118110236221
0 0.0306047197640118 0.9179790026246719 0.0612094395280236 0.1089238845144357
0 0.29535398230088494 0.4612860892388451 0.059734513274336286 0.024934383202099737
0 0.3646755162241888 0.6496062992125984 0.03023598820058997 0.09448818897637795
0 0.3558259587020649 0.9120734908136483 0.04793510324483776 0.09448818897637795
0 0.4166666666666667 0.5393700787401575 0.07374631268436578 0.18110236220472442
0 0.3941740412979351 0.6738845144356955 0.028761061946902654 0.16666666666666666
0 0.4103982300884956 0.8490813648293963 0.0612094395280236 0.1837270341207349
0 0.40523598820059 0.9343832020997376 0.05088495575221239 0.08398950131233596
0 0.6047197640117994 0.5124671916010499 0.0943952802359882 0.1272965879265092
0 0.6998525073746312 0.48293963254593175 0.11651917404129794 0.06824146981627296
0 0.7547935103244838 0.4973753280839895 0.10988200589970501 0.09711286089238845
0 0.7481563421828908 0.5762229322045531 0.13348082595870206 0.1798596157424972
0 0.7518436578171092 0.6832164875182732 0.11651917404129794 0.20199372324164167
0 0.5888643067846607 0.6506892691610278 0.09660766961651918 0.18735188412760512
0 0.5302359882005899 0.6146492199878375 0.09365781710914454 0.23194076691074972
0 0.4782448377581121 0.6751345782533593 0.11946902654867257 0.20596127090469127
0 0.461283185840708 0.7327017566186453 0.09734513274336283 0.13355374479664844
0 0.47603244837758113 0.7958465815480669 0.13348082595870206 0.15886224041441338
0 0.9668141592920354 0.5006561679790026 0.06637168141592921 0.1036745406824147
0 0.9140855457227138 0.5229658792650919 0.10103244837758112 0.14829396325459318
0 0.8388643067846607 0.5170603674540682 0.08923303834808259 0.13648293963254593
0 0.8967551622418879 0.48293963254593175 0.08997050147492626 0.06824146981627296
0 0.9756637168141593 0.5334645669291339 0.048672566371681415 0.16929133858267717
0 0.9793510324483776 0.8799212598425197 0.04129793510324484 0.1167979002624672
0 0.9653392330383481 0.9625984251968503 0.06932153392330384 0.07480314960629922
0 0.9037610619469026 0.9612860892388452 0.05530973451327434 0.07742782152230972
0 0.967551622418879 0.7874015748031497 0.06489675516224189 0.12598425196850394
0 0.8974926253687315 0.7096587728039212 0.059734513274336286 0.08723260395628271
0 0.7558997050147492 0.8735471936389562 0.08702064896755163 0.16100591065314
0 0.7031710914454278 0.8966233421540698 0.06858407079646017 0.12800663802154705
0 0.637905604719764 0.9442257217847769 0.06342182890855458 0.1115485564304462
0 0.5682153392330384 0.9481627296587927 0.09955752212389381 0.1036745406824147
0 0.49557522123893805 0.9809711286089239 0.09882005899705015 0.03805774278215223
0 0.8753687315634219 0.7842328739924663 0.08112094395280237 0.11238840062887819
0 0.8989675516224189 0.8533748301000129 0.07300884955752213 0.10443040046100349
0 0.8303834808259587 0.8506962760679673 0.07374631268436578 0.16743016139251385