0 0.1261441647597254 0.46894093686354377 0.09553775743707094 0.021384928716904276
0 0.12528604118993136 0.42362525458248473 0.09267734553775744 0.1120162932790224
0 0.16837462870587305 0.3242776573081669 0.09294565048443248 0.1208458502383068
0 0.06723284136748962 0.3435702883036475 0.08913956680074323 0.11259256063589403
0 0.033752860411899316 0.4526476578411405 0.06636155606407322 0.0539714867617108
0 0.01887871853546911 0.41140529531568226 0.03775743707093822 0.10386965376782077
0 0.009725400457665904 0.4455193482688391 0.019450800915331808 0.06822810590631365
0 0.037682908964766344 0.27585650143917867 0.06786742312160188 0.1221004094472258
0 0.07098038647730913 0.24935699394017674 0.06057044821007921 0.12492432406630244
0 0.1038926235206499 0.24375102520383102 0.05433593898024671 0.11354494458638155
0 0.13727184731963196 0.22796175707848304 0.058305515236814605 0.10044885550229368
0 0.011155606407322655 0.20213849287169042 0.02231121281464531 0.09877800407331976
0 0.19749799901633502 0.17017584468060726 0.06225169494719631 0.11175713492140706
0 0.19080805967874193 0.12866685692712115 0.0856603738460028 0.11146758060578267
0 0.13003308052314985 0.13595656227342776 0.07084462891822992 0.09982157589783416
0 0.06504333346007614 0.12271969370491358 0.07075123156710157 0.09778491602003377
0 0.1721218433568634 0.05517192821048539 0.06602277822841444 0.10678991033331911
0 0.019450800915331808 0.1384928716904277 0.038901601830663615 0.0835030549898167
0 0.18506864988558352 0.01120162932790224 0.06464530892448513 0.02240325865580448
0 0.5111556064073226 0.43126272912423624 0.11956521739130435 0.09674134419551934
0 0.6063853895688053 0.3032107297513482 0.08750501873919035 0.1267780797196896
0 0.5780552830336791 0.11520069748264156 0.07487250770664672 0.1253686994463487
0 0.38119479269251494 0.14171708783601597 0.06281207905396578 0.1239770941882095
0 0.33230514576044023 0.1646727926002662 0.06109583191437768 0.12392376914260393
0 0.3029176201372998 0.29327902240325865 0.04633867276887872 0.12016293279022404
0 0.32723112128146453 0.45824847250509165 0.09496567505720824 0.04276985743380855
0 0.2943363844393593 0.3884928716904277 0.02917620137299771 0.14765784114052954
0 0.2911899313501144 0.1710794297352342 0.02288329519450801 0.10590631364562118
0 0.45852402745995424 0.043279022403258656 0.08409610983981694 0.08655804480651731
0 0.5231693363844394 0.018329938900203666 0.07036613272311212 0.03665987780040733
0 0.36441647597254007 0.05091649694501019 0.07208237986270023 0.10183299389002037
0 0.8206521739130435 0.021384928716904276 0.05091533180778032 0.04276985743380855
0 0.7874713958810069 0.02494908350305499 0.062356979405034325 0.04989816700610998
0 0.8558352402745996 0.011710794297352342 0.07093821510297482 0.023421588594704685
0 0.30234553775743706 0.031568228105906315 0.04519450800915332 0.06313645621181263
0 0.9422266145637097 0.144361931112176 0.07958926277224075 0.12856588938466385
0 0.2488558352402746 0.9562118126272913 0.06178489702517163 0.08757637474541752
0 0.16127558026885 0.8637019136569322 0.049409087083018235 0.080851736450364
0 0.2041058144002556 0.8354590340309603 0.05593548663932883 0.08613891131208526
0 0.05484481385979734 0.8109356587319206 0.07695074039446308 0.09594378130945382
0 0.17310232671009343 0.768209974597937 0.04681716896399663 0.09907502525935653
0 0.24048531008322277 0.6917804834976278 0.039496891923095925 0.07647624143633171
0 0.22827327596437302 0.7831813277858202 0.054627829306724544 0.10745273996818226
0 0.01887871853546911 0.7510183299389002 0.03775743707093822 0.09063136456211812
0 0.18993135011441648 0.5091649694501018 0.05148741418764302 0.059063136456211814
0 0.2151029748283753 0.5015274949083504 0.04233409610983982 0.04378818737270876
0 0.2425629290617849 0.5040733197556008 0.04004576659038902 0.048879837067209775
0 0.9822654462242563 0.84979633401222 0.03546910755148741 0.09877800407331976
0 0.9462250116273729 0.8610101552528605 0.056530871148569306 0.11157938476938864
0 0.9561429142986293 0.7884039772963173 0.049397388809925266 0.09305392070196451
0 0.9716819221967964 0.5147657841140529 0.04633867276887872 0.07026476578411406
0 0.8915903890160183 0.5040733197556008 0.041762013729977114 0.048879837067209775
0 0.8232209315279 0.5762386909754149 0.0517908139535975 0.08295949638897175
0 0.8446275109308037 0.6778621181182193 0.03692837035026026 0.0702951617421231
0 0.9110590205914149 0.6284272579063662 0.036437987048432534 0.08451623085632219
0 0.789187643020595 0.9781059063136456 0.07036613272311212 0.04378818737270876
0 0.8417500237058922 0.9092629769537904 0.09343603378625996 0.1066247811241077
0 0.7397025171624714 0.9775967413441955 0.07322654462242563 0.04480651731160896
0 0.7830356826200727 0.9028496656629489 0.08288166102472452 0.12561754965917463
0 0.7510515227430637 0.8569855349468298 0.07798980952996705 0.10614485571365767
0 0.7304739628524338 0.7997483352221936 0.07695074039446308 0.09594378130945382
0 0.6733651129790511 0.8770069415655862 0.059052694045840744 0.11674213452469694
0 0.6154681403408163 0.9277267569443672 0.06780902617294468 0.1332842637599261
0 0.4788329519450801 0.9704684317718941 0.06750572082379863 0.059063136456211814
0 0.426487414187643 0.9658859470468432 0.05663615560640732 0.06822810590631365
0 0.46010107553252916 0.9239191702559649 0.057079651399054104 0.086174461342489
0 0.5123999146144022 0.9265639140858345 0.06346595492867213 0.08840664638750988
0 0.5765542737362096 0.6144647192271327 0.0445405377176388 0.08680174094694852
0 0.6403588176669237 0.5348647007113109 0.0531801703642365 0.07588451186227589
0 0.5198420793546971 0.5331597198891216 0.04580149637467873 0.06446958235195145
0 0.7931922196796338 0.5035641547861507 0.04633867276887872 0.04786150712830957
0 0.7016590389016019 0.4964358452138493 0.036041189931350116 0.03360488798370672
0 0.42300845727492353 0.5709422649216225 0.046805565107711694 0.061450142565654564
0 0.3609609628144109 0.6184737778696889 0.04313957745071486 0.056251842779942406
0 0.33295241716413326 0.6920475377557243 0.032024820582409755 0.06302465204820683
0 0.3933066361556064 0.9837067209775967 0.055491990846681924 0.032586558044806514
0 0.4672693222316234 0.7676055246347837 0.05508321220608114 0.08001115666348234
0 0.5217163003894464 0.7234070912752438 0.04323297480184319 0.05828850265774282
0 0.5788485940174195 0.6956085870293184 0.05809541840518017 0.07095283730459152
0 0.6225427536467615 0.648526603533693 0.0610959263311861 0.0740967021973014
0 0.5356563271293815 0.6692819398481199 0.056717760267634136 0.06582563757968687
0 0.49861106846499836 0.665071574043299 0.03907660384301863 0.06731127198622987
0 0.3482819419399199 0.7200579215468834 0.04928068932941903 0.06559456238206277
0 0.2877574370709382 0.7830957230142567 0.016018306636155607 0.09368635437881874
0 0.32723112128146453 0.9760692464358453 0.05377574370709382 0.04786150712830957
0 0.3652745995423341 0.9786150712830958 0.05320366132723112 0.04276985743380855
0 0.3049199084668192 0.9714867617107943 0.05034324942791762 0.05702647657841141
0 0.28689931350114417 0.9536659877800407 0.014302059496567507 0.07026476578411406
0 0.4384258607241211 0.76568955642819 0.044318742612911265 0.06950790700084687
0 0.45017675722387607 0.6905908786700018 0.03796743948576436 0.08049623614632695
0 0.4785239862930042 0.6720958105605868 0.04316287958009276 0.08167454122204386
0 0.7368421052631579 0.4969450101832994 0.043478260869565216 0.034623217922606926
0 0.7631578947368421 0.4831975560081466 0.03546910755148741 0.007128309572301426
0 0.3411252046803022 0.7886707673162343 0.0448324280441167 0.08070953632874911
0 0.29462242562929064 0.8345213849287169 0.029748283752860413 0.06619144602851323