0 0.1720398593200469 0.30167014613778703 0.0369284876905041 0.014613778705636743
0 0.09349355216881594 0.3001043841336117 0.07444314185228605 0.017745302713987474
0 0.10045739977251461 0.17464162682036583 0.058784312775406904 0.1400664506313449
0 0.13100727481135785 0.23284889376077372 0.059759219882627654 0.07681770696985228
0 0.23300117233294257 0.13778705636743216 0.03341148886283705 0.0918580375782881
0 0.23388042203985931 0.21294363256784968 0.031652989449003514 0.081419624217119
0 0.0723915592028136 0.029227557411273485 0.05451348182883939 0.05845511482254697
0 0.019050410316529893 0.0360125260960334 0.038100820633059786 0.0720250521920668
0 0.05497874693218647 0.09437665542854302 0.05576579467052213 0.10236656886209665
0 0.045881607853327414 0.1850234168604947 0.07069842539669136 0.09768423854291039
0 0.0123094958968347 0.17901878914405012 0.0246189917936694 0.08455114822546973
0 0.020808909730363423 0.11534446764091857 0.041617819460726846 0.10960334029227557
0 0.7160023446658851 0.05010438413361169 0.08616647127784291 0.10020876826722339
0 0.5712192262602579 0.03966597077244259 0.11078546307151231 0.07933194154488518
0 0.5114871085409401 0.08891328734871884 0.09373428927351818 0.17484711028248184
0 0.4422604761596106 0.15484641281720313 0.09469431628688273 0.14690658154540454
0 0.36743271239850595 0.15473880078034288 0.08549155584830867 0.13764389833867194
0 0.9284876905041032 0.03966597077244259 0.10316529894490035 0.07933194154488518
0 0.8179380484028479 0.1447332707195158 0.08315406420768523 0.16128746806224206
0 0.7402486708177496 0.20629834519069304 0.0896752326512612 0.1515786167153107
0 0.7831184056271981 0.24791231732776617 0.09378663540445487 0.12212943632567849
0 0.820926143024619 0.2620041753653445 0.06858147713950762 0.09394572025052192
0 0.8712712256373231 0.2409701414749713 0.08023093770066411 0.10178851190357818
0 0.888322133632877 0.11435154751352632 0.10164780243820928 0.1341270030246423
0 0.9657092614302462 0.09498956158663883 0.06858147713950762 0.11691022964509394
0 0.9194656151899262 0.15466151965364722 0.08736750119835002 0.10460575659004974
0 0.9619072827092696 0.22107782034597087 0.06487316351123258 0.13342832645824465
0 0.3376302926413961 0.0817657630479987 0.08752852420636523 0.1316240376600498
0 0.2828253223915592 0.06941544885177453 0.06623681125439625 0.13883089770354906
0 0.2675849941383353 0.16336116910229645 0.03575615474794842 0.1534446764091858
0 0.2906520789055964 0.1868331305021673 0.05655709282650329 0.10660273104108403
0 0.31137689000970825 0.15897913647280992 0.06721782939634392 0.13367151379632386
0 0.3499413833528722 0.2567849686847599 0.06565064478311841 0.10438413361169102
0 0.4767704291006031 0.24569149450721445 0.08900138043148788 0.11412192228414154
0 0.48856975381008205 0.2896659707724426 0.07561547479484174 0.038622129436325675
0 0.6632473622508792 0.2870563674321503 0.08616647127784291 0.04384133611691023
0 0.008499413833528723 0.8230688935281837 0.016998827667057445 0.17014613778705637
0 0.021981242672919107 0.7098121085594989 0.043962485345838215 0.162839248434238
0 0.027256740914419694 0.6012526096033403 0.05451348182883939 0.17118997912317327
0 0.046448112208223355 0.5434394805190554 0.07219997859976543 0.17572915141359932
0 0.08512075082358535 0.49116700064129043 0.07487439635027558 0.17081392890561387
0 0.1613149520427768 0.5010999101194816 0.08594539628952275 0.20623344234978896
0 0.11465546300320398 0.6066587998244487 0.0868690204755676 0.14194085735217918
0 0.07822465862816158 0.6985668520573964 0.11074799703443175 0.14130200355914097
0 0.10533445922110139 0.7587046620090986 0.07523390840338655 0.09503908921071808
0 0.14854258084315863 0.7028142834468244 0.05967817677373944 0.14639029548256635
0 0.09999253216212863 0.8358474304806901 0.09728822253338544 0.12848221850241898
0 0.19082349115692704 0.700002673365573 0.06515880669994359 0.15111283233771225
0 0.20574443141852286 0.593945720250522 0.08792497069167643 0.1336116910229645
0 0.23270808909730364 0.6169102296450939 0.03399765533411489 0.15866388308977036
0 0.2294841735052755 0.7395615866388309 0.04044548651817116 0.11795407098121086
0 0.22538100820633059 0.9504175365344467 0.04865181711606096 0.09916492693110647
0 0.14243845252051582 0.971294363256785 0.06213364595545135 0.05741127348643006
0 0.04865181711606096 0.9890396659707724 0.059788980070339975 0.021920668058455117
0 0.04045584797054334 0.9191358268134232 0.06144438203694134 0.08737771400006088
0 0.7929611393707088 0.3673455480983371 0.07666265595182144 0.10037988956034234
0 0.9519343493552169 0.36012526096033404 0.05861664712778429 0.1022964509394572
0 0.29689331770222743 0.35281837160751567 0.070926143024619 0.08768267223382047
0 0.43055641135747447 0.4017864678232325 0.08367459926881146 0.11253090943734635
0 0.4195174297159825 0.5188636452479658 0.05819814630412906 0.14000565379682517
0 0.46098884046010996 0.493579048022941 0.055465271387955296 0.11999027790704446
0 0.26787807737397423 0.49843423799582465 0.03634232121922626 0.12630480167014613
0 0.3460812132686722 0.6130361360514864 0.057802763028578806 0.09634670818347439
0 0.3347858170213012 0.7248941067956353 0.05171391229275312 0.10298483235657489
0 0.3387546639825797 0.5298632117519927 0.04328039567181613 0.10937976919159594
0 0.2817385487779771 0.6044968932231912 0.05749506550152392 0.09008366016677292
0 0.49302233309080773 0.569992741510875 0.04927385480977795 0.12454071940791107
0 0.5576434665257258 0.572208139487949 0.06285107524703214 0.1041399722124513
0 0.4579218291489727 0.5930428115520064 0.05169185795440917 0.11440629021934104
0 0.46734406976122567 0.6529168438670693 0.05568528316651463 0.08885742832709656
0 0.4105146190252263 0.7553339144144058 0.058235080736329235 0.09327598100964353
0 0.5583278143097906 0.6880693802222859 0.04621122802820541 0.10968375336419513
0 0.5261655827712729 0.6929789681250512 0.04736150663241701 0.12122680489600088
0 0.4889732404279617 0.7094264599849822 0.05675505026671859 0.08689133932390246
0 0.37550565375657097 0.7862431928936741 0.04962566101352082 0.10796085169908023
0 0.4680317388650942 0.8228094991667664 0.052402644606382616 0.10513331186332844
0 0.39582684413088376 0.8581012973061014 0.05703351921094168 0.08068908814172074
0 0.3067403018633834 0.9035373327527062 0.04583019324163074 0.11379832187414302
0 0.5041361126945415 0.7902128650142831 0.04712714636488203 0.10458614035265006
0 0.5463982899897697 0.8529757210301977 0.051303648923346774 0.09463410166763937
0 0.5388225003422858 0.7887135344498478 0.05657914716484736 0.095181273178318
0 0.6336459554513482 0.9906054279749478 0.059788980070339975 0.018789144050104383
0 0.5814771395076201 0.9890396659707724 0.06096131301289566 0.021920668058455117
0 0.5208089097303634 0.9864300626304802 0.047479484173505275 0.027139874739039668
0 0.5909213003462978 0.8478332409386331 0.049523095171169165 0.10587316902684642
0 0.7268791059776816 0.8090765102622489 0.04253320619252295 0.08230069128707601
0 0.7823821092051577 0.7456159517410973 0.07255231640838855 0.07606755465705423
0 0.8633069611563368 0.5940120841831666 0.057377619565316236 0.1233041924189546
0 0.8898708510300025 0.6610260580714085 0.057326336644140344 0.12226035108283768
0 0.8355183922091785 0.6939416320898306 0.06005203731582625 0.11838896991096923
0 0.9771395076201641 0.6696242171189979 0.04572098475967175 0.09498956158663883
0 0.9935521688159438 0.5485386221294363 0.012895662368112544 0.10125260960334029
0 0.7720028970969035 0.810166679770126 0.06924044926542479 0.07987813899440317
0 0.8057149092423075 0.7888343638194694 0.05171391229275312 0.10298483235657464
0 0.34499497125997064 0.902717062517269 0.04965488959635263 0.12042615089796341
0 0.9938452520515827 0.8256784968684759 0.0123094958968347 0.081419624217119
0 0.9859320046893317 0.7969728601252609 0.02813599062133646 0.07828810020876827
0 0.9574107264423769 0.8365747671037692 0.041536776351838764 0.073889163763621
0 0.8996835587833607 0.9626910566345556 0.056901724785758286 0.06613610627060373
0 0.9112902396800305 0.8691611061069724 0.04043778066880279 0.06338995356793214
0 0.3006579620766443 0.4619470934646534 0.062447986122113545 0.11967599858516535
0 0.3131976995138896 0.5493005306832549 0.05507706235689277 0.10021808935534296
0 0.319286284447275 0.5832913185162143 0.07179024683523941 0.08429669167695002