0 0.5036111111111111 0.04792490118577075 0.03277777777777778 0.0958498023715415
0 0.37277777777777776 0.03557312252964427 0.057777777777777775 0.07114624505928854
0 0.40346457749830605 0.08383653735450228 0.0700318390093768 0.10552671047694347
0 0.2818088694460953 0.11244253432766853 0.06513439059572142 0.09150872424488375
0 0.22387204419007037 0.12340203112628506 0.06487553118474378 0.0836035859049627
0 0.15369407834502322 0.12593890607411107 0.05427665958836005 0.11572929694699181
0 0.04833333333333333 0.008399209486166008 0.04555555555555556 0.016798418972332016
0 0.09388888888888888 0.0133399209486166 0.056666666666666664 0.0266798418972332
0 0.07444444444444444 0.051877470355731224 0.057777777777777775 0.10375494071146245
0 0.10736416579315315 0.054262438577953695 0.050528159019415854 0.08597003183653935
0 0.26187410271583506 0.21155492785467772 0.055328535153954715 0.0970235911911287
0 0.19413416167165748 0.22458229320939882 0.05721622449799889 0.12078500474519109
0 0.13669861731590421 0.16926725860972805 0.04618078685408806 0.08875046457681166
0 0.27220615514889684 0.2782779449623852 0.05343536650268258 0.09003759734224874
0 0.106520651470857 0.17346008079233668 0.04613747081325995 0.12131316169468602
0 0.07965462014722681 0.2124218773492976 0.04654219785141032 0.08284461008902065
0 0.04569031699963533 0.23031069602386933 0.052135590140566075 0.06728732534782618
0 0.12205506742299393 0.259693364908674 0.04085721259036594 0.0786620482475626
0 0.09409384449294105 0.24715676592039992 0.05180653656961599 0.07418132212810719
0 0.08738960030117192 0.28200582463230156 0.04752935856426057 0.062162619748177425
0 0.032109082869780176 0.27130668843115957 0.0431441496653326 0.0807303299011419
0 0.18774031189253604 0.3094130351270756 0.05921742404284354 0.09718458606117716
0 0.19892709647084744 0.341539572364054 0.06124550170683253 0.0913477293748353
0 0.2483795006676361 0.31786030863491493 0.04729737727242713 0.072021043405929
0 0.22604898834334367 0.23530360248274085 0.03895856463186583 0.0884514741038647
0 0.22583333333333333 0.3932806324110672 0.051666666666666666 0.0533596837944664
0 0.4509332569059246 0.29062442044705844 0.05727546004351539 0.13953670903535376
0 0.4247222222222222 0.4041501976284585 0.04388888888888889 0.03162055335968379
0 0.5058333333333334 0.32065217391304346 0.028333333333333332 0.10177865612648221
0 0.49777777777777776 0.3438735177865613 0.044444444444444446 0.06719367588932806
0 0.04179646722051391 0.31524493464372 0.04435233305556033 0.0837407553129117
0 0.545 0.07065217391304347 0.05 0.14130434782608695
0 0.5819151975200446 0.07809209083423438 0.08913627126841536 0.14677652101783054
0 0.6413031460725864 0.10776142436346155 0.0815312392369545 0.11784440332982009
0 0.6551783366934056 0.06628286044350104 0.08614295012048792 0.10619368922428643
0 0.7055555555555556 0.06571146245059288 0.07 0.13142292490118576
0 0.7502777777777778 0.0691699604743083 0.07277777777777777 0.1383399209486166
0 0.7892857678145558 0.09063488628463004 0.09469182682397079 0.14700651368932838
0 0.8024899306508979 0.14609776373087502 0.07630473725234879 0.11072041387804149
0 0.7627249108048431 0.21371527367257462 0.06895308532463787 0.10646885423513394
0 0.7017380093004906 0.24136969274134912 0.05418506661647118 0.09598945036433905
0 0.6860343648811438 0.28771997032231095 0.08010203316934925 0.09114156216543706
0 0.8281512958634074 0.27134008223089706 0.06500496089023247 0.08755615507492318
0 0.8547041931207758 0.17398589334842018 0.06489145068943193 0.13491798731299984
0 0.9431636980889887 0.06336284680614976 0.05947080414659341 0.1218651441062803
0 0.9783333333333334 0.08942687747035573 0.043333333333333335 0.12154150197628459
0 0.9733333333333334 0.17193675889328064 0.05333333333333334 0.08893280632411067
0 0.9822222222222222 0.38735177865612647 0.035555555555555556 0.06521739130434782
0 0.8451393155571777 0.35565457993012856 0.059605713159309945 0.10904229357105859
0 0.7425825604567774 0.3276613012205105 0.05927665958836011 0.11593629035133958
0 0.5394444444444444 0.4115612648221344 0.03888888888888889 0.016798418972332016
0 0.5905555555555555 0.383399209486166 0.04888888888888889 0.07312252964426877
0 0.5477777777777778 0.2702569169960474 0.05555555555555555 0.08794466403162056
0 0.5914226539976102 0.2719293881298207 0.06304707738621598 0.07859387664106285
0 0.6244916486127381 0.2643930642592455 0.057065395980593694 0.0822934538723759
0 0.6458333333333334 0.3794466403162055 0.05722222222222222 0.08102766798418973
0 0.7827777777777778 0.3908102766798419 0.04888888888888889 0.058300395256917
0 0.7411111111111112 0.3893280632411067 0.051111111111111114 0.06126482213438735
0 0.7728551181358249 0.363051668905381 0.061283338440432794 0.07556045196214324
0 0.6655555555555556 0.40464426877470355 0.052222222222222225 0.030632411067193676
0 0.44667421964187626 0.8604659037409321 0.07615886962517632 0.15709410382362773
0 0.4089364998343171 0.7812292869121003 0.0695623971184821 0.1420189774976286
0 0.46221529930386873 0.6661813600283498 0.07844032739291505 0.1759378051823892
0 0.39902235429048016 0.6932497108822803 0.07554407852410426 0.13831940026631545
0 0.3956616244210073 0.6090046240819729 0.09786337302544325 0.14220379782977619
0 0.2891958776622902 0.8702729585972121 0.07642320834338193 0.14822382245836652
0 0.25486142613953916 0.7550611451610899 0.06580293793508203 0.14581055179754074
0 0.21589738220044535 0.8237012962960042 0.08627237982597674 0.11014625839424691
0 0.20310838659971403 0.7385711508079058 0.09015031010040982 0.14385809267465985
0 0.12672745746316935 0.7096825530693461 0.09152575992972654 0.13503380984369792
0 0.1388279505237492 0.6374565817464432 0.0821405510307986 0.15339452659231453
0 0.1266564856777039 0.5419624418207735 0.08515031010040983 0.14365109927031197
0 0.052295933661301634 0.5957792192759118 0.0727229847054985 0.170767101048441
0 0.07916666666666666 0.49110671936758893 0.08277777777777778 0.1422924901185771
0 0.012777777777777779 0.441699604743083 0.025555555555555557 0.043478260869565216
0 0.06877523111945145 0.874011098608279 0.05711367291165427 0.13459599757290294
0 0.11182282692266275 0.901519740317853 0.08642320834338206 0.1486378092670621
0 0.023055555555555555 0.9036561264822134 0.04611111111111111 0.12351778656126482
0 0.028333333333333332 0.9659090909090909 0.056666666666666664 0.06818181818181818
0 0.12055555555555555 0.9822134387351779 0.0811111111111111 0.03557312252964427
0 0.09861111111111111 0.9594861660079052 0.06944444444444445 0.08102766798418973
0 0.16444444444444445 0.9540513833992095 0.06111111111111111 0.09189723320158102
0 0.20277777777777778 0.9639328063241107 0.06111111111111111 0.07213438735177866
0 0.23694444444444446 0.9777667984189723 0.0661111111111111 0.044466403162055336
0 0.2772222222222222 0.9871541501976284 0.06444444444444444 0.025691699604743084
0 0.38 0.9757905138339921 0.07333333333333333 0.04841897233201581
0 0.41444444444444445 0.9772727272727273 0.06777777777777778 0.045454545454545456
0 0.48333333333333334 0.9510869565217391 0.06444444444444444 0.09782608695652174
0 0.8384620970531899 0.7122663198421398 0.054670428012054545 0.11081158475169083
0 0.9752777777777778 0.8063241106719368 0.049444444444444444 0.11462450592885376
0 0.9886111111111111 0.8616600790513834 0.02277777777777778 0.08893280632411067
0 0.9552777777777778 0.9639328063241107 0.050555555555555555 0.07213438735177866
0 0.9788888888888889 0.974802371541502 0.035555555555555556 0.05039525691699605
0 0.9080555555555555 0.9772727272727273 0.058333333333333334 0.045454545454545456
0 0.5540971025635505 0.9444012595339487 0.03912583107095492 0.0766167658611331
0 0.5559870131442132 0.8272259004388455 0.06236209212517148 0.07461830820395277
0 0.5509354781425432 0.7691320854888016 0.053268100063593615 0.10187230558498034
0 0.5344444444444445 0.8997035573122529 0.028888888888888888 0.08201581027667984
0 0.6583333333333333 0.9678853754940712 0.042222222222222223 0.06422924901185771