0 0.2663570353488188 0.11505444570765969 0.08004670247823 0.16426951723932304
0 0.45989010989010987 0.32470703125 0.05934065934065934 0.1083984375
0 0.2026583600296325 0.3152290697456155 0.06620655952122778 0.11784829561610244
0 0.17699000303656456 0.2475179007200079 0.0777450210596892 0.11832562025034732
0 0.07868427526218186 0.2184174946000645 0.0724823501390754 0.16883411331649312
0 0.0717032967032967 0.37109375 0.0521978021978022 0.056640625
0 0.020054945054945057 0.0419921875 0.04010989010989011 0.083984375
0 0.5401098901098901 0.07080078125 0.06153846153846154 0.1416015625
0 0.5832838100339628 0.09060873812986031 0.07933015250057227 0.13692576723932304
0 0.6090537738404451 0.1753870211609801 0.07879274001732903 0.11641795473932304
0 0.5700126489441775 0.3038175795526902 0.04463647973507975 0.09061737782556434
0 0.5435938594623935 0.3171042736658629 0.04594010939902591 0.09847533731453995
0 0.5141402964233162 0.33100426262371885 0.04509711900643102 0.10819550282556412
0 0.496978021978022 0.310546875 0.014835164835164835 0.087890625
0 0.6686813186813186 0.38427734375 0.051648351648351645 0.0302734375
0 0.7082417582417583 0.38623046875 0.054945054945054944 0.0263671875
0 0.860989010989011 0.384765625 0.04835164835164835 0.029296875
0 0.8865662028571347 0.1204969284335925 0.04332081200492627 0.10324450109210082
0 0.8590123980778277 0.07237383376920453 0.06036581710410061 0.08346404041571187
0 0.8144526915546398 0.16006152409476881 0.07125397874880526 0.12195911331649323
0 0.7702866574695553 0.13847649827052844 0.060751198101776364 0.14005920592673626
0 0.7308978214322104 0.16498128900692172 0.07200815786330088 0.12979434306098103
0 0.7134350677625182 0.21350337896931326 0.07600634319502246 0.09386609826137171
0 0.6629841941500502 0.3165550854897561 0.0627427567963173 0.09039089689366309
0 0.7030383980237914 0.26465966975336275 0.06975765858602134 0.08580357107200531
0 0.708900944166009 0.3341656720805328 0.06703599690939892 0.08666648484956596
0 0.7277472527472527 0.36328125 0.03791208791208791 0.072265625
0 0.7491758241758242 0.357421875 0.04010989010989011 0.083984375
0 0.775 0.361328125 0.04120879120879121 0.076171875
0 0.7981731054472999 0.3519337338567696 0.0356525804450332 0.061956119158246725
0 0.8258383234186651 0.32249966387686513 0.03832305998039399 0.059140080380685855
0 0.8336473058670266 0.27584018819301104 0.0630995168469301 0.062116043882638916
0 0.8428178766228075 0.20863880539242508 0.061822993191830454 0.0971813749046877
0 0.9295211651821519 0.2406579423966133 0.05598376571291947 0.10474384771532108
0 0.9180000032738933 0.2928362551696384 0.06109440514796566 0.09032270766019979
0 0.9499419191972455 0.19445224508953862 0.0686090902840748 0.12575171459405388
0 0.8891207243857892 0.32671031588851873 0.0500150679426392 0.06547678001493074
0 0.9010989010989011 0.3701171875 0.045054945054945054 0.05859375
0 0.9184065934065934 0.38134765625 0.043406593406593405 0.0361328125
0 0.9395604395604396 0.38623046875 0.03076923076923077 0.0263671875
0 0.9626373626373627 0.38232421875 0.03736263736263736 0.0341796875
0 0.9851648351648352 0.3857421875 0.026373626373626374 0.02734375
0 0.9945054945054945 0.38330078125 0.01098901098901099 0.0322265625
0 0.9796703296703296 0.1953125 0.04065934065934066 0.134765625
0 0.9925824175824176 0.24609375 0.014835164835164835 0.095703125
0 0.9934065934065934 0.2216796875 0.013186813186813187 0.10546875
0 0.9722527472527472 0.0234375 0.05549450549450549 0.046875
0 0.4228503093472664 0.5070984217121952 0.083213935483564 0.1175763551952258
0 0.0989010989010989 0.43310546875 0.08901098901098901 0.0673828125
0 0.1598990366403641 0.718442265626996 0.05170407860426112 0.12992990501493074
0 0.0946679676795325 0.7152877302210499 0.05475690926086527 0.09981557572634558
0 0.010439560439560439 0.771484375 0.020879120879120878 0.091796875
0 0.04020691138889598 0.5838966557645179 0.05648203412110888 0.10281345245980911
0 0.1093405779011383 0.6161548633423173 0.08107935349323038 0.09895347846176228
0 0.12585797689571313 0.5618188578689014 0.07343822794218395 0.10058838703893236
0 0.10270053398111859 0.49254056124309853 0.06745900704391256 0.12375313010507821
0 0.012087912087912088 0.59326171875 0.024175824175824177 0.1240234375
0 0.010164835164835165 0.53564453125 0.02032967032967033 0.0986328125
0 0.007692307692307693 0.49365234375 0.015384615384615385 0.0947265625
0 0.4171058714597978 0.7053633389566831 0.0592548779389922 0.10390366368224835
0 0.36599943638957694 0.7391813918273212 0.06294748536136237 0.09820339689366331
0 0.319241927668587 0.8269600011308369 0.060353779037893296 0.10394912317122396
0 0.458593892038202 0.755836512636631 0.055229586598423856 0.09690861797083339
0 0.4263787657783405 0.8122851595779504 0.04661751530162956 0.10338087955902786
0 0.3831369993926301 0.8496798811535147 0.08238298315717667 0.10681143795073789
0 0.3671238878393483 0.9161888232601988 0.042029220407187415 0.0749014588476129
0 0.3401187761403838 0.8890163628568352 0.053453279596919104 0.09195761623736987
0 0.19862637362637361 0.98388671875 0.06318681318681318 0.0322265625
0 0.152315071543922 0.9031262268494353 0.06703599690939917 0.08666648484956596
0 0.18604533253498634 0.820276297791384 0.06525968990789442 0.08171548311610266
0 0.08742047384682873 0.7824095589159283 0.06381606682458771 0.08945979388263892
0 0.13884902898749593 0.8514938362006071 0.05667320968173069 0.08916430720429691
0 0.12472527472527473 0.99072265625 0.054945054945054944 0.0185546875
0 0.06538461538461539 0.98681640625 0.06263736263736264 0.0263671875
0 0.03234144451551696 0.7793228044869571 0.037186529744655 0.07860314114722233
0 0.0863644634487612 0.8331794440436845 0.05370919030322544 0.10172324123736987
0 0.0872413363524143 0.7892454964159283 0.05873101846017235 0.10485749643776066
0 0.33791208791208793 0.9794921875 0.05274725274725275 0.041015625
0 0.5958791208791209 0.9853515625 0.056593406593406594 0.029296875
0 0.721978021978022 0.97900390625 0.04945054945054945 0.0419921875
0 0.7299260367778333 0.9181735933379982 0.047472543760431515 0.07317563129249138
0 0.6974994461704758 0.8151361094852205 0.05511518424969426 0.1134874507263457
0 0.7882295410086047 0.7982134727669694 0.06106881407733484 0.08934614516019979
0 0.8753332377885037 0.8882585244154502 0.05169052559983786 0.10846825975941865
0 0.9752747252747253 0.88916015625 0.04945054945054945 0.1103515625
0 0.9832417582417582 0.9609375 0.033516483516483515 0.078125
0 0.8856163033673693 0.6215205834485231 0.07502335938306715 0.11918853402790819
0 0.9190078614071316 0.5411234255127157 0.07352855415849942 0.12497971979444455
0 0.765934065934066 0.4404296875 0.08901098901098901 0.08203125
0 0.5781408030260744 0.4688923696953769 0.086573858987736 0.09918077590664076
0 0.6241758241758242 0.42041015625 0.08131868131868132 0.0419921875
0 0.6958791208791208 0.443359375 0.06758241758241758 0.087890625
0 0.6370975963072742 0.4810859947906893 0.06505799121928137 0.1577964391381511
0 0.5388776499345587 0.5534344399483067 0.09597925347407986 0.12298195181844629
0 0.5035714285714286 0.58349609375 0.028021978021978023 0.1591796875
0 0.5930255943445241 0.6863017230270826 0.053620379025126286 0.11927863649288195
0 0.6557984463063594 0.6471235330221996 0.08668977627468179 0.12454867116215285
0 0.638914480882528 0.7678089641343959 0.08330274676166327 0.10002095993971372
0 0.7371088769043737 0.5184076280549252 0.06301222050704702 0.1216181671491754
0 0.7744444082581642 0.5597852959407759 0.061761287922578186 0.15766006067122407
0 0.7899170774517708 0.5976776223561404 0.0654267893361016 0.10903650337161475
0 0.787555922451541 0.6982521949838965 0.07541774857051758 0.07140516076137171
0 0.9645604395604396 0.77783203125 0.07087912087912088 0.1162109375
0 0.9923076923076923 0.779296875 0.015384615384615385 0.09375
0 0.9198184435071236 0.7405804295733495 0.056992340595505606 0.08039797444878483
0 0.9818681318681318 0.63525390625 0.03626373626373627 0.0732421875
0 0.9873626373626374 0.546875 0.025274725274725275 0.115234375
0 0.9539867825753408 0.5572354819932496 0.053200398767045035 0.16608544725941843
0 0.8604890240438031 0.9625231421609146 0.03850219747480848 0.06597601788068586
0 0.8235697263223141 0.894789651647308 0.03962668964434015 0.06699803986966146
0 0.5 0.89013671875 0.020879120879120878 0.0810546875