0 0.22195767195767196 0.02824858757062147 0.07142857142857142 0.05649717514124294
0 0.41200820070229716 0.1300212634335626 0.058308902461028454 0.0738423981817118
0 0.4652315782984513 0.2246191888942447 0.05053433556059336 0.08855764852663733
0 0.4005517871162461 0.2531437001961907 0.05018881477800668 0.08102469184113849
0 0.37459357777077606 0.3124884378305076 0.045707689313482985 0.0639221242248589
0 0.34974212559741136 0.35346063532435573 0.04082703361332868 0.049622498926511875
0 0.3247771138557606 0.2990447346035356 0.04995131290150771 0.05281993714877598
0 0.7412698412698413 0.01647834274952919 0.04021164021164021 0.03295668549905838
0 0.78994708994709 0.014595103578154425 0.033862433862433865 0.02919020715630885
0 0.8042328042328042 0.030602636534839925 0.026455026455026454 0.06120527306967985
0 0.770884202420286 0.15227918380144234 0.03380833708633126 0.057790245049884906
0 0.5933763845846688 0.16527090842395778 0.046269160585186084 0.07616317883879477
0 0.5443915701911638 0.2603431865134535 0.04786728152770853 0.06495140956706422
0 0.5936302901401159 0.2460858194996012 0.050815114857974436 0.07165232886252364
0 0.6408604522326361 0.16048452836480315 0.04957333405325954 0.07911953623063413
0 0.6779677277555478 0.18620255451284654 0.03456420745976882 0.05124274082833241
0 0.694224132154422 0.2174834197153784 0.038645802688662266 0.07114825076254455
0 0.684883989700185 0.2714406498082431 0.02663851887848174 0.039636475652270416
0 0.703618415046291 0.24293962953919102 0.03144361373820969 0.040775343190123686
0 0.8028407749778241 0.14061734023067438 0.018010882053741628 0.0702935096364931
0 0.8107123667830091 0.07262348210901712 0.008141551747345417 0.06236605704666249
0 0.7984569800487556 0.23619172817794376 0.016078059683853355 0.06269480363360527
0 0.7329295286198558 0.25441321513515247 0.03654021992748052 0.05978306641690719
0 0.7067931055439528 0.28885982484657746 0.03121684389387242 0.04734476385080577
0 0.6625863812836542 0.3776252858965043 0.03988758349337716 0.06368104339443405
0 0.6447374402659855 0.43287479860112865 0.03994159294642097 0.05334514439100222
0 0.6394951220734725 0.4838427966434598 0.03831110126129619 0.0523377754879265
0 0.6463465115483161 0.5244416273752237 0.039725642457304075 0.048637046462565524
0 0.7009623550147439 0.3699267749722105 0.02746995009234553 0.04624972919121168
0 0.6957038077894002 0.40397849513086287 0.03915335183038036 0.047673510437748555
0 0.6843552384633195 0.45566934201602705 0.03953124335556986 0.0674256052980542
0 0.7038239827954806 0.45721248273245313 0.03184305665078138 0.0840240948143545
0 0.7407098108286067 0.43594815357221034 0.03326841720201012 0.06904584719987453
0 0.7424481031121725 0.3404833478205887 0.04509220858873584 0.062016968614354545
0 0.06084656084656084 0.03954802259887006 0.0582010582010582 0.07909604519774012
0 0.1700797322714147 0.16588778184389982 0.05581452149637804 0.1000543315070518
0 0.7683525649737749 0.40895779300933105 0.03318203700636351 0.06716260802849977
0 0.7736110685375893 0.3518802258795968 0.03732846104352113 0.06545470037016107
0 0.7889279354934533 0.3230508526720429 0.020310863916657585 0.06287013514664157
0 0.7406181519399377 0.5012701743622712 0.037285270945697946 0.0645130807844737
0 0.7673106366099339 0.44894375074235054 0.023409906250834524 0.04984087602092492
0 0.41825396825396827 0.5357815442561206 0.06931216931216931 0.02824858757062147
0 0.41145283769267377 0.5163146288793672 0.046290799295627315 0.05360814166055666
0 0.13084510429229232 0.05990236195000998 0.05122537712576675 0.10362356189763555
0 0.1447748277324343 0.23977283195854726 0.04076220480506438 0.07123591651906248
0 0.19366807056032903 0.25607426860127586 0.06354589829898995 0.08439746157643868
0 0.17816771118100982 0.32344429550462384 0.059853013950506614 0.07296652791341297
0 0.20846560846560847 0.5409604519774012 0.04973544973544974 0.017890772128060263
0 0.07989417989417989 0.5437853107344632 0.056084656084656084 0.01224105461393597
0 0.1689412156181176 0.5188413177543204 0.0351364980866929 0.05220627685314939
0 0.24168171901421986 0.5045502887848916 0.036270259985320075 0.06541086749190211
0 0.21138255554526977 0.47432101901213575 0.049648982216744325 0.04622860004896409
0 0.2067826791424966 0.5055259639745966 0.05241323580049652 0.06044055959079319
0 0.1726070515785495 0.47921658761849695 0.04382887639663851 0.045987519218539455
0 0.14006191569972737 0.4518998423593215 0.06525203814759975 0.05251389429784479
0 0.05079448036270857 0.12994619442716013 0.06402098937504655 0.09475527701899988
0 0.01164021164021164 0.023540489642184557 0.02328042328042328 0.047080979284369114
0 0.010582010582010581 0.2862523540489642 0.021164021164021163 0.1167608286252354
0 0.13031116168546325 0.3536215297186436 0.05076110540493063 0.08198822786595525
0 0.09954222949500803 0.293337140740845 0.07425747917447051 0.08766064911609134
0 0.10017917428407884 0.22188363442425144 0.07827433291815802 0.08312788270069073
0 0.008465608465608466 0.15254237288135594 0.016931216931216932 0.07721280602636535
0 0.6016048404660131 0.3773317758589023 0.05505873844599904 0.06055014178644071
0 0.5413198382142143 0.4136628056870255 0.046690329531257804 0.05080519934262389
0 0.4357751020138792 0.4293126538824849 0.05473476905079479 0.07651384186486725
0 0.49388432668015125 0.4001204784839704 0.04054625431594749 0.06652781859062558
0 0.06375661375661376 0.524482109227872 0.051322751322751325 0.05084745762711865
0 0.05777064171482301 0.4844432647024478 0.05783381138497179 0.0634845827391506
0 0.1085798666183642 0.1538678598634647 0.06541397918367248 0.06755789122971342
0 0.09138401209953831 0.10852845019301066 0.05083666624535669 0.09514898562644912
0 0.09603174603174604 0.04990583804143126 0.0417989417989418 0.09981167608286252
0 0.015343915343915344 0.5329566854990584 0.030687830687830688 0.03389830508474576
0 0.6865079365079365 0.5301318267419962 0.0291005291005291 0.03954802259887006
0 0.783383417600765 0.4496877287274311 0.011089385077611565 0.0690669763421219
0 0.49989350924743986 0.45908089113663836 0.048579961803322656 0.05746228575982434
0 0.9899470899470899 0.10499058380414313 0.020105820105820106 0.10263653483992467
0 0.921957671957672 0.026836158192090395 0.056613756613756616 0.05367231638418079
0 0.911084324692236 0.059394804950847285 0.05327703775696318 0.07927295130454078
0 0.943764396880609 0.06649960377643836 0.05301780984696449 0.1196749277325801
0 0.9563927020777352 0.10779897326346492 0.04282459746842258 0.0816594812790124
0 0.9425390197548423 0.16805206217633373 0.060328105026563404 0.08332434335597413
0 0.8555555555555555 0.027777777777777776 0.06349206349206349 0.05555555555555555
0 0.9557451999026201 0.30613004281743017 0.042705759207114356 0.11360879787499491
0 0.9329074096325919 0.26290399492921096 0.04369921878010982 0.089214354403641
0 0.9049351890915504 0.22224020217694063 0.048590693835484595 0.09223646111286893
0 0.8871563992366975 0.2586901978265117 0.03452093003888696 0.09635281518480862
0 0.8679143374258148 0.2176647838286042 0.042165926645852066 0.07881270608282072
0 0.8593676711191112 0.17948575137844727 0.05580378946421634 0.06528015615400722
0 0.8388888888888889 0.1534839924670433 0.038624338624338624 0.0696798493408663
0 0.8293650793650794 0.12005649717514125 0.019576719576719578 0.06120527306967985
0 0.9597883597883597 0.519774011299435 0.042328042328042326 0.060263653483992465
0 0.974355813925101 0.47029941636865424 0.04203635635238209 0.07598784732575858
0 0.9557237794998258 0.3987042404946011 0.05726152075804789 0.06252104671433363
0 0.9361039571483416 0.4465084622702446 0.02486763754466616 0.04708176658125133
0 0.9306780592093148 0.4899654200662061 0.045362168530896266 0.056389167539359845
0 0.9033321824097703 0.4816998372636323 0.03620551850011445 0.04097259114228914
0 0.8923344998823571 0.5084706397867753 0.0351796881845162 0.053147896438836766
0 0.8833333333333333 0.5338983050847458 0.05026455026455026 0.032015065913371
0 0.5841269841269842 0.5922787193973634 0.06878306878306878 0.0847457627118644
0 0.5328042328042328 0.6162900188323918 0.06666666666666667 0.1327683615819209
0 0.6251437930719654 0.6421069347313864 0.07531559290961283 0.133756175936514
0 0.46481560072234324 0.6835217911406772 0.07567193304742001 0.13001161403289396
0 0.6470098498024979 0.7295452702686536 0.05955059594268455 0.11242688475576489
0 0.7074083242995239 0.7425506447130352 0.0608247474900025 0.11717881556246088
0 0.43306878306878305 0.60075329566855 0.05873015873015873 0.1016949152542373
0 0.38333333333333336 0.597457627118644 0.07566137566137567 0.0951035781544256
0 0.39595688377578964 0.6534799920458458 0.07596353170002157 0.10182877577966115
0 0.3037037037037037 0.5927495291902072 0.07936507936507936 0.0856873822975518
0 0.14074074074074075 0.594632768361582 0.06984126984126984 0.08945386064030132
0 0.05925925925925926 0.5833333333333334 0.06031746031746032 0.06685499058380415
0 0.10026455026455026 0.5856873822975518 0.04814814814814815 0.07156308851224105
0 0.15679262526712995 0.6521087039432724 0.05532861106510094 0.1009740346536096
0 0.2975119892666058 0.7618789757830713 0.07282129926802121 0.11391641531969031
0 0.23794490232191423 0.7192345008286666 0.08240985027703636 0.13874918757363472
0 0.3918324040797786 0.835508050363318 0.056397544155463816 0.13579204288491337
0 0.3544012028231919 0.81685217110793 0.0584383854314397 0.12271895088093754
0 0.2906499987441884 0.8251318613175973 0.056235690442449644 0.07469635201088104
0 0.2468102593308 0.836816014975936 0.06202333819689398 0.10876998860866309
0 0.1932792286953309 0.7892223612626698 0.07016506459035675 0.0790326577709982
0 0.06255374857187522 0.8702936415211548 0.05234840699223213 0.0820539771833438
0 0.10593445129592027 0.7937801933047288 0.04221993609889593 0.06847680707938911
0 0.13529939967641155 0.7234862900197947 0.06929044327866958 0.07147778464636965
0 0.15401249194278188 0.8336111613700771 0.07339367721800379 0.0688282574023437
0 0.2015560223829327 0.8678252865799955 0.057909372225397965 0.07664534049964436
0 0.12546819908246332 0.9090401394980328 0.051031065347091085 0.07636042679096033
0 0.09350626050884424 0.9380890707453231 0.05126865454664876 0.058513487541159245
0 0.24792255716510364 0.8931597750432723 0.04778090133206173 0.06306817039568945
0 0.23981337616036105 0.9433066939151282 0.0760499118956683 0.10371201495103602
0 0.32706086668584583 0.8833028885131612 0.08284183857832846 0.10211368948834486
0 0.42890726519855804 0.8504193677150861 0.06583497348362673 0.13430329961786994
0 0.4456388916580772 0.9404199583883023 0.0560629300511563 0.07092987366813151
0 0.48860915746821243 0.8037743553226608 0.06366464923723937 0.09849983892261982
0 0.7933862433862434 0.6897363465160076 0.05238095238095238 0.08757062146892655
0 0.7994708994708994 0.7570621468926554 0.04021164021164021 0.08097928436911488
0 0.7632933025894234 0.7848777249485026 0.060684357841311855 0.12563147539451783
0 0.7042716761912512 0.8282051523518926 0.07041338582207644 0.09595989387424149
0 0.6440999715385624 0.8217691985681932 0.08885625617710993 0.12961790542544482
0 0.59301472209231 0.7956903384713947 0.054659033564251204 0.15545647198870066
0 0.5653989290121343 0.804822801564908 0.050501877494932 0.12239020429399454
0 0.5279733994023341 0.9299607634305703 0.07120162693811681 0.10163152782749538
0 0.6595898171933665 0.9043025818732988 0.05052351620537275 0.09983516711575655
0 0.7817460317460317 0.9910546139359698 0.04285714285714286 0.017890772128060263
0 0.6505291005291005 0.9670433145009416 0.040740740740740744 0.06591337099811675
0 0.7865902605333831 0.9620106083080548 0.05113908425317893 0.0556886287840971
0 0.7579365079365079 0.987758945386064 0.0417989417989418 0.02448210922787194
0 0.46206788180212743 0.8758309573637573 0.04697102150558008 0.079951573620674
0 0.917989417989418 0.5758003766478342 0.08571428571428572 0.051789077212806026
0 0.9658730158730159 0.5903954802259888 0.06825396825396825 0.08097928436911488
0 0.8333333333333334 0.9821092278719398 0.027513227513227514 0.035781544256120526
0 0.8428571428571429 0.9463276836158192 0.04656084656084656 0.06779661016949153
0 0.9475558342873694 0.8813021941773165 0.05194887675660173 0.08485691950127636
0 0.9917989417989418 0.9096045197740112 0.0164021164021164 0.07344632768361582
0 0.9083804071312543 0.6761621977260088 0.08712856494111781 0.13800481594011313
0 0.915075439893753 0.8295471725685283 0.05522067948207189 0.07559413871830924
0 0.8465608465608465 0.5692090395480226 0.05396825396825397 0.038606403013182675
0 0.8452380952380952 0.632768361581921 0.051322751322751325 0.1337099811676083
0 0.8762351944418271 0.8588810175245022 0.06825379360785078 0.09493060853203618
0 0.9788359788359788 0.8653483992467044 0.042328042328042326 0.096045197740113