0 0.46459459459459457 0.4625 0.051351351351351354 0.05384615384615385
0 0.02054054054054054 0.29471153846153847 0.04108108108108108 0.12788461538461537
0 0.004324324324324324 0.25240384615384615 0.008648648648648649 0.10865384615384616
0 0.19702702702702704 0.4360576923076923 0.0772972972972973 0.10673076923076923
0 0.2445945945945946 0.4721153846153846 0.06864864864864866 0.03461538461538462
0 0.1908108108108108 0.3334268417879706 0.08594594594594594 0.13233310335569617
0 0.14972972972972973 0.3495697512628483 0.05783783783783784 0.16260902117453957
0 0.11648648648648649 0.3252529558429745 0.055675675675675676 0.14518941721977618
0 0.08891891891891891 0.29065300541973965 0.06054054054054054 0.14063352611799407
0 0.07351351351351351 0.2547594810882033 0.07945945945945945 0.11372813764525172
0 0.06675675675675675 0.22412129565264427 0.08054054054054054 0.09359178577647968
0 0.0808108108108108 0.17052179828168407 0.07837837837837838 0.08674910489863925
0 0.02810810810810811 0.14903846153846154 0.05621621621621622 0.1423076923076923
0 0.2718918918918919 0.4129807692307692 0.08864864864864865 0.1528846153846154
0 0.28297297297297297 0.3314663065136119 0.0827027027027027 0.1004344666543201
0 0.32054054054054054 0.43052615599685895 0.08648648648648649 0.10928415819054092
0 0.39216216216216215 0.41356015238301597 0.06918918918918919 0.1199273265524327
0 0.42702702702702705 0.41584549692280853 0.05837837837837838 0.1424446913939997
0 0.39594594594594595 0.47307692307692306 0.0654054054054054 0.032692307692307694
0 0.5016216216216216 0.1625 0.036756756756756756 0.09038461538461538
0 0.4937837837837838 0.3466346153846154 0.05243243243243243 0.09326923076923077
0 0.31594594594594594 0.19326911297760177 0.04864864864864865 0.10155647359756388
0 0.23297297297297298 0.16637834967509005 0.07567567567567568 0.08757075380133869
0 0.1772972972972973 0.12359277860916013 0.06864864864864866 0.08528396402528031
0 0.22216216216216217 0.012980769230769231 0.05945945945945946 0.025961538461538463
0 0.3591891891891892 0.1147381151497953 0.05945945945945946 0.07903910875599689
0 0.24 0.09029975483576383 0.0745945945945946 0.10193787490087997
0 0.13513513513513514 0.060833578414348354 0.0772972972972973 0.09727007215202668
0 0.43189189189189187 0.341578067359488 0.05459459459459459 0.0855180767808559
0 0.41486486486486485 0.2834852246772637 0.05081081081081081 0.07570684678309662
0 0.377027027027027 0.24835369393044054 0.049189189189189186 0.08331522074010095
0 0.6018918918918919 0.2502581005736911 0.06486486486486487 0.16297273402752108
0 0.7167567567567568 0.09322263759358013 0.06108108108108108 0.12623842710668498
0 0.788918918918919 0.15849615035304346 0.06486486486486487 0.13412658018136722
0 0.8572972972972973 0.10578535619167068 0.0654054054054054 0.10626994270851968
0 0.8986486486486487 0.08629105105729222 0.05783783783783784 0.11645517502069364
0 0.9318918918918919 0.14041553878485835 0.04972972972972973 0.10545858326725338
0 0.9808108108108108 0.22692307692307692 0.038378378378378375 0.08269230769230769
0 0.9435135135135135 0.03365384615384615 0.04054054054054054 0.0673076923076923
0 0.5454054054054054 0.028846153846153848 0.05081081081081081 0.057692307692307696
0 0.5313513513513514 0.06490384615384616 0.022702702702702703 0.12596153846153846
0 0.9818918918918919 0.13990384615384616 0.036216216216216214 0.0875
0 0.9732432432432433 0.07380584903509525 0.05081081081081081 0.07186069293694267
0 0.11405405405405405 0.9349730259241014 0.08648648648648649 0.12659185049823324
0 0.14324324324324325 0.668214602390332 0.05027027027027027 0.11029425348671351
0 0.22783783783783784 0.6980739148127625 0.07891891891891892 0.11466169819502257
0 0.2864864864864865 0.6852441336241846 0.05297297297297297 0.09601106612247551
0 0.3345945945945946 0.6886957062330575 0.05189189189189189 0.08922434106817062
0 0.3278378378378378 0.8003652131051908 0.05945945945945946 0.09826987798676612
0 0.34486486486486484 0.7637465173258766 0.04810810810810811 0.10249003414733453
0 0.42324324324324325 0.8269379299168236 0.04432432432432432 0.0811403426111138
0 0.39054054054054055 0.8247644970241022 0.044864864864864865 0.09751447436903549
0 0.3662162162162162 0.8211016448407049 0.04864864864864865 0.10732570436679466
0 0.48945945945945946 0.843826762569918 0.036216216216216214 0.0816822123961351
0 0.46702702702702703 0.8316079869238618 0.044864864864864865 0.08309139744595856
0 0.007837837837837838 0.5947115384615385 0.015675675675675675 0.1201923076923077
0 0.06054054054054054 0.5677801357360118 0.04864864864864865 0.11790262744371774
0 0.10189189189189189 0.525 0.04594594594594595 0.07115384615384615
0 0.07432432432432433 0.5067307692307692 0.04054054054054054 0.03461538461538462
0 0.3672972972972973 0.5817345237411636 0.0372972972972973 0.0855843220658246
0 0.33297297297297296 0.5515925417285233 0.036756756756756756 0.08363326723097986
0 0.31 0.5086538461538461 0.04378378378378378 0.038461538461538464
0 0.30972972972972973 0.5667356453686617 0.034594594594594595 0.08159827866083184
0 0.4572972972972973 0.5052884615384615 0.034594594594594595 0.03173076923076923
0 0.47405405405405404 0.5149038461538461 0.032432432432432434 0.05096153846153846
0 0.49108108108108106 0.5338145424590676 0.036216216216216214 0.06148990470382741
0 0.49675675675675673 0.6177884615384616 0.046486486486486484 0.09326923076923077
0 0.5162162162162162 0.7052884615384616 0.0075675675675675675 0.07211538461538461
0 0.5159459459459459 0.5860576923076923 0.008108108108108109 0.08365384615384615
0 0.5035135135135135 0.9725961538461538 0.028648648648648647 0.05480769230769231
0 0.38837837837837835 0.5235576923076923 0.06108108108108108 0.06826923076923076
0 0.44513513513513514 0.6319171891895735 0.043243243243243246 0.07050746371065508
0 0.4464864864864865 0.5935255955074545 0.05081081081081081 0.07186069293694289
0 0.412972972972973 0.56727173420862 0.044864864864864865 0.09366832052288153
0 0.43648648648648647 0.51875 0.05027027027027027 0.058653846153846154
0 0.46054054054054056 0.747618405828802 0.047027027027027025 0.11012638601610657
0 0.5005405405405405 0.6990384615384615 0.03891891891891892 0.08076923076923077
0 0.9751351351351352 0.8120192307692308 0.04972972972972973 0.1375
0 0.8835135135135135 0.8001764210965726 0.08432432432432432 0.19378763115885425
0 0.7570270270270271 0.7705526666659835 0.0945945945945946 0.16354998071321172
0 0.6467567567567568 0.6480182495884285 0.07567567567567568 0.15583998457056947
0 0.5948648648648649 0.6068708315971809 0.07135135135135136 0.16619308435334992
0 0.5397297297297298 0.666826923076923 0.03945945945945946 0.12211538461538461
0 0.5318918918918919 0.8495192307692307 0.023783783783783784 0.1201923076923077
0 0.5327027027027027 0.5581730769230769 0.025405405405405406 0.1375
0 0.5586486486486486 0.5528846153846154 0.05027027027027027 0.12692307692307692
0 0.6083783783783784 0.5182692307692308 0.0827027027027027 0.057692307692307696
0 0.6721621621621622 0.5538461538461539 0.10324324324324324 0.12884615384615383
0 0.6967567567567567 0.5293269230769231 0.09405405405405405 0.0798076923076923
0 0.894054054054054 0.5915873749914294 0.0891891891891892 0.1786548169801493
0 0.9694594594594594 0.6947115384615384 0.06108108108108108 0.1625
0 0.9721621621621621 0.5235576923076923 0.055675675675675676 0.06826923076923076
0 0.9116216216216216 0.520673076923077 0.06972972972972973 0.0625
0 0.8702702702702703 0.5293269230769231 0.0627027027027027 0.0798076923076923
0 0.8413513513513513 0.5259615384615385 0.05891891891891892 0.07307692307692308