0 0.5806641667466226 0.053276948198068004 0.07505780512061624 0.10405042958231563
0 0.47951911787117063 0.2658135875432555 0.07665885217625357 0.14470977024165632
0 0.4366115338048067 0.4335238157437852 0.09792782413943947 0.13638684795017766
0 0.5819822608961328 0.27983994103302706 0.0745255363235167 0.10620345499158555
0 0.5740395242992903 0.3475912064623705 0.08124592393249744 0.10449819746763876
0 0.6072173724022053 0.3560531090870718 0.058207059409835886 0.11488459159132282
0 0.6383044554455446 0.3252747252747253 0.0426980198019802 0.14065934065934066
0 0.5648072669195736 0.4323306621361487 0.07631267983989973 0.13591856145044753
0 0.5400289152366883 0.4784761187626506 0.049586964615246365 0.11535661765077133
0 0.5072037446164115 0.4689377034333144 0.056640514268012636 0.13778240751411652
0 0.4475511850626553 0.486661930500766 0.09627049524918942 0.10996844478801884
0 0.4433299452313949 0.5387030139387052 0.08698831703136764 0.10929679296003407
0 0.4788252294653998 0.6222707939912058 0.07193348446519997 0.08738780594466994
0 0.5353036916754114 0.6142351812654686 0.05702571748207224 0.1005541005170761
0 0.41071053066049323 0.6421377871607239 0.04792963572499618 0.08893821448861278
0 0.3756188118811881 0.6505494505494506 0.05198019801980198 0.07692307692307693
0 0.35179455445544555 0.6456043956043956 0.05631188118811881 0.08681318681318681
0 0.3097153465346535 0.6736263736263737 0.05012376237623763 0.03076923076923077
0 0.27629950495049505 0.6708791208791208 0.06002475247524752 0.03626373626373627
0 0.2847726783118213 0.09743736581836404 0.05669679610262537 0.1235414700169346
0 0.49195544554455445 0.008791208791208791 0.054455445544554455 0.017582417582417582
0 0.23779091999723675 0.281934288714933 0.07225787688075527 0.17397710881519507
0 0.30402995601927923 0.3963795019482767 0.07159579345752301 0.17283343092776166
0 0.10158556679016827 0.4550159107235269 0.08865865621418631 0.12037535752610967
0 0.005569306930693069 0.2945054945054945 0.011138613861386138 0.10329670329670329
0 0.035577874953308206 0.248016732845563 0.0583238637433999 0.13352113348410918
0 0.021658415841584157 0.5763736263736263 0.043316831683168314 0.13296703296703297
0 0.16074064776019228 0.528724358807528 0.08269990540509495 0.11008225653920888
0 0.1924988721545473 0.39988052994518697 0.07770613881354571 0.1086251411320493
0 0.16759056169575262 0.370527377354302 0.08024190883724958 0.1416817276761469
0 0.12421532784580223 0.3767560498919652 0.06318781570881632 0.13168154559456546
0 0.08643739769407473 0.31175764654945237 0.07105928399608488 0.12786803944988123
0 0.06955624658404189 0.23614896514059397 0.05933211950298627 0.14345602016275133
0 0.10885730618577175 0.2467069872989701 0.07967937879067426 0.1273960133904326
0 0.13346710066437176 0.31516068247790857 0.056766088229806826 0.09396069392366951
0 0.1547531794346881 0.21586498200736304 0.0759492565466385 0.09534877436817149
0 0.18309748097143894 0.2840378873680449 0.07323163072652758 0.1203548389117029
0 0.1572875498751057 0.6006576039970176 0.0822974512341281 0.11553198524518218
0 0.1921410891089109 0.6598901098901099 0.07487623762376237 0.05824175824175824
0 0.1478960396039604 0.6620879120879121 0.06311881188118812 0.05384615384615385
0 0.10334158415841584 0.6686813186813186 0.04826732673267327 0.04065934065934066
0 0.055383663366336634 0.6730769230769231 0.0625 0.031868131868131866
0 0.028465346534653466 0.6395604395604395 0.05693069306930693 0.06813186813186813
0 0.6444925742574258 0.589010989010989 0.03032178217821782 0.1076923076923077
0 0.6271658415841584 0.07857142857142857 0.06497524752475248 0.14835164835164835
0 0.6256188118811881 0.17527472527472526 0.06806930693069307 0.13516483516483516
0 0.6441831683168316 0.06483516483516484 0.03094059405940594 0.11648351648351649
0 0.32022767623461085 0.6311823832451348 0.049799081661129126 0.07373270625812638
0 0.9715346534653465 0.015384615384615385 0.05693069306930693 0.03076923076923077
0 0.9808168316831684 0.1879120879120879 0.038366336633663366 0.11648351648351649
0 0.9771039603960396 0.4137362637362637 0.04579207920792079 0.11978021978021978
0 0.9234545763916318 0.433672144976304 0.047181009217675214 0.08559673440337705
0 0.9534280659013263 0.46835095521476866 0.06308402166782072 0.09770516510569616
0 0.8548886138613861 0.6489010989010989 0.04888613861386139 0.08021978021978023
0 0.880569306930693 0.6736263736263737 0.04084158415841584 0.03076923076923077
0 0.9175608770453835 0.5203062246353616 0.04837536143800731 0.08458738688154081
0 0.8106435643564357 0.6785714285714286 0.043316831683168314 0.020879120879120878
0 0.838490099009901 0.671978021978022 0.04950495049504951 0.03406593406593406
0 0.7577351485148515 0.6604395604395604 0.06373762376237624 0.05714285714285714
0 0.7234790736907656 0.5635682773331998 0.055974190180441724 0.08952031273953293
0 0.774463882093773 0.5138089403305497 0.0652563683982635 0.0901919645675177
0 0.7759458603339003 0.4367739214361421 0.0723229283435983 0.09727791583477982
0 0.7182016334442063 0.4375547350476912 0.059011967751769444 0.10398513417937645
0 0.7314431577590771 0.3376769363262255 0.05812051632574718 0.11268678939352063
0 0.6797648514851485 0.36538461538461536 0.040222772277227724 0.0956043956043956
0 0.6689356435643564 0.42417582417582417 0.018564356435643563 0.10989010989010989
0 0.6751237623762376 0.2291208791208791 0.03094059405940594 0.13736263736263737
0 0.6853341584158416 0.5340659340659341 0.05136138613861386 0.07032967032967033
0 0.6850247524752475 0.5 0.050742574257425746 0.06373626373626373
0 0.6883907725916191 0.595743326973573 0.05057796941792564 0.09351292603834616
0 0.11660604159229827 0.7492032198135792 0.06682715420442513 0.11441256553187407
0 0.14047029702970298 0.7082417582417583 0.09405940594059406 0.038461538461538464
0 0.23731435643564355 0.7071428571428572 0.0724009900990099 0.03626373626373627
0 0.5792079207920792 0.6967032967032967 0.034653465346534656 0.015384615384615385
0 0.32700222534603524 0.8432226404286579 0.05958750809091328 0.10293100986900754
0 0.48491832386451567 0.8910163997394663 0.055139020589032195 0.08398103045649499
0 0.5372534638489017 0.9488029109764644 0.05145641055137917 0.10015110942028543
0 0.5108931480999022 0.8223658589797581 0.05174206038878204 0.07606483882152563
0 0.5688386020750797 0.8243546865097277 0.046402121460878694 0.06581651462315727
0 0.6296445067890697 0.864019588922061 0.04430330752195589 0.09086735595522111
0 0.6482054455445545 0.7071428571428572 0.022896039603960396 0.03626373626373627
0 0.597833952924887 0.7735552240636308 0.04781283139143206 0.07030167259582652
0 0.5363270780597356 0.7674515819563135 0.06021933026467013 0.08763594806145703
0 0.41172529156636395 0.8113330305741668 0.035220236057448416 0.06391163133067433
0 0.32780062854168457 0.8465865089081597 0.05570155063560772 0.09826674474220953
0 0.40191831683168316 0.7016483516483516 0.058787128712871284 0.025274725274725275
0 0.1962185368875136 0.7367803922195817 0.0616733117372675 0.09322000713302689
0 0.2103960396039604 0.7230769230769231 0.07797029702970297 0.06813186813186813
0 0.10666842924730505 0.8360957008966272 0.049197520736847966 0.10546650776066169
0 0.022586633663366336 0.9747252747252747 0.04517326732673267 0.05054945054945055
0 0.06033415841584158 0.9818681318681318 0.058787128712871284 0.03626373626373627
0 0.2619967165718072 0.8550493709048131 0.04568375620303356 0.07891377423290583
0 0.10501322068922411 0.8387310116725492 0.0506645125020142 0.09571072823614861
0 0.5727874906610592 0.9210682425202278 0.031061639057308712 0.06799379820655269
0 0.5952962067187906 0.9089215547768613 0.03405614508659201 0.08135971854749512
0 0.47741336633663367 0.9741758241758242 0.0426980198019802 0.051648351648351645
0 0.9702970297029703 0.8461538461538461 0.0594059405940594 0.16923076923076924
0 0.6918316831683168 0.9752747252747253 0.06435643564356436 0.04945054945054945