0 0.38558786346396967 0.2539325842696629 0.04804045512010114 0.09213483146067415
0 0.35145385587863465 0.22696629213483147 0.1125158027812895 0.14606741573033707
0 0.21396965865992415 0.2303370786516854 0.08280657395701643 0.1393258426966292
0 0.251728673334178 0.15730337078651685 0.07945342767780765 0.14269662921348314
0 0.15170670037926676 0.23595505617977527 0.06700379266750948 0.12808988764044943
0 0.06893235211824555 0.18370786516853932 0.060883098115796966 0.12808988764044943
0 0.028445006321112517 0.13876404494382022 0.056890012642225034 0.15617977528089888
0 0.35967130214917825 0.051685393258426963 0.09102402022756005 0.10337078651685393
0 0.30783817951959547 0.06741573033707865 0.08091024020227561 0.1348314606741573
0 0.16434892541087232 0.02247191011235955 0.05815423514538559 0.0449438202247191
0 0.11915297092288243 0.033707865168539325 0.07142857142857142 0.06741573033707865
0 0.0908612238704976 0.07977528089887641 0.08722945253386037 0.11573033707865168
0 0.19532237673830594 0.046067415730337076 0.07458912768647281 0.09213483146067415
0 0.216553585984678 0.1050561797752809 0.05616403841174117 0.1101123595505618
0 0.16579832823713442 0.1550561797752809 0.06900858159165502 0.12247191011235956
0 0.9396333754740834 0.019662921348314606 0.048672566371681415 0.03932584269662921
0 0.9870417193426043 0.24269662921348314 0.025916561314791402 0.1146067415730337
0 0.9418457648546145 0.24325842696629213 0.06447534766118837 0.11348314606741573
0 0.816055625790139 0.27415730337078653 0.05941845764854614 0.051685393258426963
0 0.7484197218710493 0.26853932584269663 0.04298356510745891 0.06292134831460675
0 0.5581542351453855 0.2915730337078652 0.05562579013906448 0.016853932584269662
0 0.5700983794265344 0.2651685393258427 0.046652348767881185 0.0696629213483146
0 0.6052465233881164 0.2803370786516854 0.04993678887484197 0.03932584269662921
0 0.6997697666713178 0.24044943820224718 0.04322753243714182 0.09213483146067415
0 0.6736054376584075 0.10112359550561797 0.051819594134146045 0.07640449438202247
0 0.6162580430745048 0.09044943820224718 0.04419747399730845 0.07415730337078652
0 0.45055726458175455 0.17303370786516853 0.03737299814248522 0.08202247191011236
0 0.41877370417193427 0.18146067415730338 0.018331226295828066 0.0550561797752809
0 0.45763152192187 0.06910112359550562 0.04380446601191071 0.08876404494382023
0 0.8052152260838832 0.20898876404494382 0.07004046507635148 0.0696629213483146
0 0.11249190070836446 0.7662921348314606 0.06895340391484377 0.11910112359550562
0 0.028761061946902654 0.8095505617977528 0.05752212389380531 0.12696629213483146
0 0.16910655681406495 0.6286516853932584 0.05367237852329431 0.11235955056179775
0 0.07572543876622721 0.5988764044943821 0.052401391772415304 0.15056179775280898
0 0.06623024149708627 0.5224719101123596 0.0627310184414448 0.08651685393258426
0 0.30154792436310207 0.550561797752809 0.05179443732749061 0.11348314606741573
0 0.33400049474533233 0.5567415730337079 0.04396999904234487 0.09887640449438202
0 0.266772077399186 0.7056179775280899 0.08642504400412783 0.14382022471910114
0 0.3240023523817477 0.6848314606741573 0.05871087597699941 0.11123595505617978
0 0.3649424432629689 0.6938202247191011 0.05404022970203661 0.1348314606741573
0 0.36624831494750404 0.6140449438202247 0.06081629212776683 0.0853932584269663
0 0.39285714285714285 0.5612359550561797 0.03350189633375474 0.12696629213483146
0 0.12239766203268666 0.4314606741573034 0.06725452424491084 0.05393258426966292
0 0.18647281921618206 0.3297752808988764 0.056890012642225034 0.05955056179775281
0 0.32332490518331225 0.3342696629213483 0.053729456384323644 0.06853932584269663
0 0.3450731198670969 0.45955056179775283 0.05389985347825803 0.08764044943820225
0 0.37908176166373125 0.48651685393258426 0.049714177983378766 0.10224719101123596
0 0.37831858407079644 0.3235955056179775 0.04108723135271808 0.04719101123595506
0 0.2755491283806259 0.401123595505618 0.07290674039125909 0.051685393258426963
0 0.26992355098057436 0.3393258426966292 0.05607883986477426 0.06629213483146068
0 0.5559418457648546 0.9876404494382023 0.09165613147914033 0.024719101123595506
0 0.8338310477435069 0.7258426966292135 0.05418737017353365 0.14382022471910114
0 0.9092729973888054 0.7123595505617978 0.0592878095517683 0.10786516853932585
0 0.9778761061946902 0.8449438202247191 0.04424778761061947 0.1101123595505618
0 0.9032698406830107 0.8280898876404494 0.08955557939187313 0.10337078651685393
0 0.8904998178309543 0.8938202247191012 0.0807428069876235 0.10561797752808989
0 0.9244627054361567 0.949438202247191 0.07269279393173199 0.10112359550561797
0 0.5403978150341977 0.8112359550561797 0.06376776598964164 0.11123595505617978
0 0.5952893847554187 0.7595505617977528 0.06808218939708095 0.10449438202247191
0 0.6388479832534286 0.647191011235955 0.0656824923033196 0.11235955056179775
0 0.48709720166103704 0.7657303370786517 0.059864743126537334 0.10449438202247191
0 0.5176766949109639 0.6932584269662921 0.049247599762232364 0.11235955056179775
0 0.563123380976355 0.6393258426966292 0.09096694236653072 0.11235955056179775
0 0.5742177807809159 0.5601123595505618 0.045572051854091786 0.08089887640449438
0 0.6079839371875086 0.5825842696629213 0.05787644657711085 0.09887640449438202
0 0.521802442268487 0.42191011235955056 0.0597543877729147 0.09775280898876404
0 0.4794175854185933 0.44325842696629214 0.05016236364558775 0.09101123595505618
0 0.498879954089054 0.3741573033707865 0.051224268000440026 0.07865168539325842
0 0.7240834386852086 0.3162921348314607 0.038558786346396964 0.03258426966292135
0 0.7452591656131479 0.31573033707865167 0.03666245259165613 0.03146067415730337
0 0.7082806573957017 0.3342696629213483 0.05752212389380531 0.06853932584269663
0 0.7125151645642508 0.3752808988764045 0.0714334354920718 0.07752808988764046
0 0.7539518545367742 0.3539325842696629 0.0538814609193209 0.08651685393258426
0 0.7564720533557356 0.41235955056179774 0.06955549429626795 0.07865168539325842
0 0.4197218710493047 0.6539325842696629 0.020227560050568902 0.09887640449438202
0 0.8217837306010306 0.5157303370786517 0.07418259120563832 0.09101123595505618
0 0.7926039720145425 0.6185393258426967 0.0721759020972747 0.08426966292134831
0 0.9096031133575645 0.6342696629213483 0.07044510137296804 0.09438202247191012
0 0.8430155852978902 0.5702247191011236 0.06159554385084415 0.09438202247191012
0 0.4254108723135272 0.4764044943820225 0.0316055625790139 0.0696629213483146
0 0.8393178444623765 0.37134831460674156 0.059625639860354795 0.0898876404494382
0 0.9077513926634807 0.3612359550561798 0.0685487676182272 0.09438202247191012
0 0.938685208596713 0.33370786516853934 0.0632111251580278 0.06741573033707865
0 0.973007360384432 0.6224719101123596 0.039956620825617656 0.0853932584269663
0 0.9051773845043934 0.5764044943820225 0.058060372166482285 0.1101123595505618
0 0.9094158056443341 0.6264044943820225 0.06317243985593561 0.11348314606741573
0 0.5974200713157971 0.4556179775280899 0.05709719485403368 0.0898876404494382