0 0.42620137299771166 0.05142566191446028 0.09496567505720824 0.10285132382892057
0 0.5014302059496567 0.035641547861507125 0.016590389016018305 0.07128309572301425
0 0.10005470702708928 0.07769856268501399 0.07532301076925564 0.10961011051915934
0 0.04843382351395879 0.21198171673948837 0.056928564309324144 0.09036162999431821
0 0.07093470736497509 0.30365712361729863 0.050943432663222085 0.1144459840280635
0 0.11108661461202766 0.32045173161275936 0.06753382167924037 0.11530526490272434
0 0.13825284474077057 0.35067177765669777 0.05722184994674091 0.09850826950551984
0 0.17319761652192547 0.34223036499206566 0.0522930727560392 0.10435157576402633
0 0.14723690972290915 0.4012178949143541 0.05595321417801341 0.07913037029142764
0 0.14943314901341725 0.4383424921217291 0.03233670488996343 0.05757855651389147
0 0.16497442802152062 0.4640634959709326 0.061189765901102776 0.09769735219153783
0 0.18643092025648964 0.48692755603550836 0.03829198181162386 0.08024848854459067
0 0.2103300677443532 0.4821189254998489 0.054779194693846386 0.12582539560589548
0 0.23009248464944032 0.48976729723089824 0.046513416443028886 0.11828226078375781
0 0.006578947368421052 0.31109979633401225 0.013157894736842105 0.06822810590631365
0 0.4688375435656895 0.5064782796819131 0.08164489473768703 0.14246334193886073
0 0.36441647597254007 0.5173116089613035 0.07208237986270023 0.12423625254582485
0 0.37128146453089245 0.5565173116089613 0.05606407322654462 0.045824847250509164
0 0.20709382151029748 0.5697556008146639 0.05835240274599542 0.019348268839103868
0 0.006292906178489702 0.45519348268839105 0.012585812356979404 0.06720977596741344
0 0.029566524602710757 0.507805033393545 0.040932429482874774 0.07428666078613086
0 0.04805491990846682 0.5641547861507128 0.04233409610983982 0.03054989816700611
0 0.014302059496567507 0.5488798370672098 0.028604118993135013 0.054989816700611
0 0.04024345426086335 0.35064692208519693 0.05221975134668505 0.10231491588622593
0 0.7669666618180105 0.3564064197851279 0.08247360205028949 0.14962128188615026
0 0.8006292906178489 0.5392057026476579 0.055491990846681924 0.08044806517311609
0 0.7520694711973741 0.45205927610247254 0.08390424646719614 0.11005456614398396
0 0.6848140077933296 0.3749446281155409 0.06013341144570237 0.1159383999667765
0 0.688597743289806 0.4482051229663789 0.06955103737098063 0.09203182818296107
0 0.6856963907611978 0.5029376328849403 0.07093733816847488 0.08295574985782422
0 0.5670422004083353 0.3672714008129907 0.06193746888961559 0.13432759961695684
0 0.5397467808787226 0.41306508709205897 0.03890072489616367 0.0812964488584792
0 0.5306064073226545 0.39460285132382894 0.041762013729977114 0.11914460285132383
0 0.5165903890160183 0.38085539714867617 0.013729977116704805 0.09164969450101833
0 0.6398741418764302 0.5504073319755601 0.05434782608695652 0.05804480651731161
0 0.7033752860411899 0.5565173116089613 0.08180778032036613 0.045824847250509164
0 0.8794268422015613 0.5031058655278952 0.0796941944750655 0.12000082253307937
0 0.9080753048141089 0.4710151878614971 0.06459240545583735 0.14462942050591218
0 0.9608897488176129 0.5131697866116529 0.06773929701233224 0.10515159588871063
0 0.9565739946360686 0.4649324512013406 0.07937873702794229 0.1270995017303927
0 0.9733981693363845 0.4103869653767821 0.05320366132723112 0.13034623217922606
0 0.9791189931350115 0.5361507128309573 0.041762013729977114 0.08655804480651731
0 0.041189931350114416 0.6288187372708758 0.08237986270022883 0.09877800407331976
0 0.02345537757437071 0.6542769857433809 0.04691075514874142 0.1395112016293279
0 0.26415575039722705 0.7790053254181899 0.09110598734787788 0.1673477160972901
0 0.29516246094846177 0.724857587003002 0.0935119818960953 0.13901226005801418
0 0.3634260937311264 0.8299763083096892 0.07684058855598748 0.16762528666148266
0 0.4064645308924485 0.9714867617107943 0.07608695652173914 0.05702647657841141
0 0.4805491990846682 0.9414460285132383 0.05835240274599542 0.11710794297352342
0 0.5 0.9567209775967414 0.019450800915331808 0.08655804480651731
0 0.5051487414187643 0.7540733197556008 0.009153318077803204 0.18024439918533605
0 0.45509153318077805 0.9781059063136456 0.07036613272311212 0.04378818737270876
0 0.9385048808742454 0.7054025506585339 0.09568945236701469 0.21535737510054118
0 0.8821547664577695 0.7083211425948819 0.08572959878631563 0.1924800304449238
0 0.8176266840948009 0.7228858194839568 0.1061122831480456 0.15592777695517182
0 0.7802643933933255 0.8074594859715488 0.09250677704034291 0.17453528641956817
0 0.8245999008981848 0.8847410190191126 0.09506622038750437 0.19804576613923772
0 0.6819954134578108 0.7365421781465307 0.07855683569557557 0.1677141777864475
0 0.6363464880975614 0.7103401091064128 0.07623184547144767 0.16657732634759423
0 0.5942945917202853 0.7283316860959947 0.09447284313243516 0.13397987111348977
0 0.9788329519450801 0.9404276985743381 0.04233409610983982 0.11914460285132383
0 0.5901198850310819 0.8591371890875396 0.08554629526293007 0.18738838075042277
0 0.664262947270435 0.8808027495615415 0.0735035874958717 0.15423884558083847
0 0.7028934352733881 0.8553366650926437 0.08344895218160012 0.16085254158904083
0 0.5431922196796338 0.8228105906313645 0.06693363844393593 0.109979633401222
0 0.5243135011441648 0.8492871690427699 0.02917620137299771 0.09572301425661914
0 0.6844965675057209 0.9455193482688391 0.10926773455377574 0.10896130346232179
0 0.7597254004576659 0.9567209775967414 0.08810068649885583 0.08655804480651731
0 0.7868993135011442 0.935336048879837 0.09782608695652174 0.12932790224032586
0 0.8712814645308925 0.9765784114052953 0.10755148741418764 0.04684317718940937
0 0.8418192219679634 0.9460285132382892 0.10011441647597254 0.1079429735234216
0 0.931350114416476 0.9663951120162932 0.06979405034324943 0.06720977596741344