0 0.017506142506142505 0.03165938864628821 0.03501228501228501 0.03275109170305677
0 0.01167076167076167 0.07641921397379912 0.02334152334152334 0.0982532751091703
0 0.08627026043385133 0.12540206301955062 0.05678538414774782 0.08474505688125826
0 0.2723789272510636 0.08003980439065042 0.042400137380592014 0.07389660908215186
0 0.31197621158257516 0.07037664613921667 0.04532834454107168 0.06866051125226325
0 0.30375116275729913 0.15422741369533569 0.04121370312324862 0.052018064455989846
0 0.2908603223566861 0.18870688449751993 0.05638485559758274 0.06946121408649844
0 0.19182466667780318 0.4217984898443579 0.05742993754830105 0.1327355078882839
0 0.23372235872235872 0.5185589519650655 0.04361179361179361 0.08078602620087336
0 0.14987714987714987 0.5158296943231441 0.06388206388206388 0.08624454148471616
0 0.10658603040566676 0.39764666767854057 0.06795802553702548 0.13676683640203396
0 0.03593366093366093 0.30403930131004364 0.07186732186732187 0.09497816593886463
0 0.1068603125202671 0.27944154521850156 0.06589985802603979 0.10501848077416409
0 0.2740282347574166 0.4588060894920483 0.053057813491086306 0.1062677335810935
0 0.3406019656019656 0.4306768558951965 0.05835380835380835 0.0665938864628821
0 0.3627149877149877 0.4836244541484716 0.014127764127764128 0.10480349344978165
0 0.2531184463769464 0.351052778478784 0.04850057655194032 0.09613102163464052
0 0.34336609336609336 0.48307860262008734 0.052825552825552825 0.09497816593886463
0 0.24713493881834805 0.20460887665402916 0.044557590227044676 0.0860387931789785
0 0.9459502710004984 0.31704505248254594 0.05794320922293651 0.1055318984506516
0 0.893988028929938 0.2876756591674495 0.06262834067970431 0.09715414192283002
0 0.8145064761212034 0.07380011468435842 0.04830031227685778 0.08848910023726073
0 0.8882081273326273 0.043724509470467444 0.05767057519039338 0.07173358718161722
0 0.9347809712974259 0.15987410369216304 0.05205818571982205 0.1149123910536603
0 0.6454571678005315 0.2086579246904921 0.04847196736978562 0.09503931857787196
0 0.6838739454892183 0.3411061474210285 0.05374443386279751 0.1324686069435389
0 0.6411826809967265 0.31458741258133194 0.0782572400685128 0.13206454046163543
0 0.5338823133613588 0.1270276652524492 0.04954396489851032 0.11255105097695986
0 0.567701435221799 0.11912531995203957 0.0362155642669279 0.09524135181882376
0 0.5872235872235873 0.03875545851528384 0.06265356265356266 0.07751091703056769
0 0.5515970515970516 0.5054585152838428 0.056511056511056514 0.10698689956331878
0 0.461114740102422 0.5085769791485241 0.05034332839469203 0.09626447210701314
0 0.5090515099878282 0.41942986556804557 0.07501433190433189 0.12529190466706994
0 0.5027827574097574 0.2854960654053383 0.04287303568821751 0.11533684174856626
0 0.4976726767089495 0.19577623904175762 0.06939855522546433 0.07476217962018027
0 0.5659630495269586 0.2399484913270229 0.05205818571982205 0.1149123910536603
0 0.6058447320758685 0.19434809918380838 0.05297198594462232 0.10299262441078783
0 0.48772768974609887 0.12041629427283046 0.051142691890873705 0.07997789323706642
0 0.4454815611811522 0.15767322127251282 0.048714298616025886 0.08089166233067165
0 0.4439770842339025 0.2289351122915038 0.06401334560798197 0.07982034348690557
0 0.4715005834603562 0.33171922641962454 0.05651444371935281 0.09780101007169002
0 0.39957002457002455 0.42194323144104806 0.05958230958230958 0.1539301310043668
0 0.42476874091165007 0.36156869911477535 0.0534145814659451 0.09648688956096718
0 0.3808353808353808 0.4279475982532751 0.022113022113022112 0.11353711790393013
0 0.3488943488943489 0.6746724890829694 0.04176904176904177 0.12663755458515283
0 0.19625307125307126 0.9230349344978166 0.04606879606879607 0.1539301310043668
0 0.12637507091384376 0.7351525602524003 0.05384541280241294 0.1597166998719622
0 0.17444717444717445 0.6195414847161572 0.052825552825552825 0.12117903930131005
0 0.0676249224981498 0.6339207487926366 0.06851336418281877 0.08777364931982132
0 0.047741722989041224 0.6706179170926475 0.06694324637261005 0.12143851011648331
0 0.015049140049140049 0.6774017467248908 0.030098280098280097 0.11899563318777293
0 0.020884520884520884 0.8105895196506551 0.04176904176904177 0.10589519650655022
0 0.023034398034398034 0.7352620087336245 0.04606879606879607 0.07969432314410481
0 0.055796855847628654 0.8259288938439234 0.06875569542905907 0.07362599307262076
0 0.07405017877599701 0.7504317835378378 0.062128526794072256 0.1014764706591133
0 0.7048525798525799 0.9814410480349345 0.08169533169533169 0.03711790393013101
0 0.5196560196560197 0.9497816593886463 0.08230958230958231 0.10043668122270742
0 0.734029484029484 0.9383187772925764 0.06388206388206388 0.12336244541484716
0 0.8052825552825553 0.9328602620087336 0.06511056511056511 0.13427947598253276
0 0.43857493857493857 0.9716157205240175 0.08353808353808354 0.056768558951965066
0 0.44241619020232653 0.7916264039170461 0.05925923160204991 0.15575023906200544
0 0.39926289926289926 0.8094978165938864 0.05896805896805897 0.1408296943231441
0 0.3921990171990172 0.7287117903930131 0.04484029484029484 0.1168122270742358
0 0.4862130966960513 0.7784536694024583 0.0708441657263476 0.15332031621672582
0 0.5586609336609336 0.5906113537117904 0.05343980343980344 0.06331877729257641
0 0.5998157248157249 0.5938864628820961 0.049754299754299756 0.06986899563318777
0 0.5096008754970118 0.676632427368056 0.06158495233313418 0.08073411258051069
0 0.5537041060178788 0.8389125005576703 0.06975701680447145 0.11183560005952044
0 0.9097051597051597 0.976528384279476 0.07125307125307126 0.04694323144104803
0 0.9662162162162162 0.601528384279476 0.052825552825552825 0.0851528384279476
0 0.9679521525490161 0.67931615114469 0.04859986188740757 0.07652485010359736
0 0.9895577395577395 0.6741266375545851 0.020884520884520884 0.08624454148471616
0 0.9296919696042879 0.9271605593737273 0.07474169787178876 0.09149359339803531
0 0.8723226376285922 0.8903169865179131 0.06447278612660434 0.14414185685466877
0 0.8058531363656818 0.8337458412975773 0.07765644724326544 0.10913877626949571
0 0.735385970819789 0.835180458197242 0.09767092847829208 0.14763566841414275
0 0.6747047481307482 0.8591163885941404 0.056203129923948145 0.1795008053661686
0 0.6430918749824205 0.8459306999961219 0.05274480609153339 0.14111326441610572
0 0.6051816400738674 0.6977195081786276 0.07782810233619328 0.11568899461010718
0 0.6937960687960688 0.597707423580786 0.06326781326781326 0.07751091703056769
0 0.7571598712352349 0.7419593901446156 0.053872328380419464 0.11395413846926437
0 0.9051252411983776 0.6213743522839467 0.04637173288764195 0.0850805405945825
0 0.8316953316953317 0.5698689956331878 0.04791154791154791 0.021834061135371178
0 0.7502003097971733 0.6635467536593369 0.043857512066330075 0.08271920051788205
0 0.9078060818222637 0.6885808155113993 0.05682745111890566 0.06295547923667792
0 0.8767275138341503 0.6372967286534582 0.04582815842670401 0.06433818251597988
0 0.992014742014742 0.7434497816593887 0.01597051597051597 0.08078602620087336
0 0.5260097985005713 0.7530053003186713 0.0514573928945747 0.09198662686152057