0 0.46029005524861877 0.37653562653562656 0.08080110497237569 0.025798525798525797
0 0.47483150770585875 0.19414368355779527 0.07104552726058216 0.11705279523199573
0 0.523135359116022 0.12530712530712532 0.0531767955801105 0.09090909090909091
0 0.4093372344711838 0.08196200271457924 0.05705240647576495 0.1103384154198199
0 0.5410911602209945 0.2757985257985258 0.017265193370165747 0.08476658476658476
0 0.14330701540078097 0.06418238097493927 0.04669622705147094 0.08659658050952784
0 0.1871546961325967 0.025798525798525797 0.05386740331491713 0.051597051597051594
0 0.24033149171270718 0.029484029484029485 0.05386740331491713 0.05896805896805897
0 0.8409167067733941 0.24320249045689396 0.07547578281351161 0.15036529681894634
0 0.9408406056117394 0.2780896989580134 0.07987278174650983 0.15913636751935578
0 0.987914364640884 0.1683046683046683 0.024171270718232045 0.12285012285012285
0 0.7550465687641182 0.10680717892590826 0.06773432485969105 0.145136761386623
0 0.8249309392265194 0.04914004914004914 0.05593922651933702 0.09828009828009827
0 0.8984806629834254 0.03501228501228501 0.08839779005524862 0.07002457002457002
0 0.6388121546961326 0.04914004914004914 0.055248618784530384 0.09828009828009827
0 0.6110167175182603 0.23122379139989124 0.06526143966235988 0.15485039648069912
0 0.5901243093922652 0.32432432432432434 0.060082872928176795 0.13022113022113022
0 0.5694060773480663 0.21683046683046683 0.0393646408839779 0.13144963144963145
0 0.5583563535911602 0.07555282555282555 0.017265193370165747 0.10687960687960688
0 0.5783839779005525 0.08415233415233415 0.057320441988950276 0.06511056511056511
0 0.09219613259668508 0.9318181818181818 0.10566298342541436 0.13636363636363635
0 0.2064917127071823 0.9748157248157249 0.12016574585635359 0.05036855036855037
0 0.14247897628954023 0.8709130259185649 0.08728556414289286 0.1766213215532078
0 0.2758220272327278 0.8862739135006289 0.08878416905913293 0.11042522363155904
0 0.30767165628475884 0.8144076187945957 0.09485780239925057 0.08245563221086565
0 0.3347276293075884 0.776167842613187 0.08024352371729525 0.10148259083024846
0 0.4600152297285451 0.9006651837474761 0.07725512367823095 0.16393599769942685
0 0.4126376817577198 0.9128485773983632 0.08405555797089204 0.13722350119071808
0 0.3886459088292696 0.8940202338214316 0.05774007761276614 0.13367993876134324
0 0.3561120222600789 0.8717632161297036 0.07438411308579394 0.16013611927998916
0 0.07257254411080416 0.7911436592132138 0.10498801272370695 0.1687652487242699
0 0.015883977900552487 0.757985257985258 0.031767955801104975 0.1597051597051597
0 0.1849508377253173 0.5793165734117126 0.08511397107867849 0.10291124784313418
0 0.20233536586304876 0.5173063686365283 0.08420620403745024 0.09551164678864331
0 0.22275524237193622 0.45788183789402226 0.0739556676685616 0.09876824522189473
0 0.30373830470986324 0.6076048039958788 0.053599367801731954 0.11019544700240247
0 0.29453003016083124 0.5094385668690701 0.06054457496534037 0.08839695540769871
0 0.2618073589864063 0.5757337155216227 0.07490256452533196 0.08408341784684699
0 0.2535724106743934 0.7026977337288572 0.0955004705250986 0.17450744329800721
0 0.07783718899262132 0.6007116719537818 0.0790100177164349 0.08302647871924661
0 0.08675980844163556 0.450406130405024 0.0654512155444606 0.09105411364908551
0 0.5044537483353728 0.4953751802372932 0.05345165833297872 0.1285943717464374
0 0.5428176795580111 0.5030712530712531 0.013812154696132596 0.10687960687960688
0 0.5390193370165746 0.9484029484029484 0.021408839779005526 0.10319410319410319
0 0.5124309392265194 0.9637592137592138 0.055248618784530384 0.07248157248157248
0 0.45338397790055246 0.4103194103194103 0.057320441988950276 0.04176904176904177
0 0.13915745856353592 0.4103194103194103 0.05179558011049724 0.04176904176904177
0 0.017265193370165747 0.5171990171990172 0.034530386740331494 0.10810810810810811
0 0.03280386740331492 0.6498771498771498 0.06560773480662983 0.13022113022113022
0 0.568024861878453 0.5036855036855037 0.03660220994475138 0.085995085995086
0 0.7962707182320442 0.39803439803439805 0.062154696132596686 0.0171990171990172
0 0.9194317658327339 0.9060652812807002 0.05247150485627682 0.11873776823494393
0 0.9941298342541437 0.952088452088452 0.011740331491712707 0.09336609336609336
0 0.9471245337858007 0.7288618978612352 0.05087019348243667 0.13462250315500962
0 0.7849657338628356 0.7762679205053792 0.061630371497447475 0.12525199226273548
0 0.878344019231581 0.7868991213741482 0.050107199312156375 0.13213690701452374
0 0.8482800812619159 0.751214371219357 0.050834000264699836 0.13339400192650852
0 0.8203212231166025 0.6910167838615081 0.0760274908729815 0.09885402627234516
0 0.7417049258985654 0.7191267757963975 0.06850319222558254 0.1009964982110292
0 0.6586177750131538 0.7464366581743935 0.07078630154081285 0.1550791459485668
0 0.6125294911686968 0.7500634337509973 0.05454039146289143 0.14213647894343442
0 0.5687154696132597 0.6812039312039312 0.03798342541436464 0.10196560196560196
0 0.573549723756906 0.5958230958230958 0.04765193370165746 0.09336609336609336
0 0.6977300174170454 0.47499610120387764 0.055490224917467065 0.10413872191034676
0 0.7568659934884518 0.462684549557959 0.06246868870100734 0.10688166120218406
0 0.7343366322585049 0.5115667419660125 0.04611419896987496 0.09025349051154796
0 0.9924033149171271 0.722972972972973 0.015193370165745856 0.08476658476658476
0 0.9851519337016574 0.671990171990172 0.029696132596685083 0.07862407862407862
0 0.9446643490237633 0.5307300758707357 0.04186197290782453 0.08639642472514343
0 0.9775767960802889 0.5284027721506975 0.038227968145106914 0.08011095016521973
0 0.9924033149171271 0.4631449631449631 0.015193370165745856 0.0687960687960688
0 0.923157684705902 0.4744896321914837 0.04077323977791183 0.07285431752814635
0 0.9136740331491713 0.42444717444717445 0.052486187845303865 0.07002457002457002
0 0.9186384144075328 0.522272508527356 0.05105996936453761 0.0708262203233963