0 0.283203125 0.35127314814814814 0.08723958333333333 0.03587962962962963
0 0.3883463541666667 0.29108796296296297 0.080078125 0.15625
0 0.306640625 0.3055555555555556 0.09765625 0.12731481481481483
0 0.319843801488707 0.216950117787531 0.11525647192635195 0.12274214099379979
0 0.034830729166666664 0.3420138888888889 0.06966145833333333 0.05439814814814815
0 0.1452502295621727 0.2672756773981892 0.09676202610887537 0.10984756625791613
0 0.10091145833333333 0.3130787037037037 0.06640625 0.11226851851851852
0 0.2158203125 0.28587962962962965 0.08268229166666667 0.16666666666666666
0 0.22436837926126 0.1769134247861879 0.08699640110887537 0.10914015518908958
0 0.15958973342792668 0.18160591820940417 0.08068605155249846 0.08903978262186767
0 0.16973725833296874 0.09797881492822175 0.07692459733826167 0.12343187967863756
0 0.2802734375 0.05497685185185185 0.07747395833333333 0.1099537037037037
0 0.22961982770876155 0.09306132333571505 0.07061424778188474 0.10333150711141564
0 0.10091145833333333 0.031828703703703706 0.06640625 0.06365740740740741
0 0.3854166666666667 0.0625 0.08854166666666667 0.125
0 0.8138020833333334 0.27662037037037035 0.078125 0.18518518518518517
0 0.7548828125 0.2777777777777778 0.07486979166666667 0.18287037037037038
0 0.6995442708333334 0.25983796296296297 0.08658854166666667 0.21875
0 0.6621778812734204 0.20958910401508668 0.08828411273748582 0.13696509370478913
0 0.9007161458333334 0.013310185185185185 0.07747395833333333 0.02662037037037037
0 0.7464192708333334 0.013310185185185185 0.08138020833333333 0.02662037037037037
0 0.9427083333333334 0.2974537037037037 0.07682291666666667 0.14351851851851852
0 0.9441391646226105 0.1775708500519247 0.0802450177121153 0.1548705226303246
0 0.974609375 0.14988425925925927 0.05078125 0.14930555555555555
0 0.5921024853926993 0.09699338853813817 0.10267445693903736 0.1125868277140269
0 0.5890296492233862 0.19054197073780865 0.07523675148907157 0.1348644715389462
0 0.6545267642582709 0.16029219287578586 0.05746077487314638 0.09660125531594319
0 0.51953125 0.32407407407407407 0.1015625 0.09027777777777778
0 0.4397786458333333 0.25462962962962965 0.020182291666666668 0.13194444444444445
0 0.47556381156500144 0.16224244506494176 0.0695509156842804 0.11365385230223879
0 0.5221724246670093 0.17567644007990338 0.06583036108984726 0.12147273972655993
0 0.5583787428070731 0.16204006838591384 0.06151182065890959 0.13155928122777427
0 0.5069961837290217 0.2532915081547583 0.1106461244295233 0.12009720101353265
0 0.4596354166666667 0.32060185185185186 0.059895833333333336 0.09722222222222222
0 0.4527994791666667 0.11574074074074074 0.046223958333333336 0.12962962962962962
0 0.6259765625 0.019097222222222224 0.07096354166666667 0.03819444444444445
0 0.6888020833333334 0.03761574074074074 0.08333333333333333 0.07523148148148148
0 0.6917444664129594 0.10542637600506805 0.10230306612790334 0.09638312401032323
0 0.6920572916666666 0.01678240740740741 0.06380208333333333 0.03356481481481482
0 0.40234375 0.6458333333333334 0.0546875 0.1388888888888889
0 0.20540364583333334 0.9386574074074074 0.09700520833333333 0.12268518518518519
0 0.07069709675138136 0.8960288947196181 0.09030466527237069 0.11169077369351307
0 0.2047459286749266 0.6985072379112416 0.057060640652566885 0.13585878569195156
0 0.32766956544624753 0.6130870677103334 0.06682626565256689 0.13656619676077814
0 0.2612240629428939 0.7726707359258128 0.06101994648272887 0.13845656493429695
0 0.22730743909933934 0.8435280331795865 0.06555071023431462 0.137629282692342
0 0.09244621153292347 0.7495372803837038 0.066030428200137 0.10184397453855591
0 0.0953267058135761 0.8183086996486011 0.06652230237631773 0.0949466908320331
0 0.11570741747408238 0.669017888270012 0.08455140193269466 0.11589595668184698
0 0.36354374527853106 0.4284737193651815 0.066030428200137 0.10184397453855577
0 0.36702830350086746 0.5093743360388957 0.08309015110887537 0.10885719076155888
0 0.2043474705794438 0.5246367427415608 0.07335105402395636 0.10930718710013973
0 0.2557885952149219 0.6351043170270576 0.05177272357399065 0.132009277566355
0 0.25606327571245774 0.5759586374044753 0.06685500906201251 0.0811049626810661
0 0.3034505996985404 0.5522376935375954 0.07000410573502187 0.07671113674104528
0 0.30749170476830984 0.5009344817082954 0.05052591156518371 0.07761112941820691
0 0.24092739502500615 0.4703967903124684 0.07157146821916498 0.08837953229096288
0 0.3227403435991791 0.44070410511351243 0.04770952157786912 0.06816322720726055
0 0.3076171875 0.39988425925925924 0.061848958333333336 0.061342592592592594
0 0.26103839654597344 0.4231464737374182 0.060836466571526415 0.07373607159532566
0 0.2698567708333333 0.3883101851851852 0.044921875 0.03819444444444445
0 0.020833333333333332 0.8072916666666666 0.041666666666666664 0.14699074074074073
0 0.020182291666666668 0.7042824074074074 0.040364583333333336 0.1099537037037037
0 0.07911479744889394 0.5377661107174276 0.061605776108875375 0.10730088641014048
0 0.10986462967316964 0.5848101119568019 0.06285480361204672 0.10508039307116919
0 0.0244140625 0.4861111111111111 0.048828125 0.09722222222222222
0 0.10221354166666667 0.42476851851851855 0.07161458333333333 0.1111111111111111
0 0.072265625 0.390625 0.055989583333333336 0.04282407407407408
0 0.02998603241419151 0.4143784119987623 0.04748292655249842 0.0866345849878573
0 0.1747808854399048 0.6287994707515794 0.07090605484777564 0.11606298859289713
0 0.8282548266944795 0.851348993074086 0.06953654397955766 0.1413844693420948
0 0.7767777727971944 0.8104437650778381 0.08367376524065732 0.13432015372452197
0 0.5658750943118191 0.7845651400946465 0.07862459939780993 0.1408873122655922
0 0.5476558973697928 0.5302528607818268 0.06874070652712778 0.10666224711987259
0 0.7939176478290902 0.6335638188731584 0.07012237360570388 0.11022879081793834
0 0.856082725649031 0.6997797220982854 0.0642607831113396 0.1664229856637618
0 0.9289501990963501 0.7634813620365922 0.0758347373255764 0.13259681746205315
0 0.9532073096002289 0.6979611054812749 0.06436911026602783 0.11443397380627197
0 0.9921875 0.7754629629629629 0.015625 0.11574074074074074
0 0.9801432291666666 0.38252314814814814 0.039713541666666664 0.02662037037037037
0 0.7037760416666666 0.3888888888888889 0.06770833333333333 0.03935185185185185
0 0.6546223958333334 0.3888888888888889 0.06705729166666667 0.03935185185185185
0 0.5875651041666666 0.3836805555555556 0.059244791666666664 0.028935185185185185
0 0.5195207118974453 0.7253192310112487 0.07252425766771638 0.186664840444749
0 0.47180400446721477 0.6777652978467293 0.07871633935341116 0.17324755893507784
0 0.4524739583333333 0.71875 0.045572916666666664 0.15046296296296297
0 0.4527994791666667 0.5850694444444444 0.046223958333333336 0.11689814814814815
0 0.4886631208963956 0.5455398583030784 0.07137140110887537 0.10800829747896704
0 0.47638839242687686 0.4936795538107114 0.06799792490485974 0.07425483971246517
0 0.4895833333333333 0.38425925925925924 0.049479166666666664 0.03009259259259259
0 0.8042110762670779 0.5563024563327167 0.07850633152712778 0.10736965818869913
0 0.9464587100757477 0.5031030199158528 0.04392153944855141 0.10139791685662303
0 0.6563947667771166 0.651061463091761 0.06733029603910594 0.15855693750151886
0 0.7168051395908971 0.5695900200276394 0.055652445658909734 0.1311348345864783