0 0.2893858477970627 0.2642517814726841 0.06074766355140187 0.0510688836104513
0 0.3027369826435247 0.25593824228028506 0.03404539385847797 0.06769596199524941
0 0.1261682242990654 0.03503562945368171 0.0534045393858478 0.07007125890736342
0 0.010680907877169559 0.01840855106888361 0.021361815754339118 0.03681710213776722
0 0.019692923898531375 0.042161520190023755 0.03938584779706275 0.07007125890736342
0 0.011348464619492658 0.171021377672209 0.022696929238985315 0.09263657957244656
0 0.37550066755674233 0.23515439429928742 0.07009345794392523 0.10926365795724466
0 0.4347770344570131 0.18096017571856618 0.06188528077658389 0.12421107508986719
0 0.5947930574098799 0.2684085510688836 0.0801068090787717 0.04275534441805225
0 0.6834099087278247 0.13616331257093275 0.0754997769507355 0.10978789745192485
0 0.4786108229215773 0.18194720602679793 0.07017578927920716 0.1354806267891224
0 0.8281819182118381 0.05843891871655259 0.06938202413785585 0.07970954232067155
0 0.7993991989319092 0.029097387173396674 0.06475300400534045 0.05819477434679335
0 0.9509345794392523 0.2589073634204275 0.08077436582109479 0.06175771971496437
0 0.9234898334578937 0.12232898657995227 0.045754176828857636 0.0934068254651861
0 0.963257017848146 0.14681391254489523 0.06397938628932763 0.07694710167872942
0 0.815086782376502 0.2678147268408551 0.0534045393858478 0.043942992874109264
0 0.7843791722296395 0.25712589073634207 0.0534045393858478 0.06532066508313539
0 0.725499836317863 0.21105070846895577 0.09225087941875668 0.11337301851975179
0 0.7463284379172229 0.24109263657957244 0.0774365821094793 0.09738717339667459
0 0.7096128170894526 0.03681710213776722 0.07076101468624833 0.07363420427553444
0 0.9257933495219116 0.0698062931991871 0.04986741883562711 0.07236790401975958
0 0.32610146862483314 0.1828978622327791 0.012683578104138851 0.11163895486935867
0 0.3471295060080107 0.19477434679334918 0.05473965287049399 0.10451306413301663
0 0.2451160000911417 0.766834901570693 0.07666664555174836 0.17981076339305976
0 0.1682911833684291 0.7319474557316913 0.07036234100903795 0.1426065175254645
0 0.22358036824314 0.4679457222239832 0.07432012324094836 0.11562935379975288
0 0.2542075371064677 0.6031592037663126 0.07418112973314574 0.1357709845864935
0 0.06555142006715042 0.5757837555425589 0.07784629926153565 0.17396930704523175
0 0.006675567423230975 0.47030878859857483 0.01335113484646195 0.1543942992874109
0 0.3431241655540721 0.9738717339667459 0.04672897196261682 0.052256532066508314
0 0.7653538050734312 0.30700712589073637 0.06475300400534045 0.0344418052256532
0 0.6353687315746115 0.5187343519543551 0.06863949837681475 0.15315017473129192
0 0.6698924190494765 0.649500706103114 0.05348687072112987 0.13427080263340954
0 0.5786694147239302 0.6394550711253941 0.07598262254236882 0.1536824973598056
0 0.5450684121855498 0.4800641716156958 0.08077988755851769 0.1587718419476333
0 0.47528127234349 0.36910774377298927 0.08560640395049741 0.1140767373135236
0 0.5564589132896476 0.3531087900166257 0.07654043715272016 0.12408807189083751
0 0.3384512683578104 0.31175771971496435 0.037383177570093455 0.043942992874109264
0 0.7213381652721013 0.5708074160732413 0.06255283751890683 0.1242594680560957
0 0.7987354222930806 0.5509178540349351 0.06944420804779959 0.08208483923278564
0 0.8395286411974022 0.6145951790497592 0.06783110754754816 0.12227131487380972
0 0.7088676294049124 0.45212624776671123 0.05753792881795561 0.11085658427586893
0 0.896238902577717 0.36655411024947804 0.0534850301419887 0.08329870495541525
0 0.9353687018910477 0.3666922428652523 0.05218100861231423 0.08438956747901524
0 0.9953271028037384 0.35332541567695963 0.009345794392523364 0.09144893111638955
0 0.8002278361317267 0.6079249799256714 0.07292282584635856 0.11315727095518185
0 0.9610267786415236 0.899693346953878 0.05806649205247578 0.13104660802883805
0 0.9833110814419226 0.44418052256532065 0.03337783711615487 0.09738717339667459
0 0.7159546061415221 0.3159144893111639 0.0527369826435247 0.052256532066508314
0 0.9681713873128307 0.5594582815601181 0.06000513779036076 0.0778443923374154