0 0.39103362391033625 0.39966740576496673 0.037359900373599 0.1762749445676275
0 0.237546699875467 0.4490022172949002 0.11021170610211706 0.07982261640798226
0 0.2115261914066814 0.42147731592408105 0.08055607366709341 0.1332973928057781
0 0.1320049813200498 0.41629711751662973 0.0821917808219178 0.14523281596452328
0 0.2365056815268758 0.3142924516976947 0.0556422280547216 0.13141468482669974
0 0.15168579689627681 0.2903263944501356 0.046193572511735115 0.11449470037667397
0 0.12311566024290872 0.2801300895573396 0.044962733225893385 0.11667329225044727
0 0.1112091669289269 0.24447640193660816 0.04294258557779206 0.09333364125844666
0 0.09482809275846607 0.2266965341102199 0.03847525008461878 0.07656846891421425
0 0.06632678705650291 0.2059680784413707 0.05464280415659433 0.07374566590771062
0 0.06244632599109793 0.1329328073266229 0.059095648923156045 0.08829354335172118
0 0.11895328436568407 0.10734557520245032 0.043094738207213434 0.1166152377107747
0 0.08507622255181314 0.05186888847412656 0.04166102874880984 0.0877517009814439
0 0.13733298821336418 0.05744956978901541 0.06164427185450889 0.09724012900550484
0 0.17730244274930934 0.18090488381030337 0.04748962006732887 0.12229393555389834
0 0.21271124454524717 0.1448891286346445 0.04321790938341173 0.13546224436265938
0 0.24503186196258675 0.15275202954787365 0.05252890302358834 0.13131792726057878
0 0.2938422339999739 0.16176508653582808 0.04798186853405147 0.10235763296512705
0 0.2947685499079375 0.25816903591241286 0.07613221035375477 0.12318410516221098
0 0.35318335279938534 0.22642618827295793 0.07249765540267593 0.13858906038441804
0 0.33220858551597066 0.14948849397143188 0.050516000738792845 0.10908692371868892
0 0.38978829389788294 0.24556541019955655 0.039850560398505604 0.17405764966740578
0 0.008405977584059776 0.4678492239467849 0.016811955168119553 0.04212860310421286
0 0.02210460772104608 0.45620842572062087 0.04420921544209216 0.06541019955654102
0 0.0660024906600249 0.4406873614190687 0.053549190535491904 0.09645232815964523
0 0.3433997509339975 0.025498891352549888 0.05790784557907846 0.050997782705099776
0 0.2848692403486924 0.06042128603104213 0.06288916562889166 0.12084257206208426
0 0.887920298879203 0.4501108647450111 0.09464508094645081 0.07760532150776053
0 0.9685554171855542 0.42904656319290463 0.06288916562889166 0.1197339246119734
0 0.9676214196762142 0.3009977827050998 0.0647571606475716 0.15631929046563192
0 0.9595267745952677 0.1696230598669623 0.08094645080946451 0.1197339246119734
0 0.8858261707647969 0.16693280358850127 0.08257622131519474 0.15663704379777882
0 0.841051162627748 0.39776775593053143 0.09071433857597597 0.16354049817035837
0 0.7982565379825654 0.45454545454545453 0.08717310087173101 0.06873614190687362
0 0.7543586550435866 0.41407982261640797 0.08281444582814446 0.14966740576496673
0 0.8070439023934083 0.31458455870604807 0.09607922664292504 0.1271292959357176
0 0.8320161471502968 0.2085083419297726 0.07188223575975496 0.13967835632130463
0 0.7704701239384866 0.19545740116247054 0.08244580477569069 0.13668138969578328
0 0.7350067637987202 0.28745017681211593 0.06889932726812575 0.15953725285717932
0 0.6754118391645709 0.30925390042702156 0.07901411999717359 0.18312847352109443
0 0.6120992560203616 0.28073994989783985 0.1013068890451347 0.16497812134528048
0 0.5463885429638854 0.4517738359201774 0.09028642590286426 0.07427937915742794
0 0.5264632627646326 0.4279379157427938 0.09028642590286426 0.12195121951219512
0 0.5121504363569904 0.3331710035436435 0.07856490747221517 0.1143923316142208
0 0.4392901618929016 0.39079822616407983 0.059153175591531756 0.1008869179600887
0 0.4576587795765878 0.4517738359201774 0.0722291407222914 0.07427937915742794
0 0.42061021170610213 0.44124168514412415 0.021793275217932753 0.09534368070953436
0 0.43586550435865506 0.14467849223946785 0.052303860523038606 0.14745011086474502
0 0.45379852776785323 0.0695173602682255 0.04735195816451907 0.10122963400179191
0 0.4975766440932515 0.1341079261109046 0.06238286267362801 0.11499783972050283
0 0.5298214033149156 0.10594946065214268 0.06563384960757114 0.13615889883873028
0 0.5261519302615193 0.036585365853658534 0.058530510585305104 0.07317073170731707
0 0.48816936488169366 0.012749445676274944 0.049813200498132 0.025498891352549888
0 0.573599737759349 0.12287786189666675 0.0601168089112007 0.1492885046210429
0 0.6099966591703849 0.1261803881734952 0.0499078264591777 0.11128486710568643
0 0.65250452294983 0.0993655939217005 0.06844286937986158 0.08969246350019484
0 0.706466262955681 0.12983278832441122 0.07099873767452021 0.09974769660408936
0 0.6450755788168744 0.1882702565760358 0.07485789888807834 0.11871081233531909
0 0.7132537743170397 0.18670558960304257 0.08107005822373334 0.1166870325673394
0 0.9651307596513076 0.0837028824833703 0.06973848069738481 0.10310421286031042
0 0.9648194271481942 0.014966740576496674 0.07036114570361146 0.02993348115299335
0 0.7036114570361146 0.041019955654102 0.05603985056039851 0.082039911308204
0 0.7465753424657534 0.015521064301552107 0.0460772104607721 0.031042128603104215
0 0.8689290161892902 0.02383592017738359 0.046699875466998754 0.04767184035476718
0 0.34893503781572105 0.7982931024955094 0.06201378538310379 0.15378114896115894
0 0.2761488765950255 0.6952550732954316 0.054534559945078304 0.15244028335235774
0 0.14948407892746032 0.596662568614523 0.05632285596739438 0.1403032159408108
0 0.06102117061021171 0.5537694013303769 0.053549190535491904 0.12971175166297116
0 0.40006226650062265 0.6258314855875832 0.019302615193026153 0.08536585365853659
0 0.37266500622665005 0.5144124168514412 0.030510585305105854 0.050997782705099776
0 0.35173087557561145 0.5610038451453361 0.05111692965510204 0.10578033288158054
0 0.30884184308841844 0.5271618625277162 0.039850560398505604 0.07649667405764966
0 0.2766347521745835 0.5256513649416934 0.03969884400715455 0.07328122959033008
0 0.20734744707347447 0.5315964523281597 0.052303860523038606 0.08536585365853659
0 0.9290161892901619 0.5509977827050998 0.0722291407222914 0.12416851441241686
0 0.5454545454545454 0.9351441241685144 0.09713574097135741 0.12971175166297116
0 0.5399917596410218 0.8441441745635732 0.06564109497087693 0.13726754628884089
0 0.47028950576016576 0.8407683067941277 0.06996352319793454 0.131859769630856
0 0.4734857162312449 0.9232464327480422 0.06109406048134004 0.1083072519933892
0 0.7693026151930261 0.5144124168514412 0.05292652552926526 0.050997782705099776
0 0.7173100871731009 0.5194013303769401 0.0722291407222914 0.06097560975609756
0 0.6925025227009278 0.5600819509353816 0.0649314856049809 0.12394442537428647
0 0.6129895632308318 0.5813962755233503 0.08297428005894217 0.12228832435756617
0 0.6046077210460772 0.5033259423503326 0.052303860523038606 0.028824833702882482
0 0.42621419676214195 0.9772727272727273 0.03300124533001245 0.045454545454545456
0 0.4202988792029888 0.8763858093126385 0.021170610211706103 0.12084257206208426
0 0.42870485678704856 0.7200665188470067 0.03798256537982565 0.12971175166297116
0 0.43337484433374845 0.6590909090909091 0.047322540473225407 0.07206208425720621
0 0.46125470840174987 0.6038467281952139 0.05510650740816432 0.14469910271480596
0 0.497090332275623 0.6454072672574792 0.04130644218489711 0.12875230512232175
0 0.5329479103584488 0.6359796993712571 0.04436180430958412 0.11997988308755572
0 0.49909982999780095 0.5760684228424897 0.05279654522783173 0.07701355371837063
0 0.5199252801992528 0.5110864745011087 0.043586550435865505 0.04434589800443459