0 0.18388429752066116 0.2536764705882353 0.07969303423848878 0.09138655462184873
0 0.0371900826446281 0.10819327731092437 0.0743801652892562 0.15546218487394958
0 0.9489374262101535 0.04149159663865546 0.07497048406139316 0.08298319327731092
0 0.886316075930628 0.12643224488220606 0.06818390298147423 0.15794108812961336
0 0.7721369539551358 0.24579831932773108 0.06847697756788666 0.10714285714285714
0 0.6921487603305785 0.2851890756302521 0.06434474616292798 0.028361344537815126
0 0.3689492325855962 0.23686974789915966 0.07083825265643448 0.125
0 0.3184769775678867 0.2657563025210084 0.07142857142857142 0.06722689075630252
0 0.30814639905548996 0.15231092436974789 0.07674144037780402 0.13025210084033614
0 0.9843565525383707 0.26313025210084034 0.03128689492325856 0.07247899159663866
0 0.9650696985533443 0.22132319448152007 0.05969040943586078 0.11436024513510397
0 0.9270956316410862 0.26313025210084034 0.048996458087367176 0.07247899159663866
0 0.8961038961038961 0.2710084033613445 0.0448642266824085 0.05672268907563025
0 0.8323494687131051 0.2778361344537815 0.06375442739079103 0.0430672268907563
0 0.9607438016528925 0.2920168067226891 0.048996458087367176 0.014705882352941176
0 0.0333530106257379 0.35136554621848737 0.0667060212514758 0.10399159663865547
0 0.13892050494476746 0.7134664438920055 0.05743810297506993 0.09952595875622468
0 0.2618063754427391 0.35084033613445376 0.015938606847697757 0.10294117647058823
0 0.17520418098601437 0.5405474967981512 0.04998189619280347 0.06964337928856854
0 0.17554827794587025 0.584011529747003 0.05293349005348824 0.06985738599846572
0 0.10440959459143184 0.6792912191994077 0.05591946606734297 0.07112181287643002
0 0.0869126973709017 0.8000235492245983 0.06910694980512891 0.09618030492354404
0 0.14203582717524343 0.7892152933280749 0.07612201076443242 0.09459308069116255
0 0.19426739417286995 0.7497986915325693 0.0616274543498749 0.1375550915165418
0 0.1270834847174492 0.8861847655458147 0.057547071602826905 0.0848628777452628
0 0.08857814699999063 0.9020757042043278 0.05559838235231915 0.09729671439415186
0 0.05595589484319306 0.9091566687694985 0.04365447829690023 0.09223900688229468
0 0.023022432113341203 0.8996848739495799 0.04604486422668241 0.10819327731092437
0 0.03837072018890201 0.7284663865546218 0.07674144037780402 0.1207983193277311
0 0.06033670828824486 0.7663209265833455 0.06800089873544227 0.08038120106055635
0 0.03276269185360094 0.4690126050420168 0.06552538370720189 0.19432773109243698
0 0.07909909672335097 0.4270040049359323 0.08441503355927292 0.11405706116210526
0 0.15820543093270367 0.3639705882352941 0.0755608028335301 0.12920168067226892
0 0.19421487603305784 0.34506302521008403 0.06729634002361275 0.09138655462184873
0 0.11865918770889725 0.4508578272960561 0.08567025757813385 0.0984291626670351
0 0.1352886241322743 0.4915691930883728 0.07719950184919619 0.09152742287091982
0 0.22491145218417946 0.3319327731092437 0.06729634002361275 0.06512605042016807
0 0.21369952693591376 0.8128372828864547 0.05091021432839348 0.09800472382638378
0 0.24557260920897284 0.33508403361344535 0.048406139315230225 0.07142857142857142
0 0.1449997730312994 0.4017912633698951 0.07868375660375346 0.11888114858264713
0 0.7883496349411604 0.5239493721463919 0.07978398550519354 0.1524945939607984
0 0.7424113791144229 0.6409802563332148 0.08708574802635066 0.12368204804262808
0 0.9024189620044283 0.5654552671016183 0.06990356149628589 0.10252562727392694
0 0.981404958677686 0.4327731092436975 0.0371900826446281 0.09663865546218488
0 0.9486098126680053 0.5306683593981757 0.06187977375855879 0.1092793496626855
0 0.5289971384226083 0.7198535569299154 0.06773693499026433 0.14428562594473943
0 0.4745007943432297 0.576571058185402 0.08336028029118515 0.15380182218074223
0 0.4506074394923004 0.6228403663234772 0.06891757253453824 0.14437122862869825
0 0.42512113668721285 0.7357685537918418 0.07368614920129773 0.11013537650227401
0 0.34628155868157146 0.643503654612696 0.08250654863018202 0.10972697646389812
0 0.30637544273907913 0.5808823529411765 0.07319952774498228 0.11764705882352941
0 0.3217935968336029 0.41106742018754927 0.07628227719378863 0.1354738645618257
0 0.282172373081464 0.5383403361344538 0.024793388429752067 0.12710084033613445
0 0.29515938606847697 0.6554621848739496 0.05076741440377804 0.1134453781512605
0 0.30842476141871905 0.8374952070808641 0.07184642857854685 0.1079061321402012
0 0.3208637447546682 0.7003627671154024 0.06379408085589644 0.09579509284572921
0 0.2792207792207792 0.967436974789916 0.018890200708382526 0.06512605042016807
0 0.4893685585588778 0.7520688095354499 0.06530689559537653 0.14201358024068741
0 0.6609651304924199 0.7542981007013894 0.056629846947419044 0.12880931943616866
0 0.6961065639393094 0.8051944453991039 0.06447590175104952 0.13461783772223732
0 0.32083825265643445 0.9595588235294118 0.047815820543093274 0.08088235294117647
0 0.43383048268868407 0.874511405950246 0.06299164699649251 0.10726411201050987
0 0.6632231404958677 0.9900210084033614 0.045454545454545456 0.01995798319327731
0 0.471605337365358 0.9079260131779234 0.061432805767348636 0.09562388747781154
0 0.5482981155975305 0.9128446397302811 0.051534915253700395 0.0990979453364303
0 0.5122939418091117 0.8253333938471414 0.0712904919595799 0.10891375096628914
0 0.9749114521841794 0.8035714285714286 0.050177095631641085 0.07352941176470588
0 0.9926210153482881 0.7053571428571429 0.01475796930342385 0.0976890756302521
0 0.9389100326773183 0.6021067375174562 0.062269621779922533 0.08520528848109811
0 0.9757969303423849 0.5682773109243697 0.048406139315230225 0.08403361344537816
0 0.801194949716181 0.8332044895570936 0.06143862793559559 0.07780954596264822
0 0.29279811097992914 0.9863445378151261 0.04604486422668241 0.0273109243697479
0 0.31913326818783005 0.7712233271179607 0.0670551140951112 0.10546288106823143
0 0.29132231404958675 0.717436974789916 0.04309327036599764 0.1407563025210084
0 0.5844155844155844 0.9900210084033614 0.05194805194805195 0.01995798319327731
0 0.634887839433294 0.9868697478991597 0.05726092089728453 0.026260504201680673
0 0.5212264963780322 0.9032802802835848 0.05365551527005822 0.09191620952787737
0 0.9746402509530001 0.9138942832632293 0.04848599710175256 0.07791833660716811
0 0.9755017709563164 0.4900210084033613 0.048996458087367176 0.0976890756302521
0 0.9275654560745622 0.6878113905896033 0.059908346691374716 0.08503408311318045
0 0.3476977567886659 0.970063025210084 0.043683589138134596 0.059873949579831935
0 0.6034667210352245 0.8286781774369696 0.04452567646264396 0.08287082805364822
0 0.41302015271471687 0.8445824505614679 0.06830451594572509 0.10764932408832471