0 0.464804469273743 0.4542743538767396 0.07039106145251396 0.02982107355864811
0 0.4835195530726257 0.43339960238568587 0.0329608938547486 0.07157057654075547
0 0.3815642458100559 0.4284294234592445 0.05027932960893855 0.08151093439363817
0 0.33400234063234363 0.37156396157168625 0.06684446756359048 0.11960366860962002
0 0.4431747151477888 0.39906961935991314 0.058331321741104794 0.07780555511145629
0 0.4910614525139665 0.40606361829025844 0.017877094972067038 0.10437375745526839
0 0.4578477381960559 0.35564824471829415 0.04663523019245742 0.08728024392774493
0 0.30888398826223934 0.276452957651776 0.07179439610243807 0.09637239754350828
0 0.33616097064738654 0.22415817671664695 0.043864685392835216 0.09389094565764794
0 0.36862152236406537 0.2958189306914932 0.06565564507429382 0.09759586182643225
0 0.4118434162219281 0.06750326240889563 0.04603756876355706 0.07528230475086266
0 0.3111731843575419 0.04324055666003976 0.053631284916201116 0.08648111332007952
0 0.4731843575418994 0.013916500994035786 0.053631284916201116 0.027833001988071572
0 0.2508379888268156 0.029324055666003976 0.042458100558659215 0.05864811133200795
0 0.3069832402234637 0.015407554671968192 0.04748603351955307 0.030815109343936383
0 0.022905027932960894 0.19035785288270377 0.04581005586592179 0.1341948310139165
0 0.048878313959629105 0.3142104451729168 0.06354776538861079 0.13608521843898272
0 0.09506864138302674 0.2036080580748729 0.06747138065075817 0.14054792985409673
0 0.1642726916750975 0.14807720447151657 0.0712649885428283 0.10524920985767969
0 0.10072692385206762 0.09691253592125795 0.06402842018444148 0.11229786934548724
0 0.2995007242438738 0.1549582069469932 0.061728779627894415 0.09213911462602997
0 0.5378147557214367 0.10008567932068652 0.06802678968438336 0.13962340382223135
0 0.587709497206704 0.02186878727634195 0.06256983240223464 0.0437375745526839
0 0.664804469273743 0.02584493041749503 0.049162011173184354 0.05168986083499006
0 0.703806236155623 0.1848801391151143 0.0891745853574148 0.11741387982009752
0 0.7609225476966883 0.23673649917894113 0.08083044911602949 0.12730562715692395
0 0.8381749674632186 0.28363994197633297 0.055742787259591066 0.14008226081750255
0 0.8328337641954685 0.20789514265283884 0.05508012214565228 0.10820360593485487
0 0.9888268156424581 0.22266401590457258 0.0223463687150838 0.11133200795228629
0 0.8791587880285937 0.1415621028768345 0.04502750640811646 0.10794646615852965
0 0.904556656244364 0.1511860292619535 0.04730114549064785 0.12015293459568076
0 0.939755437154873 0.1545711079423125 0.04778505047073057 0.09735962128747357
0 0.9723463687150838 0.26888667992047716 0.0553072625698324 0.09045725646123261
0 0.6217140216413559 0.2507406978132015 0.05803592744763421 0.15825294396638329
0 0.74571343048358 0.3586519459816221 0.06410642460648776 0.13615472819240573
0 0.8092738241357436 0.4053434534980835 0.06401216926318175 0.10732769041904588
0 0.843066206448804 0.41153686515074983 0.05509637306691201 0.11317378486129623
0 0.8849162011173184 0.4125248508946322 0.053631284916201116 0.11332007952286283
0 0.8991905178845419 0.33946199556262957 0.05287798711666311 0.11786592477404571
0 0.9429916384477369 0.36132010166358935 0.06409667405373182 0.1331726208365409
0 0.5094972067039106 0.15457256461232605 0.01899441340782123 0.13817097415506957
0 0.5329608938547487 0.2201789264413519 0.0659217877094972 0.1242544731610338
0 0.568539015139096 0.2754493984745996 0.0617937833129331 0.11201983033179538
0 0.5349162011173184 0.4135188866799205 0.06983240223463687 0.10536779324055666
0 0.5399441340782123 0.4388667992047714 0.07988826815642458 0.06063618290258449
0 0.5393854748603352 0.3533797216699801 0.07877094972067039 0.10039761431411531
0 0.6860335195530727 0.4294234592445328 0.08491620111731843 0.07952286282306163
0 0.6600534958827519 0.3191551610578359 0.06407067257971664 0.12522033455423476
0 0.6697489638260303 0.2597006439634419 0.07682882943183572 0.09898605689489157
0 0.7746488869824278 0.14098922630284197 0.048921870011996646 0.10346285550604911
0 0.6661538034100553 0.07727077210501615 0.05676260016778735 0.11040020676570036
0 0.7905027932960894 0.44980119284294234 0.09273743016759776 0.03876739562624255
0 0.7252790502538473 0.11296882584856696 0.06458707940231857 0.1123673790989102
0 0.7006657290614634 0.03432892213933614 0.0443355896359101 0.0671214892082876
0 0.7751216025543561 0.0818788519549014 0.06508398511940913 0.09355020893185603
0 0.2168882940125704 0.9325545052827087 0.07848855616420727 0.09422440722871928
0 0.2036312849162011 0.9637176938369781 0.08770949720670392 0.07256461232604373
0 0.10297743917138079 0.730432242411516 0.07913822054113848 0.12212691897021365
0 0.20810487522541338 0.5421383197807372 0.06336900525475458 0.08141325024812796
0 0.20949720670391062 0.5064612326043738 0.06480446927374302 0.07455268389662027
0 0.29245810055865923 0.507455268389662 0.056424581005586595 0.07654075546719682
0 0.29329608938547486 0.9657057654075547 0.061452513966480445 0.06858846918489066
0 0.26534901033424757 0.8112957635601856 0.07571476118033342 0.09984107317333402
0 0.16670178089153936 0.8124467751824226 0.05232257808303791 0.11879045080591084
0 0.22954606762633456 0.8217576761204394 0.05778891344448743 0.08270622428447462
0 0.19455223456042475 0.6702265105554166 0.05784091639251828 0.09861079684908705
0 0.14275925027372394 0.6995821466341694 0.08353599023061276 0.10081420972125553
0 0.24123259485895396 0.7516120495248549 0.05503786975037712 0.09528114072610747
0 0.38966480446927376 0.9686878727634195 0.05865921787709497 0.06262425447316103
0 0.34649885765218236 0.9481837501841941 0.07235955568881895 0.09842997886750784
0 0.3466480446927374 0.9662027833001988 0.08212290502793296 0.06759443339960239
0 0.42977339428724226 0.8625814952871874 0.07856331040200164 0.1170872302903495
0 0.3798288336562526 0.7539399315944281 0.05785391712952587 0.10258693999024002
0 0.3584605841642724 0.5374766024972425 0.03767718160091201 0.08020387316124764
0 0.31312849162011175 0.4875745526838966 0.04860335195530726 0.036779324055666
0 0.3324022346368715 0.5044731610337972 0.04692737430167598 0.0705765407554672
0 0.416731591259989 0.5780405705371001 0.05554452602022336 0.07944607791491794
0 0.9854748603351955 0.6719681908548708 0.02905027932960894 0.073558648111332
0 0.9610169892767217 0.6596943935716434 0.04102588672392269 0.07962689589649727
0 0.9236193235214757 0.6450968822394216 0.0433222770962176 0.09879161483066633
0 0.9050568121457063 0.6815704560027059 0.05212756702792211 0.05914830368861485
0 0.94575605535231 0.7119925805274339 0.045478909545679964 0.07521279499743963
0 0.954528843441495 0.7638005616319032 0.05101999914492386 0.06199139153763362
0 0.9924581005586592 0.7629224652087475 0.015083798882681564 0.06858846918489066
0 0.9706703910614525 0.8106361829025845 0.05865921787709497 0.08846918489065607
0 0.8792366062139125 0.7156493492935594 0.045521161940954874 0.08813526020618716
0 0.7921993384371759 0.755536407685989 0.09477092808894119 0.12109108471019209
0 0.8338503269194127 0.7512715443557619 0.054557214954546296 0.11906848981960294
0 0.7886121172451034 0.6561432787758452 0.059568896994180415 0.11472389867396827
0 0.9150897405410031 0.7753017144728401 0.046135074291114964 0.10510337830951078
0 0.8324684909405812 0.6611027765269045 0.04719713959458616 0.0883437894664561
0 0.8332026601080624 0.6074943538747608 0.06114736912025379 0.08511135437558906
0 0.7491163223569298 0.5995182254478241 0.052309577346030325 0.11481430766475793
0 0.7869168247226878 0.5763771318158032 0.06114736912025379 0.08511135437558912
0 0.7135376423624 0.5413916688231872 0.04157154520479194 0.07572026250876715
0 0.638997264078957 0.519686669425117 0.053849047261080446 0.07327333394291947
0 0.5838393237479859 0.5526013901244852 0.06793253434107735 0.11079636604887151
0 0.6942068348845041 0.6419110409841422 0.0585230826119687 0.1364536664434643
0 0.6136526514298887 0.664704817405747 0.06238494437332954 0.1220296979381011
0 0.9818435754189944 0.9010934393638171 0.036312849162011177 0.08846918489065607
0 0.9877094972067039 0.9721669980119284 0.024581005586592177 0.055666003976143144
0 0.9525522237445603 0.8555403425107992 0.04719388941033426 0.08734975368116783
0 0.9236626422986944 0.8882428963725382 0.048817864115934695 0.07165371037682446
0 0.9684770754015819 0.9420491671095685 0.056155188186131307 0.09542016023295329
0 0.9243016759776537 0.9532803180914513 0.050837988826815644 0.09343936381709742
0 0.87246081907239 0.9077276843518312 0.05732775975416824 0.11245778808969993
0 0.7817648260500383 0.870090401110459 0.05345614744005184 0.12389964923919825
0 0.7446091127848335 0.8669590561857636 0.055583528231246376 0.09137450733837718
0 0.605586592178771 0.9786282306163022 0.061452513966480445 0.042743538767395624
0 0.5837988826815642 0.963220675944334 0.0782122905027933 0.073558648111332
0 0.5256983240223464 0.915506958250497 0.05139664804469274 0.14512922465208747
0 0.5184357541899441 0.8320079522862823 0.03687150837988827 0.10337972166998012
0 0.7061266304363526 0.8422821674938132 0.045008005302604834 0.10198225144680002
0 0.677458061519618 0.8073902879559496 0.041139643172740326 0.11441814838158673
0 0.639539113665392 0.7812918553394896 0.05457021569155413 0.12304463296075602
0 0.6103832033475954 0.8099835111833638 0.05885097874795888 0.06594663544142006
0 0.5805938795741272 0.8614684803354452 0.05267647569304351 0.05623570608617295
0 0.506145251396648 0.7142147117296223 0.012290502793296089 0.1143141153081511