0 0.01440677966101695 0.6252515090543259 0.0288135593220339 0.06941649899396378
0 0.01327683615819209 0.4964788732394366 0.02655367231638418 0.12374245472837023
0 0.006779661016949152 0.3797786720321932 0.013559322033898305 0.08953722334004025
0 0.45994430902930955 0.16686632073755503 0.04050733743449051 0.11950283590095463
0 0.4211450264855751 0.17389818258030534 0.05293671596556396 0.12079192451699053
0 0.3930361570076652 0.14673473532145642 0.06380837484855278 0.10888535243389157
0 0.25852909356235754 0.17923340543250882 0.07095000029610617 0.12065489006934403
0 0.12495758816619162 0.2778081937316045 0.0660024501395471 0.10710765974765402
0 0.15301378556596487 0.19468852417813454 0.07245862476006139 0.0807064160626538
0 0.3213062424800684 0.0674471342208909 0.05041358210129278 0.11250925503018985
0 0.3923728813559322 0.047283702213279676 0.05706214689265537 0.09456740442655935
0 0.3596833210553851 0.09053776396016266 0.055141935610242145 0.08492619031660817
0 0.35112994350282484 0.025653923541247486 0.04463276836158192 0.05130784708249497
0 0.04070541331424234 0.271506891035928 0.06634265306650777 0.08307998040654743
0 0.011016949152542373 0.23390342052313884 0.022033898305084745 0.08350100603621731
0 0.027966101694915254 0.2022132796780684 0.05593220338983051 0.11468812877263582
0 0.11917824250559145 0.1360350572106737 0.0570398581852875 0.07409417167463622
0 0.08738643949354097 0.17843459628851982 0.043145905401270467 0.07967155176844945
0 0.06704493395613459 0.22365708402518428 0.05504321803825918 0.08190808166469671
0 0.10478486608295526 0.07686911923947602 0.059069404189643515 0.06728629790187957
0 0.14157105555099755 0.06252636551531712 0.044939538227490784 0.08286544523163855
0 0.748587570621469 0.614185110663984 0.10508474576271186 0.09154929577464789
0 0.9045197740112995 0.5744466800804829 0.09265536723163842 0.1710261569416499
0 0.992090395480226 0.14285714285714285 0.015819209039548022 0.0925553319919517
0 0.8238524558572936 0.523968549950198 0.09970332008032667 0.10458713866938352
0 0.8762900117861003 0.4012231479356924 0.06313354117147345 0.13989669035903243
0 0.8413247888247641 0.39432195122228597 0.07606765191614592 0.12218828072048075
0 0.9112471400840357 0.4341933938933595 0.05871248473215692 0.1424460395142037
0 0.9536200214399679 0.42979877361141916 0.06293053385066526 0.15090449381228202
0 0.9768361581920904 0.37122736418511065 0.04632768361581921 0.11468812877263582
0 0.9628997368082342 0.19773164071161028 0.052102925178688066 0.12972906059853984
0 0.9273335865478747 0.1317379843941947 0.05493892828943421 0.09593399376985759
0 0.9763238585188145 0.041455719317346706 0.04580066269485218 0.08291143863469341
0 0.5418079096045197 0.5995975855130785 0.05875706214689266 0.12072434607645875
0 0.5316384180790961 0.4909456740442656 0.06327683615819209 0.14084507042253522
0 0.5741263198658748 0.4726664006296221 0.06207498156014573 0.12474755216238263
0 0.7193622744111767 0.4220104059567391 0.057373961731681994 0.17038067385034053
0 0.6790518449169282 0.4322068637941323 0.06453230370976151 0.13101814921457566
0 0.6458253238189787 0.40657680718642003 0.06516865935267134 0.11604479582920349
0 0.6136986264549475 0.39035760730036273 0.07564544794772804 0.09206578913845866
0 0.6174693968092493 0.3353235511774805 0.08196442696208979 0.07868442134131566
0 0.7523526187291284 0.38600361494863644 0.06725287271799862 0.1453370360051993
0 0.7649791688023059 0.32704322864890834 0.07049489047036077 0.0895263622700181
0 0.8633082739364091 0.18700548148215562 0.06464773781227054 0.0829041955952698
0 0.811196726890596 0.23953343056521753 0.04888319613369379 0.11736365130543128
0 0.6748765280001211 0.2155719214897054 0.05028753084882398 0.09144108940390204
0 0.6665057142740355 0.12720659689151595 0.05692999625962047 0.10516410453686963
0 0.5576228644765362 0.21118936828798662 0.05410513750255839 0.10487112985140694
0 0.6087249470951511 0.12066642269574963 0.05015033524267144 0.10446096529175918
0 0.5691328742852695 0.09168606299538626 0.03918553096454146 0.09630540796587418
0 0.5434210874191621 0.07730811187602431 0.04447328404806139 0.08582495894645749
0 0.5098870056497176 0.10764587525150905 0.01977401129943503 0.07042253521126761
0 0.507909604519774 0.414989939637827 0.015819209039548022 0.1619718309859155
0 0.5251412429378531 0.3858148893360161 0.05028248587570622 0.10160965794768612
0 0.5552541699526677 0.3868941366936004 0.04034838032469408 0.097428634057363
0 0.5387005649717514 0.31086519114688127 0.07740112994350283 0.09054325955734406
0 0.5110169491525424 0.16700201207243462 0.022033898305084745 0.08249496981891348
0 0.5112994350282486 0.22937625754527163 0.022598870056497175 0.07645875251509054
0 0.7869765843560558 0.16233681080145917 0.07166331200735526 0.07360556760443457
0 0.9377108667653622 0.023905965184116817 0.03609742534885798 0.047811930368233634
0 0.730942086500235 0.025987157847647414 0.04118217111156984 0.05197431569529483
0 0.7079103953253602 0.10937697501870529 0.04015651735757002 0.07434839599646771
0 0.7448831391855466 0.10654504285644782 0.04444037819073375 0.08481892272915367
0 0.06440677966101695 0.9859154929577465 0.0519774011299435 0.028169014084507043
0 0.21101694915254238 0.9748490945674044 0.06949152542372881 0.05030181086519115
0 0.22237594644507983 0.9498155811737317 0.06421996166701079 0.0698257247703201
0 0.18622227212407808 0.7640693563852495 0.04401817422231586 0.05469643114713151
0 0.21858714155094194 0.6955421731260502 0.04670583737322547 0.06800928172045143
0 0.14811401258422482 0.7499744576646197 0.03899924017425939 0.056181149147906374
0 0.17128316296711435 0.7129810056210286 0.053485498390174496 0.06871242096556184
0 0.032009531580549595 0.7534937068586 0.03633891070383561 0.060918355548962744
0 0.0062146892655367235 0.7610663983903421 0.012429378531073447 0.05130784708249497
0 0.08135593220338982 0.6775653923541247 0.03615819209039548 0.035211267605633804
0 0.03800528780033861 0.8456145379657231 0.03553802577428752 0.07086152784781592
0 0.06524719703218299 0.8132118049804572 0.03151741179974515 0.06843929085356049
0 0.010734463276836158 0.8304828973843058 0.021468926553672316 0.05130784708249497
0 0.1890228468909376 0.8419835294325685 0.038560319675315695 0.07719071983710155
0 0.3349551330151006 0.7356097145735084 0.035269206738824214 0.07985725886645781
0 0.35807771070041955 0.7086473272344094 0.034210647127496496 0.06470812066980788
0 0.00903954802259887 0.6891348088531187 0.01807909604519774 0.05030181086519115
0 0.09600498802497064 0.7593893367463483 0.04018942321489765 0.07535443221377147
0 0.14207778304743138 0.7881988727787994 0.03826973913620866 0.051092373124294675
0 0.014124293785310734 0.9673038229376257 0.02824858757062147 0.06338028169014084
0 0.04721267840172098 0.9514390090239979 0.052158119743383635 0.06255901378755385
0 0.0678176943996108 0.9498033119287723 0.0329161743380334 0.059560749709103716
0 0.2753592351082143 0.8189925919522492 0.04308009368661506 0.07765947933384186
0 0.38022598870056495 0.68158953722334 0.04067796610169491 0.043259557344064385
0 0.4138418079096045 0.704225352112676 0.0423728813559322 0.08853118712273642
0 0.4452453672180131 0.7377065958369724 0.03704107806140077 0.04795707459819815
0 0.43158480512557285 0.7852440529804379 0.06657299406780152 0.0901222339276742
0 0.3704524218705216 0.7434583525671262 0.046744315407394973 0.05197129718068278
0 0.36300376295519715 0.7818292550240373 0.05362269399632729 0.05569254507770472
0 0.35242852039001943 0.8125034373650734 0.03866460942414066 0.06316480773194055
0 0.3187357451126405 0.7839138670425422 0.04125355500306724 0.07345954965334894
0 0.4562146892655367 0.9743460764587525 0.06497175141242938 0.05130784708249497
0 0.4903954802259887 0.9652917505030181 0.0192090395480226 0.06941649899396378
0 0.27033898305084747 0.6976861167002012 0.03220338983050847 0.07545271629778671
0 0.7220338983050848 0.9567404426559356 0.05875706214689266 0.08651911468812877
0 0.5313559322033898 0.9647887323943662 0.06271186440677966 0.07042253521126761
0 0.5347645880572868 0.8107361363572122 0.05516369711388591 0.12002026804805681
0 0.6801625494026682 0.7981630305991431 0.0467878384146825 0.12215945264358011
0 0.7268304359454482 0.8173859250986616 0.04406726940644539 0.1078405658529565
0 0.859590439262106 0.7780500837463064 0.060188203338784246 0.10149152929020953
0 0.8040776537522722 0.7452064805579093 0.04100649747124767 0.11754935840343946
0 0.7806313260686565 0.7476381704472497 0.039048335358388794 0.10932528385373123
0 0.9090806620753892 0.8400930735616953 0.048219506810298456 0.11428694771642728
0 0.8691891232574134 0.7083748686787915 0.05803817825880169 0.07018721667960609
0 0.9742937853107345 0.9250503018108652 0.05141242937853107 0.09557344064386318
0 0.9915254237288136 0.8722334004024145 0.01694915254237288 0.08450704225352113
0 0.9935028248587571 0.8048289738430584 0.012994350282485875 0.1006036217303823
0 0.9796610169491525 0.7545271629778671 0.04067796610169491 0.07645875251509054
0 0.9671821295622873 0.8110068544488146 0.04457757379688629 0.0717990468412965
0 0.5732454291777043 0.7445825174419065 0.054011992107417285 0.08480900044242301
0 0.6500760151929528 0.7195695852402488 0.05258032371180146 0.09268150536957595