0 0.37259887005649717 0.5689134808853119 0.09548022598870057 0.14185110663983905
0 0.45649717514124294 0.5503018108651911 0.08022598870056497 0.1790744466800805
0 0.5114706578045953 0.5199742377822065 0.10749117077913393 0.18954934331223733
0 0.4175336512620091 0.4603152743422115 0.09084399271861891 0.16857971170366895
0 0.4109434823201634 0.3664758158228292 0.10361479532198374 0.1521503672866528
0 0.48578298696522304 0.41207567418637536 0.11557125114598878 0.15980734675648062
0 0.39151699764662923 0.3056506629738644 0.08917490481320793 0.12727368146576445
0 0.25436225020070335 0.48151890645986706 0.09948951721501577 0.18209727249197644
0 0.2843313441853236 0.4202370030785783 0.0769822238247333 0.14473833476430834
0 0.22289383559055895 0.4064975387285995 0.06647130822701831 0.16128476983822002
0 0.1556497175141243 0.5437625754527163 0.1327683615819209 0.1921529175050302
0 0.04124293785310734 0.5789738430583501 0.08135593220338982 0.12173038229376258
0 0.024293785310734464 0.5523138832997988 0.04858757062146893 0.12474849094567404
0 0.5497175141242938 0.2977867203219316 0.03954802259887006 0.15090543259557343
0 0.5117575929104584 0.325955611163688 0.08749313942244814 0.12819189969039688
0 0.4895454628812305 0.24638706130559512 0.06986066635736356 0.1182301211437228
0 0.4434737292250974 0.22037412439682266 0.07535305788788452 0.14968069785815602
0 0.49307218601089786 0.14905036587302706 0.06658918462018826 0.12710881111411404
0 0.5269249389516009 0.19051588364573574 0.06582696491661029 0.1119889951903328
0 0.5372881355932203 0.23943661971830985 0.06440677966101695 0.09859154929577464
0 0.5511299435028248 0.17555331991951711 0.03672316384180791 0.12977867203219315
0 0.5364406779661017 0.10915492957746478 0.06610169491525424 0.11770623742454728
0 0.3457735381993096 0.261558346817847 0.08108167458287507 0.15600964180421756
0 0.27883143296680496 0.3018228388958122 0.1101972083867671 0.1374110959977818
0 0.26695316775647226 0.23535664971004652 0.09696616056168242 0.11862917280916417
0 0.18281395208803544 0.42854941245188527 0.0606506424876836 0.14791357237103195
0 0.13864072038097958 0.3966027125640735 0.06861284646136863 0.15234753453938113
0 0.048376738789767997 0.40197944846129424 0.07838784208246083 0.12269335597629587
0 0.03894198629564363 0.306484572294837 0.05932297865456374 0.08953419910318634
0 0.06889159167411193 0.26530875692751305 0.0645786726424859 0.10287612390615075
0 0.02062146892655367 0.13380281690140844 0.04124293785310734 0.09054325955734406
0 0.09425496515669818 0.1540231521401181 0.06133349063226623 0.11376688631114962
0 0.07639213329168874 0.10484059745070688 0.06266020970912743 0.0856856902193141
0 0.09295312867240436 0.05442556662703964 0.05020453145109861 0.08302961917178157
0 0.054519774011299434 0.018108651911468814 0.05593220338983051 0.03621730382293763
0 0.10225988700564972 0.01609657947686117 0.06666666666666667 0.03219315895372234
0 0.3974576271186441 0.02012072434607646 0.061581920903954805 0.04024144869215292
0 0.4059322033898305 0.039235412474849095 0.07514124293785311 0.07847082494969819
0 0.4426553672316384 0.01609657947686117 0.0672316384180791 0.03219315895372234
0 0.31610169491525425 0.03722334004024145 0.06836158192090395 0.0744466800804829
0 0.3652542372881356 0.05080482897384306 0.08305084745762711 0.10160965794768612
0 0.3035694793670058 0.0779050867667249 0.05991425013293168 0.09157554420201774
0 0.3492274647017201 0.11545816751026745 0.060072048494664215 0.10364797880966363
0 0.44311116322320154 0.10624755906128645 0.06175381388542375 0.10272976058503144
0 0.27371168684381675 0.10450801331525553 0.05096675115467683 0.09814943509556275
0 0.24380786979845587 0.1275898131032227 0.05146597358870062 0.0931485266732675
0 0.1920868910063278 0.1445144342320522 0.08500970473767738 0.11097219333933635
0 0.1743682352614439 0.06316799325314254 0.05472430546239804 0.08326380048557246
0 0.14045044157054623 0.08151772141367553 0.05942817756238552 0.09758248884161687
0 0.1384180790960452 0.025653923541247486 0.04406779661016949 0.05130784708249497
0 0.1711864406779661 0.009054325955734407 0.03954802259887006 0.018108651911468814
0 0.20480225988700565 0.014587525150905433 0.04124293785310734 0.029175050301810865
0 0.20819209039548023 0.04074446680080483 0.060451977401129946 0.08148893360160966
0 0.22405263853797877 0.04161375482166232 0.059546053955555595 0.06340653011751071
0 0.2514124293785311 0.02414486921529175 0.062146892655367235 0.0482897384305835
0 0.9680790960451977 0.04225352112676056 0.06384180790960452 0.08450704225352113
0 0.8980397639476336 0.25030857104532317 0.07600960630551176 0.11352193936366616
0 0.8402248065519149 0.4921169422226272 0.06731195473333348 0.13921051838598367
0 0.7657072373729946 0.4495498288431047 0.07147668243073457 0.11228172183257151
0 0.8378909419736851 0.335160655991119 0.06125459145139983 0.10773066900732657
0 0.8414641620036537 0.28457537199895483 0.07068816300020098 0.09514983347418264
0 0.8175824716908852 0.12047050722311697 0.04823394144195871 0.1050453252955702
0 0.9853107344632769 0.026156941649899398 0.02937853107344633 0.052313883299798795
0 0.8200564971751413 0.02112676056338028 0.05593220338983051 0.04225352112676056
0 0.7505344589833648 0.08784128254289074 0.05120344869727564 0.11625808700703161
0 0.7844632768361582 0.023138832997987926 0.04124293785310734 0.04627766599597585
0 0.673728813559322 0.013078470824949699 0.0423728813559322 0.026156941649899398
0 0.6587462741740616 0.0845935289324694 0.040429063451877016 0.06945351305502628
0 0.6568548195348527 0.1342605947000012 0.046854150533057165 0.08587209183834991
0 0.6994151056263782 0.45315254431792784 0.061740664021945994 0.10172372436772774
0 0.6634346728819965 0.48647572508112286 0.04831284062282491 0.11108154259939326
0 0.6430299405137605 0.48039172808254466 0.04430543890902708 0.10685248908061079
0 0.6389013557598873 0.20772664052898487 0.037630504421770246 0.07131922216851463
0 0.5884180790960452 0.5442655935613682 0.03785310734463277 0.1267605633802817
0 0.6283909125403015 0.2675033602827371 0.04410819095686128 0.09176194582105356
0 0.10522659835426255 0.954168499707359 0.05058540511382299 0.06897438479375188
0 0.10900364126813576 0.9191767770834042 0.05058540511382299 0.06897438479375188
0 0.18487938704822357 0.8064869308748294 0.0444496150291526 0.07468860279111239
0 0.19122463019227876 0.7304087229946491 0.03761735455829262 0.0703131859512108
0 0.12407893826493417 0.7766947960443252 0.04141435845644696 0.058445659993131935
0 0.0659988578980792 0.8038461618162703 0.031244866931023234 0.05791875203710246
0 0.04427398138472076 0.8263463790181798 0.04274154991143759 0.07359474858113699
0 0.02698364095912128 0.8641566844613253 0.041926730753948566 0.05445078778814047
0 0.5440677966101695 0.7520120724346077 0.05084745762711865 0.08551307847082495
0 0.5480225988700564 0.9094567404426559 0.04293785310734463 0.08853118712273642
0 0.4268361581920904 0.9788732394366197 0.0423728813559322 0.04225352112676056
0 0.38531073446327685 0.9668008048289738 0.04745762711864407 0.06639839034205232
0 0.3440677966101695 0.9748490945674044 0.04858757062146893 0.05030181086519115
0 0.5519774011299435 0.9637826961770624 0.03502824858757062 0.07243460764587525
0 0.1536723163841808 0.9753521126760564 0.04180790960451977 0.04929577464788732
0 0.2622807531807911 0.8321124282134184 0.05354176250566229 0.07918111028790946
0 0.2617754281931577 0.8798406032069022 0.050638004567733874 0.07299852966296717
0 0.3734463276836158 0.6569416498993964 0.031638418079096044 0.03420523138832998
0 0.02937853107344633 0.9758551307847082 0.04519774011299435 0.0482897384305835
0 0.017796610169491526 0.9471830985915493 0.03559322033898305 0.06941649899396378
0 0.19576271186440677 0.9728370221327968 0.04011299435028248 0.05432595573440644
0 0.22894155348291287 0.8947277499353196 0.03927282022209665 0.06738289529197088
0 0.19938597163064672 0.9228543671419178 0.05071690374860015 0.07903474696679011
0 0.9946327683615819 0.892354124748491 0.010734463276836158 0.10462776659959759
0 0.9333333333333333 0.9673038229376257 0.0655367231638418 0.06539235412474849
0 0.921022539762624 0.6792815906668891 0.05108462754784691 0.06397347637145664
0 0.8129943502824859 0.9652917505030181 0.06440677966101695 0.06941649899396378
0 0.6680790960451978 0.9748490945674044 0.06497175141242938 0.05030181086519115
0 0.6801557901530196 0.8251450492759819 0.054146183847507856 0.08222849160404476
0 0.7320869305717264 0.8027018652840933 0.04401614191251726 0.0847196922999268
0 0.7541795308843315 0.7651403774868504 0.04854906578729445 0.08595990983102145
0 0.7090395480225988 0.6735412474849095 0.05875706214689266 0.06740442655935613
0 0.6847457627118644 0.6680080482897385 0.04406779661016949 0.056338028169014086
0 0.8409613967336598 0.7309306097432394 0.04387149341426235 0.0736532939095847
0 0.8418764931906844 0.9089258385454565 0.05279316504369115 0.10829761526127261
0 0.8937853107344633 0.960261569416499 0.05649717514124294 0.079476861167002
0 0.9242311064511866 0.9247544276890219 0.06778440506227243 0.08896725284924029
0 0.8866076493392845 0.8971685083089999 0.04447591475610804 0.07670067522571998
0 0.8684764262183053 0.9354379228644615 0.04343802029762695 0.0836843834183991
0 0.9156360557071186 0.7207247307106474 0.04945546161099813 0.0689158394653042
0 0.6249536403752669 0.8996972079181023 0.06319888173358448 0.08370289044893034
0 0.5875706214689266 0.9195171026156942 0.03615819209039548 0.07645875251509054
0 0.5870056497175141 0.8888329979879276 0.03502824858757062 0.07545271629778671