0 0.25109228370538994 0.15634484884781497 0.04318161542414407 0.11621827769062903
0 0.36596378191097306 0.24775793030860227 0.040358432023007956 0.08479588841401431
0 0.41439015604581547 0.13265846845080784 0.040332420225586293 0.07069534898574037
0 0.4372345381830616 0.0964524324981735 0.03367789239771645 0.07630859973855765
0 0.474156067444791 0.058674396498770015 0.038550699981055675 0.06573798806451323
0 0.45824468085106385 0.030245746691871456 0.04202127659574468 0.06049149338374291
0 0.4883914796596031 0.1538772361149066 0.046644653890311784 0.11014210093656729
0 0.483334766910916 0.2622160299970703 0.032316501708594916 0.0685928543985083
0 0.42278216648682915 0.34947119329357224 0.046120277145216056 0.056498327642293546
0 0.3733475074189215 0.3289180572483735 0.03748687019382163 0.06558367939743179
0 0.32033822454663824 0.30512428320147605 0.04678978917446242 0.07351156015647124
0 0.29982984417816827 0.36260652358764855 0.039960469098227175 0.06124355314453054
0 0.26500983878601786 0.3469819130842165 0.043252360482822834 0.07769737774229091
0 0.2791745059421511 0.40366385275201494 0.05387582987305576 0.05198456514067862
0 0.2379846516327748 0.44910939313388143 0.04876866829798676 0.07003945915415027
0 0.25834644585610034 0.5767859473167425 0.039886078872755304 0.05935319397628857
0 0.3023577848906837 0.587318215813498 0.025673157196039475 0.06105074530717241
0 0.2917865869102291 0.667793461549231 0.04463611780257268 0.05910240339403443
0 0.15691489361702127 0.6904536862003781 0.04148936170212766 0.017958412098298678
0 0.06683459361587656 0.5110562191061562 0.05867789239771645 0.07993485341497238
0 0.08311743570709265 0.46687398344040215 0.05861468548755898 0.06488913440257733
0 0.10598782964176048 0.41656740805949377 0.04305520160382888 0.08612683966583906
0 0.16469744940202322 0.3963042637352705 0.04002732117517775 0.11670053127350556
0 0.18316945930193584 0.42416788987819504 0.04707616676103527 0.09422835667359218
0 0.1809749476505172 0.479933485341333 0.05413619566220743 0.0586008222295255
0 0.11104880709457855 0.603790198045483 0.04948655875528334 0.07484251140829588
0 0.21993139651981003 0.5785989181619622 0.037166942661305824 0.08433296241277008
0 0.4465326089508506 0.4851142833987371 0.02822114632591665 0.05860097822251333
0 0.41034379862852527 0.4908333678715678 0.0317845868149779 0.0685157000649675
0 0.45981759930003285 0.5574302633713022 0.020748326017856693 0.043420278124668775
0 0.42218741640545726 0.5661777724303477 0.029679293871138608 0.04189636304249861
0 0.43966244859508646 0.5387387291113788 0.04209931198800966 0.04839681063454043
0 0.9542949563824064 0.18844073961478727 0.06788016154052863 0.20626097277138905
0 0.9451673252800011 0.4472656369968551 0.057026231140293884 0.14548018963511525
0 0.897877100759533 0.446136923383723 0.054329461559472964 0.1441492383832906
0 0.852268194460702 0.4560417474458797 0.06163113478596062 0.18185993983295717
0 0.8176342885396987 0.5028858076187893 0.06698018850128068 0.10275414451932527
0 0.9430851063829787 0.6880907372400756 0.045744680851063826 0.022684310018903593
0 0.9819148936170212 0.6776937618147448 0.036170212765957444 0.043478260869565216
0 0.8691489361702127 0.6776937618147448 0.0627659574468085 0.043478260869565216
0 0.7278648910329379 0.3044553757298346 0.08318681778362835 0.12484039145854739
0 0.6703007816189672 0.24185133398557435 0.07851116907928285 0.1269815412090437
0 0.6042281043054558 0.2946652692135691 0.04730298260424388 0.14031069329489806
0 0.5609736734243015 0.2581791393202569 0.06064558820592655 0.0896181122568045
0 0.5960106382978724 0.05907372400756144 0.08138297872340426 0.11814744801512288
0 0.5476063829787234 0.16068052930056712 0.05585106382978723 0.14933837429111532
0 0.5313829787234042 0.11862003780718336 0.023404255319148935 0.15595463137996218
0 0.6191489361702127 0.015122873345935728 0.10319148936170212 0.030245746691871456
0 0.7531909058529811 0.5949343593786208 0.08094392770415948 0.08128497625544148
0 0.757248942215456 0.5186930941898001 0.056416280854412006 0.10310141701675239
0 0.8081119679569031 0.5432680753629212 0.0435982998127603 0.07304863415522689
0 0.7121661113376497 0.3875539468024465 0.07765568148635692 0.1052424107742611
0 0.6202565439875802 0.46526067634957813 0.05425142616720798 0.10184762009846865
0 0.5705319860737742 0.5730301645350269 0.049348961619654026 0.05790643322765888
0 0.6632599698115011 0.5417240527341803 0.05259247457619939 0.08657043808545134
0 0.7020469702751506 0.5304592860477507 0.04966135100364863 0.09272376917305387
0 0.7304226126171357 0.5418498380077766 0.044714153194837535 0.10140402167885638
0 0.6952863248592626 0.4670646853724263 0.0864118570912733 0.08583723792733272
0 0.6478285984240153 0.4029947112908921 0.07478411965717065 0.08603020175767848
0 0.6523367452135815 0.3421946005729862 0.06930500695474254 0.09463329992994018
0 0.6289980150178569 0.5791163170658801 0.060448429326932694 0.09804757418035243
0 0.5680676239938188 0.5348564590876222 0.03397545329960366 0.08387003641152552
0 0.7728723404255319 0.6729678638941399 0.05531914893617021 0.052930056710775046
0 0.8276535232091745 0.6447496413577873 0.06618426265171912 0.05564947398035771
0 0.8343693114563379 0.5883282340595531 0.08042319612585673 0.06805246207774772
0 0.6223404255319149 0.6895085066162571 0.04148936170212766 0.01984877126654064
0 0.8268617021276595 0.6743856332703214 0.04946808510638298 0.0500945179584121
0 0.11600801954236002 0.813917069351342 0.044569017910686896 0.13803456245895232
0 0.03333050220678506 0.7779804495941495 0.054772157745510724 0.11508013427616236
0 0.022074468085106384 0.9002835538752363 0.04414893617021277 0.10491493383742911
0 0.0398936170212766 0.9612476370510397 0.06170212765957447 0.07750472589792061
0 0.7336042456170498 0.7943389622241447 0.08177340349966374 0.08892356726195003
0 0.637794535272432 0.8434780908321629 0.08150185439519815 0.09546267001725622
0 0.9651595744680851 0.8563327032136105 0.06968085106382979 0.11531190926275993
0 0.8860424719921162 0.7576611164443884 0.08946939448413907 0.10977534486452038
0 0.5680448856407875 0.8620533476163182 0.07102352028911563 0.08454494183877234
0 0.7029255319148936 0.7254253308128544 0.09308510638297872 0.05198487712665406
0 0.6051004907788208 0.9149450611498045 0.0630708086822819 0.09748816626393532
0 0.598404255319149 0.9801512287334594 0.08085106382978724 0.03969754253308128
0 0.8238924282112493 0.9325479408967491 0.06012850179441687 0.11679685719569072
0 0.685263321115526 0.8535088561609037 0.07332597211194887 0.1027348169376932
0 0.7441489361702127 0.973062381852552 0.08404255319148936 0.05387523629489603
0 0.5502659574468085 0.8010396975425331 0.061170212765957445 0.1219281663516068
0 0.7498966962551189 0.9179068531547268 0.0887515040268425 0.10497229261037466
0 0.5332446808510638 0.8998109640831758 0.027127659574468086 0.054820415879017016
0 0.7293231624856272 0.9434458735146378 0.06633304310266286 0.05943019231684164