0 0.0432559999521493 0.36725274787748446 0.04744504478213928 0.11573372545378713
0 0.08272643515442434 0.37533519332298537 0.04444027120845475 0.11240771851681322
0 0.01707175925925926 0.4655349794238683 0.03414351851851852 0.08333333333333333
0 0.27310185470585085 0.31881270294893327 0.0512363755793446 0.10886750142069493
0 0.3539129632466545 0.2821969946984122 0.06319595642781958 0.13652690391288339
0 0.3206840253476077 0.4392140473246458 0.059828104507608434 0.09111566189061679
0 0.5503472222222222 0.28189300411522633 0.03819444444444445 0.06995884773662552
0 0.4547953880754147 0.3837387252727456 0.06910979219474192 0.07649815955040247
0 0.5630787037037037 0.37191358024691357 0.01273148148148148 0.09156378600823045
0 0.27950590513104573 0.5447795005267555 0.042823186989869394 0.0835532167178959
0 0.24379015924968994 0.48788792996684754 0.045323426896627196 0.08888891938681669
0 0.2138752199116809 0.5275125085898706 0.040003838508127915 0.08537124270273244
0 0.11595271180085673 0.45977764298915536 0.05438260447342879 0.06809857754042953
0 0.4227432871771744 0.46068784555347086 0.03645744624912866 0.08302612491334302
0 0.014467592592592593 0.5349794238683128 0.028935185185185185 0.06790123456790123
0 0.9765625 0.4763374485596708 0.046875 0.0823045267489712
0 0.9875578703703703 0.573559670781893 0.02488425925925926 0.03189300411522634
0 0.8796229764980936 0.4871114753235637 0.08362135455887804 0.12693505920889045
0 0.8371111262458479 0.4349101403424344 0.048884475746141264 0.1076470250892227
0 0.7956078997853528 0.4187409945323689 0.04397282255991706 0.11544622083312212
0 0.7219646328835302 0.38046803228359805 0.052712891561735364 0.1018096076404924
0 0.7219151089851391 0.1617141510023279 0.054329975780320915 0.13066410943940984
0 0.6477711943350699 0.10955229986466816 0.05185216430143708 0.10994422544183448
0 0.6672453703703703 0.045781893004115226 0.059027777777777776 0.09156378600823045
0 0.5853587962962963 0.07561728395061729 0.031828703703703706 0.1286008230452675
0 0.5941557174917631 0.1196670576989692 0.04355023076712753 0.0877163604921218
0 0.5934606481481481 0.18621399176954734 0.048032407407407406 0.08847736625514403
0 0.7284437404297072 0.52800594226601 0.0397218149515334 0.09355377794085191
0 0.7700176945504021 0.5219838703571233 0.05936842769643036 0.06235699496525427
0 0.8346690691590455 0.5362363186960882 0.050873297232817916 0.066782266335402
0 0.8423032407407407 0.5684156378600823 0.06886574074074074 0.04218106995884774
0 0.6175500288441825 0.3339082663298445 0.04191760287382266 0.122456197176547
0 0.5894097222222222 0.28960905349794236 0.03993055555555555 0.09567901234567901
0 0.6487268518518519 0.5612139917695473 0.04398148148148148 0.056584362139917695
0 0.6581092555439354 0.5090646766546211 0.043327720656795674 0.08154352098594903
0 0.6289968606462689 0.4340844262008377 0.06005838645530001 0.0654913321551181
0 0.613256276130321 0.4885294471172023 0.025469847716117835 0.05031852437289891
0 0.6126659146705777 0.5365606230371519 0.04717856490026393 0.06032192220856426
0 0.5847800925925926 0.5313786008230452 0.030671296296296297 0.04218106995884774
0 0.5801504629629629 0.5617283950617284 0.02141203703703704 0.05555555555555555
0 0.5477430555555556 0.6167695473251029 0.043402777777777776 0.05452674897119342
0 0.47366144126574067 0.6493626462749259 0.04539759693340449 0.09094653255554097
0 0.5234183020282197 0.6932250051952313 0.043906424360499505 0.08159143842272643
0 0.4391134299215246 0.6651217335044927 0.0426748469163148 0.07943799038044733
0 0.46122097984427884 0.8356147035815882 0.04719322149077848 0.0767349101215811
0 0.3935682740385285 0.8427642535611012 0.03803056069617049 0.06264166297321032
0 0.34496104884609724 0.8307948987560221 0.05600746052937408 0.06515591009767556
0 0.28096064814814814 0.6003086419753086 0.0642361111111111 0.021604938271604937
0 0.27828254306632305 0.631488329029833 0.029105066602409073 0.0711342432440292
0 0.25144675925925924 0.6260288065843621 0.036458333333333336 0.07304526748971193
0 0.255460388246313 0.6746531247489744 0.04898884604815234 0.062523287687621
0 0.2068794774004357 0.6312093342472951 0.06675789236153847 0.07527768321893023
0 0.2516500713978108 0.7219190399868383 0.04234108175081696 0.07017873112118785
0 0.1675347222222222 0.6069958847736625 0.03877314814814815 0.03497942386831276
0 0.12586805555555555 0.6049382716049383 0.05150462962962963 0.030864197530864196
0 0.08998842592592593 0.6229423868312757 0.03761574074074074 0.0668724279835391
0 0.06968917106216688 0.6817802105612722 0.04092407921468914 0.06288125015709782
0 0.08224944050011727 0.7323340671989952 0.038008132268296455 0.078025844301865
0 0.11292806509167083 0.7380488544430726 0.04251185025224565 0.05890977612998194
0 0.14688704560245094 0.6495911919872538 0.03143453800773837 0.08773890090415613
0 0.1299446403654495 0.6948488297995252 0.03580457250864759 0.08092059430784133
0 0.10145658715119821 0.8545689626846252 0.05007208341878245 0.060561509392451765
0 0.1448477071729365 0.8989584134094833 0.03696197991605493 0.08101642918139615
0 0.12815756876939832 0.943163285919004 0.03230303710539633 0.047807113861142767
0 0.10064282849691841 0.9769137998625365 0.03542683757160633 0.022422371309531813
0 0.1729363781462355 0.9616409022876985 0.043224237438989406 0.046659931991191075
0 0.05722539412862616 0.9639987848342787 0.03711809182696914 0.05333448627717365
0 0.026736524089798007 0.907190360635554 0.03194684351202445 0.05393203593053796
0 0.0798918805798244 0.9084643513844027 0.03314133593782051 0.05505667738845515
0 0.25589974837988727 0.8639662247839798 0.030767007676742883 0.06922038238563762
0 0.22859330516932708 0.847137505065046 0.03599776943795038 0.05426745798798051
0 0.1920495875852794 0.8558386985144103 0.05171936790260178 0.042234660621043335
0 0.39126767227212583 0.8997079964768503 0.03571574588135581 0.062449993226100224
0 0.42112265462176973 0.9147778778537419 0.032109840176093536 0.07446025018100312
0 0.44200772956400614 0.9305904795006851 0.04635492265835423 0.06948534659426825
0 0.4933747897919159 0.9547138435709998 0.03962610357108681 0.026873019704422917
0 0.5175509913252136 0.9088572377990092 0.04236351017869119 0.054794549792533384
0 0.9296875 0.9789094650205762 0.0642361111111111 0.04218106995884774
0 0.6006944444444444 0.9742798353909465 0.052083333333333336 0.051440329218107