0 0.02301864801864802 0.4787344398340249 0.04603729603729604 0.1421161825726141
0 0.03875291375291375 0.3926348547717842 0.0775058275058275 0.1462655601659751
0 0.20075757575757575 0.45643153526970953 0.09731934731934731 0.18672199170124482
0 0.4227855477855478 0.5134854771784232 0.09731934731934731 0.07261410788381743
0 0.33640751084236226 0.43862042462892314 0.11279248966496364 0.17345615347177598
0 0.40062653972361606 0.3463134329268579 0.09869890408488187 0.18752630220289068
0 0.48447474092703097 0.3468461397211145 0.10925629728706125 0.18992691544843843
0 0.587995337995338 0.3698132780082988 0.0034965034965034965 0.17116182572614108
0 0.20963448281942354 0.300481873140411 0.06981045949182273 0.15864887158405822
0 0.15765950749504729 0.26881453062877303 0.09175133349833779 0.15311286791940304
0 0.09548585317848475 0.3435681486712707 0.07851777687674676 0.15788313089310732
0 0.036421911421911424 0.25778008298755184 0.07284382284382285 0.12136929460580913
0 0.07304502390859978 0.20038103302779497 0.0742745635408846 0.13495291264666612
0 0.0655149746363308 0.11258057605743636 0.08298762845087307 0.1165704240977568
0 0.13151017720008096 0.09235091312619247 0.09282650564496407 0.1148035528361175
0 0.15897281293006607 0.13102879478777935 0.0912364656282561 0.1551694498022575
0 0.21020395217761562 0.13106618660695277 0.07306937349398455 0.15149610227863222
0 0.2501077263863443 0.22971729562197116 0.10079806444660697 0.1627205712118544
0 0.2436784412264652 0.07770107398055977 0.07259419450530176 0.13697328070186873
0 0.31007492064413944 0.1409052074604021 0.10809654364662426 0.17227395376282814
0 0.2724358974358974 0.04564315352697095 0.07867132867132867 0.0912863070539419
0 0.2747668997668998 0.022821576763485476 0.07517482517482517 0.04564315352697095
0 0.011072261072261072 0.030601659751037343 0.022144522144522144 0.061203319502074686
0 0.11392773892773893 0.04304979253112033 0.10547785547785547 0.08609958506224066
0 0.38986013986013984 0.032676348547717844 0.07342657342657342 0.06535269709543569
0 0.44463869463869465 0.016078838174273857 0.0780885780885781 0.032157676348547715
0 0.48892773892773894 0.060684647302904564 0.08857808857808858 0.12136929460580913
0 0.5261364757597099 0.2056507845984934 0.07670738994089028 0.13813737349699065
0 0.4260900529864495 0.20824178961130105 0.08130725941529021 0.11859079215295941
0 0.361283069791432 0.21140959071140866 0.09377111609726552 0.1614659438476029
0 0.39872663945996123 0.12811539930066906 0.08874725156570973 0.11467680443933584
0 0.8342074592074592 0.5140041493775933 0.10547785547785547 0.07157676348547717
0 0.9053030303030303 0.495850622406639 0.087995337995338 0.1078838174273859
0 0.9233682983682984 0.5020746887966805 0.09731934731934731 0.0954356846473029
0 0.9078608256645732 0.4002696454077248 0.0634456394880291 0.1242535442143965
0 0.9399348259190867 0.38416745000936403 0.060254608198536175 0.13348100231650298
0 0.9755244755244755 0.44761410788381745 0.04895104895104895 0.1275933609958506
0 0.9700060142528399 0.3602308508819735 0.05833664966861192 0.12823995958332388
0 0.9833916083916084 0.36410788381742737 0.033216783216783216 0.13485477178423236
0 0.7762523967443485 0.4257146378650179 0.07846138921420646 0.12057494638051021
0 0.8286918716983557 0.347031550350201 0.07058590695650276 0.09338670905775236
0 0.8379195325814003 0.3799613956914822 0.06362109379476578 0.11182351834813942
0 0.9825174825174825 0.24896265560165975 0.03496503496503497 0.08921161825726141
0 0.9778554778554779 0.1607883817427386 0.04428904428904429 0.11825726141078838
0 0.8490495408013295 0.1507690327015475 0.07452939561041878 0.08936407986117302
0 0.8020219260082436 0.19024126258843338 0.0676382126864154 0.09225883009028228
0 0.7843101684219556 0.20938043837138057 0.0455333794232916 0.07499136390527812
0 0.7942166564316899 0.2630571716794667 0.06697608434086705 0.12539953009569238
0 0.8328706198781323 0.2523408743248926 0.06718548000393844 0.11400684862777567
0 0.8414536668878471 0.21219226032466412 0.04652342628205636 0.08745760359918703
0 0.867442727379814 0.19693728672947103 0.0686679484265785 0.08814566632457324
0 0.9107894911850378 0.24958047878586895 0.05995488351659004 0.10652815487348243
0 0.8931369950238224 0.2972194651524341 0.06543722825568642 0.1139525278862978
0 0.8755330809286276 0.2484850104993988 0.06397200240823912 0.08696346661562529
0 0.949700888566521 0.23783589048986759 0.06012459029826228 0.11171487686518368
0 0.9567105943406697 0.2919407614279941 0.07236810006108896 0.09447837419757048
0 0.9874708624708625 0.08869294605809129 0.02505827505827506 0.10062240663900415
0 0.620920745920746 0.5057053941908713 0.06235431235431235 0.08817427385892117
0 0.6316341756782649 0.40049534218320276 0.07122504520179364 0.1307130004841754
0 0.6060606060606061 0.4434647302904564 0.03263403263403263 0.12966804979253113
0 0.6008158508158508 0.3775933609958506 0.022144522144522144 0.1078838174273859
0 0.6051864801864801 0.33350622406639 0.030885780885780884 0.10062240663900415
0 0.6496435998750436 0.2570106404531203 0.08350249632095462 0.11451384221490234
0 0.5999417249417249 0.16804979253112035 0.020396270396270396 0.08298755186721991
0 0.6054778554778555 0.1924273858921162 0.03146853146853147 0.07365145228215768
0 0.6342268451919679 0.12388652610287537 0.04995204706589083 0.08549155628546228
0 0.6696448847365053 0.04985600662189415 0.06232557472899099 0.09002117906916828
0 0.7068764568764568 0.03423236514522822 0.05128205128205128 0.06846473029045644
0 0.7105985110231221 0.08273533436834947 0.04905807675106564 0.09375409764453238
0 0.7350458416673764 0.06484173249274089 0.04114290561196306 0.08314526378139253
0 0.7916666666666666 0.02437759336099585 0.049533799533799536 0.0487551867219917
0 0.7514568764568764 0.044087136929460584 0.043706293706293704 0.08817427385892117
0 0.7825089465677465 0.0564717276422366 0.06585601958182893 0.09116716495046422
0 0.8455710955710956 0.03890041493775934 0.047785547785547784 0.07780082987551867
0 0.8648018648018648 0.022302904564315353 0.06060606060606061 0.044605809128630707
0 0.9026806526806527 0.023340248962655602 0.04895104895104895 0.046680497925311204
0 0.5961538461538461 0.07468879668049792 0.01282051282051282 0.0995850622406639
0 0.7308009969493607 0.36212500888456955 0.07121929767672946 0.14832974834213358
0 0.9842657342657343 0.012966804979253113 0.03146853146853147 0.025933609958506226
0 0.41748292828837535 0.901698273961107 0.09330168463364688 0.12932637441288097
0 0.38539879246886105 0.6861893862101597 0.08076419771393852 0.10199328177951543
0 0.07634032634032634 0.9745850622406639 0.0641025641025641 0.0508298755186722
0 0.018356643356643356 0.875 0.03671328671328671 0.09232365145228216
0 0.042540792540792544 0.9704356846473029 0.053613053613053616 0.05912863070539419
0 0.016608391608391608 0.9808091286307054 0.033216783216783216 0.038381742738589214
0 0.18127445921802987 0.7549779541385279 0.06427172709018539 0.11391631405864572
0 0.21576171332887542 0.6969810055472556 0.06502993197967277 0.10150439510621481
0 0.14934224381094413 0.7042438634992463 0.052379125940832334 0.10629276499374514
0 0.13933051417562306 0.7630013024712085 0.05484589369717259 0.11051457024240981
0 0.1144278489833853 0.7580823810402445 0.059400326765109604 0.12516414021595507
0 0.2945804195804196 0.6177385892116183 0.06585081585081586 0.1358921161825726
0 0.3321678321678322 0.6161825726141079 0.053613053613053616 0.13278008298755187
0 0.3575174825174825 0.5793568464730291 0.07051282051282051 0.05912863070539419
0 0.029255934882925307 0.7170932427107182 0.04968051621521491 0.07719280109874029
0 0.16231028900394895 0.6201891817078168 0.0709253205198475 0.10376015304115473
0 0.6459790209790209 0.9745850622406639 0.07867132867132867 0.0508298755186722
0 0.7578671328671329 0.9673236514522822 0.09498834498834499 0.06535269709543569
0 0.6940559440559441 0.9600622406639004 0.08158508158508158 0.07987551867219916
0 0.6500582750582751 0.9377593360995851 0.09731934731934731 0.12448132780082988
0 0.7522131780671849 0.9161314697881747 0.0765998183468225 0.15264208815992822
0 0.7857837436599737 0.8834951382147608 0.10244449212585537 0.15966285875831154
0 0.7877897012402918 0.8291522522417665 0.0897091045932042 0.1084889518769463
0 0.7681432863429378 0.7891627973193195 0.07871047375867647 0.09260286145297535
0 0.8846111513677247 0.8347513609327252 0.07409910923414793 0.14738293851292317
0 0.9334632500123022 0.8243519345701051 0.07074411868804666 0.13380692676537012
0 0.850256788919685 0.9057060610463374 0.06879796632685213 0.10991179177589254
0 0.8581002331002331 0.9600622406639004 0.07634032634032634 0.07987551867219916
0 0.8592657342657343 0.9782157676348547 0.08682983682983683 0.043568464730290454
0 0.921037296037296 0.9486514522821576 0.10431235431235432 0.10269709543568464
0 0.9656177156177156 0.9149377593360996 0.06876456876456877 0.14730290456431536
0 0.9740675990675991 0.8049792531120332 0.051864801864801864 0.12655601659751037
0 0.9717365967365967 0.7069502074688797 0.05652680652680653 0.12344398340248963
0 0.8524442202288296 0.7679474855760828 0.08757025535008023 0.1498740863276005
0 0.7071952103080257 0.7323456924539522 0.04509214179094351 0.06150588672685489
0 0.6303172978943863 0.7491283442843952 0.051768181526811605 0.08762056582362066
0 0.6740238634977055 0.6971174470482967 0.050534797648641404 0.0855096631992882
0 0.7773070258639477 0.5977339168427611 0.04645554356938719 0.08538291480250657
0 0.8205352668190264 0.5933774877319232 0.044333936901456254 0.07391780567928595
0 0.8648611262269373 0.5869825836520567 0.05373157646319864 0.0586654572392234
0 0.9085193816612616 0.5779762116625136 0.04198048826424807 0.03757453790972534
0 0.62995337995338 0.8495850622406639 0.08041958041958042 0.14315352697095435
0 0.7545679861895209 0.6856301586925105 0.05917423232089667 0.0826692337116567
0 0.7305308255838128 0.7071635194192231 0.0603339859613334 0.10032219539726692
0 0.7591255649170154 0.6381024389640315 0.06588996093816364 0.09220450934880446
0 0.6028554778554779 0.725103734439834 0.026223776223776224 0.09336099585062241
0 0.6274633501997571 0.6707997887527934 0.050297208154300006 0.07824825241090645
0 0.6016899766899767 0.5617219917012448 0.023892773892773892 0.023858921161825725
0 0.6101398601398601 0.5912863070539419 0.04079254079254079 0.08298755186721991
0 0.6410906499757778 0.5624127808849329 0.05024656801682374 0.023323320040351137
0 0.7008847198953173 0.5839601762067317 0.0637741017952966 0.0631226523676256