0 0.288674925056605 0.16194439884835432 0.055942129391511795 0.10248036661163898
0 0.2225355558821175 0.3549230749483772 0.07577291970544478 0.13283887693299612
0 0.1626192763603487 0.2914327954493892 0.06561937384374864 0.13625186871457945
0 0.13325062350577027 0.2166397108184173 0.04878249371510924 0.10720493152379533
0 0.18302399523592355 0.18032671840295253 0.06368941250246418 0.0946138610064482
0 0.23577889929964768 0.2384351798353736 0.0708594868687191 0.09308078545599398
0 0.378912260871643 0.4663090814584945 0.077476709433265 0.10532794847091437
0 0.4021175747900174 0.5049436071961139 0.04821224409697982 0.11566602115299973
0 0.4686636541082834 0.37052511806263105 0.05183903603951615 0.12766544082458137
0 0.5026913875598086 0.4574468085106383 0.05442583732057416 0.11063829787234042
0 0.4604986240230147 0.5805440575766238 0.06316439720702767 0.1169047378696954
0 0.4450369142720799 0.643642268653254 0.07266418393177691 0.09642092082369945
0 0.44766746411483255 0.6845744680851064 0.08074162679425838 0.05
0 0.4910287081339713 0.676063829787234 0.06818181818181818 0.06702127659574468
0 0.49440511625986844 0.6397513104140937 0.05887688700097638 0.08570683335923353
0 0.5032894736842105 0.5792553191489361 0.053229665071770335 0.1074468085106383
0 0.5125598086124402 0.6558510638297872 0.034688995215311005 0.1074468085106383
0 0.5119617224880383 0.6893617021276596 0.03588516746411483 0.04042553191489362
0 0.37437849919333743 0.2062886753553777 0.0607581344562839 0.11245122404608794
0 0.39514121432671384 0.1686364022967578 0.03974161058339916 0.08518510574909727
0 0.424358705558664 0.19819194663594897 0.05183207691294782 0.12553778125011317
0 0.45753508764654993 0.2062610466831831 0.05660632721831105 0.12274268123775361
0 0.4931542678996623 0.19910280949019485 0.05593864982822777 0.10141653682440493
0 0.489734509972528 0.14720977279733685 0.05108784913061539 0.08080738151761556
0 0.4522308020810527 0.09036480241594518 0.0547216001997195 0.09493446076366503
0 0.42511183162943533 0.05938693373624032 0.06367201468604404 0.08929471207027811
0 0.4090909090909091 0.025 0.0645933014354067 0.05
0 0.0729665071770335 0.026595744680851064 0.04066985645933014 0.05319148936170213
0 0.10645933014354067 0.03031914893617021 0.05143540669856459 0.06063829787234042
0 0.14144736842105263 0.028191489361702127 0.049641148325358854 0.05638297872340425
0 0.1696003126683077 0.07759135434274168 0.04580598134623592 0.11121250732939252
0 0.20629214067363974 0.10829817193389765 0.06962851898707458 0.08234339024631791
0 0.12904508241712315 0.13062979793106827 0.06245148549425175 0.08174880622230404
0 0.08784827150048578 0.19691656519115255 0.06012177313575714 0.10069954771784552
0 0.08028326670148966 0.31493900244373446 0.06545583436939757 0.08625186871457945
0 0.07047901818938472 0.38595473438334715 0.07269202043804955 0.10493155912157179
0 0.04714689959137051 0.29463585984330887 0.05072637330952973 0.15309825838086263
0 0.023923444976076555 0.2803191489361702 0.04784688995215311 0.13936170212765958
0 0.017942583732057416 0.37446808510638296 0.03588516746411483 0.08085106382978724
0 0.02631578947368421 0.449468085106383 0.05263157894736842 0.11382978723404255
0 0.008373205741626795 0.1202127659574468 0.01674641148325359 0.08085106382978724
0 0.5185406698564593 0.30531914893617024 0.022727272727272728 0.07872340425531915
0 0.50627990430622 0.35851063829787233 0.04724880382775119 0.09148936170212765
0 0.5176435406698564 0.19893617021276597 0.02452153110047847 0.10638297872340426
0 0.5239234449760766 0.15531914893617021 0.011961722488038277 0.07872340425531915
0 0.513755980861244 0.1175531914893617 0.03229665071770335 0.06702127659574468
0 0.49022840857863653 0.08766007904656438 0.045079151380323486 0.07180125653306511
0 0.4972542804488312 0.04301712277879747 0.03192125664348138 0.07071118582237304
0 0.5188397129186603 0.05372340425531915 0.022129186602870814 0.07553191489361702
0 0.46202153110047844 0.01223404255319149 0.046052631578947366 0.02446808510638298
0 0.47547846889952156 0.036170212765957444 0.03588516746411483 0.07234042553191489
0 0.5116626794258373 0.019680851063829788 0.03648325358851675 0.039361702127659576
0 0.03744241677354709 0.06079003473736674 0.04091690545249869 0.07890122436302865
0 0.06525690112152015 0.06203021804318623 0.04575726746025905 0.0963188903081158
0 0.018839712918660288 0.07819148936170213 0.037679425837320576 0.07340425531914893
0 0.7872477606098681 0.21930245498591264 0.06365461686962363 0.08397556313410777
0 0.7496671035656862 0.36889001199659305 0.04932142726368214 0.08916937380948455
0 0.6046364377431481 0.3552787151637962 0.04092038501578285 0.0799650541502627
0 0.5698206378481974 0.2997205435786437 0.0468942871332338 0.07833288126247284
0 0.5388755980861244 0.28882978723404257 0.017942583732057416 0.09042553191489362
0 0.7476397144524481 0.44001796173527047 0.06368245337589613 0.09248620143198023
0 0.7496980208747857 0.5423438159844098 0.042175709840415694 0.09814925787057707
0 0.7488059116528802 0.6321878843370186 0.04943277328877211 0.12321192700097391
0 0.7209148769126578 0.654351956350348 0.049978665963913066 0.10730402886113097
0 0.8256578947368421 0.673936170212766 0.04724880382775119 0.07127659574468086
0 0.7939593301435407 0.6563829787234042 0.05442583732057416 0.10638297872340426
0 0.8242239159033505 0.6203459102061849 0.04997518640062904 0.10624019907389694
0 0.8196393017969689 0.5587793080908849 0.04513830395615277 0.08988636291604372
0 0.7864837970887874 0.5443272293202466 0.04342407553848048 0.11420580201642336
0 0.8741028708133971 0.648936170212766 0.056818181818181816 0.12127659574468085
0 0.9186602870813397 0.6664893617021277 0.056220095693779906 0.08617021276595745
0 0.9665071770334929 0.6930851063829787 0.06698564593301436 0.03297872340425532
0 0.6372607655502392 0.005319148936170213 0.02930622009569378 0.010638297872340425
0 0.8812064347167976 0.20899648958378134 0.04681773674098424 0.0549286259433239
0 0.8493425908675031 0.25690232503800403 0.027696378576543407 0.058662217482123816
0 0.9043960906003938 0.25241824936395385 0.0541130753854655 0.09169342273329509
0 0.9516224766470271 0.17173335176927118 0.03188646101064083 0.060072887950032614
0 0.9338329936994685 0.12343838107093878 0.05223878705672631 0.06707669162090864
0 0.9820574162679426 0.14574468085106382 0.03588516746411483 0.07234042553191489
0 0.9844497607655502 0.2271276595744681 0.03110047846889952 0.06702127659574468
0 0.8160544639940701 0.4659040502551824 0.0625315154497852 0.10621689132868703
0 0.7941444898780953 0.39704947291872844 0.06070594100702294 0.0964937772375773
0 0.8316588358396515 0.35918881790195645 0.05531968632412142 0.09498400943233286
0 0.83835414919786 0.4156096914214236 0.062479322000524244 0.09025944452017638
0 0.8588506777400055 0.459340397086208 0.05771203082172907 0.09518220410700415
0 0.9418820019149916 0.49761064075443895 0.0744967175011075 0.10827169448927751
0 0.9808898234059106 0.4604057723029534 0.03490820770220719 0.0698950993784781
0 0.9808612440191388 0.5398936170212766 0.03827751196172249 0.0925531914893617
0 0.5056818181818182 0.9813829787234043 0.04844497607655503 0.03723404255319149
0 0.5140550239234449 0.8765957446808511 0.031698564593301434 0.11914893617021277
0 0.4859698765198141 0.9127081611261082 0.07090820075469602 0.10797440247727057
0 0.4391749563204047 0.8614781651037696 0.05297953527577499 0.11074326156617209
0 0.40845529065088176 0.833926408667377 0.05723224984898546 0.13130286820429377
0 0.48923519264126486 0.8289133512779578 0.0666485270549175 0.08528713626468093
0 0.5101674641148325 0.7888297872340425 0.039473684210526314 0.09893617021276596
0 0.5077751196172249 0.7473404255319149 0.04425837320574163 0.07553191489361702
0 0.2673444976076555 0.7569148936170212 0.07057416267942583 0.09468085106382979
0 0.21142344497607657 0.7393617021276596 0.06399521531100479 0.059574468085106386
0 0.19951987816272457 0.7873538298190385 0.0566132863448791 0.12487034081222169
0 0.029605263157894735 0.9281914893617021 0.05921052631578947 0.14361702127659576
0 0.029605263157894735 0.7271276595744681 0.05442583732057416 0.035106382978723406
0 0.9407894736842105 0.9515957446808511 0.06937799043062201 0.09680851063829787
0 0.8346291866028708 0.9553191489361702 0.08791866028708134 0.08936170212765958
0 0.8333556664409034 0.9050119061618446 0.06429445775343429 0.09679106924958422
0 0.8669478563412348 0.7859533466346106 0.048841646290938255 0.12529003790677407
0 0.9712918660287081 0.7547872340425532 0.05741626794258373 0.09042553191489362
0 0.805322966507177 0.7558510638297873 0.06997607655502393 0.0925531914893617
0 0.8199772181959804 0.7884467548675911 0.05835187170553986 0.10799771022248048
0 0.742912837011877 0.7549273170349746 0.03491864639205928 0.07308658874018023
0 0.6882556087329125 0.821163069037267 0.051678976128449114 0.07872927061181528
0 0.6849067830926444 0.9304897937790343 0.047600239719441655 0.11136115333539585
0 0.7039473684210527 0.976063829787234 0.05861244019138756 0.047872340425531915
0 0.7299641148325359 0.9765957446808511 0.05562200956937799 0.04680851063829787
0 0.7834928229665071 0.9792553191489362 0.07416267942583732 0.04148936170212766
0 0.6507177033492823 0.9765957446808511 0.06220095693779904 0.04680851063829787
0 0.632177033492823 0.948936170212766 0.05382775119617225 0.10212765957446808
0 0.5915071770334929 0.9781914893617021 0.05980861244019139 0.043617021276595745
0 0.5732655502392344 0.9515957446808511 0.046052631578947366 0.09680851063829787
0 0.5502392344497608 0.9074468085106383 0.04066985645933014 0.09361702127659574
0 0.6278680477663816 0.8103075896720302 0.06186383805970192 0.08489074691533847
0 0.5436602870813397 0.9696808510638298 0.02751196172248804 0.06063829787234042
0 0.9799641148325359 0.8686170212765958 0.04007177033492823 0.08191489361702127
0 0.5786483253588517 0.723404255319149 0.05083732057416268 0.027659574468085105