0 0.031097560975609756 0.15726681127982647 0.06219512195121951 0.13449023861171366
0 0.349390243902439 0.005422993492407809 0.02804878048780488 0.010845986984815618
0 0.25640243902439025 0.31344902386117135 0.060365853658536583 0.03253796095444685
0 0.30396341463414633 0.30151843817787416 0.05426829268292683 0.05639913232104121
0 0.32195121951219513 0.30260303687635576 0.046341463414634146 0.05422993492407809
0 0.3435975609756098 0.28796095444685466 0.057926829268292686 0.08351409978308026
0 0.3594512195121951 0.32049891540130154 0.04695121951219512 0.01843817787418655
0 0.647691456062887 0.1587557652363601 0.08276014499845832 0.13657981174237313
0 0.44878048780487806 0.055314533622559656 0.05609756097560976 0.11062906724511931
0 0.4335226470412387 0.09616264941339024 0.053877997499629224 0.12295568263336679
0 0.5385435719343095 0.2642624687897154 0.07611597956771621 0.11189678062627399
0 0.5067073170731707 0.31616052060737526 0.05609756097560976 0.027114967462039046
0 0.4326219512195122 0.21637744034707157 0.06524390243902439 0.12039045553145336
0 0.42560975609756097 0.14587852494577006 0.05121951219512195 0.09869848156182212
0 0.6036585365853658 0.26843817787418656 0.07073170731707316 0.12255965292841649
0 0.7097560975609756 0.272234273318872 0.07926829268292683 0.11496746203904555
0 0.7829268292682927 0.28253796095444683 0.09024390243902439 0.09436008676789588
0 0.6289634146341463 0.2988069414316703 0.06646341463414634 0.06182212581344902
0 0.9777439024390244 0.16919739696312364 0.04451219512195122 0.13882863340563992
0 0.989939024390244 0.2749457700650759 0.020121951219512196 0.10954446854663774
0 0.9759146341463415 0.3036876355748373 0.048170731707317074 0.052060737527114966
0 0.03384146341463415 0.5563991323210412 0.0676829268292683 0.1843817787418655
0 0.34252973005683346 0.5596979286628868 0.06552443999611647 0.1537191950414774
0 0.2015824087254789 0.8518533349269848 0.07478362441606251 0.1333421966710538
0 0.15228481728708293 0.8278015987928163 0.058929965879477415 0.1312053613223414
0 0.11467404933015124 0.8542827095642781 0.07213237444108134 0.15028484597200642
0 0.08480376821362619 0.8899667282487077 0.0795985215541217 0.1577786698623015
0 0.03780487804878049 0.9582429501084598 0.07560975609756097 0.08351409978308026
0 0.01676829268292683 0.9229934924078091 0.03353658536585366 0.13665943600867678
0 0.3211660283191846 0.7847434276585865 0.073141736051066 0.1147396468469663
0 0.38353658536585367 0.7255965292841648 0.032926829268292684 0.1301518438177874
0 0.2799484900905901 0.8618719333588798 0.06953289077980294 0.11641572839422656
0 0.23894679511149577 0.8895279193158362 0.04111142543622574 0.09636619306928146
0 0.5955614325515497 0.6266943337213681 0.07026687516262117 0.12192090786158485
0 0.6166855100515204 0.799261355657461 0.08284814229793855 0.11388542504921068
0 0.5287507110531197 0.8064481454754957 0.07979728681053369 0.16645545945015394
0 0.4714155223894993 0.8128635398978868 0.0682005356281493 0.13786114443900638
0 0.6332840331342867 0.9157330772089649 0.07850531264385711 0.11005632712911279
0 0.6815406871414841 0.8917748196976181 0.05752307375666932 0.14939698127167653
0 0.722836912340433 0.9180119342528751 0.0446074277509574 0.11629989951670171
0 0.7289686293022201 0.8372423336914113 0.0829972162402472 0.12039301724010011
0 0.7503825546884086 0.7835553385437356 0.07718641782052944 0.10555356038528559
0 0.7474931959718383 0.7227848089533555 0.07736033741988949 0.11314575127465638
0 0.7794893506005008 0.7945501568814883 0.04993477335797141 0.08349919961327817
0 0.8224388494931726 0.7753163120754704 0.0662584243789347 0.1592243745088357
0 0.8685691248228692 0.7907815351087996 0.05873120062306542 0.12252857173448904
0 0.8100760057723186 0.6207933595900986 0.07661289270874543 0.13358875459590525
0 0.7559267538756494 0.4747815438883551 0.07096255356006245 0.15228967141906857
0 0.7689847436595074 0.42540803157125595 0.07666465902244847 0.08277698771717272
0 0.8102369702087164 0.44021576680498126 0.07952605958256721 0.10154390949116118
0 0.8644918025633174 0.42141776383706536 0.08443102901970666 0.05030503171355091
0 0.862309002407551 0.4499541644094505 0.0708404002744049 0.0938857136509652
0 0.840914230014051 0.5161551375771394 0.07620190186759646 0.1421833582088072
0 0.8628121405473803 0.5881913149663117 0.06501614152636133 0.10499443958475761
0 0.8930732220125658 0.5220974397369231 0.06324794987650731 0.13394986054395788
0 0.9198605666551086 0.5675939514887097 0.058841968579997406 0.15389974801550385
0 0.9029825435150501 0.6235242394962364 0.05356638928668589 0.13588868104019505
0 0.8614704750666009 0.6467596446843161 0.08114310229051287 0.11906186061676718
0 0.8606391830551765 0.7097485551711972 0.0658246628803343 0.11375341514756059
0 0.8865729701942068 0.7257554371266054 0.06238973720843127 0.12302168758419177
0 0.9134586599651554 0.7402586999967169 0.05798375591192165 0.14297157505573777
0 0.9515678837282795 0.5718676221861343 0.061865903410750614 0.15322607919177467
0 0.9806016853343803 0.46589824354984216 0.0243747085745135 0.08221658606232146
0 0.989939024390244 0.6740780911062907 0.020121951219512196 0.1052060737527115
0 0.9920731707317073 0.754880694143167 0.015853658536585366 0.08893709327548807
0 0.9688460447151983 0.7254211644233874 0.06146837289792718 0.13587250001606957
0 0.9468083977377598 0.8997862660148431 0.06864983245467578 0.10440295673597891
0 0.8863623144437062 0.9085022273086859 0.06906082329582504 0.0958083531230769
0 0.8329268292682926 0.9902386117136659 0.0475609756097561 0.019522776572668113
0 0.4140243902439024 0.9088937093275488 0.02804878048780488 0.1279826464208243
0 0.4454268292682927 0.9674620390455532 0.06524390243902439 0.0650759219088937