0 0.3230916788133929 0.10538722554462003 0.05123874654329278 0.13397365746454182
0 0.17035841613965044 0.32313055305204924 0.05483326742033161 0.11735073265066191
0 0.01021505376344086 0.21032504780114722 0.02043010752688172 0.08795411089866156
0 0.01747311827956989 0.10755258126195029 0.03494623655913978 0.10803059273422562
0 0.006182795698924731 0.10707456978967496 0.012365591397849462 0.10516252390057361
0 0.20387882781424055 0.2653442529888525 0.07184987962540451 0.10090679119065195
0 0.22882388171745374 0.23629259637864058 0.06425730680040591 0.09304365420273322
0 0.158031112551173 0.21573355311510434 0.048175196759890335 0.09531453383392093
0 0.11007039742773599 0.16961238034068338 0.06640784443481451 0.09337821888160878
0 0.23861194330119892 0.1943827346262435 0.054767576315762984 0.11065857203880723
0 0.19428056570029598 0.18987239548581444 0.058956038262462734 0.09985542606195011
0 0.0846602030418489 0.06924838971885781 0.043061617092143074 0.12124676458415097
0 0.06881720430107527 0.03776290630975143 0.04838709677419355 0.07552581261950286
0 0.24651767392589755 0.07008761730305112 0.05129505320435157 0.13970979513184584
0 0.28743086398323675 0.05449763906187811 0.0552864418373457 0.10883016731942488
0 0.3663978494623656 0.15105162523900573 0.026344086021505377 0.13766730401529637
0 0.16693548387096774 0.017208413001912046 0.0467741935483871 0.03441682600382409
0 0.13064516129032258 0.02198852772466539 0.04946236559139785 0.04397705544933078
0 0.10268817204301076 0.019120458891013385 0.05698924731182796 0.03824091778202677
0 0.12903225806451613 0.04875717017208413 0.046236559139784944 0.09751434034416825
0 0.5756473870957821 0.20944269513133465 0.09009585393026061 0.20970185546677966
0 0.44995763049781223 0.1197284367472263 0.1068872394910985 0.17031336333755365
0 0.4018817204301075 0.1534416826003824 0.044623655913978495 0.1615678776290631
0 0.7645161290322581 0.35372848948374763 0.08817204301075268 0.09177820267686425
0 0.9647849462365592 0.3298279158699809 0.06612903225806452 0.13957934990439771
0 0.9900537634408603 0.3561185468451243 0.01989247311827957 0.0869980879541109
0 0.5790322580645161 0.3632887189292543 0.07849462365591398 0.07265774378585087
0 0.6365591397849463 0.35372848948374763 0.06989247311827956 0.09177820267686425
0 0.6951612903225807 0.3580305927342256 0.07849462365591398 0.08317399617590822
0 0.23172076162367844 0.6191979854939714 0.05975643708933926 0.12670770967908762
0 0.185870325232067 0.6239969522898926 0.0704622030438332 0.12360041835071145
0 0.0239247311827957 0.5339388145315488 0.0478494623655914 0.12715105162523901
0 0.1789868884209969 0.7704060590923287 0.05951244155808444 0.10185111312077022
0 0.23623692905788807 0.7511529873880016 0.05565243513422756 0.14611506215690098
0 0.3018859941326812 0.7398885144261715 0.06452007121868016 0.11981229665015196
0 0.3135081038936521 0.8027886268566509 0.05470188521119448 0.10396641142695254
0 0.3626344086021505 0.777246653919694 0.03387096774193549 0.10707456978967496
0 0.3685483870967742 0.8546845124282982 0.02204301075268817 0.09177820267686425
0 0.012365591397849462 0.9244741873804971 0.024731182795698924 0.0841300191204589
0 0.05994623655913978 0.9665391969407265 0.05 0.06692160611854685
0 0.0748559541932342 0.9355731081223411 0.0567304250799758 0.0918726778266694
0 0.03593043457315406 0.9075624161779181 0.056683502862426724 0.08709256310391605
0 0.17774331014955544 0.8351228752277582 0.06593590113078085 0.09998673832374448
0 0.2851615207342901 0.9501541901208108 0.037913220778900525 0.0889452368865092
0 0.35134408602150535 0.9765774378585086 0.05 0.04684512428298279
0 0.07105314397216268 0.6848859937257686 0.057737281664067656 0.13975746622392166
0 0.10956030582072415 0.7796510094493009 0.04784402010850377 0.11626339744431666
0 0.6982560460812081 0.8773835526291601 0.09314607708373138 0.13762959986896092
0 0.8861250657711035 0.9304748944748078 0.06878360871345825 0.1166573342297002
0 0.3895161290322581 0.4980879541108987 0.01989247311827957 0.14340344168260039
0 0.39005376344086023 0.6042065009560229 0.020967741935483872 0.13575525812619502
0 0.40053763440860213 0.6964627151051626 0.041935483870967745 0.12715105162523901
0 0.45413792905888023 0.726767036459258 0.06934939645258967 0.11960904423307099
0 0.4191045113796084 0.7671358205962455 0.0675112665825482 0.09641357005469836
0 0.39059139784946234 0.9488527724665392 0.02204301075268817 0.1022944550669216
0 0.5529569892473118 0.987093690248566 0.0521505376344086 0.02581261950286807
0 0.6381720430107527 0.9880497131931166 0.07634408602150537 0.02390057361376673
0 0.9897849462365591 0.890057361376673 0.02043010752688172 0.1089866156787763
0 0.8690860215053764 0.9789674952198852 0.05860215053763441 0.04206500956022945
0 0.4176095242266135 0.8609276953707516 0.06334157352286812 0.10912876192065704
0 0.396505376344086 0.8212237093690249 0.03387096774193549 0.0994263862332696