0 0.36864864864864866 0.07548076923076923 0.04216216216216216 0.15096153846153845
0 0.24600478449090674 0.231821239257309 0.057650927330714814 0.15269026123808307
0 0.2078596106470509 0.17147819630074013 0.07359080864177786 0.1733692967024277
0 0.1574507209732371 0.20117570254510533 0.055274884416096175 0.13627697252682072
0 0.13972972972972972 0.05432692307692308 0.0827027027027027 0.10865384615384616
0 0.08351351351351351 0.026923076923076925 0.07081081081081081 0.05384615384615385
0 0.04081081081081081 0.023076923076923078 0.05243243243243243 0.046153846153846156
0 0.015675675675675675 0.04375 0.03135135135135135 0.0875
0 0.027030831907074965 0.08458047577348507 0.04846128619055862 0.11107556793149512
0 0.06082719691159149 0.08466791957926739 0.04130844695620426 0.1012419950045078
0 0.08720022643599988 0.11482563661190852 0.06891421013693699 0.14631195004913364
0 0.09939945433390976 0.17436306118717504 0.04697760604603006 0.08027276972971009
0 0.11603017290785571 0.20518020978836626 0.048850852082306315 0.09955389010931073
0 0.22521148965829405 0.35382157117562457 0.06551999224490097 0.13467278621300938
0 0.26606610876618597 0.372404825920379 0.06045382784831233 0.11913711738189975
0 0.3818918918918919 0.4230769230769231 0.015675675675675675 0.16346153846153846
0 0.36108108108108106 0.4125 0.057297297297297295 0.125
0 0.3303834645536934 0.4369272637317734 0.06305588078515324 0.1115287282709779
0 0.29828398251971144 0.4518024090868073 0.07302420175783789 0.08877069580332007
0 0.29786857626004776 0.504214647098792 0.07880659183425819 0.07645531668236852
0 0.3443243243243243 0.6072115384615384 0.04864864864864865 0.06442307692307692
0 0.23108108108108108 0.6048076923076923 0.05243243243243243 0.06923076923076923
0 0.0872972972972973 0.6072115384615384 0.06108108108108108 0.06442307692307692
0 0.010810810810810811 0.6158653846153846 0.021621621621621623 0.047115384615384615
0 0.05956568520606577 0.49104379745134585 0.06692728116309914 0.0770476133858101
0 0.10185388555103876 0.46205607392436204 0.07347667375324929 0.08205671028882805
0 0.11680749688748325 0.39374245054756746 0.04768215440706313 0.13411892357586383
0 0.14885620208756728 0.42407639660111857 0.046475261118654715 0.12446997152792523
0 0.18263998587135108 0.4251253788684393 0.048499481803723814 0.1552895534459872
0 0.20849134668631802 0.4538240044924956 0.058014878830030085 0.09791613636294498
0 0.241747171150294 0.4538946645820008 0.03904563502818021 0.0934825524470916
0 0.2191819579737174 0.5253387005463002 0.07733594486142945 0.08794342707199865
0 0.06220077302312289 0.35164589610268465 0.05516120147853457 0.08629375624309782
0 0.0412007919503541 0.40678573751152297 0.04472737533873878 0.07347486563383235
0 0.14081081081081082 0.6235576923076923 0.03945945945945946 0.03173076923076923
0 0.17567567567567569 0.6302884615384615 0.03783783783783784 0.01826923076923077
0 0.17707550740291855 0.6024285227246227 0.045795875199087156 0.07254689460484809
0 0.8567556268793394 0.09185765208921452 0.10106985571324913 0.12616512687191542
0 0.848985403927147 0.231096108133243 0.07488531852434839 0.148419647851259
0 0.6741459274792312 0.2030620302132983 0.09092584960127341 0.1767909910079112
0 0.6164134481892372 0.33786337711707665 0.0913778696457177 0.12874763536354233
0 0.5710347870536816 0.18976018655821217 0.07951159214625833 0.17163084065839912
0 0.46864864864864864 0.05432692307692308 0.10702702702702703 0.10865384615384616
0 0.4209260388735854 0.3587275324641088 0.06192492677210818 0.14897837712214626
0 0.7748288923033632 0.40194079694530743 0.07126509061009012 0.16080216183731907
0 0.8297948588850569 0.3545890988926977 0.08482847705556762 0.12373853846052459
0 0.9316874287033994 0.2957084230672907 0.09217003460091291 0.14799518831058878
0 0.9246177232567085 0.17476680668377967 0.08949204238870889 0.10850497652240333
0 0.9867567567567568 0.425 0.026486486486486487 0.13653846153846153
0 0.9627923163730449 0.4188392225174418 0.053263244951759665 0.106418929070297
0 0.9635135135135136 0.4826923076923077 0.07297297297297298 0.08269230769230769
0 0.8840989555253811 0.48180698275815015 0.06614860133057059 0.1414203391600556
0 0.7765432912520958 0.5395498911011088 0.060831264470294334 0.1479832712280536
0 0.735732480441285 0.5382827205221854 0.05919706162793994 0.14697138161768372
0 0.7007856116661739 0.5641316396035259 0.06815978884394 0.12994901248670268
0 0.6686486486486487 0.5826923076923077 0.055135135135135134 0.11346153846153846
0 0.6120812514261619 0.48298015808613726 0.08953023800187394 0.15271896203689547
0 0.5737460034184142 0.5611490047399382 0.05782661247000613 0.12482242956974468
0 0.9428098323512429 0.5408647300101732 0.06412438064550155 0.11060075724199342
0 0.9057196732450687 0.5652042065340974 0.05822830763151959 0.07293292007922218
0 0.8927027027027027 0.6096153846153847 0.07621621621621621 0.05961538461538462
0 0.540050514155243 0.5326877844606326 0.047770222952192215 0.14084969280663306
0 0.5098680864546183 0.5456985958995596 0.06905260356499712 0.15688887312605682
0 0.477806574058318 0.5370076570887624 0.07463414606066082 0.1705182487503665
0 0.47486486486486484 0.583173076923077 0.0945945945945946 0.1125
0 0.40135135135135136 0.5639423076923077 0.023243243243243242 0.12788461538461537
0 0.4175675675675676 0.58125 0.055675675675675676 0.11634615384615385
0 0.6134440541208285 0.5854679228213691 0.07047247370392806 0.10022523876039599
0 0.6094594594594595 0.61875 0.05027027027027027 0.041346153846153845
0 0.8238280073286603 0.5419800047368963 0.07634338427644449 0.1359699990000903
0 0.9864864864864865 0.5846153846153846 0.02702702702702703 0.07307692307692308
0 0.8094594594594594 0.6120192307692308 0.06324324324324325 0.05480769230769231
0 0.33828353056874444 0.9482318451498808 0.0768708916452854 0.09369587412495242
0 0.1376302109925763 0.9092959950024799 0.0763303511047448 0.09367909040867521
0 0.20189189189189188 0.975 0.038378378378378375 0.05
0 0.02829701569141115 0.854918970278545 0.05245849877583187 0.0862098376617122
0 0.005945945945945946 0.8596153846153847 0.011891891891891892 0.11923076923076924
0 0.02880519927818588 0.9400654752735303 0.04760621513169974 0.08702032267675643
0 0.17324324324324325 0.9841346153846153 0.03405405405405405 0.03173076923076923
0 0.12054054054054054 0.9884615384615385 0.05837837837837838 0.023076923076923078
0 0.017297297297297298 0.9759615384615384 0.034594594594594595 0.04807692307692308
0 0.06135135135135135 0.9884615384615385 0.055675675675675676 0.023076923076923078
0 0.5629554202916034 0.8876654977461477 0.05433174481210822 0.10549095804131285
0 0.4428484799153751 0.8921125896557013 0.05044731126246252 0.09768116433506523
0 0.474790244739231 0.9306196126323292 0.044677502406774865 0.11095808191755535
0 0.625945945945946 0.9682692307692308 0.04864864864864865 0.06346153846153846
0 0.6532432432432432 0.9514423076923076 0.04162162162162162 0.09711538461538462
0 0.6270270270270271 0.9923076923076923 0.046486486486486484 0.015384615384615385
0 0.40054054054054056 0.89375 0.021621621621621623 0.09711538461538462
0 0.4016216216216216 0.9653846153846154 0.023783783783783784 0.06923076923076923
0 0.9864864864864865 0.8865384615384615 0.02702702702702703 0.08461538461538462
0 0.9490649221070748 0.8871490711680202 0.03463324215872687 0.08661751348610522
0 0.9233640839899336 0.8882749215679333 0.03677024187942349 0.08476157142813681
0 0.8968391759147984 0.9523815411986156 0.04427490334332745 0.08018885114832458
0 0.8605405405405405 0.9682692307692308 0.04540540540540541 0.06346153846153846
0 0.7972972972972973 0.9822115384615384 0.06378378378378378 0.035576923076923075