0 0.033576642335766425 0.03506493506493506 0.06715328467153285 0.07012987012987013
0 0.11750337154955508 0.0745803458571102 0.07751873949360348 0.14752836267227273
0 0.07985855094114871 0.3193731820402656 0.08174963059019505 0.13870956347350713
0 0.249785681070024 0.3445658852583364 0.08642091777769996 0.06764380523446036
0 0.23764179163220328 0.18281779435365172 0.06617972668471034 0.16758195707244436
0 0.26724521572764887 0.2505295995352384 0.06566999772286765 0.13641312590361318
0 0.2930656934306569 0.30974025974025976 0.05328467153284672 0.12857142857142856
0 0.310948905109489 0.2720779220779221 0.017518248175182483 0.14155844155844155
0 0.24101361221934703 0.053906228417043595 0.08121866292160891 0.10624203100597467
0 0.26934306569343064 0.015584415584415584 0.03795620437956204 0.03116883116883117
0 0.9051094890510949 0.36883116883116884 0.08613138686131387 0.06233766233766234
0 0.9613138686131387 0.36298701298701297 0.072992700729927 0.07402597402597402
0 0.5721991887847883 0.1032899533720725 0.0905858985267378 0.18855908095975296
0 0.3361313868613139 0.07272727272727272 0.032846715328467155 0.14545454545454545
0 0.36678832116788324 0.07662337662337662 0.08686131386861314 0.15324675324675324
0 0.4083941605839416 0.06948051948051948 0.09562043795620438 0.13896103896103895
0 0.48503649635036494 0.025974025974025976 0.09854014598540146 0.05194805194805195
0 0.504014598540146 0.07012987012987013 0.06350364963503649 0.14025974025974025
0 0.7428048604157921 0.2369922425047376 0.10453946649239776 0.19461556747967915
0 0.7055768717818415 0.12750348577791903 0.08520811726600043 0.12724801002864827
0 0.8079846566218727 0.22384236085602147 0.0742301624717456 0.16937952650674182
0 0.8503019927138364 0.2647638103871518 0.08771647888904979 0.1468645844552396
0 0.8937471744905258 0.2406141400371455 0.07501037787055395 0.12791178824568158
0 0.8860203219073148 0.17024308409613997 0.07112711705987988 0.1133993157165143
0 0.8046625102782118 0.13239729841930634 0.06541513324194631 0.12082871031919745
0 0.9905109489051095 0.07077922077922078 0.01897810218978102 0.1025974025974026
0 0.7678832116788321 0.07012987012987013 0.07153284671532846 0.14025974025974025
0 0.968978102189781 0.10779220779220779 0.06204379562043796 0.14025974025974025
0 0.9640431736120618 0.24989674539921328 0.07103435125488372 0.1523150030288626
0 0.9912408759124087 0.2409090909090909 0.017518248175182483 0.12077922077922078
0 0.7427007299270073 0.01818181818181818 0.07664233576642336 0.03636363636363636
0 0.022627737226277374 0.5941558441558441 0.04525547445255475 0.1987012987012987
0 0.11788321167883212 0.4409090909090909 0.09854014598540146 0.08181818181818182
0 0.2908759124087591 0.4798701298701299 0.05766423357664233 0.15974025974025974
0 0.1591240875912409 0.41623376623376623 0.06861313868613139 0.032467532467532464
0 0.92007299270073 0.9792207792207792 0.06934306569343066 0.04155844155844156
0 0.7467153284671533 0.9792207792207792 0.072992700729927 0.04155844155844156
0 0.8386861313868613 0.9376623376623376 0.07737226277372262 0.12467532467532468
0 0.6488779022483641 0.9160646081574056 0.06289896064087479 0.1453226283997598
0 0.6875912408759124 0.9266233766233766 0.06569343065693431 0.14675324675324675
0 0.7354765406580337 0.9392845421833455 0.0741530186227941 0.12007422880478313
0 0.8872262773722628 0.9279220779220779 0.06788321167883211 0.14415584415584415
0 0.7876221330047568 0.8216428058945283 0.07011327588689364 0.14058133969186043
0 0.8809214522095916 0.8301461849721933 0.07404682508907696 0.11358072231127664
0 0.9824817518248176 0.8383116883116883 0.035036496350364967 0.14935064935064934
0 0.7374164598016829 0.8345123293944381 0.06425262112175603 0.13891982520363447
0 0.7028494092269969 0.731358348390709 0.06773234650430471 0.12875697305747705
0 0.6961370119647984 0.812376697045786 0.0743229282767416 0.13046383919439353
0 0.6399062599109476 0.47916500026614506 0.07750531176488218 0.10211916886641786
0 0.7015135649294834 0.5156378778602217 0.07838390971938566 0.11125542960601753
0 0.8168526514361398 0.5091216680164605 0.061879502717189415 0.08298496606209746
0 0.7699769355547491 0.5692350581485508 0.06209188978462384 0.09597197904911044
0 0.6160583941605839 0.42337662337662335 0.06277372262773723 0.046753246753246755
0 0.7376633821221912 0.4698411260948539 0.06737128848966624 0.10667905097955495
0 0.8896513954300262 0.44804764500520533 0.04874081658580256 0.08216863638566702
0 0.9436553746168005 0.4440422723527516 0.041513073611062226 0.04150073128771152
0 0.9542767910334541 0.5350338183025609 0.06192198013067633 0.08558236865950006
0 0.9773722627737226 0.5961038961038961 0.04525547445255475 0.08311688311688312
0 0.9806569343065693 0.5155844155844156 0.03868613138686131 0.08571428571428572
0 0.6491081054991662 0.7067469408230436 0.06719356785769656 0.14039993309709808
0 0.47988294980648616 0.6574602361059629 0.05650733820715094 0.11119358144400138
0 0.3989951981010884 0.6930364254544432 0.0922525228580718 0.11211711093113863
0 0.34197080291970805 0.7162337662337662 0.04452554744525548 0.15974025974025974
0 0.42710910434914373 0.6249885932730538 0.08866660394180574 0.11578645658378958
0 0.38219735469349514 0.6264790183688232 0.06934087146610746 0.13793858544576723
0 0.8640922337075185 0.5159367464161778 0.06338183414527487 0.08567307195688122
0 0.9883211678832117 0.4688311688311688 0.02335766423357664 0.05454545454545454
0 0.9518875677072077 0.8133867368871993 0.06822083675940394 0.1586271029276068