0 0.3278087072841019 0.17518029826208142 0.07034561499016712 0.14816640025819258
0 0.14845708623841217 0.21045292704461044 0.064823110476977 0.10342560383287491
0 0.21986871336568098 0.10794923295243498 0.06829314338057761 0.10963200076886148
0 0.024594594594594593 0.2759615384615385 0.049189189189189186 0.10192307692307692
0 0.014864864864864866 0.09759615384615385 0.02972972972972973 0.06826923076923076
0 0.025555879624507893 0.1644043980892788 0.050077322775477565 0.09761220223631994
0 0.008378378378378378 0.1576923076923077 0.016756756756756756 0.0673076923076923
0 0.21594594594594593 0.03173076923076923 0.04378378378378378 0.06346153846153846
0 0.20054054054054055 0.00625 0.04 0.0125
0 0.1040779166378015 0.18513826199315658 0.053067342748010705 0.0779299217385607
0 0.17928852240961124 0.12422856279429208 0.04896980808404369 0.08311626428545038
0 0.1423730380739599 0.13713533547064746 0.05725554290940949 0.10240554944377804
0 0.16060194956745852 0.05356209065802161 0.06302386213809774 0.08501065100805888
0 0.6391891891891892 0.3230769230769231 0.0772972972972973 0.09230769230769231
0 0.6886486486486486 0.3211538461538462 0.06486486486486487 0.09615384615384616
0 0.7315428244576746 0.25907388575926743 0.04382899061572184 0.0891184232382935
0 0.7575675675675676 0.3466346153846154 0.06324324324324325 0.04519230769230769
0 0.7962162162162162 0.3418269230769231 0.06378378378378378 0.05480769230769231
0 0.8139148551974117 0.3131922371194829 0.04626710538134117 0.08275195914648743
0 0.9138996603366546 0.28558755956235693 0.06017367060609595 0.1219277627857178
0 0.5659459459459459 0.015865384615384615 0.04756756756756757 0.03173076923076923
0 0.5545366746245916 0.2830630666006091 0.0632128535217288 0.08981834331575118
0 0.6062771215760228 0.15567526883692914 0.06372696045191652 0.07554098844825953
0 0.6260067253889747 0.08922039121239697 0.05174810734019883 0.08540364634749054
0 0.6371557426347407 0.03369182894020615 0.04018133099486354 0.06471565656086874
0 0.6969724335842964 0.053354295077545924 0.05654874031798475 0.07074764124080143
0 0.7108394743103001 0.1083883107820439 0.05242477204366485 0.06158376789240695
0 0.6681745698843237 0.10167075112488765 0.03862394126032098 0.07980882783431358
0 0.7067192103135863 0.07496739281180993 0.06277063886738761 0.06489120434354381
0 0.7365340491243388 0.11136844037142464 0.04326201646482848 0.07469534631521657
0 0.78317926318972 0.09977316619533662 0.045900487280452235 0.05974789709735688
0 0.7930260920272343 0.056635312381456845 0.033192102244562635 0.064730001661103
0 0.9039143515303004 0.048866377691103254 0.03835935332323749 0.07307805860354435
0 0.790966211862433 0.17815346367426615 0.04171599139665936 0.07639984015491559
0 0.8245591521237826 0.2082973386837637 0.044380895822635685 0.07580260683234019
0 0.8282504182713318 0.25954314870635553 0.06672068470205567 0.09698627871327622
0 0.9131907537728712 0.19994494800775842 0.05135875990656329 0.0891769391658518
0 0.9127691644789182 0.13464036620105282 0.03852191109651579 0.06353553501595242
0 0.9751351351351352 0.14471153846153847 0.04972972972972973 0.09326923076923077
0 0.9518354463103582 0.10849063814653688 0.03226221427038655 0.06843043345167159
0 0.9410810810810811 0.03461538461538462 0.043243243243243246 0.06923076923076923
0 0.9113513513513514 0.011538461538461539 0.034594594594594595 0.023076923076923078
0 0.9718918918918918 0.026442307692307692 0.03783783783783784 0.052884615384615384
0 0.9556756756756757 0.007692307692307693 0.03567567567567568 0.015384615384615385
0 0.9891891891891892 0.025961538461538463 0.021621621621621623 0.051923076923076926
0 0.5979764437234556 0.2700690877962269 0.03672636703524232 0.08624815295391233
0 0.7601934511619041 0.31126745690647406 0.061224613799218494 0.06659569818324283
0 0.775162198329377 0.2760697518320591 0.05393299883510785 0.05891773559116936
0 0.9616599235654593 0.24562690077088437 0.04480804153299785 0.07299085247551755
0 0.9818918918918919 0.2620192307692308 0.036216216216216214 0.07019230769230769
0 0.9889189189189189 0.21634615384615385 0.02216216216216216 0.07115384615384615
0 0.9843243243243244 0.1860576923076923 0.03135135135135135 0.07211538461538461
0 0.8525176674302332 0.05692128723244215 0.05149488406948876 0.06528419968297554
0 0.30648648648648646 0.9600961538461539 0.08756756756756756 0.0798076923076923
0 0.3183644426853996 0.8501742612385855 0.05892632747413073 0.09019699355494858
0 0.10040752768419636 0.8169286826781055 0.05699095497232594 0.0956747802130088
0 0.035491647737428904 0.8163948667799631 0.047276294186575536 0.12210217504177151
0 0.05710523121994946 0.556867256055916 0.037278272242156345 0.07293233654795914
0 0.05783783783783784 0.3875 0.043243243243243246 0.03653846153846154
0 0.1326299656222759 0.7091425640709643 0.06061218098283142 0.10572733099514922
0 0.2581081081081081 0.3802884615384615 0.0654054054054054 0.022115384615384617
0 0.17486486486486486 0.40865384615384615 0.05675675675675676 0.07884615384615384
0 0.38054054054054054 0.40625 0.057297297297297295 0.07403846153846154
0 0.24081081081081082 0.41009615384615383 0.05783783783783784 0.08173076923076923
0 0.1292844403816718 0.5868958025002288 0.04977493656166779 0.08991989454401236
0 0.17059601540071612 0.5450992729137062 0.049045404637496126 0.08503934120852742
0 0.12705409022126904 0.5053979614530717 0.044218338049357514 0.08534513041993218
0 0.20899699719506354 0.5082268997266819 0.055656650620534785 0.07540961149290848
0 0.2329488951685345 0.4587739251984373 0.050655661592744324 0.09864660172565115
0 0.15490316680870245 0.45357039873476 0.04337541129500717 0.07757996169983196
0 0.16807649583167997 0.464045770583422 0.045186024300259905 0.08260623709090206
0 0.1980027514170305 0.449230266084224 0.04865605720386046 0.08881263402688863
0 0.21324324324324323 0.4028846153846154 0.042702702702702704 0.0673076923076923
0 0.29475976000734294 0.6005010003370311 0.09087108658672814 0.12319622598528235
0 0.2148488251995274 0.7187751326031365 0.061470176681160976 0.14123139304427967
0 0.24363730228870756 0.7052562137406609 0.05047037448671917 0.13496648018073468
0 0.7924324324324324 0.9682692307692308 0.08108108108108109 0.06346153846153846
0 0.7963853377401262 0.9205974344341841 0.08695117864001888 0.1465789382736104
0 0.9618918918918918 0.9163461538461538 0.07621621621621621 0.14423076923076922
0 0.9835135135135135 0.8192307692307692 0.032972972972972976 0.1326923076923077
0 0.7181081081081081 0.9509615384615384 0.0827027027027027 0.09807692307692308
0 0.6597297297297298 0.94375 0.07945945945945945 0.1125
0 0.6594594594594595 0.9764423076923077 0.08324324324324324 0.047115384615384615
0 0.46945945945945944 0.9519230769230769 0.06324324324324325 0.09615384615384616
0 0.5551351351351351 0.9408653846153846 0.07027027027027027 0.11826923076923077
0 0.5294594594594595 0.9807692307692307 0.0827027027027027 0.038461538461538464
0 0.5107437560635708 0.9226935797137722 0.0778753842810083 0.148224916185751
0 0.5848960100870463 0.8887069574379848 0.06247566120878968 0.139454038176788
0 0.6393431158523419 0.8583473381616624 0.07661667648266966 0.12988282438872759
0 0.631679074537378 0.8113991932522145 0.06762413906587905 0.07893563102742335
0 0.708475481709664 0.8000015522724637 0.0827402491458733 0.14888066543588466
0 0.6881881644398335 0.7769676644962434 0.0743033212136025 0.1257452264314032
0 0.8123556133240663 0.7908046549900366 0.10373436900712846 0.16318784603046596
0 0.8890877886092731 0.7948644904226938 0.07419363066102985 0.1639881818095637
0 0.9367478738130754 0.7505404780404018 0.08320148885535525 0.10590287877782437
0 0.99 0.6875 0.02 0.1076923076923077
0 0.8966343530661189 0.6789190722293995 0.08174612928461815 0.1372693428696304
0 0.8262772474928007 0.7269501211890664 0.08886011753147073 0.12675093572026566
0 0.8580594488321197 0.6925688002839153 0.05525593852052545 0.09257158174501552
0 0.8117127907861648 0.6689221985582642 0.05926651196466672 0.09885083970879473
0 0.6566305228717352 0.6190192076800403 0.061239682743197764 0.09433459151227296
0 0.6225916636784383 0.6555129306278671 0.055168977300699765 0.10403718225568442
0 0.5943946162949236 0.5917808979421988 0.06985423739272613 0.13566640025819257
0 0.6092631854373943 0.5522198392769644 0.06740105368312765 0.11429397102096853
0 0.43972972972972973 0.5552884615384616 0.03945945945945946 0.09134615384615384
0 0.43027027027027026 0.7269230769230769 0.02054054054054054 0.07692307692307693
0 0.517375249656664 0.6364973379006118 0.060661343925931095 0.09330019202294186
0 0.49386964836547376 0.8266556298884216 0.06394238544590046 0.09469889665123613
0 0.442972972972973 0.8735576923076923 0.04594594594594595 0.08557692307692308
0 0.4548648648648649 0.8788461538461538 0.06972972972972973 0.1
0 0.43675675675675674 0.9644230769230769 0.03351351351351351 0.07115384615384615
0 0.43486486486486486 0.925 0.02972972972972973 0.09038461538461538
0 0.8187640215344082 0.46881290701657524 0.053282767741994405 0.09708782994153735
0 0.7541883260781767 0.4596252449645867 0.05247763926437049 0.09028419968297553
0 0.45677775986747854 0.4915506002022187 0.04885641325386501 0.08023164890083512
0 0.4873092915475599 0.737807700874258 0.05488932041963688 0.06956751969588508
0 0.4771522901906905 0.6644244208226194 0.06232076382427884 0.09448031356785823
0 0.7028674903651174 0.6039856878607749 0.06738598473914838 0.0865550776919384
0 0.7544871339311583 0.5626119793407739 0.07012648571857721 0.08788092129243999
0 0.8393008577973428 0.5131463630022269 0.0628121414217197 0.10698031356785823
0 0.8485012857361275 0.45880509482506954 0.04786229339260997 0.06862032633458093
0 0.8841429933294608 0.49212502933035307 0.05837442226721701 0.10351280996090181
0 0.8764033554610443 0.44709996134398194 0.03962572151034373 0.036903902204045984
0 0.9249008110027881 0.4575036076914726 0.04100918880523455 0.04474193195193889
0 0.9027576738957669 0.5231498414601686 0.05280645908853281 0.11232672327056746
0 0.6655719192898453 0.5090616033393546 0.06506126480370779 0.09580615716835986
0 0.6635043787362765 0.575480618213301 0.05365704623165093 0.06557564379414602
0 0.6992215569662843 0.5377631706565443 0.047624139065879055 0.076239772999096
0 0.723793422228132 0.514009548442447 0.05360788328855125 0.07800278276635343
0 0.49697441163987716 0.5472337603700438 0.03808340071978045 0.079735966806521
0 0.4850958624699395 0.6074971539221343 0.05203542461002924 0.06535706071076806
0 0.6133208178522764 0.44208725491691425 0.051268094409131396 0.059514968913744734
0 0.6576451421766007 0.4480618591959099 0.04346237251483303 0.06611436118916295
0 0.9897297297297297 0.4985576923076923 0.02054054054054054 0.10288461538461538
0 0.8529996584168814 0.5517249333188821 0.06695883902878647 0.08936683204876116