0 0.13300029926557214 0.2136729924293528 0.08406023346779051 0.18740705538404925
0 0.0618631730504506 0.26633341900231844 0.09718127536149128 0.19393731965995722
0 0.18514246152181754 0.24445343433769273 0.07907039566345013 0.17895915514631153
0 0.21962450313119833 0.27351057938180773 0.08844905920389576 0.17915349424391638
0 0.25961046001409976 0.3740101249819296 0.09372455744539634 0.17926280998631905
0 0.3337365605144939 0.15989401907489692 0.083812136284895 0.1967894812155012
0 0.3929004630736766 0.2798439449628307 0.0903429660378308 0.16667598298491468
0 0.3388071505783558 0.3415527770432401 0.10154040990368193 0.15230512815128375
0 0.3242381263479781 0.45832976421548505 0.06289885811395926 0.12021253167735754
0 0.257200678663498 0.4863566767441007 0.09348433232285096 0.15631044678534725
0 0.43912641278323294 0.1462193764327573 0.09188305946268314 0.20947347776570788
0 0.4791910902696366 0.15396659707724425 0.041617819460726846 0.1617954070981211
0 0.473915592028136 0.39613778705636743 0.05216881594372802 0.15762004175365343
0 0.4879835873388042 0.47390396659707723 0.02403282532239156 0.10647181628392484
0 0.39965442604284257 0.4593785816781391 0.09806097433027972 0.15327609232579895
0 0.4154014089667683 0.5138948162746699 0.09201936540652789 0.11560063467678776
0 0.13397210932253578 0.3384849092569254 0.11445878992910188 0.136926870562337
0 0.18033122014283576 0.39602298646264994 0.10555360309714026 0.13361315364998178
0 0.1708725955399426 0.4918016849765538 0.09023814833538694 0.1312096699441402
0 0.19272540432936716 0.5529814263218416 0.09854232309911357 0.11782192547862486
0 0.12438156406784462 0.4713503406869803 0.060523602511190225 0.16814420978353337
0 0.08262485041871273 0.4602024719704568 0.07545555266994639 0.1924440691606293
0 0.03604923798358734 0.3721294363256785 0.07209847596717468 0.19728601252609604
0 0.012602579132473623 0.4321503131524008 0.025205158264947247 0.12734864300626306
0 0.04494813514934669 0.5053795237266453 0.08090402158581314 0.1810832763993462
0 0.235052754982415 0.6137787056367432 0.059788980070339975 0.031315240083507306
0 0.9806565064478312 0.15396659707724425 0.038686987104337635 0.12630480167014613
0 0.9900351699882767 0.5104384133611691 0.01992966002344666 0.0709812108559499
0 0.9791910902696366 0.552713987473904 0.041617819460726846 0.0720250521920668
0 0.942365857842623 0.5244747391460142 0.049762970623301324 0.09699295221717934
0 0.9051709406039625 0.4933845693008666 0.04118887954311486 0.05404970311318239
0 0.9127465679397028 0.4430858460696502 0.07449465217976484 0.10063461635674242
0 0.9780187573270809 0.47651356993736954 0.043962485345838215 0.059498956158663886
0 0.9771395076201641 0.4363256784968685 0.04572098475967175 0.06471816283924843
0 0.9844665885111371 0.4034446764091858 0.031066822977725676 0.06993736951983298
0 0.857292315033429 0.2306102076121662 0.07284884252872542 0.1037297017842923
0 0.8038118226968687 0.26044544036020895 0.06672423503609407 0.09630135049547078
0 0.7890794968999613 0.1933727442462744 0.060554192228847885 0.12016394690295633
0 0.6055099648300117 0.05897703549060543 0.08440797186400938 0.11795407098121086
0 0.5213950762016413 0.2092901878914405 0.04279015240328253 0.09498956158663883
0 0.5609288189210824 0.2351843464729411 0.05433961263072999 0.0939585977576308
0 0.5231535756154748 0.49269311064718163 0.04630715123094959 0.08768267223382047
0 0.6955046358830829 0.4131149543195016 0.049687844114771916 0.09490526954494552
0 0.6623442817095733 0.46968923741777413 0.05231817043704363 0.08661526982401158
0 0.6680438853147675 0.5139674708475407 0.05706778311883849 0.07211080686077762
0 0.7219668153802825 0.569781885532286 0.05439989354230214 0.07935696524559441
0 0.5348521756828993 0.5538113897109592 0.044608034204945 0.06768037145070356
0 0.511137162954279 0.5610647181628392 0.022274325908558032 0.059498956158663886
0 0.5237397420867527 0.6163883089770354 0.047479484173505275 0.026096033402922755
0 0.6260491928524484 0.2761420585800437 0.05727044498711917 0.09401932872563237
0 0.6672380723955631 0.32856417175078617 0.04634381596147109 0.08336228387965794
0 0.6407103281710014 0.3249353851183319 0.04315004082522907 0.075994663558838
0 0.6102484532916859 0.3260889078536059 0.03675461849239467 0.09359421194962207
0 0.24501758499413834 0.6586638830897703 0.0668229777256741 0.05845511482254697
0 0.46688159437280186 0.7061586638830898 0.06623681125439625 0.13465553235908143
0 0.42426599503803336 0.7194726568054715 0.0694366614035021 0.13912313766346485
0 0.3019554791171983 0.8008758900159615 0.07666634739050986 0.11215330963482928
0 0.26912318318903206 0.7524590954792825 0.06011827877462886 0.12432716605382362
0 0.2951348182883939 0.656054279749478 0.06506447831184056 0.05323590814196242
0 0.17572264063213464 0.8384863718839426 0.07236052022328433 0.09015976441477247
0 0.1771286744225003 0.7716015761140584 0.06924884513217872 0.13390393098288028
0 0.09205940957868367 0.7712750915138677 0.0639812189510283 0.10145982620805401
0 0.028722157092614303 0.7421711899791231 0.05744431418522861 0.1022964509394572
0 0.27960140679953105 0.9613778705636743 0.059788980070339975 0.07724425887265135
0 0.3429073856975381 0.9848643006263048 0.04806565064478312 0.030271398747390398
0 0.4727432590855803 0.965553235908142 0.05451348182883939 0.06889352818371608
0 0.42907385697538103 0.9786012526096033 0.05627198124267292 0.04279749478079332
0 0.38840367480202637 0.8069192095775947 0.05356562988812873 0.08872724488344588
0 0.318949921492209 0.8574555148975256 0.06451497657108422 0.08373881588126701
0 0.007033997655334115 0.6852818371607515 0.01406799531066823 0.09498956158663883
0 0.07033997655334115 0.9864300626304802 0.05744431418522861 0.027139874739039668
0 0.017584994138335287 0.9864300626304802 0.035169988276670575 0.027139874739039668
0 0.1283704572098476 0.9869519832985386 0.053927315357561546 0.026096033402922755
0 0.111957796014068 0.971294363256785 0.06213364595545135 0.05741127348643006
0 0.17878077373974208 0.9848643006263048 0.053927315357561546 0.030271398747390398
0 0.11158588484825767 0.8737655158941753 0.05330268710827579 0.08142035553062751
0 0.6096131301289566 0.657098121085595 0.06916764361078546 0.055323590814196244
0 0.8045134818288394 0.6430062630480167 0.08851113716295428 0.027139874739039668
0 0.8007033997655334 0.675365344467641 0.08206330597889801 0.0918580375782881
0 0.652989449003517 0.657098121085595 0.07151230949589683 0.055323590814196244
0 0.6822977725674091 0.673277661795407 0.08206330597889801 0.08768267223382047
0 0.7079526840331202 0.6937642046274951 0.08058169641813136 0.1070191263094469
0 0.5375146541617819 0.6623173277661796 0.06447831184056271 0.06576200417536535
0 0.5172919109026963 0.6910229645093946 0.03458382180539273 0.12317327766179541
0 0.6828697773121344 0.8525438422132227 0.05884810166623622 0.13786066484254259
0 0.7907385697538101 0.9838204592901879 0.07151230949589683 0.032359081419624215
0 0.8678194607268465 0.9775574112734864 0.05451348182883939 0.04488517745302714
0 0.9185228604923799 0.9577244258872651 0.0738569753810082 0.08455114822546973
0 0.7787221570926143 0.954070981210856 0.0615474794841735 0.0918580375782881
0 0.9742086752637749 0.7406054279749478 0.05158264947245018 0.1409185803757829
0 0.8267878077373975 0.9592901878914405 0.06623681125439625 0.081419624217119
0 0.9428608117494687 0.8560357298052848 0.049018679074614546 0.12514022971153507
0 0.9579888995017701 0.8118482271707661 0.05456499215631818 0.10022164577433225
0 0.7652790246397649 0.8278545733274084 0.05848731472054661 0.1441115666656437
0 0.7195169898575249 0.8032096444029669 0.06193705910003437 0.10976197212258808
0 0.6194882226437265 0.8925081260423813 0.06482245614180876 0.14111365078689622
0 0.9577960140679953 0.6524008350730689 0.06447831184056271 0.04592901878914405
0 0.8494397978446219 0.7540318844824977 0.05246842345410231 0.09079063516847921
0 0.8886452477101865 0.7594872106247793 0.05618808415005032 0.11277203419493591
0 0.9193250793166116 0.7562399321204715 0.06395850129372083 0.1171053000562073
0 0.5140679953106683 0.9665970772442589 0.02813599062133646 0.06680584551148225
0 0.89302575212407 0.8241628617864267 0.05288161925101406 0.10227288986576523