0 0.06313868613138686 0.33506493506493507 0.12627737226277372 0.22857142857142856
0 0.07030784396976363 0.15810717150391643 0.12198984637066099 0.21688076125214015
0 0.1747363888130253 0.19552813746332037 0.10138391822818973 0.2628227613745065
0 0.25315254675257154 0.18526186301002578 0.13737031514190054 0.24902332394112509
0 0.16423357664233576 0.07792207792207792 0.11532846715328467 0.15584415584415584
0 0.2605839416058394 0.07012987012987013 0.14890510948905109 0.14025974025974025
0 0.3605839416058394 0.2558441558441558 0.042335766423357665 0.13506493506493505
0 0.4164832471802325 0.24705408204390722 0.0883092007989848 0.1521411493103989
0 0.4689820190913709 0.14381645418478278 0.08036398968773852 0.12632960822564676
0 0.46094890510948905 0.4077922077922078 0.0781021897810219 0.08311688311688312
0 0.5164233576642335 0.4103896103896104 0.08394160583941605 0.07792207792207792
0 0.6277372262773723 0.4116883116883117 0.06715328467153285 0.07532467532467532
0 0.5962182401832284 0.36523148610005013 0.07155487652785168 0.15082655286741686
0 0.5523556322246015 0.3468377308728831 0.09014302067783528 0.16665410687799864
0 0.5458652978586701 0.2754171070164521 0.08993903929733418 0.158861899085791
0 0.6157463303579902 0.17464736496950675 0.08937909677378592 0.16524178393835467
0 0.5752044033746194 0.09882669849712561 0.07381265134325003 0.15376482038764766
0 0.5266423357664234 0.06038961038961039 0.08248175182481751 0.12077922077922078
0 0.7571451695750586 0.24382234326222485 0.08936310459824026 0.19240088957013915
0 0.8335534980606849 0.3657963579945772 0.06031800406881568 0.16589172349544945
0 0.8773722627737226 0.37792207792207794 0.07007299270072993 0.14285714285714285
0 0.9159242568346494 0.37108211992939233 0.05138688295181446 0.10241784474835965
0 0.9566581981142944 0.30071764785324046 0.0604699838313619 0.1439274230584703
0 0.891995689266127 0.20213674054953656 0.07240278640094708 0.12767717277267895
0 0.9742214580924887 0.22684621114439968 0.027519265266984977 0.07930143275767187
0 0.8948905109489051 0.05649350649350649 0.058394160583941604 0.11298701298701298
0 0.9332116788321168 0.05389610389610389 0.060583941605839416 0.10779220779220779
0 0.8558394160583942 0.05714285714285714 0.0708029197080292 0.11428571428571428
0 0.8237226277372263 0.012337662337662338 0.059124087591240874 0.024675324675324677
0 0.7667883211678832 0.022727272727272728 0.06350364963503649 0.045454545454545456
0 0.7058394160583942 0.011688311688311689 0.051094890510948905 0.023376623376623377
0 0.743065693430657 0.033116883116883114 0.07007299270072993 0.06623376623376623
0 0.6733576642335767 0.016883116883116882 0.060583941605839416 0.033766233766233764
0 0.9733576642335766 0.046103896103896105 0.040145985401459854 0.09220779220779221
0 0.18832116788321168 0.522077922077922 0.10364963503649635 0.14545454545454545
0 0.30802919708029197 0.7077922077922078 0.06277372262773723 0.18441558441558442
0 0.30875912408759126 0.4876623376623377 0.061313868613138686 0.07662337662337662
0 0.3164233576642336 0.5831168831168831 0.04598540145985401 0.15064935064935064
0 0.5390389114268267 0.8810902414914495 0.1316648741248478 0.19769224344611805
0 0.6897810218978102 0.9402597402597402 0.09927007299270073 0.11948051948051948
0 0.7934944633518954 0.852475249841388 0.08319971174788991 0.15134579782379956
0 0.8551094890510949 0.9383116883116883 0.0854014598540146 0.12337662337662338
0 0.8445255474452554 0.9707792207792207 0.08759124087591241 0.05844155844155844
0 0.9666471399321414 0.8610907741908258 0.04010002142048287 0.14334341970947556
0 0.7242723993427496 0.8031069386232251 0.098478189828879 0.17959225661668074
0 0.7716946728267137 0.7271744172331339 0.07461057214404951 0.15647584462599298
0 0.7223316115043646 0.7245110784276312 0.0896330672265826 0.14717358739747916
0 0.8493739139440174 0.6756337553237546 0.06664936885725807 0.15782340917302531
0 0.8183040396071621 0.5989853581684683 0.0728447460586994 0.14456028965579582
0 0.8862082207308235 0.7125825728518741 0.06182784715571014 0.14025856244425175
0 0.9231285260323346 0.7184761808521051 0.061453881291458026 0.12597284815853746
0 0.6817518248175183 0.5097402597402597 0.07883211678832117 0.12077922077922078
0 0.7583941605839416 0.5006493506493507 0.061313868613138686 0.1025974025974026
0 0.843065693430657 0.4805194805194805 0.06423357664233577 0.06233766233766234
0 0.9014598540145985 0.4662337662337662 0.06277372262773723 0.033766233766233764
0 0.7314187374752308 0.5717676749929799 0.07827619935609134 0.12988484719892224
0 0.7234715138183254 0.6531961286400023 0.10423160737256801 0.14944602021633438
0 0.8021897810218979 0.4636363636363636 0.06715328467153285 0.02857142857142857
0 0.5142335766423358 0.525974025974026 0.11897810218978103 0.15324675324675324
0 0.5693430656934306 0.4681818181818182 0.06423357664233577 0.03766233766233766
0 0.6733576642335767 0.4779220779220779 0.09854014598540146 0.05714285714285714