0 0.42113255208668626 0.4038842763873457 0.06627317556409537 0.08480694960458465
0 0.5446968779836646 0.27295082105324675 0.05804935504329398 0.11175248524601948
0 0.432431496827898 0.15329591731123998 0.06819185321188563 0.11613433588169232
0 0.3450126034905212 0.1358406606166424 0.07447076120052938 0.09853478749090824
0 0.13939808905682857 0.2447369620828205 0.06049159996829531 0.10033096151673504
0 0.04153257356885113 0.4497288600667731 0.07947101224527169 0.10593884639252903
0 0.021688159437280186 0.331419624217119 0.04337631887456037 0.1325678496868476
0 0.05663423987578898 0.35044283685641786 0.05082894426963575 0.12098915675426768
0 0.5800117233294255 0.15918580375782881 0.019343493552168817 0.09707724425887265
0 0.5726846424384525 0.060542797494780795 0.03399765533411489 0.07515657620041753
0 0.5653575615474795 0.019311064718162838 0.04865181711606096 0.038622129436325675
0 0.07844586712135769 0.2643323653803273 0.051823609055323114 0.11683808379700077
0 0.039150505026133674 0.26299664974104886 0.04639667754132172 0.07188002918237192
0 0.0374579389391878 0.19569317594870878 0.04572167699160972 0.06978020031653774
0 0.06389733710881947 0.17016801364500006 0.05742751649425485 0.09713870654038273
0 0.12267784271935041 0.12706188789766207 0.03881218549247092 0.08632376117760455
0 0.08480785224383179 0.11793380081830777 0.041156851377582356 0.08637234595200576
0 0.11319618931038004 0.041867357068130974 0.05919476086954418 0.08361735394526411
0 0.021395076201641265 0.032359081419624215 0.04279015240328253 0.06471816283924843
0 0.1515240328253224 0.0255741127348643 0.07444314185228605 0.0511482254697286
0 0.05536121284962257 0.052141065502187396 0.05522484668825058 0.08666385459841279
0 0.35235648207246784 0.040044108469092406 0.0630314239331866 0.07743932928376471
0 0.3115474794841735 0.021920668058455117 0.06506447831184056 0.04384133611691023
0 0.4764020349032542 0.07181629343962817 0.062214427304367555 0.0857657675854995
0 0.7409144196951934 0.5480167014613778 0.05744431418522861 0.1022964509394572
0 0.784122634633148 0.5059991226682838 0.06320909209005506 0.08161469462823236
0 0.8395015564947824 0.45865082751167663 0.04262261367174595 0.12081911004386368
0 0.8786949670693887 0.4782355472426005 0.0534401123900496 0.12730078954537058
0 0.898307604757743 0.30603853102086553 0.040890349142279805 0.0801092979353043
0 0.9912075029308324 0.30532359081419624 0.017584994138335287 0.0824634655532359
0 0.9456732774054538 0.02908158049933893 0.04059691979067197 0.04568682623064675
0 0.8628060922399204 0.015370864933152708 0.03935324269259384 0.016459268819373263
0 0.9515137719465305 0.1319303175908553 0.04332384910582534 0.08224556538193921
0 0.9742315760153214 0.07399748909312112 0.0397624332389412 0.08112884688422052
0 0.8722964906103464 0.08700760458676433 0.05321733496202623 0.05324878564907135
0 0.861904980129364 0.0492471235825511 0.06453216607317357 0.057654928671944654
0 0.8171251520387378 0.02224619875640621 0.04164474657703227 0.02902180343357708
0 0.7883367155032669 0.054501671873673586 0.04099667314362569 0.055081398255698945
0 0.7737411265506285 0.13815436742947562 0.03589884305899343 0.05914744785776392
0 0.7854728548216722 0.09042310151770475 0.0471335850531624 0.047908117032483835
0 0.8021345283298427 0.1241418253070536 0.04357216918627826 0.04679139853476514
0 0.81798795017065 0.1526291962222176 0.0425687594391351 0.06450026266795174
0 0.807318896707995 0.33544074561232606 0.05225834225410015 0.07200149111837482
0 0.8495323198333934 0.3915902775913425 0.054283343903236164 0.07830097771587714
0 0.7932519397452338 0.43839843278949076 0.06122850748013612 0.07635904936684695
0 0.7717986368302536 0.38841514493512774 0.05370592239341412 0.06473104034635731
0 0.7383070588504383 0.37207733805175736 0.049540850132340476 0.09071775800687752
0 0.6771741807412471 0.5319418660241855 0.05264935064559798 0.0949538543193465
0 0.6868586988435463 0.4773891928468539 0.057045253064212854 0.06062855216349148
0 0.6881450624009967 0.3355785985549578 0.04676075881651416 0.06667296869538762
0 0.6786415465883868 0.2842785456652255 0.03882093045392681 0.07276597000168496
0 0.700429234734502 0.025564160481789933 0.038305415906233535 0.03312429161644293
0 0.9237283990422338 0.11206052796707883 0.04568600491384843 0.055178567804501304
0 0.9923798358733881 0.14718162839248433 0.015240328253223915 0.08350730688935282
0 0.6436700505243171 0.15058146563030458 0.0472049292086849 0.07711138205655672
0 0.6277587480861402 0.10697054153504566 0.04275517255745922 0.05511783683649985
0 0.5978898007033998 0.031837160751565764 0.016412661195779603 0.04488517745302714
0 0.6225913044258303 0.25391531915232424 0.04523308956022183 0.05829794561925173
0 0.6522280371871537 0.23471393583331837 0.04139642649657942 0.06447597028075114
0 0.6895536363297284 0.42373460668243557 0.044274096852295684 0.07705065108855527
0 0.6908009936765966 0.3773504712900347 0.04978917021279333 0.05526359115970342
0 0.6371629542790153 0.581419624217119 0.04220398593200469 0.03549060542797495
0 0.8516050726545675 0.2889055141134301 0.041565349691991944 0.08220912680113836
0 0.3701641266119578 0.982776617954071 0.08968347010550996 0.03444676409185804
0 0.57063305978898 0.8481210855949896 0.038100820633059786 0.09707724425887265
0 0.5814771395076201 0.778705636743215 0.016412661195779603 0.05845511482254697
0 0.39568907613974913 0.6940839483646928 0.06082000916572646 0.08052226851771423
0 0.4522497681373331 0.7020349516350812 0.05883942455580753 0.07526662325632882
0 0.2015175792221892 0.74846401523434 0.06538552701169187 0.13276292009796095
0 0.12682542505751232 0.7135428182785617 0.050109526680706666 0.11784548655231682
0 0.06684600550408933 0.7628816265586004 0.05473625925686276 0.07518159990112677
0 0.07913247362250879 0.9838204592901879 0.08675263774912075 0.032359081419624215
0 0.015826494724501757 0.7453027139874739 0.031652989449003514 0.10855949895615867
0 0.06549059357603046 0.6622116685913201 0.05889258655648054 0.06275267341652627
0 0.08909730363423213 0.6189979123173278 0.04689331770222743 0.03966597077244259
0 0.5741500586166471 0.7098121085594989 0.031066822977725676 0.07515657620041753
0 0.5814771395076201 0.6383089770354906 0.016412661195779603 0.06993736951983298
0 0.5331184056271981 0.6080375782881002 0.0627198124267292 0.017745302713987474
0 0.011430246189917937 0.6497912317327766 0.022860492379835874 0.0824634655532359
0 0.035059072705496595 0.690261410880119 0.05280009168616091 0.07096979597585829
0 0.03985932004689332 0.6163883089770354 0.0668229777256741 0.03444676409185804
0 0.5055685814771395 0.6409185803757829 0.029894490035169988 0.08350730688935282
0 0.8373388042203986 0.9853862212943633 0.06389214536928488 0.029227557411273485
0 0.6796466869153748 0.9286549120608188 0.05653043074845745 0.08981967099396412
0 0.8025188684556986 0.857153608820582 0.06911517384205043 0.08277999790035229
0 0.7113962170563614 0.8145915021879773 0.04656560073673412 0.08961318570275904
0 0.7579604333292197 0.7665390934593073 0.04499351444122471 0.08019432129050624
0 0.6756710157894774 0.8008147138704981 0.04373234742023499 0.07808234623107181
0 0.6840562719812426 0.6315240083507306 0.04806565064478312 0.06471816283924843
0 0.6151817116060961 0.6263048016701461 0.03927315357561548 0.054279749478079335
0 0.9704491133002587 0.6609139972278832 0.03572117490212524 0.05497208251329628
0 0.9516370206657188 0.9551493533232944 0.055278008688923394 0.07414990475861011
0 0.9862250879249707 0.8663883089770354 0.027549824150058615 0.07933194154488518
0 0.9475906976162367 0.8669386873246154 0.052036257058014616 0.06678228443779027