0 0.3189975247524752 0.38076923076923075 0.07487623762376237 0.038461538461538464
0 0.5204207920792079 0.0478021978021978 0.0655940594059406 0.0956043956043956
0 0.1745049504950495 0.02197802197802198 0.053217821782178217 0.04395604395604396
0 0.024443069306930694 0.24065934065934066 0.04888613861386139 0.16483516483516483
0 0.7512376237623762 0.3708791208791209 0.07178217821782178 0.05824175824175824
0 0.7976485148514851 0.3269230769230769 0.07920792079207921 0.14615384615384616
0 0.8139372876266081 0.22911979825976644 0.0831948456869842 0.1456297002924727
0 0.9144260300716663 0.18089844473488548 0.08608008977695746 0.11411367233519565
0 0.9709158415841584 0.22967032967032966 0.05816831683168317 0.16263736263736264
0 0.9206029145527649 0.27627766228485123 0.05340546905231259 0.12906268956145392
0 0.8778400899975534 0.2910268061447567 0.054081885158595494 0.1379243191348337
0 0.693045537653395 0.3241353217106977 0.062176843310998556 0.14653209699536365
0 0.6383044554455446 0.33791208791208793 0.058787128712871284 0.12417582417582418
0 0.6120049504950495 0.3208791208791209 0.04455445544554455 0.15164835164835164
0 0.6576620857781293 0.2507471996040854 0.10278801056903653 0.11601503345381124
0 0.668527513108894 0.1968027935599265 0.09158459195441904 0.10485734948462433
0 0.6002475247524752 0.21923076923076923 0.02103960396039604 0.11318681318681319
0 0.6263733499505318 0.07147725770102736 0.04075561135935167 0.08589603215979315
0 0.6768929246050052 0.05255115076728166 0.054981084098541556 0.08641680905082393
0 0.729269801980198 0.04230769230769231 0.04393564356435643 0.08461538461538462
0 0.7908415841584159 0.026373626373626374 0.055693069306930694 0.05274725274725275
0 0.7762480174070935 0.08297164659600029 0.049505384033627094 0.10006873629699964
0 0.8065517982649694 0.0822682810168764 0.06062959683873954 0.09913850817827459
0 0.8515882555571027 0.09800668479751785 0.04894417637753334 0.10878952430603746
0 0.9158415841584159 0.01978021978021978 0.04579207920792079 0.03956043956043956
0 0.8613861386138614 0.03131868131868132 0.07301980198019802 0.06263736263736264
0 0.5500620395346567 0.8538446331584945 0.06939377056928865 0.11550901451328323
0 0.49139055281055183 0.7485171161589937 0.09884515592010738 0.174862747319274
0 0.5559270016575364 0.7137208273406873 0.05963679103301487 0.13636030397657012
0 0.5744191360425231 0.7698147517262315 0.02196127156190754 0.143053647253153
0 0.4430014674074192 0.6310386452646614 0.07562509254999064 0.12280662892839955
0 0.41177623571732036 0.7251838146414639 0.06989780753886549 0.19243209143636014
0 0.3350901491135942 0.7739906713494666 0.08563409057105256 0.1404168779266511
0 0.3356797253436576 0.8727509286862235 0.06907738086984619 0.16159243988495842
0 0.2406817343276536 0.7907737966744927 0.06489690879240274 0.18417641748668492
0 0.15634668877742885 0.8744916368344807 0.10863093756892842 0.1584070622515915
0 0.18637749987397212 0.7738939024286132 0.08879295473022465 0.15065909172761585
0 0.11929783202351295 0.7249763610918403 0.07355307460089942 0.1840634073381772
0 0.12966707322070417 0.605203520286872 0.08504408080241184 0.14474206154008454
0 0.31980051559517775 0.6066260528462275 0.07515029123153864 0.14471423012425044
0 0.37307637514102804 0.4973435830649934 0.07198422654423013 0.1333731152243847
0 0.038675742574257425 0.6604395604395604 0.07735148514851485 0.13846153846153847
0 0.028465346534653466 0.7796703296703297 0.05693069306930693 0.14175824175824175
0 0.038366336633663366 0.46923076923076923 0.07673267326732673 0.13846153846153847
0 0.02599009900990099 0.4489010989010989 0.05198019801980198 0.0978021978021978
0 0.15594059405940594 0.46813186813186813 0.10272277227722772 0.13626373626373625
0 0.24288366336633663 0.4747252747252747 0.06621287128712872 0.14945054945054945
0 0.3001237623762376 0.43241758241758244 0.08663366336633663 0.06483516483516484
0 0.43719059405940597 0.4340659340659341 0.053836633663366336 0.06813186813186813
0 0.17574257425742573 0.421978021978022 0.09034653465346534 0.04395604395604396
0 0.9854579207920792 0.65 0.029084158415841586 0.08681318681318681
0 0.9287804620094526 0.7164257293401304 0.07286182389976566 0.0785689018436717
0 0.8334467793579321 0.8744176458739477 0.05463589228655226 0.12810463002689465
0 0.8101085575814242 0.802953021811705 0.05401708040536415 0.12803420924472367
0 0.8693815051742413 0.7693047601913023 0.057082337698757486 0.12399070875997414
0 0.7140309208834762 0.7913759809118154 0.05321105479261896 0.09939235989112426
0 0.667752589257032 0.9179804798299519 0.05943517624518418 0.10559107320733936
0 0.6437055489976259 0.8603225402861439 0.040180002646984396 0.09241901797102871
0 0.6178950296525676 0.9302427593881201 0.053865869314491104 0.1049572861678006
0 0.5956064356435643 0.9181318681318681 0.011757425742574257 0.12197802197802197
0 0.674970383592477 0.7601334148653851 0.055161097301961816 0.11388933652335134
0 0.944063978846176 0.6488015646339615 0.06917775472518434 0.08254198154625025
0 0.9071330637293624 0.6700245682061002 0.04893697584939663 0.10769062320713636
0 0.6463490099009901 0.42142857142857143 0.037747524752475246 0.04285714285714286
0 0.6943988034045377 0.6261526595321246 0.04445408159020676 0.0841207546550166
0 0.7121247318508205 0.6576269403656507 0.03825156172205195 0.08121874463550492
0 0.7513474977941866 0.6169266948251445 0.04007919525306905 0.07703440258641332
0 0.8208492762855274 0.48493416382834476 0.056722311291916974 0.0690456538149192
0 0.8019606793144386 0.5837148736056844 0.03938837809051287 0.06597497081523147