0 0.3745072273324573 0.5835280373831776 0.10249671484888305 0.21144859813084113
0 0.21317732144218154 0.5667538014712011 0.12937663286656204 0.1889675709427299
0 0.14348798309140062 0.45962278441124477 0.11166860436095086 0.2084721025322894
0 0.06432262785375684 0.37326054760538874 0.11136894326584597 0.17932090597685466
0 0.015111695137976347 0.36039719626168226 0.030223390275952694 0.16238317757009346
0 0.5962549277266754 0.6127336448598131 0.0873850197109067 0.15070093457943926
0 0.48467183372191014 0.45350825753434887 0.09864928297817824 0.19108315484256136
0 0.3964419921413918 0.3704730528784128 0.10622750443694319 0.18239029150444575
0 0.44420768661244026 0.32840901215537677 0.10932779741700925 0.15701582245221038
0 0.48493414682648783 0.3014902738759166 0.08180906334009717 0.15706701235991424
0 0.5420987097707778 0.35632164157718377 0.09325941096053758 0.12655876378796013
0 0.5645071794365714 0.5003141009355824 0.1181370638902613 0.16590073452127685
0 0.6254927726675427 0.5367990654205608 0.02890932982917214 0.14369158878504673
0 0.5936268068331143 0.4614485981308411 0.09264126149802891 0.1308411214953271
0 0.6225361366622865 0.3942757009345794 0.03482260183968462 0.15771028037383178
0 0.5371222076215506 0.03271028037383177 0.06110381077529566 0.06542056074766354
0 0.45630749014454663 0.016939252336448597 0.10052562417871222 0.03387850467289719
0 0.10051082460065985 0.2778102496063992 0.10357407614426946 0.14139361919475474
0 0.11207628173339063 0.19080635529337403 0.08830931039533389 0.13546927081087834
0 0.04073140757050686 0.1231501152562391 0.07500267506294198 0.1693189595164269
0 0.011169513797634692 0.07885514018691589 0.022339027595269383 0.15771028037383178
0 0.044349540078843626 0.035630841121495324 0.08081471747700394 0.07126168224299065
0 0.10578186596583443 0.06074766355140187 0.0735873850197109 0.12149532710280374
0 0.1573587385019711 0.02511682242990654 0.07293035479632064 0.05023364485981308
0 0.15310918972342752 0.11323309276816995 0.06739914620506449 0.1372327942296541
0 0.19369492647200134 0.1620312902431595 0.07643801859475555 0.1531270520931128
0 0.306927250684754 0.1982047166469738 0.10274453492947923 0.19608251756602693
0 0.3777143103735748 0.19882408679084865 0.10050557069012979 0.18774171470896706
0 0.4095134610927439 0.16941846462658167 0.09789041005019579 0.1479132666983416
0 0.42527277281796094 0.14043211134149702 0.11258116100803435 0.1363142505962366
0 0.4325704670079909 0.1031721635974792 0.1082563031402945 0.1243055420783786
0 0.20302233902759526 0.035630841121495324 0.06438896189224705 0.07126168224299065
0 0.24342969776609724 0.06074766355140187 0.09395532194480946 0.12149532710280374
0 0.2524994380195019 0.1069007490523496 0.09209842112471629 0.13112283914182046
0 0.2790037727447382 0.13589193385767928 0.10275749518310634 0.15647171324020392
0 0.588042049934297 0.05023364485981308 0.06964520367936924 0.10046728971962617
0 0.6139947437582128 0.102803738317757 0.0519053876478318 0.09813084112149532
0 0.7971694803128728 0.363927896998035 0.0819238662983166 0.16057168525711063
0 0.65473061760841 0.17932242990654207 0.02956636005256242 0.11799065420560748
0 0.781274217955943 0.15872689176477747 0.08441187683454562 0.1165056274198284
0 0.6850643445628918 0.07211819530677026 0.06014002622184532 0.11566064763447007
0 0.742772667542707 0.04672897196261682 0.05716162943495401 0.09345794392523364
0 0.657030223390276 0.0455607476635514 0.03416557161629435 0.0911214953271028
0 0.985873850197109 0.029789719626168224 0.028252299605781867 0.05957943925233645
0 0.9346389341030638 0.3298750591684192 0.0682222072930412 0.10234929802129328
0 0.9829172141918529 0.2546728971962617 0.03416557161629435 0.102803738317757
0 0.941665821214579 0.23433992377413196 0.06397388473078118 0.09267703810156616
0 0.5946123521681997 0.9824766355140186 0.05387647831800263 0.035046728971962614
0 0.49770039421813406 0.9415887850467289 0.08607095926412615 0.11682242990654206
0 0.3823915900131406 0.9170560747663551 0.06964520367936924 0.1658878504672897
0 0.5051178387228427 0.8540347723800086 0.08097365510663505 0.11156067561756348
0 0.6146517739816032 0.7523364485981309 0.05059132720105125 0.08878504672897196
0 0.4078296843721925 0.8145215163493482 0.05384407768393465 0.10348870635301011
0 0.402431011826544 0.6997663551401869 0.07030223390275953 0.02102803738317757
0 0.23587385019710908 0.9299065420560748 0.07095926412614981 0.14018691588785046
0 0.1514454664914586 0.9544392523364486 0.0821287779237845 0.0911214953271028
0 0.06110381077529566 0.9614485981308412 0.0683311432325887 0.07710280373831775
0 0.01445466491458607 0.9713785046728972 0.02890932982917214 0.05724299065420561
0 0.01478318002628121 0.9351635514018691 0.02956636005256242 0.08761682242990654
0 0.03876478318002628 0.820677570093458 0.07752956636005257 0.13901869158878505
0 0.0808803063759797 0.8451159530921657 0.05525998083530745 0.1467130054184307
0 0.1186754379838837 0.858731394292191 0.05356324386112886 0.13492194058537518
0 0.15137711860584507 0.8468763420745057 0.0504694310078765 0.14049100747469911
0 0.18662097117973842 0.8026102695495921 0.058060612720268544 0.09218733981076035
0 0.17049934296977662 0.7324766355140186 0.06898817345597898 0.08644859813084112
0 0.09277427862040563 0.758139264239741 0.052383426753008534 0.07890158515143564
0 0.28641333638365163 0.7485439623356914 0.08082058449567588 0.1068877784213018
0 0.2007227332457293 0.709696261682243 0.08081471747700394 0.04088785046728972
0 0.033837056504599214 0.7003504672897196 0.06373193166885677 0.02219626168224299
0 0.006570302233902759 0.7406542056074766 0.013140604467805518 0.102803738317757
0 0.042706964520367936 0.7324766355140186 0.0657030223390276 0.08644859813084112
0 0.20466491458607097 0.727803738317757 0.054533508541392904 0.07710280373831775