0 0.2891656785452793 0.38327511295780525 0.10002995928836998 0.153856044140597
0 0.013120567375886525 0.07828282828282829 0.02624113475177305 0.15656565656565657
0 0.04680851063829787 0.06628787878787878 0.06524822695035461 0.13257575757575757
0 0.2752476242033283 0.1579925279787823 0.06092383126040833 0.14132998060266017
0 0.12482269503546099 0.023989898989898988 0.06950354609929078 0.047979797979797977
0 0.1946808510638298 0.03282828282828283 0.07588652482269503 0.06565656565656566
0 0.3754562805538489 0.2092471136939457 0.07455994178811524 0.15858186774955824
0 0.3333333333333333 0.061237373737373736 0.06950354609929078 0.12247474747474747
0 0.40921985815602835 0.05618686868686869 0.05106382978723404 0.11237373737373738
0 0.5209219858156028 0.4690656565656566 0.08156028368794327 0.041666666666666664
0 0.5113475177304965 0.04671717171717172 0.08368794326241134 0.09343434343434344
0 0.616224042919148 0.31406713943226117 0.07666284240523838 0.15618889086631968
0 0.5871090743284442 0.05877614051299422 0.08821202136831863 0.10517077607005677
0 0.601063829787234 0.017045454545454544 0.07163120567375887 0.03409090909090909
0 0.7133677888899146 0.1974806159794745 0.09540325577925884 0.11571270497778087
0 0.8943823861079567 0.27529642980409075 0.06412330514835861 0.10619690465248173
0 0.9936170212765958 0.36174242424242425 0.01276595744680851 0.09974747474747475
0 0.9556737588652482 0.03156565656565657 0.0574468085106383 0.06313131313131314
0 0.8519813379364887 0.2210796689455215 0.06605289306406682 0.0861271600924758
0 0.846466717507071 0.27385343983021826 0.07116598581522901 0.10158731840869067
0 0.44078014184397163 0.6950757575757576 0.0574468085106383 0.16792929292929293
0 0.054596192131608476 0.7315235440463549 0.08177593515640048 0.1716490491825347
0 0.14184397163120568 0.5031565656565656 0.08794326241134752 0.026515151515151516
0 0.09858156028368795 0.5618686868686869 0.07234042553191489 0.14393939393939395
0 0.03439716312056738 0.6111111111111112 0.06879432624113475 0.1388888888888889
0 0.035106382978723406 0.5359848484848485 0.07021276595744681 0.09217171717171717
0 0.500354609929078 0.7834595959595959 0.06170212765957447 0.10732323232323232
0 0.4797872340425532 0.7007575757575758 0.02056737588652482 0.1111111111111111
0 0.5280141843971631 0.5176767676767676 0.06453900709219858 0.05555555555555555
0 0.6673758865248227 0.5056818181818182 0.06099290780141844 0.03156565656565657
0 0.6049645390070922 0.5214646464646465 0.05106382978723404 0.06313131313131314
0 0.7638297872340426 0.5353535353535354 0.06666666666666667 0.09090909090909091
0 0.9790780141843972 0.5183080808080808 0.04184397163120567 0.056818181818181816
0 0.9936170212765958 0.5902777777777778 0.01276595744680851 0.06439393939393939
0 0.9797872340425532 0.6281565656565656 0.04042553191489362 0.08712121212121213
0 0.8536138183640571 0.8834855149865084 0.06962016173836816 0.1607984771101109
0 0.8886524822695036 0.9753787878787878 0.0524822695035461 0.04924242424242424
0 0.7921985815602837 0.9659090909090909 0.07659574468085106 0.06818181818181818
0 0.7577842759491977 0.8445926406135792 0.08171403776303814 0.16533591786940338
0 0.6846100303938013 0.7278558452896049 0.08762659629688749 0.117752946815648
0 0.7710048685627756 0.7092190600901186 0.07853053292758416 0.12980601499318245
0 0.5205424328994689 0.6414060687531176 0.07615528377966607 0.104421214098643
0 0.9439716312056737 0.9356060606060606 0.06382978723404255 0.12878787878787878
0 0.9320295304394757 0.8110187652411425 0.05783936225433429 0.1159010878274493
0 0.9410151679090382 0.6417967809704654 0.053472627797345795 0.10427290017978455