0 0.5292245370370371 0.41358024691358025 0.02141203703703704 0.10699588477366255
0 0.3828125 0.4254115226337449 0.07696759259259259 0.10802469135802469
0 0.316600520660747 0.19680148006568357 0.06626932546506244 0.13977044399175464
0 0.2414367204930594 0.2561003790322441 0.0722700116403173 0.11175500668857233
0 0.3188824398496461 0.3559238279534589 0.06175222801623745 0.1074818663470495
0 0.3241584544967733 0.40605860682042727 0.07166330989583837 0.09323648817005381
0 0.1730317136723737 0.26748081482392794 0.062128697805114805 0.10137495576245648
0 0.13523602944588614 0.24206266162327253 0.04748686933847121 0.11200648281372728
0 0.1144224027446362 0.2526335910142525 0.043334826455132106 0.10845856060958235
0 0.005787037037037037 0.23508230452674897 0.011574074074074073 0.11008230452674897
0 0.04778408887283296 0.2012897896206357 0.054358194866277826 0.12816379971653719
0 0.10561342592592593 0.45164609053497945 0.043402777777777776 0.05555555555555555
0 0.8944913548638903 0.09226647880939248 0.08091686154340183 0.11171513392790715
0 0.9103756648956745 0.2585513885463308 0.08750712662804848 0.15448956418097315
0 0.7953484504685215 0.2675560176032625 0.06804484984034023 0.12357325432827956
0 0.6337967515687635 0.1568150240062455 0.06348833912734857 0.1076796531117889
0 0.8555450508770983 0.29554697578411643 0.07175871924155575 0.1137466909357168
0 0.5578703703703703 0.06018518518518518 0.03587962962962963 0.12037037037037036
0 0.5642348773583739 0.2738988223009106 0.04514405648288111 0.09329017753046942
0 0.5523726851851852 0.3317901234567901 0.02488425925925926 0.08539094650205761
0 0.6694832487188138 0.2906074495531572 0.06750555940080348 0.10711234897848533
0 0.6186358793123697 0.2764133951786977 0.0625331656347675 0.11372063477480215
0 0.6622077253702064 0.37189619779822364 0.05692607208347727 0.08335781245566176
0 0.7735690450778544 0.39559565629580845 0.06099928843848274 0.11969568751623554
0 0.7973801610608838 0.3903205540501314 0.055077428791561384 0.114921171962989
0 0.7555169680910866 0.41866405892262637 0.06532556719587285 0.11096385962961472
0 0.5523726851851852 0.4418724279835391 0.02488425925925926 0.07510288065843622
0 0.9094328703703703 0.44393004115226337 0.07349537037037036 0.07098765432098765
0 0.8651620370370371 0.4655349794238683 0.056712962962962965 0.027777777777777776
0 0.8596499291052823 0.4078256596226245 0.08097856523664806 0.13119653010920798
0 0.6992955908948019 0.41891928927048405 0.053818904426740935 0.11170289436674294
0 0.265625 0.492798353909465 0.09837962962962964 0.026748971193415638
0 0.030698870610889602 0.8675671909121688 0.05388631573168296 0.11376050753546722
0 0.10391086674995567 0.9294367176748115 0.05258837810269557 0.1269372063674357
0 0.21028266985648034 0.8942565413383499 0.07839410520206487 0.1227023617479917
0 0.29532982387184525 0.9204413624756346 0.06484798044958232 0.11398435046112132
0 0.2586805555555556 0.9490740740740741 0.07407407407407407 0.10185185185185185
0 0.18981481481481483 0.9871399176954733 0.06018518518518518 0.0257201646090535
0 0.5049189814814815 0.6286008230452675 0.07002314814814815 0.14609053497942387
0 0.5147569444444444 0.7299382716049383 0.050347222222222224 0.09156378600823045
0 0.4797592156734278 0.8784183948946243 0.05974076407366203 0.11647740991998946
0 0.41728462991720705 0.9111599896519265 0.06189275823781744 0.09417330967192149
0 0.3993055555555556 0.9670781893004116 0.06481481481481481 0.06584362139917696
0 0.46585648148148145 0.9567901234567902 0.06018518518518518 0.08641975308641975
0 0.43113425925925924 0.9845679012345679 0.047453703703703706 0.030864197530864196
0 0.5205439814814815 0.8595679012345679 0.03877314814814815 0.12037037037037036
0 0.515625 0.9521604938271605 0.04861111111111111 0.09567901234567901
0 0.7754629629629629 0.5185185185185185 0.08101851851851852 0.07818930041152264
0 0.9809027777777778 0.6234567901234568 0.03819444444444445 0.14814814814814814
0 0.8870178014505633 0.6496666555043592 0.07048307204164804 0.16279976237720054
0 0.9341541552616399 0.6627460379925443 0.07116289270276478 0.16595211105186677
0 0.9655671296296297 0.7073045267489712 0.06886574074074074 0.11625514403292181
0 0.9670138888888888 0.7777777777777778 0.06597222222222222 0.09670781893004116
0 0.8052188853312183 0.7707069776131055 0.09892408766315881 0.1158165436656054
0 0.7723222059452771 0.6837451880350037 0.10292989271322213 0.1500968055574549
0 0.8385669271931157 0.6767107298062978 0.06585915002371408 0.14484854799198552
0 0.6302083333333334 0.5092592592592593 0.09722222222222222 0.059670781893004114
0 0.6488358364917749 0.590191894963745 0.07140453988175782 0.15572997412982517
0 0.7208058910834041 0.6019795437005419 0.07997827086820453 0.17105627121301228
0 0.6125578703703703 0.9789094650205762 0.06076388888888889 0.04218106995884774
0 0.6901041666666666 0.9891975308641975 0.057291666666666664 0.021604938271604937
0 0.7468171296296297 0.9547325102880658 0.07118055555555555 0.09053497942386832
0 0.8041087962962963 0.9655349794238683 0.05960648148148148 0.06893004115226338
0 0.8819444444444444 0.9547325102880658 0.06481481481481481 0.09053497942386832
0 0.9333942743194521 0.9411110562839581 0.062269228026694795 0.08806639908732848
0 0.9892939814814815 0.801954732510288 0.02141203703703704 0.1388888888888889
0 0.9814814814814815 0.9501028806584362 0.037037037037037035 0.09362139917695474
0 0.6576919779656403 0.865411472880368 0.06577515590138804 0.08949077920116931
0 0.6938495442237304 0.8264433492564773 0.05624054381066473 0.09762924679357209
0 0.6197883891346367 0.6145129471005792 0.08938376796073957 0.1413787942705845
0 0.5503472222222222 0.5833333333333334 0.020833333333333332 0.13991769547325103
0 0.5630787037037037 0.6491769547325102 0.046296296296296294 0.11522633744855967