0 0.08203991970604112 0.2940950524867873 0.07228156402685512 0.14340569970876899
0 0.03413978494623656 0.11902485659655831 0.06827956989247312 0.0965583173996176
0 0.011021505376344085 0.07982791586998088 0.02204301075268817 0.09082217973231357
0 0.32493594847249085 0.13629287918611932 0.04172358385666465 0.09345978550356546
0 0.184500754505212 0.16667280020335787 0.05899357603650197 0.10247012489643233
0 0.29125872238677813 0.14846875567418905 0.047053005725137084 0.08940410164987835
0 0.25576077475377146 0.1546840338268527 0.05202309761169344 0.10344041065574741
0 0.3432795698924731 0.0913001912045889 0.032795698924731186 0.06787762906309751
0 0.23626714048465813 0.11673345289899456 0.045714972489658535 0.06249057302864644
0 0.22241397528411253 0.07850023103089215 0.04110148945647408 0.08478313591570279
0 0.16579677405519339 0.07562672430948428 0.05682426951507369 0.10026830665970445
0 0.5079968014278886 0.41112510883836806 0.0958409124417079 0.1914538308396355
0 0.6856304983966579 0.14659088048003796 0.09438088144060207 0.1521120039392448
0 0.613978494623656 0.0841300191204589 0.07096774193548387 0.1682600382409178
0 0.5529569892473118 0.06405353728489484 0.07580645161290323 0.12810707456978968
0 0.4970246603848498 0.07939284299321023 0.09303346376161369 0.12424245237346211
0 0.39659297598339927 0.13684431260717422 0.06764931210665122 0.163786216706724
0 0.36935483870967745 0.09847036328871893 0.01935483870967742 0.1147227533460803
0 0.4346774193548387 0.024378585086042064 0.06075268817204301 0.04875717017208413
0 0.7459677419354839 0.04158699808795411 0.08118279569892473 0.08317399617590822
0 0.8381798748802327 0.08545851174205808 0.06631127887117268 0.136872688085492
0 0.8043010752688172 0.013862332695984704 0.07204301075268817 0.027724665391969407
0 0.9811827956989247 0.25478011472275336 0.03763440860215054 0.1022944550669216
0 0.966023640276488 0.16179864099388572 0.06139749364567486 0.12857251674692693
0 0.9633079254318868 0.0829196166610733 0.06747372880850909 0.09120091600777977
0 0.9626344086021505 0.033460803059273424 0.05860215053763441 0.06692160611854685
0 0.012634408602150538 0.5846080305927343 0.025268817204301075 0.06978967495219886
0 0.009408602150537635 0.9220841300191205 0.01881720430107527 0.11950286806883365
0 0.010752688172043012 0.8150095602294455 0.021505376344086023 0.1118546845124283
0 0.08016744421304974 0.7403957960706615 0.05739944169771495 0.10416484152481376
0 0.12607085560823683 0.76810450512824 0.05210755760328187 0.11204461715670344
0 0.21926732607339375 0.7913502684271364 0.04808135232479232 0.08476887310093827
0 0.3161290322580645 0.9450286806883366 0.06129032258064516 0.10994263862332695
0 0.35295698924731184 0.891491395793499 0.013440860215053764 0.08891013384321224
0 0.330324398130566 0.8274655554274715 0.05243873425466831 0.09108455546349535
0 0.3524193548387097 0.7566921606118547 0.014516129032258065 0.09464627151051626
0 0.25114729172058725 0.770823736242284 0.04152651054295866 0.0733833036680014
0 0.267741935483871 0.5826959847036329 0.04408602150537634 0.06596558317399617
0 0.1196236559139785 0.5607074569789675 0.03602150537634408 0.02198852772466539
0 0.0825268817204301 0.5760038240917782 0.0478494623655914 0.052581261950286805
0 0.15311408267122192 0.6933310845007902 0.03783814523082231 0.0805243856160603
0 0.12872740315684147 0.606869752797639 0.056033255131707004 0.07438324406992977
0 0.17884954042886259 0.7791332970143996 0.04842857673465475 0.12014172204931313
0 0.25875727286833355 0.7339948941483943 0.04190460941189466 0.057203356697546656
0 0.30990564614040517 0.774363493560616 0.03996052953470128 0.07794608913003484
0 0.15313693325105737 0.7730503357404112 0.04039221393615188 0.12192314457936562
0 0.8768817204301075 0.5630975143403442 0.05591397849462366 0.02676864244741874
0 0.8088709677419355 0.5659655831739961 0.0543010752688172 0.032504780114722756
0 0.5552670099180229 0.8554866170943617 0.0561525317687906 0.14123240710156995
0 0.5094086021505376 0.9598470363288719 0.07688172043010753 0.08030592734225621
0 0.5101929007155742 0.907388494646044 0.04937246334272192 0.10690228699941692
0 0.4737543981319834 0.8726758939002955 0.046193579108658026 0.11124774320073046
0 0.42311827956989245 0.9794455066921606 0.04516129032258064 0.04110898661567878
0 0.39865591397849465 0.9765774378585086 0.043548387096774194 0.04684512428298279
0 0.3720430107526882 0.9545889101338432 0.024731182795698924 0.09082217973231357
0 0.36666666666666664 0.8876673040152964 0.013978494623655914 0.08891013384321224
0 0.3771505376344086 0.8250478011472275 0.03494623655913978 0.07074569789674952
0 0.40857455523268005 0.8122385085664342 0.03532827761449748 0.09832660612798974
0 0.49476225946365654 0.7290183369069797 0.06225692026215398 0.10672887519607481
0 0.5513440860215054 0.5779158699808795 0.0543010752688172 0.05640535372848948
0 0.6268817204301075 0.5697896749521989 0.04838709677419355 0.040152963671128104
0 0.5938172043010753 0.5889101338432122 0.051075268817204304 0.07839388145315487
0 0.4340899495903859 0.6469689020977507 0.04313941376876529 0.0736006329287214
0 0.4653759741679183 0.6322509506671088 0.037988296326978865 0.09582075272887113
0 0.49932670967968706 0.6195608411633104 0.04932554112517298 0.10212217227666358
0 0.4459816265909907 0.6935818697987071 0.07221859405083043 0.08229267434443278
0 0.4560760431530762 0.7318441818028805 0.06417012568027385 0.13753893868241612
0 0.4053763440860215 0.5616634799235182 0.041935483870967745 0.02390057361376673
0 0.4435483870967742 0.5683556405353728 0.041935483870967745 0.0372848948374761
0 0.39803287753321365 0.6007478044739407 0.047809203463008355 0.057044207708968855