0 0.386986301369863 0.012749445676274944 0.10398505603985056 0.025498891352549888
0 0.14968305385254188 0.08442851401809041 0.05865657635752277 0.12206402193469061
0 0.11727387880572268 0.15213498846778195 0.0558873120872719 0.08308036498372365
0 0.3194590061679596 0.2855358641920843 0.07183271474897847 0.11075121070131397
0 0.2607086571539477 0.26452778087940637 0.06912434983010092 0.10484598105658623
0 0.5318182229669339 0.27139622243900796 0.08210440876963569 0.16736005848792074
0 0.6062178669773822 0.3241365967135702 0.06388605097699362 0.14487045762671127
0 0.6207970112079702 0.4517738359201774 0.037359900373599 0.10532150776053215
0 0.5573819148726908 0.49179091125062124 0.0761782784894574 0.12681526359412607
0 0.6260896637608966 0.5676274944567627 0.026774595267745952 0.082039911308204
0 0.6292029887920298 0.5188470066518847 0.02054794520547945 0.07095343680709534
0 0.4463840475228485 0.6233233196168874 0.060955714094673596 0.08602164467229215
0 0.4455168119551681 0.6757206208425721 0.055417185554171855 0.04767184035476718
0 0.3468244084682441 0.6773835920177383 0.05105853051058531 0.04434589800443459
0 0.35583879937664825 0.4943237601789195 0.06363362933786466 0.07538766066390046
0 0.20734744707347447 0.684589800443459 0.053549190535491904 0.02993348115299335
0 0.07450946961339494 0.6099155213213872 0.050557664207105016 0.07348720059449008
0 0.10123853541495788 0.50122300513307 0.060955714094673596 0.08602164467229215
0 0.04227261504171059 0.49864335189503645 0.04259364206254123 0.07563666766375889
0 0.12305842838114638 0.22767009735693106 0.059031086794091775 0.10007206912955996
0 0.1039864643378521 0.3001279964378774 0.04809745385788496 0.0896644218534361
0 0.07262256287678773 0.23500044333894254 0.048014638969767924 0.13484747301235156
0 0.03909014661495516 0.2103271870352589 0.04872438593358293 0.1371552660111167
0 0.01805728518057285 0.19235033259423504 0.0361145703611457 0.12084257206208426
0 0.010585305105853052 0.10144124168514412 0.021170610211706103 0.0942350332594235
0 0.16038758898436514 0.3649615679454109 0.0714974782217324 0.08645146489741823
0 0.3916562889165629 0.6862527716186253 0.052303860523038606 0.026607538802660754
0 0.5158779576587795 0.6784922394678492 0.055417185554171855 0.04212860310421286
0 0.48349937733499376 0.6807095343680709 0.046699875466998754 0.037694013303769404
0 0.49596203970708364 0.6579292454082069 0.04210159999269725 0.07887211191554819
0 0.45772477410604656 0.6489919635186383 0.05394532641411108 0.06516100958486291
0 0.548614228060476 0.6591965847314523 0.051454666389204484 0.06479901719068974
0 0.6108343711083437 0.6624168514412417 0.05105853051058531 0.07427937915742794
0 0.5805290824553686 0.6506556665810816 0.03913198920105436 0.06631499757015526
0 0.1956008900939399 0.32081951937747294 0.04016388138900781 0.10835310257582483
0 0.6905354919053549 0.046008869179600884 0.05105853051058531 0.09201773835920177
0 0.7397260273972602 0.057649667405764965 0.058530510585305104 0.11529933481152993
0 0.7769480339461886 0.12879662486056753 0.0781464467688334 0.11387348658696923
0 0.9872353673723536 0.21618625277161863 0.025529265255292654 0.13082039911308205
0 0.9722914072229141 0.17572062084257206 0.055417185554171855 0.14301552106430154
0 0.8945989918652565 0.1507213902361128 0.06155219649468486 0.11697327517685306
0 0.8415418433996086 0.15508778626196507 0.06807054210540332 0.14106935451607133
0 0.9562532050606796 0.4210619814576014 0.07414921085870822 0.10667861329504393
0 0.9915940224159402 0.5609756097560976 0.016811955168119553 0.07538802660753881
0 0.7559246798067101 0.5661351906898937 0.04751832983045249 0.09068257120500367
0 0.8683504301757783 0.6144638284034224 0.05294815097131557 0.08706246429145033
0 0.9568602100870223 0.6517737279608855 0.048354432661178996 0.048915960494964224
0 0.6500622665006227 0.06485587583148558 0.021170610211706103 0.10532150776053215
0 0.6606475716064757 0.24833702882483372 0.04234122042341221 0.06651884700665188
0 0.6689436814121221 0.2966881538341338 0.04411330925086742 0.06703898235850209
0 0.34153175591531754 0.782150776053215 0.09900373599003735 0.16518847006651885
0 0.4953300124533001 0.766629711751663 0.12141967621419676 0.13414634146341464
0 0.5576090241896854 0.8281418237184356 0.10017905232278741 0.2019542832018063
0 0.4943960149439601 0.9157427937915743 0.1232876712328767 0.16851441241685144
0 0.04389788293897883 0.7400221729490022 0.08779576587795766 0.08093126385809313
0 0.08188044831880448 0.7677383592017738 0.10398505603985056 0.13636363636363635
0 0.17473322329375132 0.8614894581725643 0.09415274878191314 0.17462275961079873
0 0.23787267702703632 0.8985842646456451 0.08259645083947975 0.1641246142361315
0 0.14819427148194272 0.9218403547671841 0.09339975093399751 0.15631929046563192
0 0.0762737495386417 0.8897367489673428 0.10467715453639294 0.1430827999797965
0 0.07938978829389788 0.95509977827051 0.09277708592777086 0.08980044345898004
0 0.007160647571606476 0.9312638580931264 0.014321295143212951 0.11751662971175167
0 0.16687422166874222 0.979490022172949 0.10585305105853052 0.041019955654102
0 0.12048567870485678 0.9611973392461197 0.06662515566625156 0.07760532150776053
0 0.6049190535491905 0.8708425720620843 0.06911581569115816 0.21175166297117518
0 0.6186176836861769 0.926829268292683 0.041718555417185554 0.14634146341463414
0 0.589041095890411 0.9545454545454546 0.10087173100871731 0.09090909090909091
0 0.9819427148194272 0.8070953436807096 0.0361145703611457 0.09312638580931264
0 0.8415317559153176 0.9772727272727273 0.05292652552926526 0.045454545454545456
0 0.8875900124826956 0.9380436312723772 0.04957358006741705 0.07995808909806844
0 0.8589649256161955 0.8948175328800296 0.05233857726819661 0.07154139998989822
0 0.9494602321793945 0.9507934428922907 0.04420039120845577 0.06925627725872383
0 0.976027397260274 0.975609756097561 0.04794520547945205 0.04878048780487805
0 0.9131382316313823 0.9684035476718403 0.045454545454545456 0.06319290465631928
0 0.9828767123287672 0.7267184035476718 0.03424657534246575 0.05432372505543237
0 0.9352428393524284 0.7195121951219512 0.06973848069738481 0.03991130820399113
0 0.8742216687422167 0.7167405764966741 0.0759651307596513 0.03436807095343681
0 0.697080703183556 0.9345129246264517 0.06144775616451751 0.08278620042050283
0 0.7431506849315068 0.979490022172949 0.04420921544209216 0.041019955654102
0 0.712640099626401 0.979490022172949 0.04296388542963885 0.041019955654102
0 0.736612702366127 0.7161862527716186 0.074719800747198 0.03325942350332594