0 0.01761049723756906 0.1762899262899263 0.03522099447513812 0.09950859950859951
0 0.07253049717230571 0.21154781781103066 0.05476074246475337 0.08552709792614366
0 0.0426573399574561 0.21830653167853095 0.060622162841683994 0.07608518997212144
0 0.032586418249786316 0.2587690742075811 0.05251189464216888 0.0804843923874765
0 0.008287292817679558 0.3071253071253071 0.016574585635359115 0.08353808353808354
0 0.19160574197324567 0.07176970067235232 0.05107714833917655 0.11716782840963007
0 0.16488457571956708 0.07710686237435764 0.04370174402900938 0.12283843226170711
0 0.11585765181745208 0.24256453816457169 0.05545135019956 0.0855699981343647
0 0.11285234133816158 0.29729719314520764 0.06273824220064503 0.07744239182528519
0 0.12845303867403315 0.35995085995085996 0.06629834254143646 0.019656019656019656
0 0.19820441988950277 0.32678132678132676 0.04834254143646409 0.085995085995086
0 0.24102209944751382 0.3347665847665848 0.06077348066298342 0.07002457002457002
0 0.31077348066298344 0.03624078624078624 0.0649171270718232 0.07248157248157248
0 0.27279005524861877 0.04361179361179361 0.08149171270718232 0.08722358722358722
0 0.41935192722845177 0.10971668365023178 0.05843506191149227 0.09188410510975412
0 0.27356267361302217 0.10161251059402845 0.0833144311023824 0.11304163205350243
0 0.45407458563535913 0.051597051597051594 0.05041436464088398 0.10319410319410319
0 0.48066298342541436 0.05036855036855037 0.03867403314917127 0.10073710073710074
0 0.47513812154696133 0.33722358722358725 0.04281767955801105 0.06511056511056511
0 0.9471685082872928 0.06265356265356266 0.06146408839779006 0.12530712530712532
0 0.875 0.045454545454545456 0.09530386740331492 0.09090909090909091
0 0.8822773409119172 0.11057862807415744 0.05611519251767694 0.10399751656188312
0 0.7815021424635283 0.1536112949129925 0.0743715120255993 0.1517101682422295
0 0.7146243618835505 0.20250565943015475 0.0577619449145371 0.11145432434933228
0 0.7058311726983301 0.09273420271712947 0.06532364852170695 0.07269998774416328
0 0.7136707373212671 0.03770124627894785 0.06398668920663483 0.07384268855622302
0 0.655823858817242 0.0750028471368388 0.049014599813594656 0.07904139011787095
0 0.5392496160577885 0.19317494225619386 0.05740789567820805 0.10162631452132244
0 0.5681100483675234 0.28147492286876585 0.06403094536117598 0.07507118978472424
0 0.6203662100711957 0.2941635729103891 0.05436243707388317 0.07447058686963261
0 0.5169198895027625 0.11240786240786241 0.03383977900552486 0.08230958230958231
0 0.5390193370165746 0.10810810810810811 0.07803867403314917 0.10319410319410319
0 0.5825276243093923 0.0343980343980344 0.06975138121546962 0.0687960687960688
0 0.6277624309392266 0.04484029484029484 0.052486187845303865 0.08968058968058969
0 0.6165318274342317 0.2380171681692095 0.06269398604610388 0.07621389059678396
0 0.3214779005524862 0.41707616707616707 0.10290055248618785 0.0945945945945946
0 0.07700276243093923 0.4035626535626536 0.11533149171270718 0.06756756756756757
0 0.02175414364640884 0.414004914004914 0.04350828729281768 0.08845208845208845
0 0.40137440090632986 0.5619572696162226 0.1043239068706932 0.19892362223382853
0 0.30052818088671035 0.5878338194642612 0.11225715045204372 0.18961041490446856
0 0.3367593801671933 0.6628055350953622 0.1154271614609785 0.16284078912676647
0 0.3702677673235719 0.7177214814972971 0.0865101489081822 0.16349598283849445
0 0.4356938401726182 0.6995610977967759 0.09843677969689758 0.1311415536251568
0 0.4620165745856354 0.5663390663390664 0.07596685082872928 0.171990171990172
0 0.4782458563535912 0.6277641277641277 0.04350828729281768 0.13513513513513514
0 0.2755524861878453 0.9846437346437347 0.106353591160221 0.030712530712530713
0 0.027624309392265192 0.4858722358722359 0.055248618784530384 0.14619164619164618
0 0.020027624309392266 0.5829238329238329 0.04005524861878453 0.14127764127764128
0 0.015883977900552487 0.8286240786240786 0.031767955801104975 0.14864864864864866
0 0.02589779005524862 0.6891891891891891 0.05179558011049724 0.14250614250614252
0 0.0651246222760631 0.6668089542351026 0.08085251856610587 0.1594672774872242
0 0.18019985174036152 0.7050133645003294 0.10864457789769759 0.20409502839715837
0 0.247078690940164 0.7517275947651587 0.10626296161148965 0.1953668191729874
0 0.2710955944274144 0.8023301391681802 0.1033770368874779 0.15351197698750385
0 0.2803174331397891 0.8428199770955486 0.11877419708807774 0.14098516826306928
0 0.2794812035429265 0.8851603692706201 0.1141879891338266 0.12844275472873207
0 0.0418627199655734 0.8343433759025396 0.06849260091081721 0.1415389567484531
0 0.08944363209600013 0.8142271445445066 0.09974697359528016 0.14838347103239488
0 0.10923606361442965 0.7621289381479642 0.09723258884544884 0.13596975812272008
0 0.14032215704965378 0.7503918690541279 0.10852108411291221 0.16241178704455825
0 0.01968232044198895 0.9692874692874693 0.0393646408839779 0.06142506142506143
0 0.45752762430939226 0.9791154791154791 0.06837016574585636 0.04176904176904177
0 0.20165745856353592 0.9705159705159705 0.05939226519337017 0.05896805896805897
0 0.7527624309392266 0.3925061425061425 0.0856353591160221 0.045454545454545456
0 0.948121200679543 0.48257458286728344 0.0720166611560812 0.12459734079876084
0 0.9422433481845853 0.5883543891430516 0.06785552400938964 0.104726820101637
0 0.5647367766336467 0.9298875682961552 0.061755332121901964 0.08841310246535447
0 0.8076657458563536 0.9748157248157249 0.04765193370165746 0.05036855036855037
0 0.7337707182320442 0.9674447174447175 0.09046961325966851 0.06511056511056511
0 0.9741022099447514 0.8869778869778869 0.05179558011049724 0.09828009828009827
0 0.9685773480662984 0.976044226044226 0.06146408839779006 0.04791154791154791
0 0.5520032017645284 0.7860398287467515 0.0746730890483738 0.1026988197268429
0 0.6780992723293943 0.6139560278971641 0.08099456170856723 0.12515504350563145
0 0.7325275643251768 0.48983839179378363 0.08170266018122548 0.1448110631616511
0 0.5424723756906077 0.45085995085995084 0.08494475138121547 0.16216216216216217
0 0.9118005569199445 0.7256910825966076 0.06638579623069409 0.10218401722819277
0 0.8196486804778006 0.7301897591655858 0.06954653256079096 0.11341212911758738