0 0.3357946554149086 0.030625 0.12728551336146274 0.06125
0 0.43073136427566805 0.115625 0.03727144866385373 0.13375
0 0.4219409282700422 0.35875 0.05485232067510549 0.1375
0 0.19207864291918467 0.43883000710316067 0.06182908190700491 0.14208008970928035
0 0.13151921779306186 0.4388908436445528 0.05971937726565478 0.14181786416449227
0 0.057578902434401884 0.31493059731664425 0.11147055584577961 0.12087350278419634
0 0.10618846694796062 0.05125 0.1111111111111111 0.1025
0 0.03375527426160337 0.070625 0.06751054852320675 0.14125
0 0.043021591264000104 0.20412192296227302 0.0829890041996805 0.1658649366422327
0 0.0028129395218002813 0.310625 0.005625879043600563 0.10625
0 0.04957454368025662 0.4689865271188971 0.08034795975077101 0.11202752812730324
0 0.004571026722925457 0.570625 0.009142053445850914 0.09875
0 0.29188510330984974 0.5346872511510761 0.09073403214268863 0.12825124733631468
0 0.3727144866385373 0.555 0.07313642756680731 0.13
0 0.4092827004219409 0.564375 0.07313642756680731 0.11125
0 0.03270042194092827 0.551875 0.06540084388185655 0.10125
0 0.17686357243319267 0.559375 0.06821378340365682 0.12125
0 0.0938818565400844 0.603125 0.05977496483825598 0.03375
0 0.5583684950773559 0.0675 0.10970464135021098 0.135
0 0.5075020194704418 0.09746319945645596 0.08421521260537525 0.16103975367209145
0 0.5770777462840687 0.1385912351911231 0.06767084338655512 0.18760454079885677
0 0.6951476793248945 0.05 0.14838255977496484 0.1
0 0.840365682137834 0.03375 0.08720112517580872 0.0675
0 0.8568917018284107 0.05625 0.06680731364275667 0.1125
0 0.9181602907015675 0.10552940119290519 0.08541416621264035 0.1748771621870209
0 0.4989451476793249 0.2425 0.09915611814345991 0.1375
0 0.4940225035161744 0.3275 0.08931082981715893 0.1175
0 0.6303297084438538 0.1276168923139543 0.06220741515778803 0.17199268119435104
0 0.6748640937231152 0.18367922607114998 0.07143959928124174 0.17562899188843303
0 0.7830139808846784 0.2131684977421655 0.0887595235177426 0.13173902179152663
0 0.9088568644166256 0.18881607782726972 0.06417355750041927 0.11001713228392732
0 0.7702939551331464 0.3329673999213181 0.06780711737870186 0.09429158337350373
0 0.7244668414157309 0.3710178406193341 0.07327054560746879 0.1099034429780096
0 0.9058516531040189 0.33042885228248153 0.05736653538992555 0.11539304713463337
0 0.8983650067582184 0.4215783033720578 0.07110633136926 0.14696640040336262
0 0.7588326537026379 0.5440731467534298 0.06515662867173505 0.07902935782871566
0 0.6664106985445698 0.4958295920114324 0.06686911154618763 0.12652935782871566
0 0.6761124245721519 0.5568436472576329 0.07271195100148024 0.07499085149293876
0 0.6453687007157977 0.5843085091421318 0.0534185961157759 0.02530563861970421
0 0.9796061884669479 0.04375 0.040787623066104076 0.08
0 0.9729254571026723 0.11125 0.05414908579465542 0.1075
0 0.962018695898808 0.18034173495010095 0.06449845913008653 0.0801919493137862
0 0.9862869198312236 0.2375 0.027426160337552744 0.0875
0 0.9926160337552743 0.34125 0.014767932489451477 0.11
0 0.8514390533570689 0.5580728142678211 0.049244252171876876 0.026031187530127797
0 0.9845288326300985 0.51375 0.030942334739803096 0.0775
0 0.938108299737447 0.5522778626740419 0.04677402482011581 0.015768961985339728
0 0.4588607594936709 0.48375 0.0189873417721519 0.11
0 0.48223021888698225 0.4683241442102556 0.05691588200191175 0.10289304713463367
0 0.5480188402776791 0.468857743806893 0.09924517084532015 0.11188755803039668
0 0.5492911919979178 0.5694958842023874 0.06238875448873617 0.07992972376899786
0 0.5941268682617027 0.5589454435043711 0.06626545160139753 0.09036676634364482
0 0.5013134914415082 0.5798146632175858 0.06620257572222418 0.06920417485857427
0 0.48452883263009844 0.58 0.07032348804500703 0.06
0 0.46378340365682136 0.593125 0.028832630098452883 0.04875
0 0.32668889079948576 0.8889320119263282 0.0745229308358504 0.1834786259481507
0 0.24300866215495612 0.918621216687996 0.06960973093075708 0.14429158337350373
0 0.5119549929676512 0.67 0.0759493670886076 0.1
0 0.5051978870868002 0.8267947863815399 0.07618198208918664 0.17124085149293877
0 0.4648382559774965 0.78125 0.030942334739803096 0.1575
0 0.49929676511954996 0.95875 0.06469760900140648 0.0825
0 0.7130410323041538 0.9067348233877942 0.0798249862255264 0.11694011961237394
0 0.7172995780590717 0.988125 0.06329113924050633 0.02375
0 0.8419300093463519 0.7687635162452925 0.07009708337525734 0.09955380891829187
0 0.869901547116737 0.665 0.0759493670886076 0.09
0 0.8882581029074823 0.7847821457450236 0.05054170273905988 0.1008563705002689
0 0.9078171276969663 0.7083093413867182 0.04783670443523434 0.12291932792562207
0 0.9466533137953962 0.7476583517782784 0.058340162303184 0.12298045564956289
0 0.9919127988748242 0.64875 0.01617440225035162 0.0575
0 0.9880450070323488 0.686875 0.02390998593530239 0.11125
0 0.9389691345418892 0.9122518730656018 0.0507942842314963 0.08844377901519834
0 0.9004033404762676 0.8654028626740417 0.05163271512835024 0.09228118753012779