0 0.029525032092426188 0.3944063926940639 0.059050064184852376 0.09018264840182648
0 0.13382541720154043 0.4218036529680365 0.06354300385109114 0.03538812785388128
0 0.15853658536585366 0.4035388127853881 0.07702182284980745 0.07191780821917808
0 0.18899263083695167 0.3810920181428034 0.07690578394153753 0.09514815319910244
0 0.1806952115881551 0.3304921788757216 0.08217421287265969 0.07586130899958402
0 0.2932332267951702 0.38121660868078716 0.0931014699124866 0.10118799490769512
0 0.2914668398659772 0.3139380679206045 0.0798758699566967 0.08608214893808132
0 0.34017971758664955 0.07077625570776255 0.038510911424903725 0.1004566210045662
0 0.1332433102613167 0.12154237797526433 0.05702608153820236 0.16889743879505126
0 0.09836985127623764 0.04468058924749308 0.06648673468432388 0.08922785998505534
0 0.34948652118100126 0.20662100456621005 0.01989730423620026 0.10730593607305935
0 0.3030087053992458 0.2161493638697287 0.09911726322980498 0.11043996349356469
0 0.031450577663671375 0.2454337899543379 0.06290115532734275 0.091324200913242
0 0.027487776720070644 0.11802633781818557 0.049248277966221575 0.14135406369441214
0 0.0054557124518613605 0.12899543378995434 0.010911424903722721 0.1278538812785388
0 0.6944801026957638 0.4269406392694064 0.07958921694480103 0.02511415525114155
0 0.9265083440308087 0.4172374429223744 0.05840821566110398 0.04452054794520548
0 0.8812580231065469 0.3972602739726027 0.06161745827984596 0.08447488584474885
0 0.9551883168079007 0.3829659877518063 0.04569436288144897 0.10362969815345746
0 0.9733632862644416 0.4138127853881279 0.04813863928112965 0.05136986301369863
0 0.9871630295250321 0.4018264840182648 0.025673940949935817 0.07534246575342465
0 0.7841594334331098 0.3488546433793345 0.05744283589771138 0.13581898229612224
0 0.7430881591328844 0.3616844257940456 0.04335206295069461 0.13666830515420458
0 0.6538660003763174 0.09427050800907148 0.053829131662043075 0.09581151173233644
0 0.7589858793324775 0.021689497716894976 0.05840821566110398 0.04337899543378995
0 0.6073486993890435 0.04560256963401074 0.05029104871337466 0.08318801827646272
0 0.5558408215661104 0.03995433789954338 0.06418485237483953 0.07990867579908675
0 0.5160462130937099 0.032534246575342464 0.06033376123234917 0.06506849315068493
0 0.4475882061265886 0.046626972960268825 0.05936661177219583 0.08679864013555769
0 0.41174582798459564 0.3955479452054795 0.05455712451861361 0.08789954337899543
0 0.4541323684697844 0.28665811329202484 0.08186120467883752 0.08840510345909412
0 0.37002567394094993 0.3944063926940639 0.021181001283697046 0.09018264840182648
0 0.36649550706033374 0.2471461187214612 0.014120667522464698 0.08105022831050228
0 0.4282456736655632 0.18508026441003206 0.06600842147715832 0.07096301980240692
0 0.4159178433889602 0.03881278538812785 0.05391527599486521 0.0776255707762557
0 0.6911837357610772 0.2737657574357552 0.09066771655862801 0.08174175271544944
0 0.6869238063271298 0.2282165638906493 0.08144268062256767 0.07242336829927677
0 0.7075271249125048 0.31107834482883134 0.06777043173182082 0.08925442631717648
0 0.8263342000471359 0.15915727910855038 0.058858403989582427 0.06739224744149376
0 0.9294801046079864 0.29906891963069354 0.06847206940646476 0.0915508145060682
0 0.26187419768934533 0.4589041095890411 0.0821566110397946 0.03881278538812785
0 0.28946213361421064 0.5154591364893405 0.07920589655426112 0.13398750491935163
0 0.09535128886964316 0.6278650085598739 0.09767003086572541 0.12866495417803134
0 0.024069319640564826 0.6232876712328768 0.04813863928112965 0.16666666666666666
0 0.07570459669859922 0.508473547256395 0.0675928339758943 0.13146530290742983
0 0.1245186136071887 0.4965753424657534 0.06418485237483953 0.1141552511415525
0 0.14794608472400514 0.4617579908675799 0.07124518613607189 0.04452054794520548
0 0.3321566110397946 0.5176940639269406 0.05327342747111682 0.15639269406392695
0 0.4095097384951851 0.8973546992143834 0.06619132832336685 0.17593271818839287
0 0.5308200418993833 0.6620936585777386 0.06438359135715233 0.13139888707712674
0 0.6210876735156157 0.7058629078707245 0.06844394452777759 0.13946945365339905
0 0.697291819782509 0.6130111428605135 0.07136830383138464 0.1041610247958814
0 0.74390937510932 0.5721137001706676 0.06154714608312801 0.1210717818101446
0 0.45902008398813665 0.5255265767085805 0.057875422393324896 0.12784139788227425
0 0.5266367137355584 0.4805936073059361 0.04813863928112965 0.0821917808219178
0 0.5959563543003851 0.4708904109589041 0.07766367137355584 0.06278538812785388
0 0.7878742292893243 0.6202639949542629 0.05226232099617211 0.109470292371141
0 0.8657963812287176 0.6945234827888508 0.06811333450109085 0.0778521843690819
0 0.7913992297817715 0.4823059360730594 0.04236200256739409 0.08561643835616438
0 0.36906290115532736 0.4703196347031963 0.019255455712451863 0.06164383561643835
0 0.9707958921694481 0.8116438356164384 0.05840821566110398 0.091324200913242
0 0.9945442875481386 0.7848173515981736 0.010911424903722721 0.10616438356164383
0 0.9884467265725289 0.8835616438356164 0.023106546854942234 0.07990867579908675
0 0.8887631409712334 0.63814242366646 0.04530573340062698 0.08878951550505564
0 0.8598219379484205 0.5919630795032715 0.06572530785878422 0.08464836677333262
0 0.8304859590734943 0.5241141623722791 0.05696275299378502 0.06849395045472748
0 0.9903722721437741 0.5245433789954338 0.019255455712451863 0.04452054794520548
0 0.9756738267882452 0.6386256596880798 0.041484536833584384 0.08985136902010753
0 0.9594201213631611 0.5978884147607572 0.051708386502006445 0.06382147508058067