0 0.0875 0.44825918762088973 0.05 0.06286266924564797
0 0.026358695652173914 0.4584139264990329 0.05271739130434783 0.0425531914893617
0 0.06793558987240693 0.4133721272334686 0.05340489475807777 0.09325750959829343
0 0.049129843683278766 0.25681759045195046 0.03937430081847943 0.08161270096951918
0 0.1375113824473422 0.1489340952344752 0.06377534545638552 0.09572458543275754
0 0.20132020252599495 0.1771873688335528 0.0380655255878107 0.07661922072795987
0 0.13598096789967967 0.2538565088798491 0.05952736021243924 0.08550078950025973
0 0.1771798733550531 0.22041175370987084 0.045341448328606204 0.09400756832818546
0 0.1582524183879094 0.22155661799558593 0.03249765175375723 0.07292841526484485
0 0.2560893047679819 0.0804851388621035 0.0482141575771886 0.07425070662045118
0 0.31820652173913044 0.18568665377176016 0.023369565217391305 0.07930367504835589
0 0.005163043478260869 0.13733075435203096 0.010326086956521738 0.06576402321083172
0 0.06562240105207624 0.07618358588066564 0.03987350503353098 0.03365152729875562
0 0.27976439767396294 0.3574951460622252 0.04860231789382347 0.0944812392269443
0 0.7842391304347827 0.46421663442940037 0.05434782608695652 0.030947775628626693
0 0.8023854705046647 0.43394507206487104 0.050432434362452885 0.07553360520801837
0 0.6137763321120325 0.40703466408085004 0.06508412068705426 0.10071806567431679
0 0.6663439621518649 0.40006715606017573 0.0626883889346464 0.09556669513317133
0 0.43722826086956523 0.4564796905222437 0.07554347826086956 0.04642166344294004
0 0.3671195652173913 0.45502901353965186 0.05923913043478261 0.04932301740812379
0 0.3423913043478261 0.39748549323017407 0.025 0.09477756286266925
0 0.38516046291655986 0.3339100830443824 0.06896608263727456 0.1147313884105997
0 0.4604540699819999 0.1773944601897594 0.05491335167476722 0.07906652037154711
0 0.45250144321102514 0.12415368996457958 0.0493565912001522 0.06384924419749016
0 0.5343280821582743 0.07567889397901667 0.04649499531100812 0.07207963519428259
0 0.5546422852640919 0.24705598118562622 0.056687991042172044 0.07067823907516842
0 0.6491847826086956 0.019825918762088973 0.0483695652173913 0.039651837524177946
0 0.775 0.03288201160541586 0.04565217391304348 0.06576402321083172
0 0.7677076763079506 0.13440523481881675 0.05491335167476722 0.07906652037154711
0 0.8177020747802474 0.1119737270792676 0.03875320843347639 0.06807304913199501
0 0.7871125124031245 0.3733128028180224 0.05327180353271996 0.09035615563310957
0 0.7930019112451661 0.30455859239677535 0.04367776316364993 0.08127714417946971
0 0.8286108955395449 0.34526614173400744 0.045452312835087 0.11996186371525297
0 0.8602934644459498 0.35230222796789246 0.04604015483774259 0.12100792685344075
0 0.8833691086620133 0.35614095582829797 0.04107123636578303 0.10683671381757145
0 0.913482186870785 0.33179506810969395 0.044043786457375916 0.07748761737568445
0 0.9164437581468912 0.42227976898350383 0.05689869639166308 0.08704029972808337
0 0.9720108695652174 0.45357833655706 0.05489130434782609 0.05222437137330754
0 0.9691831070822122 0.3101924844429727 0.050332593519442526 0.08512583994217102
0 0.9408500903766127 0.27784355211580386 0.036479454546987776 0.0773495032669751
0 0.951941250063014 0.15532546009342577 0.03937430081847943 0.08161270096951907
0 0.7367075026553961 0.2735026063663268 0.06360900384868026 0.08032964276823734
0 0.46195652173913043 0.015473887814313346 0.051086956521739134 0.030947775628626693
0 0.356394428824716 0.0605416004438982 0.04840272590377075 0.06659270786308764
0 0.3763755899312514 0.07220610545669207 0.04332285322936264 0.07354020027231292
0 0.4907665607888885 0.02943513644711184 0.04864677133157737 0.04837535638317682
0 0.4913488909598087 0.04655706411849991 0.049500795784948454 0.055224127451732045
0 0.4939609744373949 0.07906404635896973 0.0471272010554496 0.07409281632086495
0 0.3922752419454977 0.14899318438653403 0.04990006946102176 0.06392818934728337
0 0.4192051095611694 0.1344073097971075 0.042025191358132354 0.057020249319811915
0 0.414053224290331 0.16919397289985444 0.03834282139796464 0.07089545794738557
0 0.4475547514579426 0.160430502624815 0.04813654345305526 0.060789999932720135
0 0.3696045177811946 0.18999713716634845 0.0459182666677911 0.059507101345152996
0 0.9956521739130435 0.44777562862669246 0.008695652173913044 0.06382978723404255
0 0.9967391304347826 0.3534816247582205 0.006521739130434782 0.097678916827853
0 0.9809782608695652 0.34235976789168276 0.03804347826086957 0.09864603481624758
0 0.3345108695652174 0.2122823984526112 0.00923913043478261 0.06866537717601548
0 0.3456521739130435 0.21083172147001933 0.03152173913043478 0.059961315280464215
0 0.7132548563301201 0.3255889434377824 0.03786584390178998 0.09580369019626539
0 0.297554347826087 0.9792069632495164 0.06467391304347826 0.041586073500967116
0 0.22065217391304348 0.97678916827853 0.059782608695652176 0.04642166344294004
0 0.24800425949140878 0.8722383523032368 0.07377977286096718 0.10198118807100691
0 0.23845996015190812 0.7880991671197651 0.059194587301060836 0.10178390500338139
0 0.009782608695652175 0.8307543520309478 0.01956521739130435 0.09864603481624758
0 0.04216473622288847 0.8929635291022257 0.040860531016291744 0.09047465316465661
0 0.01875 0.90715667311412 0.0375 0.09671179883945841
0 0.005706521739130435 0.9530947775628626 0.01141304347826087 0.08027079303675048
0 0.15300660773765162 0.9275619991642122 0.06021495336213706 0.12402761873645682
0 0.18958594797563375 0.8934462102209921 0.0615015915698969 0.1050010395677377
0 0.09597423709683908 0.691950750299728 0.041681305087315504 0.08482983553387549
0 0.13192692827009903 0.665532432688768 0.0473490197643792 0.07892840626283776
0 0.10663300726877128 0.6623450422175845 0.03427229112116218 0.06454013396846608
0 0.14702803293219863 0.7597276354097126 0.049278887380050845 0.09746153834192126
0 0.011141304347826087 0.7074468085106383 0.022282608695652174 0.06673114119922631
0 0.07142880848220097 0.5949233304748116 0.043899581872579536 0.08611273412144252
0 0.0371954589670574 0.715053371619376 0.04727140564024585 0.06546769957510677
0 0.048369924001263005 0.6563157061607054 0.05044354772189133 0.06400713449707644
0 0.015217391304347827 0.6697292069632496 0.030434782608695653 0.0609284332688588
0 0.04340629312111897 0.5319522912136271 0.04438767272819276 0.04967803116162088
0 0.15857932068368083 0.5496557809581666 0.04622881286029249 0.06627692726391508
0 0.036141304347826086 0.9738878143133463 0.06141304347826087 0.05222437137330754
0 0.9670870772507711 0.7622120134224762 0.04832502208366953 0.10020500200751861
0 0.8535277695836763 0.7033665365962705 0.06185650150418432 0.11273798347489436
0 0.921994961941787 0.7254815454749312 0.0777726890136364 0.09487580536219523
0 0.8904675764356651 0.6673559842511578 0.057941289171616436 0.08623107203927495
0 0.7679077616258269 0.6914162344980489 0.055379126115535554 0.11275775966577128
0 0.6885266403085389 0.6686894406119201 0.05541237649788301 0.1252513483651078
0 0.5980543144568657 0.744628457732916 0.07864885048991638 0.12574463584102885
0 0.5148356397791274 0.7578528078124116 0.06633741881649866 0.11627089863842323
0 0.5419650993848519 0.7150626212599558 0.07363556827617092 0.11060630481676496
0 0.5922144772524578 0.6274394825490038 0.05970481517958295 0.08936926145383818
0 0.6531061346447742 0.5880932183011307 0.06283259351944252 0.08694157838741315
0 0.35706521739130437 0.8733075435203095 0.05434782608695652 0.11605415860735009
0 0.4048313469184975 0.8182983205419319 0.06223363815734862 0.09742198596016718
0 0.40766506971307753 0.7505605887794143 0.06414136875011126 0.09193505862897246
0 0.35489130434782606 0.7906189555125726 0.05 0.10348162475822051
0 0.3717843911362477 0.7336658478825392 0.04838049918489399 0.0896456492849715
0 0.38099013664473097 0.6761025513821844 0.05961608769601103 0.0874350254770489
0 0.4008158901110637 0.6195951263085987 0.05866222239962971 0.09017848914264638
0 0.4580364254466028 0.6483517350927505 0.07016399336146249 0.0937705732650914
0 0.48097826086956524 0.5241779497098646 0.06086956521739131 0.08897485493230174
0 0.5464673913043478 0.5019342359767892 0.051630434782608696 0.04448742746615087
0 0.7290760869565217 0.5029013539651838 0.05271739130434783 0.04642166344294004
0 0.9391304347826087 0.4922630560928433 0.04782608695652174 0.025145067698259187
0 0.9861413043478261 0.4946808510638298 0.027717391304347826 0.029980657640232108
0 0.9698369565217392 0.4888781431334623 0.04184782608695652 0.0183752417794971
0 0.5165760869565217 0.4946808510638298 0.050543478260869565 0.029980657640232108
0 0.34293478260869564 0.5043520309477756 0.02608695652173913 0.04932301740812379
0 0.38913043478260867 0.5091876208897486 0.04565217391304348 0.05899419729206963
0 0.3718339527738812 0.54772266227738 0.04467599220181727 0.07950079850226671
0 0.33994565217391304 0.5367504835589942 0.02010869565217391 0.07543520309477757