0 0.22441897266110933 0.4457577695472298 0.03500978455197631 0.08181475555965563
0 0.34491786439116606 0.6350343187690958 0.04968231852329346 0.07541297581687158
0 0.35026315789473683 0.49391385767790263 0.039473684210526314 0.10018726591760299
0 0.3484982188673796 0.40421545680792786 0.029211123991487845 0.08081850450355006
0 0.3096308684912018 0.3428262594631915 0.0439755267255848 0.08378002064091604
0 0.12048138879203299 0.365381129221743 0.0476964847570128 0.08756347083630622
0 0.1843382203711192 0.4007652348051358 0.06742087846867244 0.05968058463107799
0 0.1586379516080615 0.3383035227176336 0.04796556801070198 0.061351689778076715
0 0.039722737253981975 0.3362574829585287 0.040891126998966874 0.0912379729078956
0 0.007368421052631579 0.03277153558052434 0.014736842105263158 0.04119850187265917
0 0.035174687218699256 0.0488805631245899 0.049636384141903314 0.07073132787679667
0 0.019736842105263157 0.12125468164794008 0.039473684210526314 0.07958801498127341
0 0.07421052631578948 0.03417602996254682 0.037894736842105266 0.06835205992509363
0 0.1756215826389962 0.028702237614646443 0.03458718824318806 0.038743594510966387
0 0.20601468872243878 0.04196306708184175 0.044180301845328215 0.05101393246658172
0 0.33252087532575114 0.15534244561259394 0.027004805194534895 0.07049708941062525
0 0.3207894736842105 0.0299625468164794 0.03105263157894737 0.0599250936329588
0 0.29157894736842105 0.02294007490636704 0.02 0.04588014981273408
0 0.2563157894736842 0.008895131086142321 0.02526315789473684 0.017790262172284643
0 0.24734692235216724 0.09349629042456557 0.027264701571946142 0.04334897876438083
0 0.2830931254966148 0.15117285385438214 0.027273888448224315 0.044285308352395865
0 0.22207264798464046 0.14852759941437357 0.03599810799697767 0.07527134325593071
0 0.26862077320690214 0.17800532707994002 0.026802693916418704 0.04989783847429567
0 0.2506328356812032 0.160871165215219 0.033136857142659015 0.051835866524605985
0 0.08088414285803477 0.11019894418885573 0.046802693916418704 0.050104839909516884
0 0.7129352921422109 0.5740438040331612 0.07596788352651641 0.12624169647299216
0 0.7656128054709693 0.5688174154740829 0.06616080792835467 0.14580111710369614
0 0.8129096611098887 0.5219842817164284 0.06254090553598489 0.15231729237647076
0 0.8560065092301101 0.5009410671756112 0.07575392153049507 0.15807145505931153
0 0.902085369517078 0.4709727608146063 0.06989361667768758 0.09715555777643736
0 0.9718421052631578 0.40823970037453183 0.05631578947368421 0.13670411985018727
0 0.9199629279580237 0.3116278612601685 0.06833304306182263 0.09901187473389729
0 0.9797368421052631 0.31226591760299627 0.04052631578947368 0.13576779026217228
0 0.46789473684210525 0.6802434456928839 0.07368421052631578 0.03838951310861423
0 0.8370387008905725 0.369128320403815 0.09348595844122333 0.08803739517483922
0 0.7453133611774017 0.30454126902911716 0.08937382392286485 0.15165878050414752
0 0.6986400177739904 0.4487363377217597 0.07190701107280227 0.08781405152104765
0 0.58250929774668 0.4578962922847893 0.05813745481835715 0.1326107917786359
0 0.5367605673300222 0.5346729069372581 0.06196865536512118 0.14763019703020588
0 0.5324436576919204 0.4382854334336154 0.04887773260385224 0.1006829798808959
0 0.48796611428837033 0.546412747066016 0.06475907505084287 0.11020969794674669
0 0.4900949423126583 0.46353396001121494 0.04447428188622457 0.08097647928306106
0 0.4359448649377913 0.5652077435420262 0.062424139985997905 0.08677966862161227
0 0.40078947368421053 0.599250936329588 0.06157894736842105 0.11235955056179775
0 0.3831578947368421 0.6591760299625468 0.02631578947368421 0.08052434456928839
0 0.6727074132623554 0.3563175262239682 0.07187678660234101 0.13837040186766666
0 0.6109506537273268 0.4018959692698262 0.08365132221422743 0.10478782704149807
0 0.7328976738225664 0.2826682614593259 0.07496118632895907 0.1309124496006871
0 0.7164446788804104 0.2163659014114383 0.07635639617181991 0.11220220005895751
0 0.6884416291194809 0.1740570650910184 0.06276671824991138 0.06805852426750261
0 0.8506106027356234 0.24634113032838673 0.0685719018450508 0.12335644402228679
0 0.8175793946701615 0.2874092065908204 0.05353189282261335 0.09230504024447149
0 0.9260377924825508 0.20202554910361034 0.07464883253550685 0.09907724360817774
0 0.9815789473684211 0.07724719101123595 0.03684210526315789 0.08895131086142322
0 0.9586718987021293 0.06733813255515361 0.05271159699224331 0.06233704602180201
0 0.9828947368421053 0.02247191011235955 0.034210526315789476 0.0449438202247191
0 0.9557894736842105 0.02200374531835206 0.03684210526315789 0.04400749063670412
0 0.9294736842105263 0.019662921348314606 0.02736842105263158 0.03932584269662921
0 0.9126315789473685 0.03745318352059925 0.05368421052631579 0.0749063670411985
0 0.9038491131930387 0.1034824634403913 0.048445949418785765 0.05667548924419189
0 0.8094736842105263 0.033707865168539325 0.042105263157894736 0.06741573033707865
0 0.8552232854417163 0.07121753663554004 0.05573821161956618 0.10262645533739641
0 0.7437178330835195 0.06488175004370719 0.06711504770987105 0.08214704733724756
0 0.703034008476506 0.054536133761262505 0.04404902173580898 0.09127065734503588
0 0.5878947368421052 0.01638576779026217 0.0431578947368421 0.03277153558052434
0 0.6005233274109822 0.2578237793547948 0.04621859302764984 0.09784675408590086
0 0.5635158583748203 0.27505903037236673 0.04997629856418969 0.10537552263335098
0 0.5303258095710052 0.27867937052039127 0.05739984087448929 0.11106976384810138
0 0.47515911387718734 0.2694198874961874 0.04702317894709094 0.07257675002187644
0 0.5166226276164351 0.36120983571736537 0.030585296240165486 0.11360093489645458
0 0.5488427267278049 0.34917342408958607 0.04993036418279967 0.10069387469327606
0 0.5163264448401929 0.06957585348783896 0.04404902173580898 0.09127065734503588
0 0.4967294720450287 0.18961669997040773 0.05665304005434343 0.08859240632955175
0 0.534660956392246 0.1854791683726654 0.05068901572085068 0.07074222268917672
0 0.6432224760096223 0.22367739798795774 0.056338022419263924 0.11012253944770624
0 0.6447056954222394 0.3406913594588803 0.0015881342446989852 0.0009526718065849088
0 0.23789473684210527 0.9681647940074907 0.042105263157894736 0.06367041198501873
0 0.18312720916009959 0.8901172874791441 0.04139906903588445 0.08937076113805578
0 0.20320396568764923 0.8552688149904636 0.04603485550208964 0.07912016232560125
0 0.35736842105263156 0.9901685393258427 0.02526315789473684 0.019662921348314606
0 0.09328724524984959 0.7674641831320423 0.03651523691017342 0.07434046107410576
0 0.1436758944645702 0.9687011924333627 0.04319197840032709 0.057557344770306586
0 0.12065906438922364 0.9277451001361599 0.027475999726340506 0.06488455928872545
0 0.1860764695841748 0.9649855226770123 0.0274116915923945 0.058330252172620584
0 0.3355769801784198 0.8534306275396628 0.032277149965549666 0.07148789306054053
0 0.3563157894736842 0.8824906367041199 0.02736842105263158 0.05711610486891386
0 0.28572589979537977 0.7851333538148049 0.025480979083781916 0.07609872472014502
0 0.3071440768289357 0.8012957779512756 0.02844594941878576 0.05646848780897063
0 0.2623737487358859 0.778353291480149 0.04603485550208964 0.0791201623256013
0 0.24881356103932328 0.7658544746028876 0.03378260232374678 0.06401359857499082
0 0.1634709827754097 0.7480130863484684 0.044538590020170694 0.08753078639916599
0 0.02368421052631579 0.8689138576779026 0.04736842105263158 0.07116104868913857
0 0.06763157894736842 0.721441947565543 0.041578947368421056 0.04400749063670412
0 0.05984795543513165 0.957397769076478 0.04836326753228365 0.04824852295205706
0 0.0634638620650606 0.8838659356832569 0.052267963089271736 0.07075856490774687
0 0.03424341462787783 0.7779057532994833 0.02907332084731766 0.06677356068332545
0 0.050815838961648055 0.8320358287031762 0.04570412795608143 0.045412297157061916
0 0.924805419140484 0.9169310069213723 0.04069820259712861 0.0715750515595811
0 0.9488768103912899 0.9040427005015236 0.02648767628133914 0.07142797159245017
0 0.8838754784704763 0.8780327856106606 0.048075810526038126 0.07258764483425649
0 0.898352424198328 0.8507321475910953 0.03945264661634323 0.05190123539888644
0 0.9382513685592698 0.8606177701888176 0.03723714094311235 0.04064349071794655
0 0.7423684210526316 0.7144194756554307 0.038421052631578946 0.0299625468164794
0 0.5477420946015386 0.8361044168504602 0.030643081339460664 0.0658535733138805
0 0.5364040721822747 0.9457612030689186 0.054226236226718356 0.05579908112426718
0 0.5244736842105263 0.9770599250936329 0.04263157894736842 0.04588014981273408
0 0.6394736842105263 0.7125468164794008 0.03684210526315789 0.026217228464419477
0 0.6585078668499388 0.7300997188021604 0.029951401776982876 0.048994193323420865
0 0.9921052631578947 0.724250936329588 0.015789473684210527 0.04962546816479401
0 0.5747368421052632 0.7116104868913857 0.02736842105263158 0.024344569288389514
0 0.5568421052631579 0.7181647940074907 0.02631578947368421 0.03745318352059925
0 0.5557894736842105 0.7162921348314607 0.02526315789473684 0.033707865168539325
0 0.5126883052646841 0.8687673164455193 0.045389110321001874 0.06694243027521651
0 0.46580352713746165 0.8467829491871677 0.05277590512618944 0.06889135313790688
0 0.4832762653464767 0.8091527249653923 0.03994221490070483 0.04816136445301649
0 0.40268963718549766 0.8965884938945681 0.04168652604212998 0.0650316392558563
0 0.4583058921412396 0.9404840005660411 0.04139906903588458 0.08937076113805573
0 0.43342105263157893 0.951310861423221 0.04263157894736842 0.09737827715355805
0 0.3981578947368421 0.9592696629213483 0.04368421052631579 0.08146067415730338
0 0.6485361617238882 0.8345930737710615 0.033800976076302766 0.06588625775102079
0 0.3831578947368421 0.9105805243445693 0.02631578947368421 0.04962546816479401
0 0.38 0.7139513108614233 0.02 0.02902621722846442
0 0.7206433544782948 0.7800132752183554 0.05703236582336893 0.07361658032750212