0 0.38109756097560976 0.13882863340563992 0.03780487804878049 0.13665943600867678
0 0.3547520896393639 0.17066569691155886 0.06691799176391569 0.1098228782805434
0 0.18379841542354267 0.1134506459954968 0.05374815425986038 0.1344909984797629
0 0.14306869828709162 0.09417320829951616 0.06660624897000722 0.14017902138957927
0 0.10850950237317215 0.11351891865988739 0.07627719987279642 0.13170415897689539
0 0.12112642080751239 0.34312609101235414 0.06381599461474433 0.1043367825458956
0 0.3233556647102729 0.2638146005624682 0.050904683243231 0.0932257661436714
0 0.07439024390243902 0.39804772234273317 0.04878048780487805 0.04338394793926247
0 0.025609756097560974 0.1735357917570499 0.05121951219512195 0.1301518438177874
0 0.09307316930339961 0.2178419409552612 0.06820136395267748 0.11635571136832897
0 0.0644762572035196 0.16140456735485142 0.06503550680986628 0.10436202344279154
0 0.04244590512843729 0.2460722983688527 0.05530069591343723 0.10632929366458609
0 0.3093928989518563 0.20768011772481107 0.048689168830726264 0.1159518570179918
0 0.289919498571853 0.18016760613665914 0.06383728127929089 0.10650597994285872
0 0.24735519147658241 0.16031000774609366 0.06260712575189573 0.10539614034748121
0 0.27948669876169396 0.23525497168715415 0.04836986886252705 0.08341389606354495
0 0.03689024390243902 0.4088937093275488 0.043292682926829265 0.021691973969631236
0 0.9695121951219512 0.3720173535791757 0.06097560975609756 0.09544468546637744
0 0.8973438557151464 0.35612234472146087 0.0748554643644816 0.1110715428088495
0 0.8540101425382153 0.319983145405224 0.06357875514674904 0.14228511654430215
0 0.8768292682926829 0.3947939262472885 0.08780487804878048 0.049891540130151846
0 0.7478658536585366 0.3893709327548807 0.051829268292682924 0.06073752711496746
0 0.6424894873280254 0.19795013190540373 0.05912952581517591 0.12375859553097941
0 0.5994431441224733 0.19109509744816897 0.06290513905554816 0.13576490390496482
0 0.6120092396242671 0.2602132135464847 0.05998716471300565 0.0869074806795025
0 0.5979939496336467 0.29191229461316204 0.0722248599933183 0.09149828444238925
0 0.5909094866939363 0.34652677328088044 0.04228295121919072 0.0843722902775465
0 0.5409360950246196 0.34820339325434596 0.07778716819728028 0.09920405936779257
0 0.5442768747207777 0.2848364023080867 0.06722973455782416 0.07946673517150776
0 0.5355662174514059 0.23585908482236806 0.07347630218526018 0.09477732143473
0 0.5494271791240634 0.18843332262770804 0.06485457016122011 0.08592384556860512
0 0.5476983300588142 0.10544259152119648 0.07658894266670489 0.10134801586785949
0 0.4513515449780435 0.10290626131716682 0.07227807665468486 0.09692127793479705
0 0.4437105426021386 0.1629311130288451 0.04469004561261471 0.08116897597589372
0 0.48141808758146803 0.18485694522878948 0.049054128286001225 0.0910187074013641
0 0.41371951219512193 0.10629067245119306 0.027439024390243903 0.08676789587852494
0 0.4461609027538184 0.257322750917861 0.08404437915698956 0.11559924432949624
0 0.41615853658536583 0.2901301518438178 0.03231707317073171 0.06616052060737528
0 0.43433521127418184 0.3568408017607561 0.04393128286322748 0.065971973748704
0 0.4164634146341463 0.1762472885032538 0.032926829268292684 0.10303687635574837
0 0.42042682926829267 0.40726681127982645 0.04085365853658537 0.024945770065075923
0 0.37408536585365854 0.7196312364425163 0.051829268292682924 0.1616052060737527
0 0.029878048780487804 0.6062906724511931 0.05975609756097561 0.1540130151843818
0 0.05605930044215837 0.5122217645198444 0.0991042587893851 0.15928608303151134
0 0.06898950474939847 0.6805680410807751 0.08778806240054175 0.12435175660803695
0 0.08829724105000296 0.5980127154457207 0.09299605448150199 0.15807527984854955
0 0.33813365425809194 0.7728889342764337 0.09333972727223037 0.1309729328349586
0 0.27354585983286717 0.80733661356661 0.07027542888764657 0.14133934277874893
0 0.17978487028601262 0.7576833422208724 0.07830869147867195 0.1523493955933891
0 0.22287687297864037 0.7070672661070324 0.09147852898272753 0.12768127539416974
0 0.21943721713403996 0.8224823741319586 0.08633131073742467 0.16227484970954745
0 0.13415805321268104 0.7984875482545862 0.0691729933475308 0.15324468756515017
0 0.06972235159726513 0.7863101039585034 0.0849202185613832 0.1427268322399834
0 0.06660662495783772 0.8415489148903749 0.07461066772219571 0.08612577274377357
0 0.014634146341463415 0.7912147505422994 0.02926829268292683 0.16377440347071584
0 0.020121951219512196 0.8313449023861171 0.04024390243902439 0.13774403470715835
0 0.03932926829268293 0.9755965292841648 0.061585365853658536 0.04880694143167028
0 0.21444124104871706 0.9346121349403199 0.0705126683556417 0.10339100878034238
0 0.2924953432026586 0.9367698516909088 0.08017297592615755 0.09383154766917666
0 0.2697002142828898 0.9124417237317373 0.08154149477310589 0.10904117034481473
0 0.32755030471711527 0.8436966707306875 0.07773395153591392 0.09378106587538476
0 0.3136840213783211 0.8905801335761068 0.06254326575825589 0.09888854815659183
0 0.8435455709519025 0.7097906234336353 0.06157919353769302 0.12489367602325312
0 0.9820121951219513 0.8335140997830802 0.03597560975609756 0.12906724511930587
0 0.9701219512195122 0.9804772234273319 0.05609756097560976 0.039045553145336226
0 0.5304516216320853 0.9223547886792788 0.044144149508693636 0.08766394771833524
0 0.5334640011067624 0.7944604853975906 0.06853439341113253 0.08816876565625646
0 0.5282575521047935 0.7298322094745775 0.0602745346843848 0.11619164553850456
0 0.4579311420639345 0.6454216779176625 0.0724377266387844 0.11319025841202048
0 0.4070121951219512 0.6344902386117137 0.01402439024390244 0.08026030368763558
0 0.4253048780487805 0.5450108459869848 0.05060975609756098 0.10954446854663774
0 0.4192073170731707 0.49891540130151846 0.03841463414634146 0.15835140997830802
0 0.49548952217077163 0.86958099581485 0.06007231137119206 0.09558427026735476
0 0.43881413509442074 0.8716610902046279 0.06928251282824646 0.10228116918496487
0 0.45332811862289524 0.9218429006490844 0.051921972125160004 0.07264363176941767
0 0.4441522408914807 0.763333735065176 0.05908695248608277 0.11942020073705317
0 0.424390243902439 0.7369848156182213 0.04878048780487805 0.13123644251626898
0 0.6442073170731707 0.9636659436008677 0.04695121951219512 0.07266811279826464