0 0.02602974828375286 0.20213849287169042 0.05205949656750572 0.15580448065173116
0 0.009725400457665904 0.3304480651731161 0.019450800915331808 0.10285132382892057
0 0.0926911818908946 0.3478620063292141 0.05754147784427662 0.14083935903991857
0 0.09611802138882607 0.12985644278110364 0.06133969428733055 0.10943704418094598
0 0.009725400457665904 0.40427698574338083 0.019450800915331808 0.09368635437881874
0 0.02002288329519451 0.4725050916496945 0.04004576659038902 0.0855397148676171
0 0.012871853546910755 0.540224032586558 0.02574370709382151 0.10285132382892057
0 0.1239982764261482 0.5893708379428144 0.04864737343177837 0.09262232352532238
0 0.15617848970251716 0.6237270875763747 0.043478260869565216 0.051934826883910386
0 0.12242562929061784 0.6288187372708758 0.036613272311212815 0.04175152749490835
0 0.08638443935926773 0.6115071283095723 0.05835240274599542 0.07637474541751528
0 0.19780809100007693 0.322127780353405 0.06263030823259363 0.1318877066215888
0 0.19866248537932416 0.4101540653372247 0.0704331013346866 0.10065130500954994
0 0.14626702176318113 0.419960263035324 0.052166405866044964 0.1060028240855398
0 0.2074927491708452 0.5029401735216782 0.06406031378226722 0.08817062492613709
0 0.27435003503141503 0.46810150997949657 0.05656333181360482 0.07869753087458697
0 0.3332379862700229 0.23167006109979632 0.05320366132723112 0.1354378818737271
0 0.2998153597163821 0.24714676369545044 0.04712417294585356 0.12208278607617123
0 0.25726804620941346 0.3252635982057696 0.06064778984657327 0.09108340338832314
0 0.26826701785947393 0.39250850129425113 0.069189084857549 0.08532895214120854
0 0.5280320366132724 0.054989816700611 0.07322654462242563 0.109979633401222
0 0.6700535132048772 0.19214935322423543 0.06955520782139332 0.14133709878071976
0 0.4370156799659845 0.36367493088531294 0.07685914313639229 0.12127862460416396
0 0.3815789473684211 0.47810590631364563 0.043478260869565216 0.11303462321792261
0 0.4228528116738443 0.47421155875838383 0.06133303750616984 0.10841871424204579
0 0.4732657569039671 0.5052096642935501 0.06348157462124368 0.08712859309481795
0 0.41068557493006264 0.5856835599468879 0.06398708918949837 0.07696899559823485
0 0.5331078758301001 0.5811205199386508 0.06244391836009118 0.1033744683323831
0 0.68073175695932 0.570932111938922 0.06294943292834575 0.0932148708358
0 0.49914187643020597 0.6272912423625254 0.04977116704805492 0.04480651731160896
0 0.4497800230144064 0.5983165994607825 0.05488036857982078 0.08371807489183072
0 0.41647597254004576 0.6232179226069247 0.06636155606407322 0.05295315682281059
0 0.45308924485125857 0.640020366598778 0.04233409610983982 0.019348268839103868
0 0.47368421052631576 0.6191446028513238 0.041189931350114416 0.06109979633401222
0 0.7517003283774849 0.47585791970090424 0.07165714746834154 0.1129186680611905
0 0.7492986331783171 0.5370406726583833 0.07266817660485095 0.09259947306802453
0 0.8203661327231121 0.6278004073319755 0.06407322654462243 0.04378818737270876
0 0.76058352402746 0.6334012219959266 0.04061784897025172 0.032586558044806514
0 0.760415300898591 0.32380678325711604 0.05861241801123305 0.12968513349685457
0 0.8492417769439575 0.16538239205795321 0.05798708138208416 0.12151479209323388
0 0.9130434782608695 0.059063136456211814 0.06979405034324943 0.11812627291242363
0 0.98941647597254 0.03767820773930754 0.02116704805491991 0.07535641547861507
0 0.9045898453957495 0.3600827478856517 0.05504013132768014 0.10815799342543572
0 0.9324756332234673 0.337548277386421 0.04474264849015153 0.10773135936189193
0 0.959695943335088 0.37307046435071156 0.043671708323194974 0.11888558490495596
0 0.9731121281464531 0.29124236252545826 0.05377574370709382 0.10590631364562118
0 0.9337392192441206 0.4067236075543776 0.04222798841123351 0.07301333386960857
0 0.9486855837134037 0.6137874111560748 0.034744320004892665 0.06557689969585885
0 0.834073534296553 0.4734631771314541 0.0452148791526023 0.09248011217080782
0 0.039187643020594964 0.6904276985743381 0.07837528604118993 0.0814663951120163
0 0.05320366132723112 0.955193482688391 0.08009153318077804 0.08961303462321792
0 0.19364988558352403 0.9857433808553971 0.055491990846681924 0.028513238289205704
0 0.2345537757437071 0.9674134419551935 0.06064073226544622 0.06517311608961303
0 0.3340961098398169 0.939918533604888 0.05148741418764302 0.12016293279022404
0 0.31407322654462244 0.9898167006109979 0.05148741418764302 0.020366598778004074
0 0.7748001693597022 0.8830269620369758 0.07413852364145576 0.14254504385897274
0 0.7883295194508009 0.9638492871690427 0.07894736842105263 0.07230142566191446
0 0.8564481869322089 0.9040775099546495 0.053915936911437125 0.1111655794572981
0 0.8518306636155606 0.9669042769857433 0.06521739130434782 0.06619144602851323
0 0.9733981693363845 0.8996945010183299 0.05320366132723112 0.12932790224032586
0 0.9917048054919908 0.9465376782077393 0.016590389016018305 0.07841140529531568
0 0.4061784897025172 0.6720977596741344 0.09267734553775744 0.04480651731160896
0 0.40446224256292906 0.7153767820773931 0.06750572082379863 0.13136456211812628
0 0.3681350114416476 0.7337067209775967 0.016590389016018305 0.1334012219959267
0 0.6610411899313501 0.984725050916497 0.07379862700228833 0.03054989816700611
0 0.6327231121281465 0.9613034623217923 0.05606407322654462 0.07739307535641547
0 0.5843821510297483 0.9623217922606925 0.07265446224256293 0.07535641547861507
0 0.5580140308975595 0.930694665995813 0.06658828742350704 0.12492531029622099
0 0.48451143025694376 0.9322128642633172 0.08204782524212144 0.12760192126933714
0 0.3669908466819222 0.9404276985743381 0.014302059496567507 0.11914460285132383
0 0.3790045766590389 0.9042769857433809 0.03832951945080092 0.12423625254582485
0 0.40891687514112096 0.9037851369029416 0.0476629714199122 0.11701483827408928
0 0.38329519450800914 0.9633401221995926 0.04691075514874142 0.07331975560081466