0 0.4827080890973036 0.35281837160751567 0.03458382180539273 0.1127348643006263
0 0.4879835873388042 0.22494780793319416 0.02403282532239156 0.14718162839248433
0 0.48007033997655335 0.18423799582463465 0.03985932004689332 0.11377870563674322
0 0.48856975381008205 0.12630480167014613 0.022860492379835874 0.08559498956158663
0 0.39436867708194584 0.27426012310249104 0.07817990179458124 0.15214646959856387
0 0.3200071492363942 0.28967144307004233 0.10597530311369033 0.17122103953709727
0 0.305442158198059 0.23784340175993293 0.08963036769897097 0.13139110070108895
0 0.2981837832866091 0.18765703359453847 0.08883955358681783 0.1157274077680922
0 0.4284282168075549 0.22502381443779845 0.09012152203707191 0.16896938880129772
0 0.44146786767312735 0.14686020849951514 0.07515307710655217 0.09993011122774571
0 0.009671746776084409 0.36430062630480164 0.019343493552168817 0.08977035490605428
0 0.037221570926143026 0.3721294363256785 0.07327080890973037 0.07411273486430063
0 0.04138682586498606 0.3238462236073093 0.06972750392840958 0.08839320050927105
0 0.11049237983587339 0.3736951983298539 0.07913247362250879 0.0709812108559499
0 0.10844198263326796 0.28434760532290787 0.08255544051546182 0.12818670199782026
0 0.13155438367095193 0.3101646337074988 0.055700928245147927 0.13625807968956988
0 0.16534081482577806 0.3042507769372796 0.06716552742482747 0.1614256566899959
0 0.2010565301447829 0.26286149696719335 0.07392666155899444 0.14062170466257568
0 0.21451862936893298 0.19723005995355605 0.06484765779260133 0.11860994323547304
0 0.24742483061837933 0.28108959453501275 0.07406309331957801 0.15106011802374478
0 0.2746499140888106 0.05952533559676076 0.05529163296339722 0.10494283960606257
0 0.2227739363311058 0.08143350989387549 0.08714877995404453 0.07604929121316328
0 0.21277842907385697 0.03496868475991649 0.06565064478311841 0.06993736951983298
0 0.1649069287376838 0.09075182279953405 0.06659202393114498 0.07270521601130164
0 0.09963098119693876 0.10625727258135449 0.056163816032669046 0.08199047599397676
0 0.07389447421456284 0.07936907485005228 0.054378030266718794 0.07988457464801339
0 0.0682883939038687 0.02035490605427975 0.04630715123094959 0.0407098121085595
0 0.10609613130128957 0.042275574112734866 0.05744431418522861 0.08455114822546973
0 0.15386869871043377 0.03444676409185804 0.05568581477139507 0.06889352818371608
0 0.4393317702227433 0.043319415448851775 0.10375146541617819 0.08663883089770355
0 0.34788980070339975 0.008350730688935281 0.04279015240328253 0.016701461377870562
0 0.31008206330597887 0.024530271398747392 0.059788980070339975 0.049060542797494784
0 0.31870108007902814 0.05319583375523843 0.058140606263436326 0.09871015604557688
0 0.021688159437280186 0.027139874739039668 0.04337631887456037 0.054279749478079335
0 0.02732152610009103 0.07679859732398654 0.04298164696733102 0.05993620432817204
0 0.03301240606252426 0.11235296811001473 0.0414687247225479 0.07870712970454688
0 0.015240328253223915 0.28131524008350733 0.03048065650644783 0.10334029227557412
0 0.021688159437280186 0.238517745302714 0.04337631887456037 0.08455114822546973
0 0.029308323563892145 0.21085594989561587 0.05861664712778429 0.09394572025052192
0 0.43229777256740914 0.016701461377870562 0.06740914419695193 0.033402922755741124
0 0.9806565064478312 0.36899791231732776 0.038686987104337635 0.08037578288100208
0 0.8908930978816854 0.2935128947602005 0.06726004945877308 0.0789743369192462
0 0.8904170570173373 0.19537359049148134 0.05208793708584087 0.08403564842750849
0 0.7183470105509965 0.38413361169102295 0.0615474794841735 0.05010438413361169
0 0.6441969519343493 0.38674321503131526 0.059788980070339975 0.04488517745302714
0 0.5696051656419041 0.34029540738379893 0.05853625836912863 0.12898155479296727
0 0.6129410450875209 0.29898507499987387 0.06997308109745995 0.10718234455937556
0 0.6659282065451346 0.2593407073256364 0.06745105392358997 0.09358811562488295
0 0.6974649839480264 0.29098691998189635 0.05837254025642827 0.11645545875956435
0 0.6628005283343623 0.18466354155457515 0.05910829156511659 0.08306468178630955
0 0.7933122290365247 0.08944729048287957 0.04202760484170903 0.07662551992355628
0 0.7836205075955841 0.04602159943727236 0.047016596385984086 0.05475950788628964
0 0.984759671746776 0.032359081419624215 0.03048065650644783 0.06471816283924843
0 0.5234466588511137 0.06576200417536535 0.04689331770222743 0.09603340292275574
0 0.5549473679169336 0.04887237853302124 0.04013267366729194 0.06616888788865763
0 0.858935832517142 0.0697695118022131 0.04284521520674747 0.049497790967002936
0 0.4797772567409144 0.9525052192066806 0.04044548651817116 0.09498956158663883
0 0.43484827154026284 0.8551659874159189 0.0912529254514524 0.16585001057543344
0 0.3829786252713558 0.9214434913892456 0.06884216778231095 0.15518082734702376
0 0.292252922495076 0.8656944502091736 0.07415859555198645 0.15836700737656315
0 0.2256740914419695 0.9509394572025052 0.08206330597889801 0.09812108559498957
0 0.11811254396248534 0.930062630480167 0.07678780773739742 0.13987473903966596
0 0.1052168815943728 0.9806889352818372 0.09671746776084408 0.038622129436325675
0 0.31008206330597887 0.9577244258872651 0.10785463071512309 0.08455114822546973
0 0.06732164899943968 0.8738039097785876 0.08335989780367331 0.1448942362669341
0 0.04279015240328253 0.7896659707724426 0.08558030480656506 0.14509394572025053
0 0.00996483001172333 0.8778705636743215 0.01992966002344666 0.1336116910229645
0 0.16298324091345553 0.8210298893499599 0.06809228319833274 0.14264865842237784
0 0.21544514009282248 0.8215734131162234 0.06465714342701592 0.14887526909162022
0 0.47889800703399765 0.8011482254697286 0.04220398593200469 0.09916492693110647
0 0.49296600234466587 0.8277661795407099 0.01406799531066823 0.1419624217118998
0 0.46653148793677207 0.5840587388051943 0.04825763530806311 0.10486996491114449
0 0.429337938511593 0.5142485520226139 0.0427911326017455 0.09020153018431921
0 0.3783134340094567 0.5831447686730975 0.08250086781122834 0.12401133665335268
0 0.48710433763188743 0.6289144050104384 0.02579132473622509 0.09081419624217119
0 0.46512309495896836 0.6957202505219207 0.0697538100820633 0.09916492693110647
0 0.45957738894086214 0.7572878174706561 0.07827491392775814 0.11457425438959822
0 0.38904007643390626 0.7268035195509008 0.10191257724368886 0.12943094874496175
0 0.24446769210833638 0.7764608502204317 0.06817414225468285 0.1489117064390792
0 0.18783490184896423 0.73620277255178 0.10353464489693896 0.1190107540575222
0 0.1723019804593329 0.6911505905895658 0.09167488371079854 0.10845088287148971
0 0.255824126078012 0.6700922730876406 0.06476579873625123 0.11234689521877157
0 0.2968153396385175 0.6287576491387428 0.05804510403102781 0.0914032666927585
0 0.30215296732112795 0.5567781436309998 0.05466453696394432 0.10180524270646862
0 0.2508224715561416 0.5593782896555732 0.0557277244980331 0.09346665780001967
0 0.19841514508100808 0.5546594005448421 0.04330908319273163 0.08498839639497782
0 0.14996773055620674 0.5609433557020407 0.056818198384238676 0.08721575556580453
0 0.10027976720855797 0.5724343717573374 0.047507750724085036 0.09233779598649834
0 0.04130182096484291 0.5770432528679834 0.05736343532734146 0.08409030444869697
0 0.06765276096907634 0.5120673401297543 0.0411963513006122 0.10270940754399265
0 0.06221914095482595 0.6362449853345861 0.05286510802193574 0.09865550002438846
0 0.03418522910431139 0.6505703017061722 0.06282993803365906 0.09875873917552219
0 0.010550996483001172 0.68580375782881 0.021101992966002344 0.10647181628392484
0 0.027549824150058615 0.5036534446764092 0.05509964830011723 0.10125260960334029
0 0.00615474794841735 0.47286012526096033 0.0123094958968347 0.07306889352818371
0 0.026670574443141852 0.44258872651356995 0.053341148886283704 0.06680584551148225
0 0.08675263774912075 0.43997912317327764 0.06799531066822978 0.061586638830897704
0 0.3692151907270547 0.49431197950640476 0.07358558215753538 0.1145256712596529
0 0.3795427901524033 0.44832985386221297 0.06037514654161782 0.07828810020876827
0 0.388042203985932 0.4342379958246347 0.05509964830011723 0.05010438413361169
0 0.47772567409144195 0.48434237995824636 0.044548651817116064 0.12317327766179541
0 0.47567409144196954 0.4326722338204593 0.04865181711606096 0.04697286012526096
0 0.2776233913206851 0.4824012379976213 0.05275596261346883 0.09030476933545312
0 0.3238569753810082 0.4164926931106472 0.0627198124267292 0.014613778705636743
0 0.32620164126611956 0.4352818371607516 0.06037514654161782 0.05219206680584551
0 0.13042203985932005 0.43789144050104384 0.0369284876905041 0.05741127348643006
0 0.5143610785463072 0.6748434237995825 0.028722157092614303 0.12630480167014613
0 0.5553247209038684 0.6597347998216921 0.08795372734148754 0.1376359300440611
0 0.5407385697538101 0.7724425887265136 0.08147713950762016 0.11482254697286012
0 0.6709491005830139 0.6943401550435806 0.06846064895190838 0.1708323744975343
0 0.6872669946952322 0.6344802098348022 0.0779479678015893 0.1344011668845764
0 0.7081991831093524 0.5804099751046123 0.07578017310600493 0.10306770812733955
0 0.6952767244883546 0.537472803825226 0.0790925242927967 0.087446525433045
0 0.8023882922075287 0.5505883182880704 0.09057076664853471 0.11365794376958793
0 0.7934942064667707 0.4909891594238942 0.0780293367587078 0.09578511033949384
0 0.8995143201012763 0.5876119807760912 0.05136582895321095 0.1184702667368802
0 0.814416387647857 0.7292339725995196 0.07576652992994654 0.10202386679122265
0 0.8927658489447047 0.6554009387112588 0.07689793334432729 0.09890448856535836
0 0.9395965471065908 0.7728121818839141 0.08215978840976948 0.09791530325042987
0 0.9894490035169988 0.8037578288100209 0.021101992966002344 0.10438413361169102
0 0.9923798358733881 0.7077244258872651 0.015240328253223915 0.08768267223382047
0 0.9733294255568582 0.7124217118997912 0.053341148886283704 0.09916492693110647
0 0.9629148210332288 0.6707434643660757 0.07102262545549047 0.09779991831680969
0 0.9909144196951934 0.6591858037578288 0.01817116060961313 0.07411273486430063
0 0.9900351699882767 0.5589770354906054 0.01992966002344666 0.10125260960334029
0 0.6292497069167644 0.4279749478079332 0.0627198124267292 0.037578288100208766
0 0.7930832356389215 0.4352818371607516 0.09730363423212192 0.05219206680584551
0 0.938876154321271 0.5812338958046236 0.06123564683175712 0.1561457210969796
0 0.9422028838329684 0.528547236341314 0.06315737425905953 0.12381093124232803
0 0.9546285917759149 0.4973564905282916 0.05245630283941652 0.11221936450266495
0 0.9346424384525205 0.44937369519832987 0.06506447831184056 0.08037578288100208
0 0.9832942555685815 0.4723382045929019 0.03341148886283705 0.10751565762004175
0 0.977725674091442 0.4384133611691023 0.044548651817116064 0.05845511482254697
0 0.5438484389450565 0.5061504469139135 0.07869736228633575 0.10205423124743852
0 0.5334114888628371 0.43475991649269313 0.053927315357561546 0.0511482254697286
0 0.5123094958968347 0.44258872651356995 0.0246189917936694 0.06680584551148225