0 0.36300919842312745 0.6214953271028038 0.1425755584756899 0.11682242990654206
0 0.6360052562417872 0.5601635514018691 0.04730617608409987 0.19042056074766356
0 0.6264783180026281 0.4526869158878505 0.06636005256241786 0.15070093457943926
0 0.6205650459921156 0.36098130841121495 0.07818659658344283 0.16121495327102803
0 0.6241787122207622 0.2885514018691589 0.07095926412614981 0.14485981308411214
0 0.48226018396846254 0.5911214953271028 0.12614980289093297 0.17757009345794392
0 0.4781073754939519 0.42591444928589833 0.10994932833918358 0.1919721302977204
0 0.28602511025419003 0.43808574494887154 0.12248713639059235 0.229657507184383
0 0.2691425541382276 0.3330312511039287 0.09485223139715405 0.15746466550477978
0 0.20642536419634988 0.27524872413747814 0.09204890430078523 0.18158892478081065
0 0.28910270472953753 0.19236247188424288 0.07228376379208343 0.14300495568459357
0 0.19477193296401277 0.1513923869496383 0.09336296474756585 0.18175230518254779
0 0.1803349924408303 0.08702151806981379 0.0825668073565266 0.13262975590783674
0 0.1038107752956636 0.05724299065420561 0.07227332457293036 0.11448598130841121
0 0.11894128330927214 0.4822812321516696 0.10116389722936191 0.21185650486873786
0 0.08444197697170612 0.4192336900992716 0.07217738959221612 0.17096064866129507
0 0.0476545507784871 0.5415007991070273 0.08809212476449678 0.2137273737485623
0 0.014756104899953161 0.4928926803912098 0.023396545054474836 0.15673800370356164
0 0.35224853159206415 0.28873724582028676 0.07401081625650621 0.16419637346950836
0 0.40119415703918293 0.3160274085798101 0.09759507229561573 0.1636325478035812
0 0.463650617165246 0.32699927338277535 0.07916068384376111 0.19280558805315856
0 0.5455270110782491 0.3039375309844823 0.11881193725697897 0.20938924309592802
0 0.640604467805519 0.0969626168224299 0.03810775295663601 0.14018691588785046
0 0.4018365751409035 0.1642930657460609 0.10683938342503992 0.16711265921387225
0 0.3189725424786952 0.08676498312342482 0.08263563935946702 0.13613442880503304
0 0.5893561103810775 0.05899532710280374 0.0735873850197109 0.11799065420560748
0 0.6317345597897503 0.053154205607476634 0.05584756898817345 0.10630841121495327
0 0.6297634691195795 0.030373831775700934 0.059789750328515114 0.06074766355140187
0 0.5772303033431426 0.559974872241828 0.10116389722936187 0.21185650486873786
0 0.5231806983107293 0.5075556063089455 0.09615169364798778 0.19025663607948004
0 0.3771353482260184 0.02219626168224299 0.052562417871222074 0.04439252336448598
0 0.4195137976346912 0.029789719626168224 0.05847568988173456 0.05957943925233645
0 0.5091984231274639 0.05081775700934579 0.06438896189224705 0.10163551401869159
0 0.5397503285151117 0.009345794392523364 0.07030223390275953 0.018691588785046728
0 0.31176084099868595 0.018691588785046728 0.06767411300919843 0.037383177570093455
0 0.9507227332457293 0.3744158878504673 0.09855453350854139 0.17172897196261683
0 0.6803547963206308 0.3142523364485981 0.04139290407358739 0.14953271028037382
0 0.8413887618076611 0.06759689454273489 0.06727156021070928 0.1214050868953358
0 0.9357278793782192 0.14252717435110523 0.09566152382237196 0.13192711132707766
0 0.6757555847568988 0.12383177570093458 0.032194480946123524 0.1378504672897196
0 0.6254927726675427 0.9082943925233645 0.0683311432325887 0.169392523364486
0 0.541210440549975 0.8399933788570728 0.07126797535804452 0.1580284911707068
0 0.4799605781865966 0.7272196261682243 0.09264126149802891 0.09462616822429906
0 0.4208278580814718 0.7190420560747663 0.07818659658344283 0.07827102803738317
0 0.3344283837056505 0.75 0.07621550591327202 0.14018691588785046
0 0.28843626806833117 0.7394859813084113 0.07621550591327202 0.1191588785046729
0 0.2033508541392904 0.7488317757009346 0.06636005256241786 0.1378504672897196
0 0.1783837056504599 0.9526869158878505 0.07818659658344283 0.09462616822429906
0 0.12352168199737187 0.9252336448598131 0.07752956636005257 0.14953271028037382
0 0.029894875164257557 0.969626168224299 0.05716162943495401 0.06074766355140187
0 0.04455085825525693 0.8039593711391562 0.061137193995428864 0.142784446568893
0 0.022010512483574246 0.7978971962616822 0.04402102496714849 0.1425233644859813
0 0.7567539238703582 0.8737501646283365 0.09870263673357521 0.15328190951372955
0 0.7319316688567674 0.7365654205607477 0.1011826544021025 0.1133177570093458
0 0.8695795006570303 0.7558411214953271 0.10315374507227333 0.15186915887850466