0 0.10271990740740741 0.30864197530864196 0.08622685185185185 0.0411522633744856
0 0.043402777777777776 0.2968106995884774 0.0787037037037037 0.06481481481481481
0 0.01678240740740741 0.08641975308641975 0.03356481481481482 0.12962962962962962
0 0.5917245370370371 0.27314814814814814 0.036458333333333336 0.11213991769547325
0 0.03501157407407408 0.11059670781893004 0.07002314814814815 0.1286008230452675
0 0.9861111111111112 0.07973251028806584 0.027777777777777776 0.12242798353909465
0 0.9657219351232967 0.11534248607999253 0.045691531986088205 0.1189159800804286
0 0.9035978052828549 0.20734170769346508 0.044870396825048064 0.0941767046189596
0 0.861367586878568 0.20538694468524946 0.04973235660129186 0.11822259555350924
0 0.718408226608875 0.2798992147324557 0.04602780423245547 0.09427253949251488
0 0.7223242493363142 0.2370487189650772 0.05830179773890146 0.10762448467718844
0 0.6968743166766034 0.1773751004593641 0.052006766173217096 0.11429903896317054
0 0.6287615740740741 0.31069958847736623 0.03761574074074074 0.037037037037037035
0 0.8848379629629629 0.30864197530864196 0.07291666666666667 0.0411522633744856
0 0.24986186748271907 0.5164796483116794 0.05949961038919819 0.11183554588819204
0 0.205710785381789 0.5544566723464771 0.06347982714006774 0.1049693218550996
0 0.5989583333333334 0.5421810699588477 0.02199074074074074 0.07613168724279835
0 0.5697198085002134 0.49670565327174 0.04023066588469617 0.09276455854037752
0 0.5107303143024937 0.4368248398938361 0.05297224867689992 0.09484754873384516
0 0.5074773919236333 0.5177651380010024 0.04398572480714415 0.12185864752318257
0 0.48523624007766514 0.5493325719584488 0.04546930315019656 0.09628223522446153
0 0.4508366026319916 0.4909738463514084 0.05985315626448032 0.14784377634086693
0 0.4194761453806122 0.5654749224374165 0.06700255591590155 0.11040085939757543
0 0.4420967535452348 0.6608932254935282 0.038403642977083895 0.0833615469707858
0 0.35502856391089815 0.6269566387834846 0.07163218554553144 0.11078419889179562
0 0.527337770108827 0.8915348097698677 0.04534808742152834 0.08393655621211585
0 0.576029841868849 0.6976823179981886 0.04810018758993385 0.06977285121493362
0 0.5743261563527363 0.7597334466049881 0.045247074314304914 0.07364849036849444
0 0.4452687152751843 0.7778304838473523 0.04931820286167537 0.07604152559466126
0 0.19299768518518517 0.9742798353909465 0.05844907407407408 0.051440329218107
0 0.16525678300523833 0.9689769062578181 0.0468619696967478 0.06144656366648122
0 0.12818287037037038 0.9830246913580247 0.052662037037037035 0.033950617283950615
0 0.12064609126644135 0.9601432307041383 0.05096340217628544 0.06692601864573469
0 0.16300272621788972 0.7688500668809929 0.04948992514395543 0.09353123752881765
0 0.23569569955239983 0.7815509479949255 0.05745035864569427 0.07979878946263325
0 0.2620123734345333 0.6644854624558495 0.0549406899346252 0.11865385248450683
0 0.3748118679325415 0.8161992809696783 0.04409976821761977 0.07458146207930154
0 0.4869791666666667 0.9917695473251029 0.03761574074074074 0.01646090534979424
0 0.5526620370370371 0.9681069958847737 0.03125 0.06378600823045268
0 0.07783564814814815 0.9891975308641975 0.057291666666666664 0.021604938271604937
0 0.06076388888888889 0.970164609053498 0.04976851851851852 0.059670781893004114
0 0.012152777777777778 0.9809670781893004 0.024305555555555556 0.03806584362139918
0 0.005787037037037037 0.6784979423868313 0.011574074074074073 0.09979423868312758
0 0.015914351851851853 0.5478395061728395 0.031828703703703706 0.13477366255144033
0 0.5896336222315488 0.8170253000905515 0.030018954425006288 0.053884118493760326
0 0.9901620370370371 0.8585390946502057 0.019675925925925927 0.13477366255144033
0 0.7432616749325329 0.5718108368291518 0.07045164652414944 0.16722480872138076
0 0.7515995932532272 0.41984765547659175 0.10028160503796094 0.14296754424039615
0 0.6772433396454938 0.47331312930690717 0.07876855489370041 0.1309065332360065
0 0.6837677723652623 0.5488951843331186 0.06305264309719928 0.12035350318375429
0 0.6597031837707782 0.6008710389490863 0.065539180194294 0.13803488486502066
0 0.7036066335958785 0.7437962627333039 0.07754043831123657 0.12360905227191654
0 0.7952278856997287 0.8881026585907617 0.051915854376716065 0.10503977970391128
0 0.8786096039238424 0.8410383412444895 0.06201645141846012 0.1326033473225447
0 0.8406944100205274 0.8368709425511999 0.06322436537947917 0.13784321511791067
0 0.839529022965229 0.8948547622573283 0.07901391534356665 0.09700383338883359
0 0.8512731481481481 0.9830246913580247 0.05092592592592592 0.033950617283950615
0 0.9253472222222222 0.9423868312757202 0.06365740740740741 0.11522633744855967
0 0.6397789684024561 0.6917386038176883 0.05630012355647946 0.13932581904530467
0 0.7345563731036058 0.863033558052449 0.06396761904727034 0.09575798003261775
0 0.7062958540739865 0.8704592662017909 0.03789564844843663 0.09051527562454315
0 0.6718831863250608 0.8696657918822528 0.05467805585584404 0.09190488129109119
0 0.6893423815508657 0.9399854387010642 0.053662066798549506 0.10621233859860611
0 0.7364004629629629 0.9465020576131687 0.057291666666666664 0.10699588477366255
0 0.7821180555555556 0.9439300411522634 0.05613425925925926 0.11213991769547325
0 0.8182870370370371 0.9501028806584362 0.05324074074074074 0.09979423868312758
0 0.6675347222222222 0.9866255144032922 0.050347222222222224 0.026748971193415638
0 0.6513310185185185 0.9696502057613169 0.05381944444444445 0.060699588477366256
0 0.6203703703703703 0.6527777777777778 0.020833333333333332 0.10185185185185185
0 0.6195023148148148 0.7289094650205762 0.019097222222222224 0.12037037037037036
0 0.6341354713783632 0.7647711827950285 0.04201728354941899 0.09805234377252066
0 0.6587592182216727 0.7991911225470917 0.05919657106752784 0.08097134835732761
0 0.6183449074074074 0.3713991769547325 0.01678240740740741 0.06790123456790123