0 0.017496635262449527 0.4647129186602871 0.034993270524899055 0.14952153110047847
0 0.04689858626869177 0.3987390794963888 0.07116691273542622 0.1536196123835225
0 0.1503445089381046 0.2201343980407016 0.0821065706406095 0.1598545495874333
0 0.2559871989674025 0.3369210962037993 0.08994927511753625 0.135913259032118
0 0.45053835800807535 0.4700956937799043 0.07469717362045761 0.13875598086124402
0 0.5484522207267833 0.43600478468899523 0.0901749663526245 0.2069377990430622
0 0.02725437415881561 0.1674641148325359 0.05450874831763122 0.14114832535885166
0 0.5607592126538979 0.2844519871749523 0.06756950954075151 0.12813743310646833
0 0.5736877523553163 0.22069377990430622 0.051816958277254375 0.09449760765550239
0 0.5864737550471063 0.2715311004784689 0.026244952893674293 0.12679425837320574
0 0.5357844907384639 0.10751876396307342 0.0716593565439365 0.0929773897467012
0 0.48928642588808496 0.11197870098986666 0.05994242724341929 0.15805958490580282
0 0.4516575302443829 0.10923412984655398 0.05535316202260848 0.10506544390626056
0 0.3657469717362046 0.049641148325358854 0.0693135935397039 0.09928229665071771
0 0.3273648225708933 0.14100009812616426 0.06922631311907329 0.09979186118735033
0 0.2944410091957077 0.25000699173296603 0.0763779950725042 0.14956004749265495
0 0.2704837145033233 0.1294298249844322 0.05593986066086491 0.10276373992169634
0 0.2997750062058233 0.05096172118903039 0.058372904085728115 0.09594926848104725
0 0.3273889636608345 0.0215311004784689 0.06123822341857335 0.0430622009569378
0 0.2870121130551817 0.004186602870813397 0.059892328398384924 0.008373205741626795
0 0.5262449528936743 0.034688995215311005 0.06056527590847914 0.06937799043062201
0 0.4717362045760431 0.029904306220095694 0.04306864064602961 0.05980861244019139
0 0.6386271870794078 0.06758373205741627 0.06594885598923284 0.13516746411483255
0 0.6870794078061911 0.05382775119617225 0.059219380888290714 0.1076555023923445
0 0.6675639300134589 0.01375598086124402 0.08075370121130551 0.02751196172248804
0 0.7533647375504711 0.01555023923444976 0.08546433378196501 0.03110047846889952
0 0.759421265141319 0.04904306220095694 0.07873485868102288 0.09808612440191387
0 0.8227388915488827 0.08308106951129317 0.07323791720832871 0.11818764748462501
0 0.8509421265141319 0.05562200956937799 0.06662180349932706 0.11124401913875598
0 0.8865183620402964 0.4266708594195115 0.08310747017344633 0.15046645262308964
0 0.9983176312247645 0.15729665071770335 0.0033647375504710633 0.08971291866028708
0 0.996971736204576 0.08133971291866028 0.006056527590847914 0.11961722488038277
0 0.9794751009421265 0.24222488038277512 0.04104979811574697 0.13995215311004786
0 0.9892328398384926 0.29126794258373206 0.021534320323014805 0.1303827751196172
0 0.9473053262049098 0.26523080716224223 0.04929663443176057 0.10424967928886945
0 0.9376825109184437 0.15774766300636534 0.06568004031822577 0.13145402831374947
0 0.9801480484522207 0.09389952153110048 0.039703903095558546 0.09688995215311005
0 0.9290040376850606 0.050239234449760764 0.06527590847913863 0.10047846889952153
0 0.893975009691538 0.20209808934199985 0.06284983946339098 0.16440300820199583
0 0.8395445042878362 0.1553402981632178 0.08546330223317218 0.10435957799800115
0 0.8593914213078689 0.21817503238389635 0.06377352763109077 0.11572250805321263
0 0.27388963660834453 0.9509569377990431 0.09690444145356662 0.09808612440191387
0 0.326043068640646 0.9049043062200957 0.09488559892328398 0.1901913875598086
0 0.2032301480484522 0.9210526315789473 0.10363391655450875 0.15789473684210525
0 0.38746567552354094 0.7791554268492096 0.10463275298976024 0.1902670077273122
0 0.15211906944550097 0.8535250022730444 0.08286576702254164 0.16233753459808445
0 0.07466090037743765 0.8807857132693397 0.08442728422232483 0.1684996768681905
0 0.4541596558602583 0.8753456106499806 0.0840301267923533 0.19463418531578777
0 0.5146993665718239 0.8383438697352118 0.10361480999231444 0.18060698922383797
0 0.47963792218848866 0.766139590437853 0.10203624932792223 0.15539673148591426
0 0.5787348586810229 0.7816985645933014 0.04172274562584118 0.1590909090909091
0 0.5810901749663526 0.8899521531100478 0.0370121130551817 0.17942583732057416
0 0.5592193808882907 0.59688995215311 0.08075370121130551 0.11483253588516747
0 0.43304172274562586 0.5921052631578947 0.0800807537012113 0.10526315789473684
0 0.4838492597577389 0.5861244019138756 0.08209959623149395 0.09330143540669857
0 0.3832436069986541 0.5962918660287081 0.09219380888290714 0.11363636363636363
0 0.32417555419425953 0.6554622041155697 0.08629970998024153 0.14613496619309158
0 0.01816958277254374 0.8696172248803827 0.03633916554508748 0.17942583732057416
0 0.05406382448217387 0.7783866543250915 0.09500490317554733 0.1461171206138528
0 0.12922284218648136 0.7436227452507017 0.12086974210385928 0.19483472453796297
0 0.1990022827889892 0.7378299688971147 0.08000948519639714 0.21313845770534476
0 0.23004011414620681 0.7078068411782679 0.07177065483829162 0.1703660238667761
0 0.2395693135935397 0.5753588516746412 0.0955585464333782 0.07177033492822966
0 0.0869144294711765 0.6579708040981317 0.07010584530206146 0.14276342163124459
0 0.07806191117092867 0.5825358851674641 0.05652759084791386 0.0861244019138756
0 0.3351278600269179 0.5747607655502392 0.06460296096904442 0.07057416267942583
0 0.9021757501414711 0.8202617936914656 0.0923993620070084 0.1481469030592867
0 0.9868775235531628 0.6746411483253588 0.026244952893674293 0.12200956937799043
0 0.9432917822342854 0.6758950238111463 0.07932853172839456 0.15709964303765178
0 0.8267294491945749 0.6970039279438043 0.08786122718002479 0.1522971084631976
0 0.7453720058804042 0.6911343780257664 0.10077660317957172 0.157607794957435
0 0.9136179209106581 0.631211629025895 0.07421273576985571 0.12665149373929527
0 0.7964333781965006 0.55622009569378 0.0639300134589502 0.03349282296650718
0 0.6194481830417228 0.6010765550239234 0.039703903095558546 0.12320574162679426