0 0.01780104712041885 0.16294227188081936 0.0356020942408377 0.0893854748603352
0 0.09321552908565253 0.20824840013252033 0.03966712967678477 0.09320731589560172
0 0.16696817847162645 0.26109271136726864 0.03726260527643886 0.10591715382882558
0 0.2588690162066814 0.22559647832630159 0.062164984635822186 0.09507589402741812
0 0.3388795226520341 0.24576765041325252 0.05007739768047393 0.09078509637872118
0 0.3101085765874197 0.2756411127327715 0.059333906941927375 0.08171496845971088
0 0.2560002939118439 0.3376734417271474 0.048095397804850844 0.06545010528390677
0 0.195078898425586 0.3505398877258525 0.05169938308602668 0.06218147184219791
0 0.5031413612565445 0.015363128491620111 0.07539267015706806 0.030726256983240222
0 0.5208988147169574 0.06583663684528483 0.052868375874460354 0.06976047894078917
0 0.5006403645490518 0.20083956709335654 0.044902731771025606 0.0938584035300851
0 0.4481312162097317 0.23287162350651647 0.04926439059328428 0.07302911238249812
0 0.4402666077909982 0.2950794858872989 0.05228387948024352 0.06597097539149359
0 0.49880151424245145 0.28005785306015263 0.047292022125173444 0.08021746690039941
0 0.47341567417355246 0.32521954710375073 0.03617538535768219 0.07140139329628968
0 0.4603868181878129 0.37517014252600134 0.04806492971245447 0.0635879078909831
0 0.4376187791660342 0.42065738038684114 0.04707874547839882 0.06718208514993386
0 0.38507793528483475 0.37091552341998124 0.058551367947134336 0.06582118185641168
0 0.35419874178580885 0.47950916797634113 0.04867989419906768 0.06923960883320265
0 0.28921353831308666 0.48350740998102737 0.043109143088466834 0.04810434987655913
0 0.18612565445026177 0.5307262569832403 0.04031413612565445 0.037243947858473
0 0.1392889216091475 0.5173631624580004 0.038320930972659255 0.04286287752321479
0 0.0997248420014768 0.4943235806183697 0.04821727017443623 0.07289889485560136
0 0.11452802385475093 0.4250803476242143 0.0384219666573604 0.08097281531470145
0 0.06064825187214774 0.5010791570655175 0.03669894556710627 0.07146650205973806
0 0.3161332013442454 0.5161250114737157 0.03919487424464119 0.06434325630528515
0 0.3413612565445026 0.5353817504655494 0.02617801047120419 0.027932960893854747
0 0.4397905759162304 0.5279329608938548 0.0356020942408377 0.04283054003724395
0 0.3387434554973822 0.542364990689013 0.033507853403141365 0.013966480446927373
0 0.46006454241286093 0.4991788290681374 0.03394403810420216 0.06276106997433994
0 0.49842931937172774 0.5218808193668529 0.030366492146596858 0.05493482309124767
0 0.5646596858638744 0.5237430167597765 0.026701570680628273 0.051210428305400374
0 0.5979057591623037 0.5330540037243948 0.03664921465968586 0.032588454376163874
0 0.662041884816754 0.5297951582867784 0.03507853403141361 0.03910614525139665
0 0.05365513182643056 0.424943966254178 0.04578788032038 0.052154288479647905
0 0.6162303664921466 0.0223463687150838 0.04712041884816754 0.0446927374301676
0 0.6138804827971527 0.14430233097571882 0.052272674202871405 0.12915546922400092
0 0.5718196875770171 0.17623991461315255 0.04522264674118731 0.11341147615578343
0 0.5418825500433122 0.18273824637595343 0.038203087371899834 0.09952968048048935
0 0.5453478550388443 0.2667975641113111 0.042025951938536234 0.07770418187299238
0 0.5561458042856567 0.3359722810768185 0.036099215126691245 0.06674589981398056
0 0.6210845186848543 0.3770346627053583 0.029734719743925365 0.09290134808654517
0 0.579249432838348 0.43873485024784636 0.03367945668014727 0.0785246390507426
0 0.6548312070292347 0.0764523387610564 0.04805932707376854 0.09518015480723689
0 0.6641361256544502 0.04748603351955307 0.030890052356020943 0.09497206703910614
0 0.7937057257891615 0.1007366692196178 0.05177958208584346 0.1309525578534762
0 0.8460732984293193 0.020484171322160148 0.05968586387434555 0.040968342644320296
0 0.8411801159541602 0.06436168476785148 0.04646780976061192 0.1256459767366838
0 0.9073680221416083 0.18177415950626094 0.03684568339040197 0.11236973594060998
0 0.925130890052356 0.03026070763500931 0.06387434554973823 0.06052141527001862
0 0.9499844195334246 0.05605604257997619 0.04874083038386019 0.07296400361904974
0 0.9112225822501239 0.24172257427878355 0.04981841889510474 0.07495641853887004
0 0.9338250611481356 0.2180510470213482 0.03293701718526262 0.09701639545308254
0 0.9573852705722194 0.2209809413765233 0.03963666158438863 0.09134511850267807
0 0.9607358797067124 0.1702913831787096 0.041512023136624165 0.11016241872225961
0 0.693979057591623 0.4618249534450652 0.028795811518324606 0.09497206703910614
0 0.7151758172385505 0.45847113837336373 0.03427918712056229 0.0832452412965001
0 0.7037685061438111 0.3520524735493833 0.045949852189873776 0.09398862105698165
0 0.7373629481203856 0.34554435378248977 0.041557725275218727 0.11295571481164518
0 0.7402694091103412 0.41141469255511764 0.048202036128237924 0.07196779615913954
0 0.7770577445702237 0.45640999052914205 0.051383496884690814 0.10674399174546875
0 0.8162000865881014 0.4696404816741993 0.04356056183572594 0.10762955768666733
0 0.8520439111836969 0.45690766046759057 0.044211597053421696 0.08355120910555665
0 0.886970104753129 0.45195896065401076 0.03692745626007909 0.08543298250666544
0 0.8463777270270813 0.36607021680320695 0.05358997868446064 0.08192987075824117
0 0.8074530368451811 0.25437114450526527 0.06049729709167487 0.12088622247455612
0 0.8513731726364243 0.2881736821135627 0.054220177217272035 0.08851267039692232
0 0.8964402370817341 0.28030465905314716 0.05701115541125846 0.06748805295899041
0 0.8972240035260102 0.37611016164354255 0.03997181060074829 0.11182928982483822
0 0.9018324607329843 0.5223463687150838 0.032984293193717276 0.054003724394785846
0 0.8680628272251308 0.515828677839851 0.032460732984293195 0.0670391061452514
0 0.9807842950617394 0.134222583431753 0.03347581144088489 0.09801260291299274
0 0.9321989528795811 0.527001862197393 0.04659685863874346 0.0446927374301676
0 0.9432167565351354 0.4886882022480367 0.043779441121186737 0.08907269252087943
0 0.7264397905759162 0.5256052141527002 0.042408376963350786 0.04748603351955307
0 0.7539267015706806 0.5121042830540037 0.0387434554973822 0.074487895716946
0 0.21101176050231532 0.5979125539145342 0.06022868689879378 0.07253419902198939
0 0.16780104712041885 0.5945065176908753 0.03612565445026178 0.09031657355679702
0 0.135430679152183 0.608955954536686 0.02813357102325674 0.0908438244032766
0 0.1225130890052356 0.5647113594040968 0.06282722513089005 0.030726256983240222
0 0.011256544502617802 0.6159217877094972 0.022513089005235604 0.06238361266294227
0 0.05250294695405529 0.7138645732193222 0.03352711621816551 0.06921365208612434
0 0.04429198424158974 0.818772758110452 0.03672941365950276 0.07332869945266171
0 0.039701027791428325 0.873489488533723 0.04230576740878955 0.06287171149305157
0 0.015445026178010472 0.7956238361266295 0.030890052356020943 0.06610800744878957
0 0.0075916230366492145 0.8254189944134078 0.015183246073298429 0.05865921787709497
0 0.40575916230366493 0.5842644320297952 0.033507853403141365 0.06983240223463687
0 0.46335078534031415 0.5675046554934823 0.060732984293193716 0.036312849162011177
0 0.587958115183246 0.595437616387337 0.05654450261780105 0.09217877094972067
0 0.3767919356966856 0.6389710944863679 0.04917298631609515 0.06744252020372717
0 0.35117601106495383 0.7658741475282618 0.03644959818924957 0.08816116983260253
0 0.3781622129195914 0.7706238968905437 0.032261116513856894 0.08764029972501591
0 0.29808359378089977 0.8740284163792221 0.03882365449719898 0.07358913450645502
0 0.28060280805101984 0.7157482356153579 0.02987742879839511 0.06968898943844792
0 0.31458851952499073 0.7171870091501141 0.03345094598717469 0.06455815860381521
0 0.3423933311055038 0.7081004955923653 0.04056751227233747 0.05243429954162657
0 0.25405077651303026 0.737534799102238 0.05542524073678802 0.06636162797218366
0 0.24127765747876392 0.6913445601127587 0.05256369495049672 0.051138505011552766
0 0.19871895443784435 0.70881755957331 0.05006776627296168 0.058261750766005684
0 0.15282084753980396 0.7137956233991678 0.041934547661347105 0.07211758969422144
0 0.059424083769633505 0.9906890130353817 0.030890052356020943 0.0186219739292365
0 0.35523264254287185 0.9020424378837572 0.05040291528932157 0.07874592208816583
0 0.3667108676502933 0.8690892876739815 0.056009737131004614 0.07015113152147913
0 0.3978197992917748 0.8543738395516449 0.036759881751899016 0.07519089684558557
0 0.3549738219895288 0.9604283054003724 0.048167539267015703 0.07914338919925512
0 0.41047120418848165 0.9902234636871509 0.041884816753926704 0.019553072625698324
0 0.4463350785340314 0.9846368715083799 0.03507853403141361 0.030726256983240222
0 0.42923061053787676 0.8740764888166719 0.03415731475097679 0.0757964517248057
0 0.39083769633507853 0.9585661080074488 0.03193717277486911 0.08286778398510242
0 0.41452644998489074 0.9493718633378292 0.02530249332936193 0.07748289883556936
0 0.5209424083769634 0.9641527001862198 0.02198952879581152 0.07169459962756052
0 0.49921465968586387 0.973463687150838 0.032984293193717276 0.05307262569832402
0 0.5489528795811518 0.9636871508379888 0.049738219895287955 0.07262569832402235
0 0.5505235602094241 0.9860335195530726 0.04450261780104712 0.027932960893854747
0 0.46983734128101673 0.7053650599445224 0.040689384641922975 0.059883089113321165
0 0.49934713858624274 0.7206498844034018 0.03697315839867365 0.08822627859605091
0 0.4966467777345152 0.7951150137427163 0.033999371650308974 0.09807771167644092
0 0.46665150533536065 0.7820928272615429 0.026745698949362743 0.10182168247047357
0 0.44477982014030853 0.7226914562394383 0.03686652007528633 0.08170858772081835
0 0.5444515012121177 0.7629625278067522 0.026827471819039616 0.07488492903652881
0 0.5720069654147739 0.770570682021868 0.03318636456311956 0.08032172768021807
0 0.5666555341041866 0.858644193609144 0.03152427965765818 0.07453980921110219
0 0.5480455086654044 0.9027901041846469 0.03471134305279725 0.07772375788117752
0 0.4698534563563206 0.9618274300603994 0.03899683164406522 0.05223897325128142
0 0.4846309858209543 0.906983672479678 0.036464832235447754 0.08909226852906435
0 0.603090685182168 0.8980203450226731 0.052929312059252866 0.07348487372663656
0 0.6056014073913483 0.7640625622549745 0.03624595294998695 0.10764913369485268
0 0.6351284531271854 0.8123362816748005 0.03902729973646136 0.054101170644205075
0 0.662041884816754 0.7262569832402235 0.03507853403141361 0.09497206703910614
0 0.6424083769633507 0.9716014897579144 0.02198952879581152 0.056797020484171325
0 0.6633507853403141 0.8268156424581006 0.032460732984293195 0.0782122905027933
0 0.6678010471204189 0.6098696461824954 0.02356020942408377 0.11173184357541899
0 0.5922370559688718 0.9691485417873839 0.03464077546049248 0.04147601748261473
0 0.6740837696335078 0.9688081936685289 0.01099476439790576 0.06238361266294227
0 0.4362697791425656 0.7773854202850778 0.03903693114397361 0.08662451625692057
0 0.9063737803699008 0.7202564752447719 0.07597962145025089 0.17298859746004794
0 0.8835356142703704 0.8572616084167566 0.0656511263162386 0.14847406354298393
0 0.9269633507853403 0.9557728119180633 0.07486910994764398 0.08845437616387337
0 0.9756544502617801 0.9585661080074488 0.04869109947643979 0.08286778398510242
0 0.8680628272251308 0.9878957169459963 0.07853403141361257 0.024208566108007448
0 0.8026178010471204 0.9674115456238361 0.07853403141361257 0.06517690875232775
0 0.7749085166067979 0.9083326818784274 0.060369822083403434 0.1450296798191152
0 0.7419783295097043 0.8596357554961873 0.053685411730475606 0.15163205546598138
0 0.7052356020942409 0.8161080074487895 0.05130890052356021 0.14618249534450653
0 0.7010471204188482 0.9217877094972067 0.04293193717277487 0.1191806331471136
0 0.7282722513089005 0.9706703910614525 0.09109947643979058 0.05865921787709497