0 0.14087038397262028 0.05928029197234206 0.09169234004446136 0.11141947543069947
0 0.04142692750287687 0.0235655737704918 0.08285385500575373 0.0471311475409836
0 0.06775106922407147 0.07156452849287773 0.06418210793177327 0.13643812023248825
0 0.03855005753739931 0.12653688524590165 0.07710011507479862 0.1362704918032787
0 0.06384473331636983 0.226516086965605 0.05901834811596119 0.10153052154312897
0 0.1542653042391675 0.13848931360939135 0.08811777040794434 0.12055733160458924
0 0.22570127174059526 0.18572668408450396 0.05990279647168714 0.13123171411129606
0 0.19920863779886566 0.22678814376352002 0.046338471993282955 0.11252680306998472
0 0.13321655314027975 0.2727705949275431 0.06773502929371339 0.13855883367594565
0 0.18093308000281225 0.2651152563366941 0.05729926828920416 0.1250364843839635
0 0.4168584579976985 0.05635245901639344 0.08688147295742232 0.11270491803278689
0 0.4660529344073648 0.021004098360655737 0.07710011507479862 0.042008196721311473
0 0.41345668200664815 0.1679902009788428 0.09552564534192544 0.13094629947511083
0 0.36914584238576426 0.14531879115320892 0.0657929463856453 0.1692250054783899
0 0.33421691120180647 0.1670680261345796 0.06316072777605578 0.15074661596977593
0 0.3053329280216164 0.20048678723484753 0.06798672280213079 0.14368178449561778
0 0.2898083934368318 0.23619281346852844 0.0877150607944763 0.11236061029311384
0 0.2830259702891354 0.26812798024650153 0.08890910532982127 0.08986731543028223
0 0.2991540474771334 0.326767704396308 0.08625523844565477 0.08264749553901547
0 0.22726098876730091 0.3405649817908824 0.09602903235876038 0.1411922011144551
0 0.4986772387170093 0.0913531412852223 0.09866125096834992 0.15967059062306904
0 0.5117879930632735 0.18236283308641474 0.09098759822089227 0.0970752131356175
0 0.5356731875719217 0.08145491803278689 0.06789413118527042 0.10758196721311475
0 0.546029919447641 0.33350409836065575 0.047180667433831994 0.10348360655737705
0 0.46193076683672085 0.351599760750736 0.08290367189044874 0.08462514275129578
0 0.40332869082229805 0.3897368361751764 0.07594884527161914 0.08345748635618401
0 0.043846052800306075 0.35872434358402483 0.0641967140538208 0.10163782121651202
0 0.4542577675489068 0.5107581967213115 0.0661680092059839 0.017418032786885244
0 0.47113622890926055 0.43345967419210707 0.08250800442951021 0.09997015083844916
0 0.08352194988154894 0.3163640834646513 0.05751522921798565 0.09433454602372521
0 0.35969338078088814 0.4511533529077541 0.08513318088657024 0.09490681094843431
0 0.5926352128883774 0.3427254098360656 0.04602991944764097 0.10553278688524591
0 0.6004027617951668 0.3867827868852459 0.061565017261219795 0.09938524590163934
0 0.5946490218642118 0.4692622950819672 0.05005753739930955 0.10040983606557377
0 0.6173762945914845 0.5066598360655737 0.06214039125431531 0.025614754098360656
0 0.8069620253164557 0.03381147540983607 0.07882623705408516 0.06762295081967214
0 0.8180644473884495 0.216835630902361 0.0712522180760175 0.10485465793949264
0 0.979861910241657 0.24077868852459017 0.04027617951668585 0.10655737704918032
0 0.9011946434364739 0.3028047504461472 0.060348802634309265 0.11691129618807686
0 0.8467279049296164 0.36649696903929113 0.07015180879150981 0.10585540373156406
0 0.8436061226997563 0.426048381499768 0.08112721120947874 0.08356478602956707
0 0.930379746835443 0.5097336065573771 0.05178365937859609 0.0194672131147541
0 0.7871041878509818 0.460039407524745 0.052164198900498435 0.1024120454758863
0 0.31540705942801817 0.5907987596394104 0.06582920078226986 0.12316613684506648
0 0.2733793276727097 0.6321821183385754 0.07761002242717463 0.11726896176602009
0 0.09017278866497844 0.6780292589298103 0.07388443668560704 0.12333304744810658
0 0.09266703184059938 0.90464251794829 0.06379400444035283 0.09344109990503661
0 0.30140624838180907 0.7864719954921076 0.0656208038230064 0.09552604679069975
0 0.35090679989482976 0.7213442302334793 0.06175828628144707 0.1455998207782408
0 0.4102390479921573 0.6570383779779508 0.07118023109975682 0.1150886373929054
0 0.43597229760688705 0.7118893593931523 0.06006841869878511 0.09950518558712312
0 0.49069803268318585 0.6358841755538982 0.06932474128999688 0.10072053072596054
0 0.5454545454545454 0.5737704918032787 0.04833141542002301 0.09836065573770492
0 0.5218642117376294 0.555327868852459 0.05523590333716916 0.07172131147540983
0 0.5136477866747812 0.7102798642924081 0.054285988340723505 0.08710280394652695
0 0.4896432681242808 0.9877049180327869 0.04948216340621404 0.02459016393442623
0 0.0538411550779179 0.7357047216715088 0.07014424482199184 0.1641974321461692
0 0.0261795166858458 0.7822745901639344 0.0523590333716916 0.15061475409836064
0 0.008918296892980437 0.7494877049180327 0.017836593785960874 0.13217213114754098
0 0.013521288837744535 0.8662909836065574 0.02704257767548907 0.1014344262295082
0 0.039905288855439806 0.8975307155565755 0.06614583911441833 0.09451337881269682
0 0.03270202889596313 0.9443462840834607 0.061809146800119244 0.06474065312894119
0 0.3156607085617349 0.8538684247790823 0.07237427563510206 0.0925953425300738
0 0.4444543688405567 0.8845328020161032 0.041678099194305825 0.08786510601996972
0 0.5174873513992917 0.876352887244271 0.0543579753169842 0.07686882449311419
0 0.1793011150913518 0.7864380234997367 0.0637074113420448 0.13847537837442558
0 0.2380715516836545 0.8513735981311232 0.05276826332070056 0.11470712744309941
0 0.6363195570889995 0.6017059836848649 0.07137454375396139 0.09564526865001419
0 0.7778897280006135 0.6931307985151495 0.06510281068412385 0.1200804441673317
0 0.6908634983651873 0.8385226988657595 0.07518620077684855 0.12643066231177263
0 0.6102102010199544 0.8791679587764293 0.0801345214808676 0.11015644154813638
0 0.9574223245109321 0.5573770491803278 0.05523590333716916 0.07581967213114754
0 0.894672260492196 0.7548130520395919 0.058090603211081164 0.09434646820965671
0 0.8467505968381704 0.7876006551116629 0.05566678156075536 0.10350816875540927
0 0.8738935910085321 0.8301148269088913 0.04768353263367836 0.09310727869895628
0 0.8572361747273746 0.8837929086621846 0.069770747452619 0.08640011280274146
0 0.8478212720615942 0.9383465532552694 0.05913363164137564 0.06877940285502172
0 0.9253898242990748 0.7880224570598904 0.04989139335522287 0.11464751651344213
0 0.9833141542002302 0.805327868852459 0.0333716915995397 0.07991803278688525
0 0.9902186421173763 0.8350409836065574 0.019562715765247412 0.0778688524590164
0 0.9844649021864211 0.9636270491803278 0.031070195627157654 0.0625
0 0.8299769850402762 0.9871926229508197 0.043153049482163405 0.025614754098360656
0 0.6337744533947065 0.9620901639344263 0.06731875719217491 0.07581967213114754
0 0.6027042577675489 0.9841188524590164 0.0661680092059839 0.031762295081967214
0 0.7476704646833393 0.9045245913118406 0.06677155180919743 0.09554989116256263