0 0.13078947368421054 0.3647003745318352 0.038421052631578946 0.02902621722846442
0 0.18447368421052632 0.3595505617977528 0.03315789473684211 0.03932584269662921
0 0.21210526315789474 0.36657303370786515 0.035789473684210524 0.025280898876404494
0 0.27421052631578946 0.3661048689138577 0.037894736842105266 0.026217228464419477
0 0.3231578947368421 0.34691011235955055 0.05473684210526316 0.06460674157303371
0 0.2878452832751872 0.322370502271159 0.046356334590999436 0.06966503132937778
0 0.1621607501093639 0.347750240285729 0.04496650456880472 0.059267263952443236
0 0.1608319833290872 0.30771087802316793 0.04852809747939426 0.055865442281077315
0 0.11525189954976067 0.28092072392493983 0.04130775752378354 0.07572862890163391
0 0.04695483216550056 0.03693858524853585 0.02048008861763115 0.04858303375860437
0 0.014387157487313784 0.04000686387596372 0.023791255374131102 0.05355910742498851
0 0.07389928248572715 0.06856556305939839 0.030045736039952156 0.05227529970157697
0 0.05135472139346164 0.09604803595209062 0.024476034105899623 0.042421294277578486
0 0.17868421052631578 0.015917602996254682 0.025789473684210525 0.031835205992509365
0 0.23461706551680056 0.05349605089872703 0.03351017481610998 0.06193302130803602
0 0.2661960128852216 0.05644030816181924 0.029764655481931065 0.059716865451311975
0 0.3029591322431773 0.10260094860940396 0.0382470169213732 0.06237465989749987
0 0.3214209755580166 0.08694726368021238 0.029085067672799475 0.05498614655685217
0 0.28061901569910397 0.13996395313063836 0.04422560795181007 0.0526638858819535
0 0.2365131843357565 0.12458150242893706 0.045119776588462626 0.06394891189251814
0 0.17665372461476705 0.12275726745831426 0.02920768528852579 0.058731464908912144
0 0.19482929644894822 0.08359720091997841 0.04230427121750477 0.05808557959250389
0 0.13391745071495662 0.130043010686512 0.030357471001904838 0.04577006353985703
0 0.10317395863664346 0.1257678654729746 0.03998442723208903 0.051334988658859534
0 0.10120144937380378 0.10539142455872816 0.03292774114141013 0.04414275913575137
0 0.1010837771147693 0.07673523021550151 0.02611629028218383 0.04444116631676304
0 0.260882419159786 0.18649197898713188 0.030817287060878374 0.05981500736008169
0 0.2339330234828676 0.18726651387155593 0.032861241410909986 0.05813863200159127
0 0.32089823749364216 0.2883542762848519 0.047250503227652 0.08095005733994243
0 0.34336851247145206 0.2228277776915907 0.03753677470831008 0.05670761141502506
0 0.3459743823715807 0.19160794935624345 0.028589406287257445 0.05587340519048233
0 0.337990032213054 0.153296024133909 0.038308325729236266 0.06424731907352978
0 0.37607129094006725 0.1591944922968495 0.0353343574159836 0.06957087087531043
0 0.4062342081071635 0.04413867672021288 0.0437912553741311 0.055423803691613566
0 0.4430261231055678 0.22648421054224127 0.04382190977806275 0.05636013327962855
0 0.39415798615566255 0.22756312478973068 0.04660676074508896 0.06128713599162782
0 0.43162331577678065 0.19583666109172493 0.03921287621116275 0.04379528100035481
0 0.5124226801743749 0.13856602719922925 0.034894813915667615 0.08819932072684036
0 0.5696043337761534 0.09318121513402407 0.039452920519978237 0.06715444974634452
0 0.5503355852457095 0.19798249474217836 0.043847373259357385 0.07316499490951334
0 0.38475883362553703 0.3130920599572981 0.05263627873811509 0.08518608523585107
0 0.5294736842105263 0.352059925093633 0.045263157894736845 0.054307116104868915
0 0.4928947368421053 0.3618913857677903 0.04894736842105263 0.03464419475655431
0 0.6052631578947368 0.30852059925093633 0.029473684210526315 0.07397003745318352
0 0.30734555303265554 0.025057341144507563 0.027107613053268132 0.04266664904950282
0 0.9894736842105263 0.17649812734082396 0.021052631578947368 0.08146067415730338
0 0.9681016370497494 0.18150455722520015 0.04627945301522519 0.11539796827895735
0 0.9839473684210527 0.10908239700374532 0.032105263157894734 0.07584269662921349
0 0.8989473684210526 0.04400749063670412 0.037894736842105266 0.08801498127340825
0 0.7776979388760019 0.15999555338581717 0.04362241058656226 0.0983477518771482
0 0.7421357777599596 0.14165291960221396 0.0465911879771779 0.10889273211723724
0 0.7640696006689671 0.09251218879921498 0.04775135553583105 0.0641942666644425
0 0.7580525688506431 0.058610030540487364 0.059299648500320566 0.06433749807289461
0 0.7610526315789473 0.02153558052434457 0.031578947368421054 0.04307116104868914
0 0.7213157894736842 0.00749063670411985 0.06368421052631579 0.0149812734082397
0 0.7137116385351718 0.03428337779825892 0.05530889393468897 0.0546307055120508
0 0.6985840755627537 0.06903168664563662 0.05991792750158885 0.06719555779132454
0 0.70181885187537 0.11535347504783457 0.05289189581484158 0.060939657856231205
0 0.6861753549587523 0.1819860608421064 0.062176462679141495 0.07207348954893894
0 0.6302631578947369 0.2762172284644195 0.020526315789473684 0.10486891385767791
0 0.6286842105263157 0.12874531835205993 0.017368421052631578 0.0702247191011236
0 0.6247368421052631 0.075374531835206 0.009473684210526316 0.06273408239700375
0 0.6464993305294618 0.07967217131816652 0.03747027497780987 0.07070348428086501
0 0.6421052631578947 0.021067415730337078 0.04421052631578947 0.042134831460674156
0 0.15763157894736843 0.9597378277153558 0.05631578947368421 0.08052434456928839
0 0.08078947368421052 0.9588014981273408 0.04894736842105263 0.08239700374531835
0 0.031315789473684214 0.9756554307116105 0.06263157894736843 0.04868913857677903
0 0.04939999499203962 0.8185191295813424 0.05160391971782525 0.11776133699883583
0 0.08069737067054919 0.7171873058940776 0.04331586654724656 0.08898445599699838
0 0.39280572042165274 0.8510060921114777 0.07652468824667794 0.12568564938301482
0 0.5135032308940686 0.8650768649068503 0.052533933681046335 0.11411416055554585
0 0.3025449124222893 0.8022055737638661 0.05817013534559895 0.10997229311370423
0 0.26743737644258353 0.7538513222093985 0.055778600707046135 0.13308610708776974
0 0.20913585483352204 0.639939417653446 0.042789550757772875 0.0889353850426134
0 0.2485071939869797 0.614495380095077 0.062421697910594 0.07956412625305878
0 0.33448862604468027 0.6891941657036065 0.05832340736525686 0.11465394105377924
0 0.3763639811730882 0.7001423139645084 0.054792468858598974 0.11899209231316005
0 0.495829878999659 0.6873314096839146 0.0634078297590414 0.09365814102766827
0 0.515646198142015 0.7431822701245557 0.04705619495878828 0.10706914389559205
0 0.4726573937586868 0.8307450124227662 0.05353563829740444 0.08060257920454603
0 0.6 0.7130149812734082 0.04 0.07397003745318352
0 0.595 0.7687265917602997 0.05 0.11423220973782772
0 0.5431541772098762 0.5560310669981167 0.04960619253963614 0.07276844581973195
0 0.4967563152377809 0.4897187863857199 0.03904922234623092 0.07085069714401952
0 0.3774026531816624 0.46685102441297466 0.04651479753329424 0.05847814722758288
0 0.4197224971670781 0.4642223936476594 0.04713307653456252 0.06133620694601269
0 0.4160526315789474 0.41245318352059923 0.035263157894736843 0.06647940074906367
0 0.20152268968132825 0.7434794342880299 0.048982722615730834 0.08577891814317194
0 0.15930964497778266 0.6460945382034404 0.05130775752378357 0.0766609770349464
0 0.08067636141405603 0.6049524234455933 0.042068926699435835 0.11500540064387826
0 0.11173320165185965 0.4303415371212356 0.03273862379518373 0.054393313649531295
0 0.11421052631578947 0.3913857677902622 0.04842105263157895 0.024344569288389514
0 0.0731578947368421 0.3899812734082397 0.030526315789473683 0.02153558052434457
0 0.3443390715519883 0.4205657158520765 0.04979530988586272 0.06251789130595203
0 0.3118421052631579 0.40730337078651685 0.032105263157894734 0.056179775280898875
0 0.23205580959097669 0.5768028139846072 0.04917703088459419 0.05965983158752222
0 0.12394933294861411 0.6296490990730595 0.049851427771088766 0.0802590825238518
0 0.11689759221462703 0.6031639710868745 0.04026031686747316 0.059761954950994366
0 0.23501753729547245 0.6879030923001858 0.06614175376347846 0.06497542047989796
0 0.23473670230339658 0.7287315712876072 0.04167561037096244 0.0869645839578137
0 0.07826925400759221 0.5333497361669909 0.033259748662020396 0.07031091664578604
0 0.11872128368261027 0.499084173954057 0.047598083516173145 0.059512618724367604
0 0.13917825871432016 0.43055240277921136 0.0387120239029837 0.06055107167585473
0 0.06871325173270963 0.42210423571560884 0.04122098523462587 0.057051108095719165
0 0.17526315789473684 0.3890449438202247 0.04631578947368421 0.019662921348314606
0 0.4225976981483614 0.6424665213238487 0.043908682067220456 0.0750376540855433
0 0.1974038810113883 0.6919096912429799 0.043627601509199275 0.08247921983527828
0 0.4907963835684639 0.6314500415840274 0.05366344683576771 0.06847936551473603
0 0.6144736842105263 0.40262172284644193 0.011052631578947368 0.04681647940074907
0 0.28868421052631577 0.3955992509363296 0.03 0.03277153558052434
0 0.27256371158527576 0.4763297319990775 0.0412516396385574 0.05798743768373415
0 0.3248170558401914 0.4605394345924652 0.04236558002536783 0.05995823876853386
0 0.07009578650283917 0.4846891145221068 0.038497443075462726 0.05399676455974986
0 0.9831578947368421 0.9817415730337079 0.03368421052631579 0.03651685393258427
0 0.6492815860351696 0.757902960171457 0.048982722615730834 0.08577891814317194
0 0.671905869730473 0.8327993735758994 0.07207411762207273 0.10193391300194608
0 0.7538347472827885 0.8216542442680621 0.05173172825618837 0.10563812330902604
0 0.8244556217453753 0.8334041003669096 0.047429238728604294 0.10243656690990212
0 0.8834671400015548 0.893378911703231 0.053602138027904644 0.06660670633870606
0 0.9199411468515887 0.8596816469204254 0.04796593636335202 0.07074857378054727
0 0.9619905376902024 0.9298148430438107 0.03770512836398857 0.10993118506872449
0 0.6510684499128034 0.44532007209231034 0.039054413268867945 0.05498216510214977
0 0.8256350795989054 0.6522508512905544 0.04400064527901505 0.07784664284958824
0 0.9585371116930758 0.5918549049068411 0.04190057304375746 0.061781826990178944
0 0.9913157894736843 0.5355805243445693 0.017368421052631578 0.07677902621722846
0 0.9810526315789474 0.647003745318352 0.037894736842105266 0.056179775280898875
0 0.9907894736842106 0.6900749063670412 0.018421052631578946 0.06367041198501873
0 0.8982232724016948 0.6684104743530086 0.02574324651236805 0.0490737433024531
0 0.8262686858021394 0.6490227686868868 0.0412464487159205 0.07385596972560396
0 0.893139586705746 0.791439673268209 0.04415910822130986 0.06665975874779334
0 0.8995756438997832 0.8286680560393739 0.04802724517121509 0.07262123295657723
0 0.7170817642041617 0.7590587650758304 0.046821341572609816 0.06784144310773269
0 0.7305285258829803 0.7917752575199162 0.058114017460372785 0.09223110189580457
0 0.6389797417866006 0.6855642085770816 0.03421522610653614 0.08346860183238053
0 0.7702799584923736 0.6499073898441878 0.03344886600824697 0.060060362132006
0 0.6376315789473684 0.6825842696629213 0.035263157894736843 0.07303370786516854
0 0.9500262001791302 0.5051257220841956 0.030132508329109825 0.07095282050749177
0 0.876280435279006 0.45176026100041755 0.03496650456880472 0.05833491581913071