0 0.15085795706288824 0.28142385411589016 0.06465024880024196 0.08646998025455035
0 0.0929427271318764 0.2800153035436986 0.061997934465446186 0.08104190717134589
0 0.19606448285112293 0.4681880636329401 0.05836331826679836 0.05420055785687829
0 0.01684717208182912 0.40524625267665954 0.03369434416365824 0.061027837259100645
0 0.033118210016999265 0.3529711666092794 0.032650425002926045 0.09616743902743705
0 0.33844765342960287 0.12044967880085652 0.03790613718411552 0.17237687366167023
0 0.4879669014702081 0.2931303273210933 0.1063136409623938 0.19574702410960523
0 0.6800270643414023 0.25829814789684813 0.07163709423727889 0.12089941878169586
0 0.6385294728571738 0.3836071161658299 0.07843988220283747 0.08582915208897107
0 0.5905535499398316 0.4668094218415418 0.09566787003610108 0.06638115631691649
0 0.7096871239470517 0.45289079229122053 0.048736462093862815 0.09421841541755889
0 0.8063381399173648 0.3928282958447368 0.07075302255981211 0.1016274701735588
0 0.9482551143200962 0.04978586723768737 0.07340553549939831 0.09957173447537473
0 0.3360409145607702 0.45021413276231265 0.03309265944645006 0.08886509635974305
0 0.4187725631768953 0.46948608137044967 0.07099879663056559 0.061027837259100645
0 0.470517448856799 0.45663811563169165 0.049338146811071 0.0867237687366167
0 0.5093261131167268 0.4737687366167024 0.04512635379061372 0.05246252676659529
0 0.7966305655836342 0.47002141327623126 0.06377858002406739 0.059957173447537475
0 0.8387555413092131 0.4458128849605434 0.05506010481920666 0.10007090519697036
0 0.8679802630387518 0.46361507634554244 0.05353753693023608 0.06688032703851211
0 0.9075256040453709 0.4201558241421018 0.046820675552165555 0.11692119858677405
0 0.9638989169675091 0.45770877944325483 0.06498194945848375 0.08458244111349036
0 0.9553101757142406 0.2887713198460513 0.06880062312860973 0.0983594132198279
0 0.9816486161251504 0.2682012847965739 0.036702767749699154 0.0974304068522484
0 0.9915764139590855 0.35653104925053536 0.01684717208182912 0.07708779443254818
0 0.990072202166065 0.48501070663811563 0.019855595667870037 0.029978586723768737
0 0.012936221419975932 0.7055674518201285 0.025872442839951864 0.11563169164882227
0 0.09535566745135533 0.676644661147952 0.05605461097956028 0.1610426769370296
0 0.011432009626955475 0.8008565310492506 0.02286401925391095 0.08565310492505353
0 0.07776581577697922 0.7915888033653271 0.04534722275638741 0.08480128423987897
0 0.08930245564575663 0.9264764645908278 0.06105244409588982 0.07352857198405674
0 0.11285418550675926 0.9631647807289593 0.07043382410525777 0.06847426902779488
0 0.22755425345738844 0.5976988539802446 0.0578351572357863 0.13436952417968595
0 0.2933212996389892 0.538543897216274 0.052346570397111915 0.07708779443254818
0 0.30415162454873645 0.6413276231263383 0.030685920577617327 0.12205567451820129
0 0.27849504085265564 0.6987538930531996 0.050222119186142666 0.07319217886980832
0 0.29302045728038506 0.7574946466809421 0.052948255114320095 0.07387580299785867
0 0.19091325195816236 0.7939546708824908 0.0709740901303763 0.08025157095498973
0 0.2713180357958898 0.8224622845546135 0.07076532615870894 0.08879819294114788
0 0.15923297417378435 0.9344612155580638 0.031115553515058382 0.07580613810138985
0 0.1899741119928451 0.9126581901683992 0.05499878542951224 0.05944174587661133
0 0.27960672910971657 0.9168235732446642 0.05594427579906881 0.06695508106390048
0 0.3104693140794224 0.9041755888650964 0.018050541516245487 0.07387580299785867
0 0.24247894103489773 0.9657387580299786 0.036101083032490974 0.06852248394004283
0 0.16666666666666666 0.9860813704496788 0.032490974729241874 0.027837259100642397
0 0.26571246546529903 0.7809400022329889 0.04661201088289357 0.07308004783172552
0 0.5317672470470168 0.7389219188574216 0.061666333109599715 0.11310575599919956
0 0.6640581100447773 0.7561956909327961 0.05706161934360161 0.10440962596226443
0 0.6249855142229365 0.7958982755425923 0.04997644441778431 0.12022663255319914
0 0.45328440155043526 0.8322363733741613 0.05502329332491104 0.08617096415299624
0 0.42522618810981966 0.8021028596498387 0.04637863971343217 0.10728522428270552
0 0.44888234960785367 0.8692583731516528 0.051744786377508484 0.05399498428705977
0 0.454365132205463 0.9134573150021852 0.07544376221569364 0.07290643232482455
0 0.44193742478941034 0.9732334047109208 0.05836341756919374 0.05353319057815846
0 0.7803059488965429 0.6975243769376858 0.044978809906245386 0.10296519202375866
0 0.7288743084765354 0.7643392942039829 0.06242766670528269 0.10350715870782536
0 0.7194255565804201 0.8458872846930816 0.06295572843389964 0.07572596512622436
0 0.750522803650726 0.8294188898548855 0.04004259408679599 0.07394513807347029
0 0.7658350049422922 0.7968691398620066 0.0387778059602901 0.08566637448162374
0 0.9426993045482673 0.6283320940619067 0.06784282916015634 0.10367535526494956
0 0.9780385078219013 0.6006423982869379 0.043922984356197355 0.10920770877944326
0 0.9584837545126353 0.5369379014989293 0.049338146811071 0.07387580299785867
0 0.8805847838004858 0.7446591857489694 0.05086061539764646 0.08711080842012951
0 0.9210572094295135 0.7006365688802264 0.05970172938189575 0.0702792035366728
0 0.9170604314825674 0.7681164217682268 0.05788437163137412 0.08305241525004245
0 0.9208486937138344 0.8230593787470852 0.0502712342793351 0.07426284268137148
0 0.8672926517340553 0.8445019035663776 0.05339019165065824 0.0636683356038226
0 0.9672460867327978 0.8921813885366163 0.04580156219401775 0.08160798131153668
0 0.8005669178624436 0.7797532820799462 0.053414699546056765 0.09039755388020752
0 0.8109737119830006 0.8344906654889862 0.04173711445313831 0.08468915320179629
0 0.9484834756676549 0.960654441735903 0.04220375748966574 0.06866657304104305
0 0.9133401369524197 0.9408978077912488 0.03843400030794172 0.07817172780068156
0 0.3267148014440433 0.8993576017130621 0.01444043321299639 0.11563169164882227
0 0.7667499845705944 0.8882520434467069 0.058559778639568634 0.05848321310313096
0 0.7677631447340842 0.9512997330376776 0.03864276427960935 0.06962510581452343
0 0.5708341379301882 0.9285496729668506 0.04264579332839913 0.07830254734511158