0 0.04514363885088919 0.3978102189781022 0.09028727770177838 0.12652068126520682
0 0.04753761969904241 0.4829683698296837 0.09507523939808482 0.11192214111922141
0 0.27359781121751026 0.4927007299270073 0.058823529411764705 0.09245742092457421
0 0.17236662106703146 0.5273722627737226 0.057455540355677154 0.023114355231143552
0 0.07934336525307797 0.5273722627737226 0.07934336525307797 0.023114355231143552
0 0.448016415868673 0.4276155717761557 0.04377564979480164 0.11800486618004866
0 0.4316005471956224 0.5 0.07660738714090287 0.07785888077858881
0 0.364261453562 0.4686684722642344 0.08451455432223766 0.13553280105810125
0 0.36354309165526677 0.5273722627737226 0.0677154582763338 0.023114355231143552
0 0.8560191518467852 0.46958637469586373 0.07455540355677155 0.1386861313868613
0 0.9904240766073872 0.4701946472019465 0.019151846785225718 0.13746958637469586
0 0.6504787961696307 0.49391727493917276 0.06703146374829001 0.09002433090024331
0 0.6826265389876881 0.4701946472019465 0.08207934336525308 0.13746958637469586
0 0.7411253745764095 0.4412584298438813 0.10514583120902883 0.14447328962753264
0 0.8046734710341539 0.4186594822211437 0.07762684859373774 0.1317416081935138
0 0.7996728748982822 0.22599281140382 0.09868739761890863 0.12123153235110715
0 0.8222216719409634 0.14890456847890984 0.11578783271418164 0.17388270666163996
0 0.7928639120752847 0.30214719881803803 0.09929179140018245 0.11516296307308893
0 0.9238266996541723 0.14436934470742674 0.08367250208901059 0.2279477546342482
0 0.9551983584131327 0.19525547445255476 0.08960328317373462 0.19586374695863748
0 0.9791381668946648 0.2518248175182482 0.041723666210670314 0.1362530413625304
0 0.9623803009575923 0.3309002433090024 0.07523939808481532 0.12408759124087591
0 0.9167368466407658 0.4510023887957612 0.08123786302620463 0.14641092725354482
0 0.9117647058823529 0.504257907542579 0.09575923392612859 0.06934306569343066
0 0.9285225718194254 0.029197080291970802 0.09370725034199727 0.058394160583941604
0 0.872093023255814 0.05535279805352798 0.1012311901504788 0.11070559610705596
0 0.5950752393980848 0.08698296836982969 0.09712722298221614 0.17396593673965938
0 0.656504240309211 0.1407801681945461 0.09899045235081332 0.19664316732255588
0 0.668934399145797 0.23599583599335186 0.10853396355053976 0.14211097851724722
0 0.5136798905608755 0.06873479318734793 0.08755129958960328 0.13746958637469586
0 0.5075239398084815 0.1654501216545012 0.07523939808481532 0.12652068126520682
0 0.5102599179206566 0.22749391727493917 0.08071135430916553 0.09975669099756691
0 0.48666210670314636 0.36070559610705594 0.033515731874145006 0.13746958637469586
0 0.5047879616963065 0.4543795620437956 0.06976744186046512 0.13990267639902676
0 0.5299231646710135 0.35562946950586527 0.07067546226782193 0.12308423528026453
0 0.6590287277701778 0.04562043795620438 0.08960328317373462 0.09124087591240876
0 0.662108944279267 0.3656640481600405 0.07889931675370129 0.12447064968613931
0 0.5608851423092869 0.4194481112500107 0.0711530667484421 0.1595805856452283
0 0.023255813953488372 0.5784671532846716 0.046511627906976744 0.07907542579075426
0 0.057797537619699045 0.5821167883211679 0.05813953488372093 0.08637469586374696
0 0.09448757716361117 0.6780156023485447 0.06235608688581856 0.11439855080139731
0 0.1504324190131932 0.6355064535273819 0.07061235356458434 0.17051533497190818
0 0.13372093023255813 0.559610705596107 0.06224350205198358 0.0413625304136253
0 0.02667578659370725 0.6697080291970803 0.0533515731874145 0.14476885644768855
0 0.10215308263374337 0.8238028228490712 0.0611791396219791 0.12896877938176463
0 0.05152185335623918 0.7999182559189579 0.057552205040158164 0.11308291530956815
0 0.024281805745554035 0.7566909975669099 0.04856361149110807 0.08759124087591241
0 0.18487008981442438 0.6949964088149028 0.056152375685362584 0.1106215137196189
0 0.207941964209074 0.7869512994497536 0.0884917321898465 0.17818265539793765
0 0.23269994469980196 0.8806956181458301 0.06682564559504488 0.09016674103775203
0 0.26166651711795064 0.8618529000853659 0.07427055655093476 0.13653700932813012
0 0.2647294301860613 0.7845598244644325 0.06502838440057761 0.10958899388397196
0 0.2423347340331355 0.5886044910722447 0.058506270213041514 0.08148105655888453
0 0.26547086091937955 0.6233959219181285 0.08728180083894224 0.0857252344733633
0 0.25087556177064874 0.6936303757738241 0.052796083642559756 0.11541691485423507
0 0.3983312452455537 0.7647678166463406 0.06281777121708484 0.14967835615419536
0 0.45006839945280436 0.7761557177615572 0.03967168262653899 0.12165450121654502
0 0.4182626538987688 0.9726277372262774 0.06361149110807114 0.05474452554744526
0 0.43311091331080676 0.8242506940424569 0.058585870959811465 0.08756378161971207
0 0.3713995924738255 0.8893791718511534 0.050807780655844334 0.1202406275544696
0 0.34809801970189963 0.710469624412091 0.0711684150036177 0.10849985091708832
0 0.318058552884891 0.6545372915728074 0.06625309211247916 0.09866840034010099
0 0.5697674418604651 0.579683698296837 0.05198358413132695 0.08150851581508516
0 0.5409452481310378 0.7042191607310986 0.05675676946663625 0.10455294444160082
0 0.5253319172649183 0.7738665757549251 0.06276943887484422 0.09373144137739385
0 0.5027930819265387 0.667306067082684 0.05871323215464357 0.09729614171703539
0 0.48768809849521205 0.7013381995133819 0.03556771545827633 0.08637469586374696
0 0.4774281805745554 0.6338199513381995 0.015047879616963064 0.09732360097323602
0 0.9842681258549931 0.5748175182481752 0.03146374829001368 0.07177615571776155
0 0.9493692961728527 0.7158340732033879 0.058379480912388024 0.12404597620186611
0 0.978454172366621 0.7281021897810219 0.043091655266757865 0.12287104622871046
0 0.8608860959518617 0.8411111763549377 0.059508667728165404 0.10582611258500271
0 0.8663364595288947 0.633633628649492 0.047785239855297215 0.09828619420425519
0 0.9103028651688552 0.6442777582738765 0.05112561174874614 0.09227424805747343
0 0.9479703246593248 0.6398495551828792 0.05847442991433341 0.07904796653455363
0 0.828104120683447 0.6551005398022098 0.07998074312141668 0.10260115103277959
0 0.8196900822465875 0.5926395747436122 0.07355414983000458 0.08179248378068485
0 0.7610811889040124 0.6035822542711143 0.0716136072913513 0.09026583151741574
0 0.7006352339935855 0.5981440434828101 0.06292864036838429 0.10589689149904821
0 0.4781121751025992 0.7408759124087592 0.016415868673050615 0.09245742092457421
0 0.5249658002735978 0.9555961070559611 0.04993160054719562 0.08880778588807786
0 0.9303189287288033 0.8913633716340359 0.07468390853996058 0.11586989990412663
0 0.951006212085423 0.852016335651873 0.08071249809752246 0.10626494185208483
0 0.9829001367989056 0.8406326034063261 0.03419972640218878 0.1070559610705596
0 0.9186046511627907 0.9537712895377128 0.07387140902872777 0.09245742092457421
0 0.9654582763337893 0.9574209245742092 0.052667578659370724 0.0851581508515815
0 0.9883720930232558 0.9562043795620438 0.023255813953488372 0.08759124087591241