0 0.026734104046242775 0.31748071979434445 0.05346820809248555 0.10796915167095116
0 0.03865606936416185 0.3508997429305913 0.0773121387283237 0.10539845758354756
0 0.23085260115606937 0.036632390745501286 0.04985549132947977 0.07326478149100257
0 0.060769698266783446 0.20506544107135358 0.06531794049420925 0.09903867625148345
0 0.08581622551656212 0.170926253955223 0.05463023260019791 0.07634965249869628
0 0.06531777985122342 0.12773508744678144 0.04602701836399525 0.07820195457765125
0 0.13582609006846286 0.31235312636292567 0.05306835649749527 0.0993063012832165
0 0.17909157044946056 0.3946998202465914 0.06199027811623188 0.08208970068054385
0 0.2291479836702047 0.4104320793746859 0.03866697284796128 0.07246190639580338
0 0.06049150944281572 0.46352407637092974 0.048697451196844266 0.042511567357521124
0 0.019147398843930637 0.4434447300771208 0.03829479768786127 0.05912596401028278
0 0.17072198855592052 0.2049333052698989 0.044162265283742105 0.08959047996885529
0 0.19870025741610134 0.18273551806576727 0.041355228273332455 0.06498928813640895
0 0.32695086705202314 0.2782776349614396 0.04552023121387283 0.07069408740359898
0 0.3327312138728324 0.45437017994858614 0.03395953757225433 0.07069408740359898
0 0.23995840397666976 0.4794358382441132 0.051066999239681256 0.050403247621843936
0 0.3320086705202312 0.2802056555269923 0.03540462427745665 0.07969151670951156
0 0.19930501527743283 0.18717436671801957 0.0391539452180233 0.06352434309059499
0 0.2832369942196532 0.02313624678663239 0.06936416184971098 0.04627249357326478
0 0.3258670520231214 0.04820051413881748 0.0476878612716763 0.09640102827763496
0 0.31267208871961905 0.08415460141971688 0.059822648058428414 0.08191010267843184
0 0.09609826589595376 0.01992287917737789 0.05346820809248555 0.03984575835475578
0 0.28748298072966416 0.34403594022173184 0.04458193165879293 0.078082222576243
0 0.23675749193388493 0.24371024021213472 0.06893065725721502 0.09933800625500357
0 0.016979768786127166 0.04884318766066838 0.03395953757225433 0.09768637532133675
0 0.18893203039087858 0.33552807075006286 0.07165256568009172 0.09315073503931078
0 0.8905346820809249 0.04884318766066838 0.07153179190751445 0.09768637532133675
0 0.7174855491329479 0.060411311053984576 0.09248554913294797 0.12082262210796915
0 0.6315028901734104 0.04627249357326478 0.09104046242774566 0.09254498714652956
0 0.35260115606936415 0.3245501285347044 0.005780346820809248 0.11953727506426735
0 0.4882114899353483 0.4291966219095576 0.06514967550668131 0.09261194103297446
0 0.638541079382617 0.4565004531168154 0.062091237108748684 0.08594574181164925
0 0.6988061433298023 0.4540723361454311 0.04485115563883774 0.08836499892585739
0 0.6419202173506219 0.4100483615414385 0.04874892678687186 0.07201468336195861
0 0.6593889506943494 0.3624288829523327 0.050395931477107865 0.07984649762557737
0 0.699624718753736 0.3539649317384509 0.05132039281474263 0.08761844588849221
0 0.7655770857317056 0.36838013885105647 0.04229751220348913 0.10097900536005948
0 0.8990179579953337 0.4349187598630064 0.055101374565276334 0.09434451111052161
0 0.7962594404222411 0.38058739182335305 0.051371868404770225 0.1171215618929294
0 0.36921965317919075 0.043059125964010285 0.03901734104046243 0.08611825192802057
0 0.5378443595012886 0.07558705646139062 0.10232008605941269 0.13545099942293254
0 0.541268996496706 0.16508242151488417 0.08366657869426657 0.08388568070166526
0 0.6358301279912016 0.14698713207339165 0.058395383945748176 0.11000813963775913
0 0.6816354135901028 0.159865219596456 0.07387167132792279 0.12283344904586027
0 0.880131921476618 0.17868924710393844 0.0547331837802531 0.13535588450757094
0 0.8233330627248473 0.28279359304363144 0.0754513700231475 0.1280945692220757
0 0.9053852936326144 0.23302947500076784 0.048549000989376805 0.11945279197751694
0 0.9466930306909961 0.08724292111325768 0.062227841286309475 0.14623732086422572
0 0.9772398843930635 0.062339331619537273 0.04552023121387283 0.12467866323907455
0 0.993135838150289 0.07712082262210797 0.013728323699421965 0.11825192802056556
0 0.9826589595375722 0.15295629820051415 0.03468208092485549 0.10539845758354756
0 0.368135838150289 0.4974293059125964 0.03684971098265896 0.06426735218508997
0 0.5946531791907514 0.5167095115681234 0.06213872832369942 0.02570694087403599
0 0.07406069364161849 0.583547557840617 0.07586705202312138 0.10796915167095116
0 0.08429298288021118 0.7250038869635551 0.07239293162521496 0.1214283700007505
0 0.03106936416184971 0.7230077120822622 0.06213872832369942 0.14010282776349614
0 0.019869942196531792 0.6458868894601543 0.039739884393063585 0.11953727506426735
0 0.15607124925406418 0.6408206482298048 0.07145263988259641 0.1405888436548694
0 0.13706438541510946 0.705882110909941 0.07173769426762483 0.12393919808745006
0 0.20664739884393063 0.5668380462724936 0.07658959537572255 0.07455012853470437
0 0.13258670520231214 0.5655526992287918 0.09031791907514451 0.07197943444730077
0 0.11014120550750889 0.8254669434318892 0.04150766285587677 0.09834844527195168
0 0.15572675052885446 0.8742748821779 0.04416226528374244 0.08959047996885529
0 0.09775402123946472 0.9130659928916173 0.06521698150169251 0.09518263512037806
0 0.161131987455918 0.7917432743778166 0.05708490923056827 0.11502979581115821
0 0.40356908140874326 0.6518044779016089 0.0872496268348436 0.19320004541702226
0 0.4833972261998331 0.769598551059718 0.0678913987096184 0.16979262965578648
0 0.7016865164455006 0.5969639630849011 0.07614026037824315 0.12686908817907788
0 0.5415462427745664 0.609254498714653 0.08598265895953758 0.15938303341902313
0 0.5816473988439307 0.6118251928020566 0.06647398843930635 0.16452442159383032
0 0.6081626513110632 0.7406640668049458 0.063740233986523 0.14892774695303743
0 0.5685197415354394 0.8504010374681016 0.06948692780982672 0.14812132791496804
0 0.7114606129380147 0.7468547867064856 0.07239293162521496 0.1214283700007505
0 0.6531028663648489 0.7452771975450044 0.07362026994039989 0.14076844165698155
0 0.636730843721361 0.668397610897148 0.06152112833869193 0.11924503294648793
0 0.7832388793118676 0.6626715479727353 0.07145263988259641 0.1405888436548694
0 0.764232015472913 0.7277330106528715 0.07173769426762483 0.12393919808745006
0 0.8338150289017341 0.5777634961439588 0.07658959537572255 0.09640102827763496
0 0.7597543352601156 0.5764781491002571 0.09031791907514451 0.09383033419023136
0 0.9389450867052023 0.5469151670951157 0.08742774566473989 0.03470437017994859
0 0.48265895953757226 0.9755784061696658 0.044797687861271675 0.04884318766066838
0 0.4771011809326404 0.8586167600790143 0.05846268994075938 0.11257883372516272
0 0.7373088355653123 0.8473178431748198 0.04150766285587677 0.09834844527195168
0 0.782894380586658 0.8961257819208305 0.04416226528374244 0.08959047996885529
0 0.7249216512972682 0.9349168926345479 0.06521698150169251 0.09518263512037806
0 0.7882996175137215 0.8135941741207472 0.05708490923056827 0.11502979581115821