0 0.5758869908015769 0.18808411214953272 0.07687253613666228 0.04205607476635514
0 0.6153088042049935 0.04497663551401869 0.07555847568988174 0.08995327102803738
0 0.9411957950065704 0.05023364485981308 0.06241787122207622 0.10046728971962617
0 0.8955321944809461 0.03387850467289719 0.07227332457293036 0.06775700934579439
0 0.8147174770039421 0.12908878504672897 0.08541392904073587 0.16004672897196262
0 0.783508541392904 0.1542056074766355 0.059789750328515114 0.10981308411214953
0 0.7684125190093802 0.07964401196726432 0.07091546953830932 0.1038439878475627
0 0.7483574244415243 0.04030373831775701 0.06701708278580815 0.08060747663551401
0 0.6984231274638634 0.0344626168224299 0.05781865965834428 0.0689252336448598
0 0.6865965834428384 0.04614485981308411 0.03416557161629435 0.09228971962616822
0 0.6360052562417872 0.9626168224299065 0.06701708278580815 0.07476635514018691
0 0.6478318002628121 0.8288551401869159 0.04336399474375821 0.16004672897196262
0 0.012155059132720105 0.33060747663551404 0.02431011826544021 0.12149532710280374
0 0.17386377923454432 0.3668046277552492 0.05801265088533835 0.14826210616590055
0 0.21792339310567965 0.38187789028045327 0.07190206158045463 0.1540776327073758
0 0.25459819270811784 0.3560232994008414 0.08288802337024827 0.14565682397526325
0 0.40683210103793394 0.41713412382641574 0.09236177450947361 0.1604372684608572
0 0.5483908382982479 0.5546020175839216 0.0854702562618492 0.143538019061935
0 0.5273293617341691 0.45396030813051585 0.0895417558030384 0.11704973663183471
0 0.023653088042049936 0.24240654205607476 0.04730617608409987 0.06658878504672897
0 0.3485545335085414 0.2797897196261682 0.06898817345597898 0.1413551401869159
0 0.26872536136662284 0.2570093457943925 0.0735873850197109 0.09579439252336448
0 0.30116598785833715 0.2977560777072528 0.07048787932472024 0.11547181991701619
0 0.32260183968462547 0.23539719626168223 0.06044678055190539 0.052570093457943924
0 0.03666856113724759 0.28397122144781484 0.05234341708057392 0.12679878141311787
0 0.05824418430925935 0.3102674551469644 0.06921970687990002 0.1176994466727458
0 0.1042863608510556 0.3257615970580993 0.0678827024321393 0.11642240053127903
0 0.06800262812089355 0.2523364485981308 0.0519053876478318 0.08644859813084112
0 0.6373193166885677 0.5613317757009346 0.06438896189224705 0.11799065420560748
0 0.6514454664914586 0.48598130841121495 0.03613666228646518 0.14953271028037382
0 0.5748482862180035 0.3938591336065282 0.07157249976169978 0.10389839876876321
0 0.6058444734293071 0.44745820304703926 0.05716372284907389 0.10503780710047998
0 0.62339448506209 0.5033409206712288 0.07041904732177984 0.11196714701981986
0 0.599879047100198 0.3280144724594372 0.0734059264259898 0.09705228573797268
0 0.5592839634513384 0.3050484919237043 0.059203645522184975 0.10870571276127819
0 0.6415900131406045 0.22897196261682243 0.05584756898817345 0.0397196261682243
0 0.9822601839684626 0.8586448598130841 0.035479632063074903 0.13551401869158877
0 0.9655059132720105 0.9299065420560748 0.06898817345597898 0.14018691588785046
0 0.9320234977784349 0.814200540501468 0.08527210605806139 0.16684809412204263
0 0.9007582488720065 0.8641797597524487 0.06957221269963533 0.1690469049104234
0 0.8280062264739504 0.8122834473595802 0.06719647581685517 0.1816797285153407
0 0.8048902290408134 0.7410649890676126 0.10874164209227034 0.1594610928927425
0 0.8020618645293447 0.6640710071716962 0.09892373093834325 0.1271572839211671
0 0.72778720618729 0.6854335626158194 0.08633378249406055 0.15410644867472442
0 0.6898817345597897 0.6641355140186916 0.040735873850197106 0.169392523364486
0 0.6971090670170828 0.7920560747663551 0.05519053876478318 0.14485981308411214
0 0.7680683311432326 0.231892523364486 0.06701708278580815 0.0455607476635514
0 0.6957950065703022 0.4929906542056075 0.052562417871222074 0.12850467289719625
0 0.6971090670170828 0.36507009345794394 0.05519053876478318 0.16238317757009346
0 0.7318951872926232 0.3919772118819219 0.06591995756700182 0.1500832615193737
0 0.7526166628187939 0.307767427476988 0.07393363844853237 0.12392144461647736
0 0.8462549277266754 0.2675233644859813 0.05387647831800263 0.11682242990654206
0 0.8896178896890966 0.246691601314573 0.055864260598240296 0.0722731158054476
0 0.8237876425633415 0.3796867857175705 0.06610350957484266 0.15942905591189707
0 0.7845201847758723 0.45782661797219715 0.061977776226660314 0.14975679599216984
0 0.753140215864543 0.5019647157278511 0.08585195847347799 0.1295737383943506
0 0.8193177631261799 0.537438679535677 0.061487606401044184 0.09139999196009946
0 0.8536136996503816 0.5580010030751523 0.0540621237399635 0.11411154688700012
0 0.8920770846222095 0.5729526462810292 0.04991344639080047 0.10327106266820746
0 0.9466324904575225 0.5192895028788274 0.05681956283437199 0.08751444261449881
0 0.9502628343705127 0.4025614868310122 0.06672924999221944 0.12449114878233575
0 0.9350416249114893 0.2809589483925556 0.04372484636852695 0.08876267278861671
0 0.970120783664472 0.3078920946556902 0.04759819570592775 0.08558446541862431
0 0.9908015768725361 0.2932242990654206 0.018396846254927726 0.0794392523364486
0 0.9862023653088042 0.40186915887850466 0.02759526938239159 0.1191588785046729
0 0.9871879106438897 0.4678738317757009 0.025624178712220762 0.12733644859813084
0 0.969079985666779 0.5899782599424629 0.05317565350677176 0.1023748929751454
0 0.9184427704637675 0.5918314522767815 0.04773585971180886 0.09259381121301688
0 0.9704336399474376 0.7383177570093458 0.05913272010512484 0.11214953271028037