0 0.20817666950152466 0.09644769634426209 0.08442848858628374 0.1008646529988996
0 0.01915041782729805 0.18935643564356436 0.0383008356545961 0.10643564356435643
0 0.1136949938517274 0.22976883608742277 0.05852523857702051 0.15368078020931406
0 0.15805483594551187 0.20866050671378888 0.0432170596528758 0.1525362868954894
0 0.5087047353760445 0.10334158415841584 0.04247910863509749 0.1150990099009901
0 0.47414141735882814 0.23736429148570043 0.08655409108961576 0.10490235843278298
0 0.5 0.3415841584158416 0.05988857938718663 0.08415841584158416
0 0.21701960966797387 0.29340800044741583 0.0962304626846231 0.09899250854338072
0 0.22280080563097618 0.3419384485022013 0.08638391636190317 0.08757562575951565
0 0.19825816264687565 0.2567816863966273 0.07124591216547096 0.10375786511895832
0 0.07277158774373259 0.4158415841584158 0.06197771587743733 0.027227722772277228
0 0.5560584958217271 0.1608910891089109 0.05222841225626741 0.12128712871287128
0 0.5483983286908078 0.28032178217821785 0.03690807799442897 0.1051980198019802
0 0.5732436349195718 0.2342402149285669 0.058124112433126957 0.11283919605089822
0 0.6587488423859853 0.16533722365361309 0.0638653178015079 0.1310321531155114
0 0.7712018681067873 0.14908794251569626 0.06358574503455174 0.10256680658085794
0 0.7715877437325905 0.03650990099009901 0.06545961002785515 0.07301980198019802
0 0.9430554974162562 0.13781356146259832 0.05592557790363252 0.10137574804275742
0 0.9192858705676386 0.3633236463255979 0.06822944542895558 0.07980990143813688
0 0.817123060995378 0.3229827773529169 0.08232719675833916 0.0993021950897687
0 0.7238857938718662 0.3910891089108911 0.04805013927576602 0.07673267326732673
0 0.7436550944215617 0.3344061115137894 0.06004307419566522 0.09583729752438555
0 0.7302102067461003 0.216630445590577 0.0803717689827198 0.11259122232915265
0 0.6607460230469963 0.2805677942156593 0.0512332561584538 0.11918215813597326
0 0.8321716624498772 0.383665333133445 0.07593823391064969 0.08595145502574233
0 0.9818941504178273 0.23205445544554457 0.036211699164345405 0.09777227722772278
0 0.9401114206128134 0.039603960396039604 0.08913649025069638 0.07920792079207921
0 0.540041782729805 0.40470297029702973 0.0201949860724234 0.04950495049504951
0 0.06736051948154945 0.6092337635515594 0.05922161740710408 0.15378905825823233
0 0.1538044217353847 0.6217432454711417 0.05841584053777677 0.14254216634792793
0 0.23157926382971994 0.7381665582060521 0.05636317006060732 0.14593020348830196
0 0.1765853315504289 0.7800822266302911 0.0734566020326592 0.11645893688947535
0 0.11015584759438092 0.8182151759309876 0.07190582498247328 0.10015327188074787
0 0.07686161017423095 0.77458052268966 0.05761006366844955 0.13129527443762365
0 0.10545665738381861 0.9073008042099389 0.06276781282753079 0.09008229090817729
0 0.481474181168553 0.6745964024213446 0.06094609376654247 0.11698517953369979
0 0.38493886354735296 0.6630381403298884 0.05392152877723812 0.10971428023263642
0 0.4296651280627198 0.640019236288231 0.05418894620650033 0.13694200300491366
0 0.347280679197452 0.8159458265964084 0.05409170350495055 0.12704101290590375
0 0.41851109214138565 0.8907539000185207 0.04347584632598448 0.10809010949886312
0 0.38475926726695026 0.8583119996630384 0.04915627500589674 0.12009494775159511
0 0.4659056339782262 0.843841171320501 0.06610384292562363 0.0757721960042535
0 0.3469299366951034 0.8870550539085827 0.046115497593993915 0.09367173654602105
0 0.5073119777158774 0.9814356435643564 0.04526462395543175 0.03712871287128713
0 0.46846706634776286 0.7600308722378095 0.04818032340885716 0.09152132316802324
0 0.7394329448695057 0.566117779154273 0.0634971330891554 0.16433971665075156
0 0.8386747681160307 0.5852874835055019 0.06045635567725258 0.13791650544517764
0 0.8813250229730739 0.7028471545424657 0.08513702275406103 0.10221055481019396
0 0.7779423642533622 0.8221056118918602 0.08134772057975954 0.14116484691272424
0 0.6191609418312289 0.7059204542321604 0.08369564374311893 0.09704350366285276
0 0.6000522768893223 0.8108396439000739 0.04503877871386412 0.12563339826996683
0 0.557799442896936 0.6856435643564357 0.055710306406685235 0.10891089108910891
0 0.5445682451253482 0.7258663366336634 0.02924791086350975 0.10024752475247525
0 0.5407381615598886 0.780940594059406 0.02158774373259053 0.09158415841584158
0 0.5577086392596261 0.8390488817012105 0.03643912599898645 0.0995815864354233
0 0.8479094128736832 0.9193533301101222 0.02710310385940377 0.14014490167136034
0 0.8795121153659359 0.8520349569332614 0.04135024382265254 0.10405240406497974
0 0.5675487465181058 0.9795792079207921 0.0403899721448468 0.04084158415841584
0 0.9522980501392758 0.9783415841584159 0.05362116991643454 0.043316831683168314
0 0.9832869080779945 0.6862623762376238 0.033426183844011144 0.15717821782178218
0 0.9850278551532033 0.9603960396039604 0.029944289693593314 0.07920792079207921