0 0.5553097345132744 0.41272965879265094 0.028023598820058997 0.07217847769028872
0 0.5508849557522124 0.3346456692913386 0.03687315634218289 0.10761154855643044
0 0.4465339233038348 0.42913385826771655 0.06710914454277286 0.03937007874015748
0 0.3945427728613569 0.4284776902887139 0.07079646017699115 0.04068241469816273
0 0.4718437802119434 0.3708754740009612 0.07408247327515634 0.09738996003120441
0 0.5158689122709912 0.2878306718886835 0.07239502270629662 0.07504970378664337
0 0.5099518331382098 0.34899174624905094 0.06319917335698308 0.08383897103254613
0 0.45184932427118357 0.2872072433807221 0.0689651108597144 0.11551830377550322
0 0.4470232429740686 0.19308559390600644 0.06524391789480516 0.07999359803394586
0 0.4050432909055297 0.23674504479889075 0.08401578575131387 0.08863123774377384
0 0.5394542772861357 0.00853018372703412 0.05088495575221239 0.01706036745406824
0 0.5047935103244838 0.011811023622047244 0.04793510324483776 0.023622047244094488
0 0.44579646017699115 0.02952755905511811 0.06710914454277286 0.05905511811023622
0 0.2308259587020649 0.02690288713910761 0.06047197640117994 0.05380577427821522
0 0.28096114282760115 0.08206178805100525 0.05571277886007385 0.08090884953181693
0 0.24420481533209035 0.13270999952437948 0.05963462309300982 0.06928109566060085
0 0.35484165847667126 0.06721154106100806 0.04936602093143468 0.07016580220000007
0 0.39085545722713866 0.028871391076115485 0.05604719764011799 0.05774278215223097
0 0.31406359656689803 0.0394250446387859 0.050215247286750815 0.07282101907448243
0 0.3893376689503809 0.3376121924426061 0.06151172278812336 0.061498714787984944
0 0.31784660766961653 0.38648293963254593 0.0752212389380531 0.12467191601049869
0 0.24410029498525074 0.39041994750656167 0.08259587020648967 0.1167979002624672
0 0.09734513274336283 0.4343832020997375 0.0752212389380531 0.028871391076115485
0 0.05625841559723046 0.08612865655290118 0.06966869665586711 0.08017686778477703
0 0.11541297935103245 0.024934383202099737 0.0420353982300885 0.049868766404199474
0 0.07927728613569321 0.024934383202099737 0.04498525073746313 0.049868766404199474
0 0.08540760067498035 0.378366120992417 0.08549071200500136 0.08869232766071751
0 0.9423714541345687 0.2637968163333613 0.08616129137583606 0.1044403591567805
0 0.8506081108385698 0.2145416922393106 0.07619497247436084 0.16428854893100048
0 0.7681510737622974 0.3011433361291329 0.06655207021115706 0.16257912851286094
0 0.6775676163415191 0.14638261972878308 0.05735622086184317 0.17136839575876356
0 0.6718289085545722 0.04461942257217848 0.058997050147492625 0.08923884514435695
0 0.8071533923303835 0.031496062992125984 0.08923303834808259 0.06299212598425197
0 0.9749262536873157 0.15288713910761154 0.05014749262536873 0.15354330708661418
0 0.9261549436783276 0.05683009557757243 0.07487581801623623 0.09873284094768162
0 0.8926991150442478 0.023622047244094488 0.056784660766961655 0.047244094488188976
0 0.9211264693024397 0.08847888336205771 0.061087545063151685 0.10340183056873738
0 0.9745575221238938 0.05249343832020997 0.05088495575221239 0.10498687664041995
0 0.14859882005899705 0.9704724409448819 0.11578171091445427 0.05905511811023622
0 0.04830383480825959 0.9803149606299213 0.09660766961651918 0.03937007874015748
0 0.3912241887905605 0.926509186351706 0.07743362831858407 0.14698162729658792
0 0.33308127080254385 0.8979398639827055 0.10682213197460448 0.17472724393438324
0 0.24078171091445427 0.9422572178477691 0.08923303834808259 0.11548556430446194
0 0.18167273772444933 0.8577052888356658 0.0912456473659603 0.13740148289927104
0 0.24108383436051403 0.793673537007086 0.08544670343791097 0.1568116176431031
0 0.24838695170742872 0.6826742412009909 0.09896657046158687 0.12855112573642466
0 0.33460875486301417 0.6718979057699904 0.11201738028782776 0.12385159115689726
0 0.3613635797682986 0.7264656581255752 0.1061964320762333 0.1773213708919221
0 0.42530484641763816 0.7375725018183427 0.08270937524570873 0.17896860413683308
0 0.4557406149808814 0.8699340665697569 0.11833113179114926 0.18568410597550328
0 0.4771177853283215 0.6790955434065024 0.08266449577324504 0.16062644568323137
0 0.5265486725663717 0.7716535433070866 0.0855457227138643 0.1942257217847769
0 0.5213101267773913 0.6353444576382025 0.09415062040087126 0.11918150427955683
0 0.5272861356932154 0.5898950131233596 0.084070796460177 0.09580052493438321
0 0.055438276593052484 0.8400084149069696 0.09259780824940259 0.1518677233958007
0 0.015117994100294985 0.7933070866141733 0.03023598820058997 0.09580052493438321
0 0.038348082595870206 0.4704724409448819 0.05457227138643068 0.04330708661417323
0 0.053346635133373295 0.5001444953702242 0.06642843393553872 0.09052283065645973
0 0.05470892725321489 0.5891695258052781 0.08202692282772794 0.09378894670037921
0 0.01991150442477876 0.639763779527559 0.03982300884955752 0.09580052493438321
0 0.17748003466002504 0.5585390564763191 0.06586961779317635 0.07739947107640724
0 0.30383480825958703 0.4652230971128609 0.09292035398230089 0.03280839895013123
0 0.3257880090533816 0.585146828856663 0.12835333230686072 0.1271482521592886
0 0.556047197640118 0.8713910761154856 0.02654867256637168 0.18635170603674542
0 0.5239818775716446 0.5120917849403606 0.08037334958955927 0.10682067140501615
0 0.3963864306784661 0.46194225721784776 0.07890855457227139 0.026246719160104987
0 0.153023598820059 0.494750656167979 0.07300884955752213 0.09186351706036745
0 0.46792035398230086 0.46062992125984253 0.08628318584070796 0.023622047244094488
0 0.6091445427728613 0.9573490813648294 0.07964601769911504 0.08530183727034121
0 0.9274701790622725 0.7842765732518507 0.08135721436226645 0.16450236364030338
0 0.9504111637029538 0.6431540917004362 0.06862982117429699 0.10764428802747171
0 0.8926380079977719 0.6082113860542713 0.07950211895069802 0.1382250995217266
0 0.8613569321533924 0.49606299212598426 0.08702064896755163 0.09448818897637795
0 0.640117994100295 0.494750656167979 0.09734513274336283 0.09186351706036745
0 0.9830383480825958 0.6128608923884514 0.03392330383480826 0.10498687664041995
0 0.9485184317005545 0.5233655286484387 0.07516622822919032 0.08826469824211157
0 0.9705014749262537 0.5 0.058997050147492625 0.09711286089238845
0 0.8886430678466076 0.4645669291338583 0.05309734513274336 0.031496062992125984
0 0.5866519174041298 0.510498687664042 0.03466076696165192 0.10498687664041995