0 0.4261897210968912 0.10438058928319148 0.0721208353065055 0.1540390429471261
0 0.3237706222111474 0.201318973439771 0.08348213336133155 0.12433414478049815
0 0.23088263798519956 0.23213739501153802 0.09631360367138576 0.10618330991556107
0 0.26852318904160755 0.33412159922389634 0.05050167146399882 0.11304361505026568
0 0.2737706568823463 0.3726783442388239 0.0726746351900104 0.10447256314758956
0 0.4656160458452722 0.5680661577608143 0.045845272206303724 0.062340966921119595
0 0.5310446582102349 0.24813350404396545 0.06906796829970553 0.09657977130557698
0 0.5605300859598854 0.23091603053435114 0.058022922636103154 0.11068702290076336
0 0.5702005730659025 0.14440203562340967 0.03868194842406877 0.1183206106870229
0 0.3635386819484241 0.5877862595419847 0.052292263610315186 0.022900763358778626
0 0.36567142123887286 0.42450528287371797 0.06331647177459455 0.08980372166115558
0 0.39050991328352086 0.3881258519271178 0.0482484868327136 0.08108147684073219
0 0.42036457692642343 0.46091385301834586 0.050351641468873845 0.06724208833270842
0 0.4489595270572591 0.48079919029897744 0.06686479366679542 0.07988480866856257
0 0.4316865225317782 0.39492349246140995 0.05548265811264651 0.10322838367997424
0 0.48178811400877697 0.41127499555238795 0.048973154210666496 0.08367784691396948
0 0.5142043572729438 0.35826432060378544 0.05474548823509983 0.09681521971360717
0 0.059798212135166916 0.07404722048650446 0.07134199043031328 0.13490323267032645
0 0.06962426408837921 0.3553591837988024 0.07332012007053602 0.08289590523100497
0 0.1310888252148997 0.5833333333333334 0.045845272206303724 0.031806615776081425
0 0.09455587392550144 0.5865139949109415 0.04297994269340974 0.02544529262086514
0 0.028503438489809338 0.5502673280960172 0.04896898671080179 0.08240558228292594
0 0.019340974212034383 0.30725190839694655 0.03868194842406877 0.09287531806615776
0 0.030802292263610316 0.15648854961832062 0.06160458452722063 0.11195928753180662
0 0.012893982808022923 0.21882951653944022 0.025787965616045846 0.09669211195928754
0 0.9320662426179395 0.416603832000296 0.08198278860705115 0.10387422906150476
0 0.9763610315186246 0.5241730279898219 0.04727793696275072 0.13486005089058525
0 0.9845988538681948 0.544529262086514 0.030802292263610316 0.10941475826972011
0 0.5977793696275072 0.5769720101781171 0.0164756446991404 0.044529262086514
0 0.6802126603751698 0.5269064350217868 0.04975199908685854 0.10281365719076883
0 0.4469914040114613 0.6571246819338422 0.14326647564469913 0.11577608142493638
0 0.0082378223495702 0.6774809160305344 0.0164756446991404 0.13104325699745548
0 0.30945558739255014 0.94529262086514 0.08166189111747851 0.10941475826972011
0 0.5587392550143266 0.9707379134860051 0.06160458452722063 0.058524173027989825
0 0.5114613180515759 0.9675572519083969 0.07736389684813753 0.0648854961832061
0 0.4702722063037249 0.9751908396946565 0.08667621776504297 0.04961832061068702
0 0.37679083094555876 0.97264631043257 0.054441260744985676 0.054707379134860054
0 0.13978203360267263 0.8476165308399372 0.09513515640667815 0.18368777078689846
0 0.1780085959885387 0.9478371501272265 0.07951289398280802 0.10432569974554708
0 0.07597427444254196 0.8595421388510917 0.06569884890168158 0.16120606343302973
0 0.03724928366762178 0.8187022900763359 0.07449856733524356 0.1361323155216285
0 0.012893982808022923 0.8422391857506362 0.025787965616045846 0.11959287531806616
0 0.01683381088825215 0.910941475826972 0.0336676217765043 0.10687022900763359
0 0.08058739255014327 0.9459287531806616 0.05945558739255014 0.10814249363867684
0 0.1174785100286533 0.9720101781170484 0.06446991404011461 0.05597964376590331
0 0.6095988538681948 0.8632315521628499 0.04011461318051576 0.10559796437659033
0 0.6174785100286533 0.6717557251908397 0.055873925501432664 0.0916030534351145
0 0.6532951289398281 0.6463104325699746 0.055873925501432664 0.09414758269720101
0 0.8305873925501432 0.6354961832061069 0.06948424068767908 0.07251908396946564
0 0.6078080229226361 0.7760814249363868 0.036532951289398284 0.09414758269720101
0 0.7733379532941566 0.6733864326069273 0.054820503232662486 0.11971598307238579
0 0.8180691356844114 0.6887129972987538 0.05042248896657164 0.08887058706044379
0 0.8028258769489759 0.8581337212299619 0.07491114982183715 0.13134564283295003
0 0.7671919770773639 0.9541984732824428 0.05300859598853868 0.0916030534351145
0 0.7259824399854267 0.9123831920958755 0.06473246653158324 0.08481834475928354
0 0.7143796657376972 0.8453700578976404 0.04821931433366151 0.0721756244234294
0 0.641049365716742 0.8114304205562256 0.061862969518824716 0.08333871688363773
0 0.8909060645698984 0.6545346360682037 0.06980513817725172 0.10299293527194375
0 0.9430515759312321 0.6520356234096693 0.07664756446991404 0.10559796437659033