0 0.46566419659492436 0.4618292748844562 0.09168256307589091 0.19076218787929705
0 0.34207330974368894 0.25221287535885684 0.09146540376946946 0.18339118050828995
0 0.23698794950316238 0.29452289612868787 0.10564242724077659 0.17383726247004613
0 0.1396724219176437 0.2596283360283534 0.08761717629813584 0.14624993545929718
0 0.15387290093859946 0.49474927539145547 0.09492725223691886 0.11393902687163118
0 0.08177971568458584 0.48127039152553813 0.07049969239672305 0.1261051678680447
0 0.01968232044198895 0.49815724815724816 0.0393646408839779 0.08476658476658476
0 0.01968232044198895 0.40540540540540543 0.0393646408839779 0.17444717444717445
0 0.08923555577118318 0.2993569980388124 0.07587097161081226 0.19157349322105457
0 0.4778676984227034 0.535116094505691 0.11699931632641027 0.04519027731567229
0 0.5379217196276568 0.4691298765836228 0.08667027944136534 0.16084884610433425
0 0.5782259158738915 0.5086989794557922 0.08755359965607819 0.0739830191231915
0 0.03211325966850829 0.3132678132678133 0.06422651933701658 0.12776412776412777
0 0.22810299157078778 0.1340185474859605 0.07641680647467125 0.1867310403555385
0 0.1539017898946174 0.11952581853700861 0.10894775644605667 0.19255098909152019
0 0.30179558011049723 0.060196560196560195 0.10359116022099447 0.12039312039312039
0 0.3118264603644007 0.15430208053706856 0.119312745663767 0.14708432723278528
0 0.42299723756906077 0.06388206388206388 0.08632596685082873 0.12776412776412777
0 0.6408839779005525 0.36977886977886976 0.017955801104972375 0.21375921375921375
0 0.6153314917127072 0.34828009828009826 0.06906077348066299 0.21253071253071254
0 0.5511362092090943 0.30633586238924987 0.11182170363629927 0.17325272967794528
0 0.5737736730702159 0.21650062539581705 0.08409468778643416 0.12016520146681577
0 0.6277624309392266 0.23771498771498772 0.04419889502762431 0.13882063882063883
0 0.5798409561926865 0.09326302448109984 0.07430879005251437 0.18528788298157048
0 0.5158839779005525 0.06756756756756757 0.08011049723756906 0.13513513513513514
0 0.6267265193370166 0.1382063882063882 0.0462707182320442 0.13144963144963145
0 0.6263812154696132 0.04054054054054054 0.04696132596685083 0.08108108108108109
0 0.15883977900552487 0.012285012285012284 0.06077348066298342 0.02457002457002457
0 0.09081491712707182 0.02886977886977887 0.07941988950276244 0.05773955773955774
0 0.8249309392265194 0.5485257985257985 0.10704419889502763 0.06265356265356266
0 0.8939917127071824 0.5436117936117936 0.09599447513812155 0.07248157248157248
0 0.9558011049723757 0.5153562653562653 0.08839779005524862 0.128992628992629
0 0.9799723756906077 0.5024570024570024 0.04005524861878453 0.1547911547911548
0 0.9658149171270718 0.3605651105651106 0.06837016574585636 0.13882063882063883
0 0.8778831967729003 0.2620304883476495 0.1269730073886974 0.22013831610226917
0 0.8111994292716517 0.443919075837672 0.09957760369407528 0.13156735636158196
0 0.675414364640884 0.43611793611793614 0.05110497237569061 0.18673218673218672
0 0.7804835363606863 0.3183312273503616 0.10291325292148146 0.1980495267976261
0 0.7026933701657458 0.3667076167076167 0.10566298342541436 0.15847665847665848
0 0.8627666179393365 0.23094202278638995 0.1060767458536195 0.1885792772120609
0 0.8435137341914462 0.14175018104103315 0.1074608979210382 0.16545241001600433
0 0.8084825155984088 0.0813026154864376 0.08638660689508094 0.10448089369025548
0 0.9844613259668509 0.20208845208845208 0.031077348066298343 0.17813267813267813
0 0.9671961325966851 0.25061425061425063 0.06560773480662983 0.13267813267813267
0 0.689741996945955 0.17739808353432712 0.06675417138298922 0.13918936909062465
0 0.6629834254143646 0.1928746928746929 0.026243093922651933 0.14987714987714987
0 0.7471392302670871 0.1387966528817306 0.08107303112743863 0.15781942725942028
0 0.7447573051361341 0.29307482692927334 0.0021080164221567196 0.0014431573739680185
0 0.1343232044198895 0.9754299754299754 0.09323204419889503 0.04914004914004914
0 0.07216850828729282 0.9705159705159705 0.07941988950276244 0.05896805896805897
0 0.5369475138121547 0.9625307125307125 0.08908839779005524 0.07493857493857493
0 0.4703038674033149 0.9527027027027027 0.106353591160221 0.0945945945945946
0 0.44590365375464525 0.8948617956431238 0.10793434634942353 0.15815295469348595
0 0.5842541436464088 0.9195331695331695 0.09392265193370165 0.16093366093366093
0 0.6212016574585635 0.8636363636363636 0.057320441988950276 0.14250614250614252
0 0.5787292817679558 0.5952088452088452 0.08149171270718232 0.030712530712530713
0 0.5549033149171271 0.6148648648648649 0.05593922651933702 0.07002457002457002
0 0.6042118038633021 0.6252323015487798 0.07555697904240176 0.0874370969924057
0 0.6277624309392266 0.601965601965602 0.04419889502762431 0.044226044226044224
0 0.011740331491712707 0.9078624078624079 0.023480662983425413 0.16216216216216217
0 0.02175414364640884 0.835995085995086 0.04350828729281768 0.12162162162162163
0 0.054565315311442736 0.7906178244722708 0.0948127993880974 0.15679346577219636
0 0.06111878453038674 0.6375921375921376 0.07941988950276244 0.11547911547911548
0 0.22874422863052774 0.6247014725177369 0.060837057305041076 0.07856349660313094
0 0.17196132596685082 0.6154791154791155 0.08149171270718232 0.07125307125307126
0 0.19820441988950277 0.914004914004914 0.0787292817679558 0.171990171990172
0 0.18021092003509628 0.8466060765888225 0.09757229372951849 0.18034964525918648
0 0.343232044198895 0.9312039312039312 0.13812154696132597 0.1375921375921376
0 0.3433224900104428 0.8223130097501847 0.0733677663913549 0.15334685104053855
0 0.27789425299359477 0.8469594981941447 0.08939358056504958 0.18317652436282317
0 0.40589634474481934 0.8065880141239335 0.07682374166319333 0.13043463998994864
0 0.3701666999004258 0.6636519861385334 0.08209231441968265 0.14567751907138593
0 0.6325966850828729 0.7205159705159705 0.034530386740331494 0.12162162162162163
0 0.48273480662983426 0.6062653562653563 0.049723756906077346 0.052825552825552825
0 0.4509668508287293 0.628992628992629 0.058011049723756904 0.09828009828009827
0 0.5852474745804406 0.6986677102807632 0.09016538452874619 0.11589516498921115
0 0.7624309392265194 0.6185503685503686 0.05939226519337017 0.0773955773955774
0 0.6986514389376394 0.6285119056939341 0.062363045645601974 0.08362060561411375
0 0.7455110497237569 0.5952088452088452 0.05179558011049724 0.030712530712530713
0 0.9015883977900553 0.5958230958230958 0.05870165745856354 0.03194103194103194
0 0.6912586984710636 0.7420288248533748 0.07090075438963453 0.11634871008852386
0 0.7734732842561174 0.9109549483510369 0.06380783775727289 0.1560306260471974
0 0.8824445334846173 0.894735719775782 0.06206762670809598 0.12033253837217264
0 0.9834254143646409 0.9527027027027027 0.03314917127071823 0.0945945945945946
0 0.9371546961325967 0.9428746928746928 0.0718232044198895 0.11425061425061425
0 0.9363315017073056 0.8780623729128906 0.0635241652109885 0.09966267363311855
0 0.8834770314669858 0.7769487641387367 0.06054457496534037 0.09200545806815555
0 0.8371295219027597 0.8144053620155106 0.06508634676928622 0.10594828387260251
0 0.9796270718232044 0.6953316953316954 0.04074585635359116 0.10073710073710074