0 0.022760115606936415 0.21401028277634962 0.04552023121387283 0.19922879177377892
0 0.1840711940203594 0.18093010376141208 0.1500531914379789 0.16270594588180542
0 0.17451026822787377 0.3017521885240799 0.12359913027852687 0.15263151233321925
0 0.12861271676300579 0.3939588688946015 0.09248554913294797 0.12982005141388175
0 0.0444364161849711 0.37467866323907456 0.0888728323699422 0.16838046272493573
0 0.1596820809248555 0.42159383033419023 0.11416184971098266 0.07455012853470437
0 0.724349710982659 0.019280205655526992 0.09609826589595376 0.038560411311053984
0 0.7882947976878613 0.018637532133676093 0.08670520231213873 0.037275064267352186
0 0.5195086705202312 0.07647814910025708 0.08526011560693642 0.15295629820051415
0 0.3660689242237845 0.14941921941456746 0.09437248101644172 0.1155049572978579
0 0.34465317919075145 0.05784061696658098 0.06647398843930635 0.11568123393316196
0 0.6315028901734104 0.4440874035989717 0.06502890173410404 0.02956298200514139
0 0.6076589595375722 0.4138817480719794 0.07947976878612717 0.08997429305912596
0 0.5429913294797688 0.42287917737789205 0.06864161849710983 0.07197943444730077
0 0.5507946979023541 0.3866763685216799 0.07863014144149 0.10330858142964898
0 0.9714595375722543 0.13431876606683804 0.05708092485549133 0.11696658097686376
0 0.7306817901535639 0.2543070295562704 0.07677858314497965 0.10964556629460159
0 0.7742158462571822 0.12783658331788142 0.07440296794938969 0.14931182394224518
0 0.8242205300705625 0.10361106062282298 0.08094188699730231 0.16497532274281657
0 0.9714595375722543 0.4023136246786632 0.05708092485549133 0.07455012853470437
0 0.9859104046242775 0.2551413881748072 0.028179190751445087 0.10668380462724936
0 0.8860819989870469 0.3864488558421604 0.055508754158252835 0.10235124432505008
0 0.48988439306358383 0.41645244215938304 0.0708092485549133 0.08483290488431877
0 0.41510115606936415 0.42159383033419023 0.052745664739884394 0.07455012853470437
0 0.42975984294491465 0.35216215867869205 0.06502824644658523 0.10531085661119688
0 0.6389959191081133 0.19342932161573895 0.06496503209432658 0.10402550956749508
0 0.5950743887817164 0.18006619115130015 0.060096871682894334 0.10767213320696949
0 0.35632654348375004 0.3985067574867469 0.045673190108627644 0.092964896820394
0 0.9140173410404624 0.4241645244215938 0.06936416184971098 0.06940874035989718
0 0.40290405953628705 0.3119269447798917 0.07482778162170838 0.0993029563759499
0 0.3617867244886526 0.326258609324079 0.05642094056762995 0.10623720224067427
0 0.30238439306358383 0.35154241645244216 0.025289017341040464 0.08611825192802057
0 0.9626678279519153 0.27225011477857863 0.06613007591273815 0.11305285565792648
0 0.2745664739884393 0.6870179948586118 0.030346820809248554 0.11439588688946016
0 0.27059248554913296 0.7467866323907455 0.03829479768786127 0.08740359897172237
0 0.256864161849711 0.8894601542416453 0.0657514450867052 0.10025706940874037
0 0.252592278415863 0.8546164969760079 0.05930227058128875 0.07685372094264509
0 0.11705202312138728 0.9607969151670951 0.0953757225433526 0.07840616966580977
0 0.09973325348032462 0.920761621096859 0.057920398228345 0.07807923441730959
0 0.18882733608317193 0.9289401002456166 0.057197854875743845 0.07804931763279079
0 0.1348989407313844 0.8587225320131116 0.05556312511376569 0.0741334429326478
0 0.20691843301971663 0.8642699461601268 0.0481840774054805 0.08537248169625838
0 0.17319816011761852 0.875059695810655 0.0466125619957609 0.08274195403981718
0 0.1483624525016908 0.6046581480809778 0.07408689618809658 0.14288508872373618
0 0.1800592108439943 0.6553556390365048 0.08124027196510371 0.11239576108911754
0 0.03829479768786127 0.6394601542416453 0.07658959537572255 0.13239074550128535
0 0.03540462427745665 0.7140102827763496 0.0708092485549133 0.10411311053984576
0 0.024927745664739886 0.7686375321336761 0.04985549132947977 0.06940874035989718
0 0.06342184742314218 0.7762337959511005 0.05518383900021417 0.066421360670437
0 0.36416184971098264 0.531491002570694 0.1199421965317919 0.14524421593830333
0 0.38984587409651 0.617904748202971 0.11750271169642458 0.14596544283856058
0 0.3352601156069364 0.6497429305912596 0.09104046242774566 0.2120822622107969
0 0.49241329479768786 0.5006426735218509 0.125 0.08354755784061697
0 0.6701589595375722 0.4813624678663239 0.11777456647398844 0.04498714652956298
0 0.5979046242774566 0.5347043701799485 0.14089595375722544 0.15167095115681234
0 0.5599507903223289 0.6018587793472729 0.12338230174399469 0.16288437189831498
0 0.6274586445333972 0.6476253743102265 0.10108270104011961 0.17863654636183962
0 0.6960601401013913 0.5690124738792927 0.14049767027514437 0.1443520858557556
0 0.7102601156069365 0.5115681233933161 0.10982658959537572 0.10539845758354756
0 0.8143063583815029 0.5488431876606684 0.14017341040462428 0.17994858611825193
0 0.9181644310038316 0.7379085074299641 0.08917875015945198 0.1858400432872323
0 0.8496584122517442 0.7158310824219378 0.11286022321627047 0.16886235534904318
0 0.8292188855973662 0.8060585934588701 0.09824689858522768 0.1502990778313626
0 0.8696850797538849 0.9251038536144829 0.08689419008139583 0.11006440127786359
0 0.9812138728323699 0.532133676092545 0.03757225433526012 0.14652956298200515
0 0.9714595375722543 0.9537275064267352 0.05708092485549133 0.09254498714652956
0 0.3106936416184971 0.9093830334190232 0.04190751445086705 0.11696658097686376
0 0.7210982658959537 0.9466580976863753 0.10838150289017341 0.10668380462724936
0 0.7673475903528577 0.6476451688101982 0.09944797127814146 0.17472067166169677
0 0.7464744066294151 0.7583783989773217 0.11332990915983722 0.16375088395875478
0 0.55475640417782 0.7748122113411604 0.12750957672181515 0.20281988060662687
0 0.7375099231287727 0.8253505334348482 0.11155990729659575 0.1277611667351044
0 0.9588150289017341 0.7088688946015425 0.08236994219653179 0.17352185089974292
0 0.38980787935945127 0.9103655384766072 0.09889738418882449 0.11954049913607549
0 0.5729768786127167 0.9646529562982005 0.07947976878612717 0.07069408740359898
0 0.4461705202312139 0.5475578406169666 0.10910404624277456 0.17737789203084833
0 0.45483366997022007 0.693069782856213 0.09961042885716112 0.19268561348900318
0 0.31033236994219654 0.737146529562982 0.041184971098265896 0.15295629820051415
0 0.5213150289017341 0.9717223650385605 0.09898843930635838 0.056555269922879174
0 0.3536849710982659 0.9524421593830334 0.11054913294797687 0.09511568123393316
0 0.9898843930635838 0.7532133676092545 0.02023121387283237 0.16195372750642673