0 0.08841843088418432 0.048226164079822616 0.0896637608966376 0.09645232815964523
0 0.0838048152247333 0.24649017060055198 0.0867916362153809 0.13168804176386595
0 0.5174346201743462 0.019955654101995565 0.09838107098381071 0.03991130820399113
0 0.47663039813496544 0.15679283251231657 0.10613234649154485 0.14706820900018022
0 0.44561138169054915 0.22541773655542263 0.08081912464902377 0.13690869555279592
0 0.3950927541819041 0.309069632374857 0.10111293135859384 0.13242998372560202
0 0.4949414107514701 0.38005032848471204 0.08414849309292889 0.1282330660288835
0 0.5141294837825969 0.47339659087686764 0.07440189640607378 0.1188800112355602
0 0.5859277708592777 0.43957871396895787 0.06724782067247821 0.12084257206208426
0 0.5974470734744707 0.32095343680709537 0.04420921544209216 0.12971175166297116
0 0.5615286254820755 0.2878297755126398 0.0652906973414898 0.09628770373323119
0 0.5790784557907845 0.229490022172949 0.08094645080946451 0.1286031042128603
0 0.4754543781557939 0.4630978467120464 0.05752638092272834 0.1301718994942316
0 0.44822869990343295 0.44509715524848004 0.05639543892468293 0.11905316664696049
0 0.40373361719031553 0.41624766138753005 0.06874708365085223 0.11748103866998745
0 0.3344462194775457 0.4292483091959192 0.07604111539593825 0.14108521858393971
0 0.46948941469489414 0.5260532150776053 0.0821917808219178 0.08758314855875832
0 0.3953922789539228 0.5232815964523282 0.0722291407222914 0.09312638580931264
0 0.3377957658779577 0.5399113082039911 0.06662515566625156 0.0598669623059867
0 0.5476338729763387 0.5559866962305987 0.059153175591531756 0.02771618625277162
0 0.194149648587844 0.410919835981344 0.08084458988111187 0.1103656734424601
0 0.10398505603985056 0.5232815964523282 0.07721046077210461 0.09312638580931264
0 0.2970112079701121 0.5299334811529933 0.074719800747198 0.07982261640798226
0 0.00933997509339975 0.3276053215077605 0.0186799501867995 0.13414634146341464
0 0.023972602739726026 0.3508869179600887 0.04794520547945205 0.14745011086474502
0 0.06840299472267931 0.45251690992478627 0.09303101889369159 0.11873911417032237
0 0.05130522366603173 0.3979894374595922 0.08097160774656953 0.1402346379031285
0 0.42185554171855544 0.5521064301552107 0.06288916562889166 0.03547671840354767
0 0.6709716011709395 0.28073087451713996 0.09163310301869819 0.1695433467984474
0 0.9800747198007472 0.3253880266075388 0.039850560398505604 0.14301552106430154
0 0.9912826899128269 0.3874722838137472 0.017434620174346202 0.12749445676274945
0 0.950186799501868 0.49722838137472286 0.0722291407222914 0.14523281596452328
0 0.9729140722291407 0.5049889135254989 0.05417185554171856 0.12971175166297116
0 0.9620174346201743 0.5521064301552107 0.0759651307596513 0.03547671840354767
0 0.7211148220362733 0.4801991714835946 0.09123921404128724 0.14740265614239256
0 0.8079078455790785 0.5099778270509978 0.07534246575342465 0.1197339246119734
0 0.7596513075965131 0.5288248337028825 0.0784557907845579 0.082039911308204
0 0.10242839352428394 0.6053215077605322 0.10273972602739725 0.07095343680709534
0 0.09917444450919688 0.6503620922503319 0.08308111141010922 0.10495146957655548
0 0.04424643702277775 0.678484840525736 0.07362664553730719 0.16971650220984769
0 0.19855918271310957 0.7721954085075559 0.07970081250202807 0.16671314332113943
0 0.2931343884188096 0.7687999504214956 0.0879734059126083 0.1439154220612479
0 0.5077833125778332 0.5981152993348116 0.10273972602739725 0.0565410199556541
0 0.6036737235367372 0.6452328159645233 0.031755915317559155 0.1197339246119734
0 0.4974383857019017 0.7876794146655245 0.06462983448713087 0.13606997855257247
0 0.37628547783466393 0.8278554550300187 0.07407146497889447 0.13877114864523085
0 0.4468247773978979 0.6998941850448053 0.06914097262826312 0.13962172932604228
0 0.48216430242026576 0.6442122767549487 0.07287696266562302 0.1398152794030168
0 0.5955790784557908 0.7760532150776053 0.04794520547945205 0.10643015521064302
0 0.5958904109589042 0.7100886917960089 0.047322540473225407 0.1008869179600887
0 0.5781444582814446 0.8442350332594235 0.08281444582814446 0.12305986696230599
0 0.11885149007808761 0.8830914790679135 0.0797009152670224 0.1125184516503569
0 0.18334814592172782 0.8875388653458364 0.07332178210721035 0.10886992583839995
0 0.3334371108343711 0.9684035476718403 0.07036114570361146 0.06319290465631928
0 0.33422365560926054 0.9130514859727569 0.0867535411322431 0.11730788325858717
0 0.4900373599003736 0.9467849223946785 0.07721046077210461 0.10643015521064302
0 0.4460239585320488 0.8314683898002114 0.05944520364059028 0.1313773219828296
0 0.44324727708862544 0.8860722426383184 0.06924273079162128 0.08764433255548149
0 0.3966681045615593 0.893060240828997 0.07153008001980035 0.08333877613968761
0 0.39044771804232054 0.9402965935105713 0.05342196714004565 0.08129463665086617
0 0.4526774595267746 0.9711751662971175 0.07347447073474471 0.057649667405764965
0 0.3732876712328767 0.9778270509977827 0.050435865504358655 0.04434589800443459
0 0.1839975093399751 0.9695121951219512 0.06164383561643835 0.06097560975609756
0 0.03798256537982565 0.9805986696230599 0.047322540473225407 0.038802660753880266
0 0.022727272727272728 0.9517738359201774 0.045454545454545456 0.08093126385809313
0 0.5983810709838107 0.9623059866962306 0.04234122042341221 0.07538802660753881
0 0.5829783255968073 0.9259386952646494 0.06709513204494358 0.10854734237677562
0 0.5232851956208381 0.8636744180098553 0.07569805411770908 0.12005317537799573
0 0.9483188044831881 0.5975609756097561 0.08468244084682441 0.05543237250554324
0 0.8662339149527178 0.6550848065135084 0.07477042291639134 0.11336903233116809
0 0.7809287577171696 0.6777627589246463 0.06213917446222427 0.13594094516792288
0 0.6348069738480697 0.9329268292682927 0.030510585305105854 0.0565410199556541
0 0.6650062266500623 0.9722838137472284 0.0448318804483188 0.05543237250554324
0 0.7366557250473655 0.823122009129127 0.053180458495185975 0.11667458001592645
0 0.6357409713574097 0.7721729490022173 0.0323785803237858 0.10975609756097561
0 0.8561250039160763 0.7258990126031669 0.08961272766746696 0.11192593773884489
0 0.9716687422166874 0.7688470066518847 0.05666251556662515 0.12971175166297116
0 0.9934620174346201 0.6818181818181818 0.013075965130759652 0.1352549889135255
0 0.6863403569529508 0.9383058405843963 0.04730970509218703 0.06991783703429563
0 0.6973848069738481 0.9728381374722838 0.047322540473225407 0.05432372505543237
0 0.8183519614935086 0.8030221252662918 0.053968339215002215 0.10676126965725359
0 0.8194764344185377 0.8749713053119296 0.06297798564621698 0.0729415905885781
0 0.8153337200227283 0.9201032673048506 0.05997904862949161 0.061726082702819866
0 0.7935865504358655 0.9905764966740577 0.05292652552926526 0.018847006651884702
0 0.9198589873595022 0.8492034163063833 0.05995358339740352 0.0882691048131557
0 0.9194715160726105 0.7933296242873533 0.05814904592895499 0.13020415784039405
0 0.8773907490706325 0.8171408843066694 0.049063312096459095 0.08106882822772894
0 0.964265198672797 0.8354667583765524 0.05830163179149487 0.07933540851994411
0 0.9915940224159402 0.8580931263858093 0.016811955168119553 0.0975609756097561
0 0.9822540473225405 0.9196230598669624 0.03549190535491906 0.09645232815964523
0 0.9582862180334236 0.9015178593638489 0.058809908783313915 0.09042188302105277
0 0.9747820672478207 0.9772727272727273 0.04794520547945205 0.045454545454545456
0 0.9806973848069739 0.9927937915742794 0.038605230386052306 0.014412416851441241