0 0.2078820697954272 0.06316916488222699 0.08844765342960288 0.12633832976445397
0 0.26964826389060476 0.07971346188756742 0.07089418281176658 0.15859926143053082
0 0.1364851641765872 0.12566408370603419 0.09185863443336936 0.13165522746362124
0 0.3778580024067389 0.025160599571734475 0.098676293622142 0.05032119914346895
0 0.5018050541516246 0.028907922912205567 0.036101083032490974 0.057815845824411134
0 0.46329723225030084 0.046038543897216275 0.052948255114320095 0.09207708779443255
0 0.4287003610108303 0.03961456102783726 0.05354993983152828 0.07922912205567452
0 0.39550713501529433 0.05878543819394389 0.06046251366072209 0.09554687144358048
0 0.3435619735258724 0.05513918629550321 0.07340553549939831 0.11027837259100642
0 0.30871556393785277 0.18831379330409762 0.0828963726623689 0.15008550938091722
0 0.39992155583451877 0.18129000161392714 0.06352694523531635 0.1129580479922048
0 0.4029402803385445 0.2704637090936452 0.04426253278680063 0.10795050095038768
0 0.44929800755785115 0.2662189542807911 0.06594418560200269 0.11639448387778552
0 0.3234863931735033 0.27269301651831185 0.056341733621663496 0.12299135275516379
0 0.27374238902529113 0.3001837640655808 0.08717817566851767 0.1718915634012397
0 0.194921691071019 0.2928332082989015 0.06586717461774214 0.0928398800233958
0 0.18039744645506192 0.22507732972027783 0.06777724374790378 0.12512812770845874
0 0.11601018071521721 0.22121476828207068 0.04740047484637064 0.14784561754183856
0 0.077848707663197 0.20373308307385535 0.053497833501997556 0.1730319963350189
0 0.06287855054819502 0.0882765537679479 0.09256533412911463 0.16383125292323916
0 0.03580024067388688 0.03158458244111349 0.07160048134777376 0.06316916488222699
0 0.015042117930204572 0.07922912205567452 0.030084235860409144 0.14132762312633834
0 0.02677496991576414 0.3929336188436831 0.05354993983152828 0.05353319057815846
0 0.028580024067388687 0.30406852248394006 0.057160048134777375 0.08779443254817987
0 0.17304751079516573 0.356123700746236 0.07910423839632216 0.09407432450329595
0 0.6160541375361432 0.22242417307790022 0.05085656118109864 0.10107307650939558
0 0.576898923847043 0.3248007236520371 0.0766939990282049 0.0927792162408418
0 0.7202854130046727 0.2814099864672017 0.06160987510658565 0.07852847268401526
0 0.6752798264393768 0.24026375151406676 0.05985032744566031 0.09227876889616811
0 0.7048736462093863 0.03640256959314775 0.0740072202166065 0.0728051391862955
0 0.6746750423826217 0.05706801751131928 0.07734119023611256 0.10675395690388574
0 0.6858742688071534 0.12933327212200213 0.07008246813748395 0.09430332162401807
0 0.7698355406023292 0.12913079376010086 0.0671510555357036 0.11757736991479394
0 0.8320891064175375 0.04925713344548985 0.04660276216922641 0.08783233298157844
0 0.8199118916027067 0.09203212746512487 0.06585667311988826 0.08962788858870605
0 0.8188448410605196 0.14226915993950978 0.06403761697112559 0.08517690000428527
0 0.8678296380237179 0.1629021727998608 0.04430803927750011 0.12186913050070876
0 0.9075095254457658 0.08413633719283634 0.05576455239944732 0.1304298883233831
0 0.8827511893084737 0.10913770876606473 0.04614459792268573 0.13167343814294552
0 0.9664868794796637 0.08588790289919403 0.044266033286085436 0.10902116476195085
0 0.9515643802647413 0.028907922912205567 0.04993983152827918 0.057815845824411134
0 0.7810030619534306 0.30313716602564617 0.04549740671477807 0.11769869747990146
0 0.793818516148089 0.3412814564481146 0.032204334947644964 0.0993336320149906
0 0.8197954271961492 0.39828693790149894 0.052346570397111915 0.042826552462526764
0 0.6897690660624882 0.318726268208322 0.06701453606360543 0.07582148126383034
0 0.6802045728038508 0.3784796573875803 0.05595667870036101 0.08244111349036402
0 0.6010830324909747 0.4031049250535332 0.061371841155234655 0.033190578158458245
0 0.888010178385446 0.3414975350967183 0.0700894691360533 0.09644464924714441
0 0.0699571975135371 0.5197851412565571 0.0799719610591576 0.17550088529481955
0 0.2882069795427196 0.4421841541755889 0.08904933814681107 0.044967880085653104
0 0.3622141997593261 0.44914346895074947 0.08062575210589651 0.058886509635974305
0 0.24037304452466907 0.47698072805139186 0.10649819494584838 0.1145610278372591
0 0.26615367206374635 0.5236234025480682 0.0774287027182267 0.13352055219296496
0 0.3428649730085051 0.5318482332317809 0.07870558263761909 0.156116714461237
0 0.24235192016130847 0.6242187950619454 0.053357813530614584 0.1302054438724921
0 0.32409702971879173 0.6575458378697544 0.04428003528322357 0.11330382000820353
0 0.35173952171752254 0.6708335871706321 0.04308366684737627 0.11533292540588413
0 0.36335860747633353 0.7067243277445288 0.0412051022107757 0.09268065202488947
0 0.3792454942441549 0.7258772251224738 0.03694080170104988 0.07622791706238284
0 0.4068564817493245 0.74880094872742 0.05257410285060903 0.07447481455848445
0 0.4111380841756044 0.8198855936360098 0.056831402361765516 0.08878622189786499
0 0.35660860628400326 0.8383621417889914 0.04127861269575172 0.11516459206771626
0 0.3895227402669402 0.8960521073784637 0.039984230279936396 0.08721511074162813
0 0.3390039772668024 0.8843794591345929 0.05926614522487506 0.09757597684126133
0 0.2996865921005766 0.7602264468940353 0.04550790821263194 0.1209106889145912
0 0.26558113985085025 0.7907820790894402 0.04133812118358961 0.13336587686428988
0 0.23432328879994366 0.7787636588295707 0.05034938994457367 0.12992488830887852
0 0.18742338535126646 0.7647510177331283 0.046046583942717705 0.10169485141917678
0 0.1859228746373996 0.6714349327889644 0.07318540520420835 0.12349180009983723
0 0.12987168245635508 0.6951245222179548 0.06962430389094328 0.13814442678538513
0 0.15008567814115578 0.7714434349541683 0.04847432580725791 0.10834327873944678
0 0.08270769189156188 0.6698418555437379 0.060112864892003036 0.1725785547634058
0 0.03663155428479421 0.6800033168765508 0.06494734562537598 0.17945142653456678
0 0.011732851985559567 0.6734475374732334 0.023465703971119134 0.14775160599571735
0 0.49578820697954273 0.43683083511777304 0.04693140794223827 0.034261241970021415
0 0.4732250300842359 0.4721627408993576 0.03910950661853189 0.10492505353319058
0 0.44924610180818947 0.4855419945202786 0.0442940372803617 0.1175864752544562
0 0.40616263554068194 0.5008019985687395 0.051577262873982045 0.13753175721526606
0 0.13970981639879573 0.9075625694743288 0.0562262171452728 0.0876594469735792
0 0.10283552418415266 0.9566023183648368 0.06160287410801631 0.07638714506088892
0 0.1690734055354994 0.9721627408993576 0.05535499398315283 0.055674518201284794
0 0.09566787003610108 0.9817987152034261 0.04332129963898917 0.03640256959314775
0 0.030385078219013237 0.9887580299785867 0.04271961492178099 0.022483940042826552
0 0.012033694344163659 0.8950749464668094 0.024067388688327317 0.08565310492505353
0 0.38477737665463296 0.9855460385438972 0.03910950661853189 0.028907922912205567
0 0.2217208182912154 0.9817987152034261 0.052346570397111915 0.03640256959314775
0 0.19580126432161277 0.8715603462123618 0.05999384791632754 0.13617598517025803
0 0.5544524669073405 0.5208779443254818 0.06919374247894103 0.15096359743040685
0 0.6104091456077015 0.458779443254818 0.05836341756919374 0.07815845824411134
0 0.6392962107127877 0.515140040112522 0.08456140684261061 0.10742729025655856
0 0.6672683513838749 0.46359743040685225 0.08543922984356198 0.08779443254817987
0 0.7524067388688327 0.4684154175588865 0.08724428399518652 0.0974304068522484
0 0.8501805054151624 0.4421841541755889 0.06257521058965103 0.044967880085653104
0 0.9638989169675091 0.4593147751605996 0.06738868832731648 0.07922912205567452
0 0.9852587244283996 0.49678800856531047 0.029482551143200964 0.13704496788008566
0 0.9572130732723364 0.5672787032293177 0.05749609606609612 0.10811428161872466
0 0.9147767982127367 0.5686761888401802 0.07265022997340685 0.14377830140681472
0 0.7845031051090847 0.6513099358154085 0.049782710220211364 0.14057541531178736
0 0.7348378621947754 0.6547107476025061 0.08109481901002888 0.15098783985431227
0 0.8480751556753625 0.7204268786462461 0.08341054489746266 0.12337502520456062
0 0.8930247342521055 0.7787037345843918 0.07976543160136795 0.11233172041259246
0 0.92738922344889 0.6689189803333125 0.06647235983423486 0.0939666549476816
0 0.940760855870057 0.7210380114188246 0.053186289065670814 0.07774291710589683
0 0.9478340515066033 0.7666792248571508 0.044178520803971014 0.08225456947287162
0 0.973826714801444 0.7880085653104925 0.052346570397111915 0.0835117773019272
0 0.9792418772563177 0.8602783725910065 0.04151624548736462 0.07387580299785867
0 0.9563692523648861 0.9174138251668356 0.05624722014098028 0.09408342984295821
0 0.9143545868892082 0.8819014648351301 0.059269645724159326 0.0986466406528245
0 0.805946523393067 0.8118162355411377 0.05283664029695149 0.15477460042572214
0 0.7773297440831903 0.8203929277082206 0.03760199490609567 0.09448531297167934
0 0.7825628805752664 0.8765724459240102 0.07436077064434791 0.11503871183277738
0 0.6965902257505454 0.8476706124791762 0.07369957743930211 0.09678131592348087
0 0.7040537270573212 0.7739328109282089 0.07917074788272897 0.11441693692299616
0 0.7370048168626151 0.7282756631454741 0.0682669124880058 0.0909229968511602
0 0.6660672789695296 0.7029179351418351 0.0534033200213142 0.14412407342281333
0 0.620291983721366 0.7131074520310094 0.050482408917387575 0.1706101131482787
0 0.5811667248560535 0.7142782168560654 0.058237800754687 0.1509969451939743
0 0.552647412755716 0.7553533190578159 0.06558363417569193 0.1145610278372591
0 0.5451263537906137 0.6852248394004282 0.05054151624548736 0.1006423982869379
0 0.733754512635379 0.9775160599571735 0.05475330926594465 0.044967880085653104
0 0.677797833935018 0.9775160599571735 0.04993983152827918 0.044967880085653104
0 0.6383874849578821 0.9876873661670236 0.04693140794223827 0.02462526766595289
0 0.5703971119133574 0.9892933618843683 0.0421179302045728 0.021413276231263382