0 0.03136762860727729 0.46261160714285715 0.06273525721455459 0.15290178571428573
0 0.07038281775722004 0.30712459299095524 0.07176955004827874 0.12267863520324099
0 0.10061556268753565 0.2617134998203773 0.09044846515099127 0.14444894422435514
0 0.1438182103653322 0.22564008116262574 0.06408794323185049 0.11574843344080955
0 0.1818843508790264 0.2904834618439625 0.05364129954237092 0.09757959299566275
0 0.18684298687419595 0.22474239360412454 0.06367894069669966 0.0978912905836667
0 0.2636095448584395 0.36785123375853057 0.057135939621355776 0.11330199849191404
0 0.30856750440063374 0.3647798466406371 0.060707267675681485 0.1323726182738795
0 0.34296592317072855 0.4390026884189547 0.07424168378938623 0.09375818355663514
0 0.32340025094102887 0.49330357142857145 0.06461731493099122 0.09151785714285714
0 0.36166875784190716 0.5072544642857143 0.06963613550815559 0.06361607142857142
0 0.4015056461731493 0.47823660714285715 0.056461731493099125 0.11495535714285714
0 0.37307192224900526 0.4265351834904841 0.061796882980263305 0.09783284728591594
0 0.33909049783896666 0.3752210276467562 0.054538127468405175 0.08199355519416329
0 0.37161537046106535 0.3393744660160363 0.04667544716245692 0.12189939123323132
0 0.40027601189689455 0.36260176570260116 0.04901976761132983 0.08739858244376819
0 0.40934755332496864 0.40122767857142855 0.04077791718946048 0.10602678571428571
0 0.2569733244612839 0.09568847836675769 0.0670202048250028 0.10691726750848929
0 0.22351434736567638 0.14490841604108443 0.05526773067433815 0.08647732200769921
0 0.3798039606856494 0.2011374576671811 0.05371798751771178 0.10092780728137704
0 0.347756786749137 0.17501283336331136 0.06967127717523884 0.08580931586188331
0 0.3528885044089212 0.11541989853024136 0.06517755853643231 0.08120866245284601
0 0.3021762641391154 0.13674087487593622 0.042067764000834826 0.08495214749487268
0 0.29300561849159096 0.04375628651800329 0.05709866307388107 0.08430362244830711
0 0.7346975465989238 0.24775442340659928 0.08453281664779293 0.15987913323185282
0 0.807224397391974 0.1785272161933053 0.09199820830761792 0.12999845895067733
0 0.6417476350311306 0.0985587175288299 0.07392108311860388 0.10713155960024194
0 0.44887076537013804 0.08984375 0.038268506900878296 0.09040178571428571
0 0.5203884668043197 0.13443888218706895 0.07379326982636925 0.1015512024573848
0 0.5908229016688441 0.08804243651136368 0.06594443828984027 0.11469080530998887
0 0.910915442964922 0.14656586647034509 0.05952925050673096 0.13568187036109336
0 0.8924090338770388 0.06696428571428571 0.06838143036386449 0.13392857142857142
0 0.6182559598494354 0.03571428571428571 0.06587202007528231 0.07142857142857142
0 0.564930991217064 0.028459821428571428 0.07590966122961104 0.056919642857142856
0 0.5474205422277902 0.09172056209166835 0.07133498485468091 0.1037054209175267
0 0.9796110414052698 0.12834821428571427 0.04077791718946048 0.08705357142857142
0 0.02038895859473024 0.8978794642857143 0.04077791718946048 0.13058035714285715
0 0.05162507979877529 0.8895800457958166 0.06895338785833344 0.1092078536633829
0 0.1088456712672522 0.5758928571428571 0.04956085319949812 0.07366071428571429
0 0.1687434733941972 0.6140006026706274 0.061092842432776906 0.0944651519009514
0 0.13864491844416563 0.5792410714285714 0.04893350062735257 0.08035714285714286
0 0.14420802693008544 0.6573548828773148 0.07279419126654757 0.11267295454459868
0 0.1347546048559137 0.7000606380374366 0.06979909046747355 0.09138967300474052
0 0.39993726474278546 0.7036830357142857 0.05959849435382685 0.11049107142857142
0 0.41499372647427857 0.7103794642857143 0.029485570890840654 0.10379464285714286
0 0.20451693851944794 0.9849330357142857 0.08406524466750313 0.030133928571428572
0 0.2305520702634881 0.9626116071428571 0.06838143036386449 0.07477678571428571
0 0.21394269100790625 0.7237400947850744 0.060567740494418786 0.09890995651598684
0 0.32515345587816 0.8020234783644039 0.061399594334139745 0.10785800904380848
0 0.37746177511716794 0.8343615955367637 0.07447174771540878 0.103802826413778
0 0.15036972300911677 0.7446617085961394 0.05053009934009033 0.09859825892798302
0 0.2881577446986499 0.6082154043853164 0.06310484832183955 0.04545541454005976
0 0.2998745294855709 0.9525669642857143 0.07277289836888332 0.09486607142857142
0 0.4789836888331242 0.9313616071428571 0.09849435382685069 0.13727678571428573
0 0.4498117942283563 0.9174107142857143 0.04015056461731493 0.16517857142857142
0 0.4538895859473024 0.8364955357142857 0.04830614805520703 0.13727678571428573
0 0.7067126725219574 0.9776785714285714 0.10853199498117942 0.044642857142857144
0 0.6543564582397675 0.8713791593161408 0.10088339495144327 0.13473548005446645
0 0.6580928481806776 0.9397321428571429 0.07779171894604768 0.12053571428571429
0 0.5477315359368113 0.6888112810127586 0.06854225044279116 0.1459992486077395
0 0.5574027603513174 0.5909598214285714 0.06838143036386449 0.10379464285714286
0 0.46455457967377667 0.6947544642857143 0.06963613550815559 0.12611607142857142
0 0.7227101631116688 0.5731026785714286 0.05771643663739021 0.06808035714285714
0 0.6988622538016973 0.6002460777989771 0.05828839413185916 0.10887667497612874
0 0.8073825348938489 0.631537574782805 0.07728790990535381 0.11727360795363603
0 0.8459668529611915 0.6874621245851955 0.06335834002591724 0.11126466662727356
0 0.9401964846350622 0.6574407012306244 0.06771253148346135 0.0824026582784184
0 0.7244122427319061 0.8003999205629887 0.06316555264736967 0.1302183998137376
0 0.6496587580769209 0.733858859861227 0.09111522915100295 0.11881826356571283
0 0.6576007809821366 0.6749116256890689 0.08636588392772701 0.10305689587096113
0 0.8312421580928482 0.9698660714285714 0.09410288582183186 0.060267857142857144
0 0.9058971141781681 0.9430803571428571 0.09284818067754078 0.11383928571428571
0 0.9124843161856964 0.9765625 0.07841907151819323 0.046875
0 0.9137587549970455 0.8386687650643837 0.05996595058072038 0.10000654684530806
0 0.8601339588480204 0.8638083264634525 0.07278034249712827 0.13943918773106262
0 0.7618259877585432 0.7155631026706274 0.10248426342496364 0.12251713763793148
0 0.8193837112442733 0.5872356368768271 0.07480619715561021 0.06366321718370697
0 0.9016941917440391 0.7349840926387711 0.06474085846244289 0.11688398596863118
0 0.9771016311166876 0.7566964285714286 0.045796737766624844 0.08705357142857142
0 0.5965856939648962 0.7897293477445106 0.082636910161937 0.18658692312056605
0 0.6433500627352572 0.5686383928571429 0.07465495608531995 0.05915178571428571