0 0.034448500224376594 0.18392158506424885 0.05248932405995192 0.0817729481969828
0 0.05732961421224321 0.41560307003692604 0.06207636118340898 0.10798615252562284
0 0.12067234716865945 0.4397381472035449 0.05819229139370664 0.1304148140915231
0 0.13408705634332171 0.3144380750149914 0.06011136402525346 0.11866169020512446
0 0.09006270793324692 0.08349513094485239 0.06423409820814689 0.08763742008141774
0 0.17757575757575758 0.27209051724137934 0.044848484848484846 0.08081896551724138
0 0.17393939393939395 0.3415948275862069 0.052121212121212124 0.09051724137931035
0 0.7764803683329177 0.43587881163862635 0.06606203751234689 0.144724407949569
0 0.6875637577253605 0.4149881326615429 0.06206731942326135 0.12196969211791203
0 0.6398905566275062 0.3113629376481568 0.08012944754554872 0.09152228723362078
0 0.7200272566185267 0.2114134748686311 0.079780850578845 0.12592980256221276
0 0.8691696847049238 0.3181621674839091 0.07873362822699274 0.08716178021130287
0 0.8765011834186109 0.22757013330241962 0.04766868021778051 0.1106169648095308
0 0.9733333333333334 0.4105603448275862 0.05333333333333334 0.0668103448275862
0 0.9857575757575757 0.33728448275862066 0.028484848484848484 0.10991379310344827
0 0.9244728939394218 0.3381996386606333 0.05611664593616793 0.09590697437346749
0 0.9468738162374247 0.3030912040755519 0.06064365909839222 0.08856451970411892
0 0.9479064023602497 0.2563416095623814 0.05854993012055798 0.08202375917064182
0 0.9483788524036227 0.21064452015874155 0.04364612112238154 0.05881758358639852
0 0.9109224270244609 0.20479168784315246 0.03821941667414952 0.08763651910158055
0 0.9648739521523354 0.0440580277835979 0.0351431891172378 0.0864335274078545
0 0.6503845374824428 0.1246279111178168 0.033628395465021554 0.1218684667486112
0 0.6286220376768878 0.18181432239559453 0.04320567510246044 0.0910699265011974
0 0.8884003832151864 0.06670971628627978 0.040423078225496394 0.06836537286427212
0 0.5521285959047675 0.054944879661997716 0.05180045616082156 0.06560915509353453
0 0.5250100677555694 0.32005481618615955 0.09305921762542202 0.13938754008965515
0 0.48739362225914723 0.3814257163147754 0.05577709072961184 0.11633095010977001
0 0.44700362164590857 0.4061085232141767 0.05125007756738782 0.12367340477911881
0 0.37573237112989233 0.45855685953939207 0.06039595294505323 0.11114366785421456
0 0.3842727702892839 0.0485362087950913 0.04829282434413644 0.08267496672231814
0 0.4010546061354075 0.08741754657406643 0.04350834754255561 0.055584824965708865
0 0.4569315140895788 0.08542720325282606 0.04461957794131181 0.06746335433893678
0 0.5113896404618898 0.07853755980581949 0.060230338358913726 0.07886624384204996
0 0.47671997497683066 0.0528998692468395 0.052167852373691086 0.07422984474870706
0 0.5842424242424242 0.022629310344827586 0.04606060606060606 0.04525862068965517
0 0.5472727272727272 0.02101293103448276 0.04 0.04202586206896552
0 0.5084848484848485 0.018857758620689655 0.04 0.03771551724137931
0 0.45515151515151514 0.018318965517241378 0.055757575757575756 0.036637931034482756
0 0.3324242424242424 0.020474137931034482 0.05515151515151515 0.040948275862068964
0 0.3263205747405092 0.05151635448244757 0.06079951619851341 0.06383019914022994
0 0.25363636363636366 0.028017241379310345 0.05272727272727273 0.05603448275862069
0 0.20939393939393938 0.028017241379310345 0.018787878787878787 0.05603448275862069
0 0.20727272727272728 0.07974137931034483 0.014545454545454545 0.06896551724137931
0 0.3970428781148323 0.19912283617950227 0.05888044356696658 0.07558332302662836
0 0.3642937167130608 0.3037225900708097 0.04604323826618108 0.10086852675272989
0 0.4078152690329027 0.30283446356391314 0.0652715630739811 0.06939369785627404
0 0.4726359128750742 0.2764734755905895 0.056410276616115466 0.07440541243026827
0 0.4753948317628637 0.22764395195572362 0.07524407993060281 0.07626051265550772
0 0.2739393939393939 0.49407327586206895 0.0496969696969697 0.07004310344827586
0 0.22517841390710663 0.15543711678520122 0.04414224915492958 0.08465457145454991
0 0.2633790313350905 0.2000454309030174 0.058127567620932206 0.08630902290086218
0 0.2775258013700939 0.2764667182418105 0.04918347386999685 0.07518202546877398
0 0.29427111231269165 0.33578457230577125 0.04852244697717989 0.0880628977568009
0 0.27358783888244076 0.41829425944561793 0.06545526118041584 0.07370404268386024
0 0.2507314764725544 0.36463977799724623 0.029568953603161665 0.055007959726293035
0 0.2443765240061305 0.3148952447984435 0.052452441293491 0.06671182239779717
0 0.21666666666666667 0.32435344827586204 0.03333333333333333 0.04741379310344827
0 0.21 0.29364224137931033 0.02 0.061422413793103446
0 0.20939393939393938 0.24622844827586207 0.018787878787878787 0.07004310344827586
0 0.08180475051604404 0.7724897086877165 0.070230696221849 0.1147777240327586
0 0.039376345074662936 0.8132234437524194 0.05400483343803871 0.11733329302456913
0 0.01575757575757576 0.8001077586206896 0.03151515151515152 0.13254310344827586
0 0.18636363636363637 0.7952586206896551 0.02727272727272727 0.09482758620689655
0 0.017575757575757574 0.5533405172413793 0.03515151515151515 0.04849137931034483
0 0.01787878787878788 0.5872844827586207 0.03575757575757576 0.06465517241379311
0 0.15465099757697703 0.73570399400855 0.06590546468635501 0.09846344434511496
0 0.11055538867452648 0.7231222929292396 0.03756743154148022 0.08653385179731803
0 0.9506060606060606 0.9859913793103449 0.08424242424242424 0.028017241379310345
0 0.9681818181818181 0.9649784482758621 0.06363636363636363 0.07004310344827586
0 0.7439393939393939 0.9568965517241379 0.09393939393939393 0.08620689655172414
0 0.5515151515151515 0.9741379310344828 0.08363636363636363 0.05172413793103448
0 0.6721212121212121 0.9445043103448276 0.06909090909090909 0.11099137931034483
0 0.8290843723713078 0.8025098339369501 0.07584109877651579 0.0902691333451629
0 0.8403785851506282 0.7481172620759587 0.07495949101080304 0.08377853500641773
0 0.854491919710439 0.695992727566907 0.0660063554997203 0.08663507716661886
0 0.9344794306590231 0.8267716680601542 0.048283782583988744 0.09665850631460735
0 0.9205483627539064 0.7412159790601065 0.05412380777169925 0.07753784666149434
0 0.8687377912441314 0.5830974373063469 0.05328812453259492 0.07212483452964566
0 0.8958014844446569 0.7993545710579513 0.06666738239253722 0.07375420487859195
0 0.8966152790092623 0.910721716338866 0.08577744859254711 0.15307010651355385
0 0.6031751025307492 0.7754120338517247 0.06395855104849474 0.08117190284003843
0 0.6153961318765209 0.6575923623680322 0.07662181572886352 0.10858809886240434
0 0.5117646469831663 0.68180936700649 0.05719099356846307 0.09272437794750965
0 0.5894506949953717 0.6947054827827113 0.07328812453259492 0.07295251074272038
0 0.41454545454545455 0.9800646551724138 0.07636363636363637 0.03987068965517242
0 0.2390909090909091 0.9757543103448276 0.04181818181818182 0.04849137931034483
0 0.26121212121212123 0.9719827586206896 0.04727272727272727 0.05603448275862069
0 0.5039666505579207 0.9530972891321604 0.08190170483712188 0.09051994431882192
0 0.5354156468485569 0.7683051466678406 0.07453712851117719 0.08806379873663808
0 0.4636336320709658 0.7093988782608242 0.06596043097311147 0.08555749095972232
0 0.7367154540967569 0.821276655287429 0.07025782150229203 0.07282710525589088
0 0.7347260632235562 0.6894228315267968 0.0584580810673406 0.07986858675684871
0 0.7175900359418494 0.5854478526200438 0.04413320739478188 0.09863811104683914
0 0.7764241971192721 0.6244559473556043 0.0465574498190243 0.09873843543630274
0 0.8037334492955253 0.6051480804520842 0.04144245957103494 0.07808872982370695
0 0.47606620052948545 0.6249342169961929 0.059871983906191965 0.05626201459458823
0 0.3031723709653514 0.9474768708726056 0.07350870540549082 0.09232398136949235
0 0.6604199887971631 0.7487375321613273 0.06753994839810207 0.0942283428096265
0 0.646931871952514 0.8794129948356807 0.07200295351342213 0.11377538111795997
0 0.6143604563253627 0.8533242950140332 0.05972588429208868 0.1380080797345307
0 0.5956591899847571 0.7906984390372851 0.08096513078465278 0.09693529936546952
0 0.6986442842143218 0.8648799235509347 0.06295796894912173 0.11447675086436787