0 0.25081521739130436 0.04932301740812379 0.08423913043478261 0.09864603481624758
0 0.16358695652173913 0.022243713733075435 0.06739130434782609 0.04448742746615087
0 0.11875 0.033365570599613155 0.050543478260869565 0.06673114119922631
0 0.15645874849374783 0.10313484889410472 0.0674455290609404 0.14706111828383095
0 0.3576086956521739 0.086073500967118 0.0641304347826087 0.1450676982591876
0 0.375 0.06866537717601548 0.029347826086956522 0.13733075435203096
0 0.3184782608695652 0.06382978723404255 0.058695652173913045 0.1276595744680851
0 0.34339868948593155 0.1495240717465734 0.07879621596931335 0.11709229745316971
0 0.2605668468229884 0.14607098649631162 0.06932705629865032 0.1242733458637436
0 0.207128606069943 0.18179889368224167 0.061202411286051576 0.15378271986766937
0 0.1558367494599312 0.2479669053351393 0.04919083174603182 0.09036415512543862
0 0.12422105893077715 0.2629868261791824 0.03982615508369862 0.10044655750119626
0 0.08203142183061188 0.2339724094307046 0.043930187484552435 0.0943536264646464
0 0.11805041279149914 0.19422456178499942 0.05137850923973244 0.10609187852058152
0 0.1300271646620756 0.13177311503116326 0.0571340396424159 0.08583062509921892
0 0.15543539817355898 0.18407661840828213 0.04649450366090501 0.07551893785841363
0 0.29852773838252417 0.23248381200117602 0.06939671163753684 0.12620758184053277
0 0.36168478260869563 0.21760154738878143 0.05597826086956522 0.09864603481624758
0 0.38206521739130433 0.24274661508704062 0.015217391304347827 0.0735009671179884
0 0.36722997935063356 0.31314894941202226 0.03664223962636633 0.07206168839664709
0 0.24266304347826087 0.38152804642166344 0.05923913043478261 0.035783365570599614
0 0.29483695652173914 0.3858800773694391 0.05597826086956522 0.027079303675048357
0 0.08423913043478261 0.3849129593810445 0.041304347826086954 0.029013539651837523
0 0.12092391304347826 0.37379110251450676 0.034239130434782605 0.05125725338491296
0 0.13994565217391305 0.38878143133462284 0.035326086956521736 0.02127659574468085
0 0.3323369565217391 0.3617021276595745 0.06141304347826087 0.07543520309477757
0 0.26997531609931347 0.3350219923901437 0.06449164283948851 0.11005679914400718
0 0.21603260869565216 0.359284332688588 0.06902173913043479 0.08027079303675048
0 0.5527173913043478 0.00918762088974855 0.05652173913043478 0.0183752417794971
0 0.5598978223345682 0.047072913236106496 0.05960763726066108 0.0794838584818395
0 0.5236413043478261 0.0362669245647969 0.05271739130434783 0.0725338491295938
0 0.4885312646540508 0.04039230193744582 0.04896810127915013 0.06917217124103443
0 0.5251889349061893 0.10296562517355183 0.05273032266679517 0.09860877019425442
0 0.48114613255653355 0.09539702789030788 0.05245170131124927 0.09087182628709774
0 0.657608695652174 0.014506769825918761 0.05217391304347826 0.029013539651837523
0 0.6959239130434782 0.014990328820116054 0.0625 0.029980657640232108
0 0.6377717391304348 0.02804642166344294 0.0483695652173913 0.05609284332688588
0 0.6659773333718514 0.05027260145385889 0.06973852265074566 0.0906780518507627
0 0.6780213408284773 0.08349941745348638 0.06385098033928785 0.07725939939886799
0 0.6488080259136199 0.27942498341534605 0.04430682616720439 0.05979121446327094
0 0.6816751127898939 0.32720131371935074 0.04747697717431438 0.0727868076137832
0 0.6127262618389573 0.31341242906082195 0.039450349488821555 0.05999682570917684
0 0.6359532835379639 0.3362429459593678 0.0534552380438796 0.07371753807682478
0 0.5016304347826087 0.36992263056092844 0.03695652173913044 0.05899419729206963
0 0.4703804347826087 0.3776595744680851 0.026630434782608695 0.043520309477756286
0 0.5049393619111805 0.2825893784810093 0.03671189496525284 0.07399592437343626
0 0.5316536330267855 0.29862595729333113 0.03280306413083612 0.07050228738631693
0 0.47657077649702145 0.3124909041174302 0.027897995332787733 0.05435150468979135
0 0.6493506710867146 0.20432822776167447 0.040181730547129625 0.08030630346546289
0 0.7915160121270471 0.22595225919048803 0.036447038059929174 0.08164825642031648
0 0.8142935069639032 0.23875495500130553 0.035381144757410936 0.06705687473412128
0 0.4195719816039918 0.3420412684065338 0.048828790601377146 0.0653036992874561
0 0.44809782608695653 0.3704061895551257 0.027717391304347826 0.058027079303675046
0 0.5628343942317864 0.33320108320091785 0.04174250999085188 0.07862590306950328
0 0.6060647954868621 0.2807901714410211 0.03873273288073579 0.05507662390692725
0 0.4772660802542239 0.18063032865944606 0.03208544752275035 0.06558208558406757
0 0.4469981372237459 0.15072156897327926 0.039164429364277 0.08207131572169916
0 0.5106377517935373 0.17687737623503172 0.05219414317492427 0.06871272441429897
0 0.5304293490362227 0.16754508234051219 0.033576571627586094 0.06196744921131879
0 0.7321229734764941 0.17942055607484914 0.04398607837321658 0.08089858648739867
0 0.7858593321392445 0.3230025054710525 0.053420410374436345 0.0727504200884302
0 0.836942222732597 0.26263720174852245 0.04193771155728897 0.06903933504583411
0 0.8681638607443775 0.21353842789730101 0.044438838075978745 0.09347112033652827
0 0.8969746742516881 0.1638532894289295 0.03754129335066696 0.052006046221190386
0 0.8823874138379304 0.12621394278871173 0.06726492503250048 0.09702481846814212
0 0.8254518086025635 0.199030780974742 0.046376256202353014 0.057228307939193195
0 0.8171599074678595 0.1666623589357707 0.05358078427143025 0.06219673407636644
0 0.8061089051342534 0.14337875216359497 0.03915066491405464 0.06668203976766227
0 0.7747548386698112 0.18865135999137628 0.042216332912835 0.07677627895299077
0 0.9888586956521739 0.2538684719535783 0.022282608695652174 0.0725338491295938
0 0.9302224657390006 0.29860382059084667 0.041136675160094394 0.04679562131275867
0 0.7642668111512336 0.35232994184821415 0.030992025319787453 0.02021215198979878
0 0.7313195373264628 0.2992767685381774 0.033799302094467853 0.08315943309572298
0 0.35597826086956524 0.6445841392649904 0.06739130434782609 0.13829787234042554
0 0.3138763085078713 0.8264788257921357 0.048612525815719 0.08931242527676736
0 0.35896739130434785 0.7354932301740812 0.06141304347826087 0.09961315280464217
0 0.37771739130434784 0.8713733075435203 0.02391304347826087 0.1102514506769826
0 0.3467391304347826 0.9748549323017408 0.05652173913043478 0.05029013539651837
0 0.2798913043478261 0.9874274661508704 0.051086956521739134 0.025145067698259187
0 0.2793355102893724 0.9602427295580215 0.04967195343701366 0.0587030970892469
0 0.2388586956521739 0.991779497098646 0.0375 0.01644100580270793
0 0.035054347826086955 0.43665377176015474 0.07010869565217391 0.07446808510638298
0 0.025543478260869567 0.48936170212765956 0.051086956521739134 0.13346228239845262
0 0.2432897240053276 0.7831323427947574 0.07094372663103679 0.10913790549053626
0 0.21845656358354515 0.7523774645058257 0.05405377410563836 0.13535925375324862
0 0.16087018078225462 0.8882866953508716 0.05551736931002957 0.10096606547242626
0 0.16622029397017904 0.79224587298884 0.059691057049769826 0.09680737041266557
0 0.1732919770427071 0.7459452089315293 0.069591913203974 0.11662101381686336
0 0.15109237159227626 0.6945847113753432 0.0638226183510683 0.12149299128418918
0 0.08180577555651783 0.6976780855835814 0.07907483732485932 0.12482924136032637
0 0.07469644851782219 0.8050522944628421 0.052709259447574285 0.11303092815989672
0 0.11415128047891801 0.8349733295068997 0.05048675428443047 0.09633608677635902
0 0.13946472950390718 0.8223771220386284 0.049399797762691336 0.09616686305580611
0 0.017391304347826087 0.6711798839458414 0.034782608695652174 0.11411992263056092
0 0.011141304347826087 0.8089941972920697 0.022282608695652174 0.09961315280464217
0 0.16524313601681884 0.9544437472908387 0.03986828152214047 0.07160224156991163
0 0.21331521739130435 0.9854932301740812 0.03967391304347826 0.029013539651837523
0 0.011956521739130435 0.9763056092843327 0.02391304347826087 0.047388781431334626
0 0.009510869565217392 0.9245647969052224 0.019021739130434784 0.07736943907156674
0 0.0326194262827602 0.8779601014622544 0.044181279939653734 0.07131201846372928
0 0.06286630609401735 0.893446703182779 0.05741266099796181 0.09356756900637558
0 0.9785085116567952 0.7741244707852457 0.04117796851076135 0.09296344917486915
0 0.9574719837482137 0.6754598036580016 0.04259943727671053 0.0874145768253312
0 0.8772712963037851 0.7490135978707386 0.04307326019869359 0.08556495270881848
0 0.8630688064294532 0.8507602409449703 0.06219948233745813 0.09142772178368051
0 0.8334569565249479 0.9226890931464173 0.04659898666923477 0.07842029182359737
0 0.9212878193846588 0.8998789627521487 0.04403467049288219 0.09725498042982994
0 0.8315182887669113 0.7739280650589898 0.04866841670438327 0.07585738529951985
0 0.7975371330123412 0.7946055822803091 0.057085447522750535 0.06947423115678765
0 0.8080693696887981 0.8473016758382432 0.06269436847866221 0.0751559397015257
0 0.800025744712471 0.8980812886337444 0.04023762143579377 0.06685126348821538
0 0.7774997588746038 0.9458262727205412 0.039777562964032946 0.08409016355876478
0 0.7861413043478261 0.9709864603481625 0.044021739130434785 0.058027079303675046
0 0.7467891712070863 0.8981950539696277 0.06681216532973819 0.08445228461901252
0 0.8305049540019576 0.5019259115488529 0.07911613067552634 0.17099706922243685
0 0.7334239130434783 0.4637330754352031 0.09402173913043478 0.1286266924564797
0 0.5436253863707122 0.5744781717177465 0.09961522946057444 0.15495457200532958
0 0.5089673913043479 0.43423597678916825 0.10271739130434783 0.06963249516441006
0 0.4614273239828586 0.5459223246993639 0.09617292277914212 0.17942274482137663
0 0.41141304347826085 0.7272727272727273 0.043478260869565216 0.14313346228239845
0 0.43367072204728113 0.7839357169190644 0.05324543893944525 0.14292697393985238
0 0.46462791969762546 0.7646906829176604 0.061202411286051576 0.15378271986766937
0 0.5119765343476648 0.7404894981369742 0.06402428559872904 0.1571071331342358
0 0.5815518668046922 0.699364187107703 0.08659281441892576 0.13850172939305078
0 0.6135583770106079 0.741023474207696 0.07784857012534724 0.12079154568619492
0 0.6839169154862208 0.640631936542849 0.0662678539810938 0.15937981655213107
0 0.7260259490940016 0.6268634383885975 0.05643665316577614 0.14150040912472212
0 0.7847151355866909 0.662926067352449 0.060241000991863095 0.1420926921466579
0 0.8278698323655439 0.6951561733397549 0.05611673845956316 0.08759563735545509
0 0.9260182337811154 0.5284087679904608 0.058004731378497106 0.11000857480908352
0 0.9568434195226854 0.5428436398623142 0.04714893061132779 0.12370561355758994
0 0.9788043478260869 0.5367504835589942 0.042391304347826085 0.09477756286266925
0 0.9769021739130435 0.46179883945841393 0.04619565217391304 0.12475822050290135
0 0.8875 0.9724371373307543 0.05 0.0551257253384913
0 0.9695634332033307 0.902460940135543 0.036830142423804835 0.0922865542926569
0 0.9572971118237105 0.9279321799170174 0.04694726336366705 0.08809147170754322
0 0.9918478260869565 0.8781431334622823 0.016304347826086956 0.08123791102514506
0 0.7209239130434782 0.9617988394584139 0.044021739130434785 0.07640232108317214
0 0.7103935415635472 0.9033804896139574 0.07180065391689551 0.11792657924636418
0 0.6144230196093527 0.7995523062682447 0.0890040554672831 0.10040929287920308
0 0.6755789214951762 0.849656339826494 0.03726913767634464 0.0894698121877496
0 0.6476813427062758 0.9415139164129829 0.05227756296403294 0.08603623634512482
0 0.7195652173913043 0.965183752417795 0.04021739130434782 0.06963249516441006
0 0.7396739130434783 0.9821083172147002 0.035869565217391305 0.035783365570599614
0 0.6622282608695652 0.9796905222437138 0.03967391304347826 0.04061895551257253
0 0.5910326086956522 0.9777562862669246 0.06467391304347826 0.04448742746615087
0 0.5909644020094039 0.9407269818580719 0.07129930209446773 0.08899765145480332
0 0.4875 0.973404255319149 0.057608695652173914 0.05319148936170213
0 0.48478260869565215 0.9898452611218569 0.06086956521739131 0.020309477756286266
0 0.5434782608695652 0.9705029013539652 0.05434782608695652 0.05899419729206963
0 0.4285326086956522 0.8684719535783365 0.07771739130434782 0.14313346228239845
0 0.42581521739130435 0.9482591876208898 0.06684782608695652 0.10348162475822051