0 0.11631742573426927 0.34059855369446135 0.07177129132418418 0.15389760449061204
0 0.2023598220739802 0.11769296709387607 0.06773365406486552 0.13248538459862322
0 0.2917222963951936 0.020190023752969122 0.08678237650200267 0.040380047505938245
0 0.6418558077436582 0.058788598574821854 0.07276368491321762 0.11757719714964371
0 0.4335429609720162 0.22846488362297226 0.07216668279795597 0.14559097483480604
0 0.3795060080106809 0.4014251781472684 0.03938584779706275 0.0997624703087886
0 0.3287716955941255 0.6282660332541568 0.062082777036048066 0.14251781472684086
0 0.27436582109479307 0.5314726840855107 0.08678237650200267 0.08432304038004751
0 0.03204272363150868 0.5546318289786223 0.06008010680907877 0.13064133016627077
0 0.010013351134846462 0.7404988123515439 0.020026702269692925 0.14133016627078385
0 0.007009345794392523 0.5475059382422803 0.014018691588785047 0.1163895486935867
0 0.8271028037383178 0.9714964370546318 0.06675567423230974 0.057007125890736345
0 0.8388395871000384 0.8042163564430931 0.08223866652726218 0.08633292369062195
0 0.7422059664210597 0.8206507596411663 0.0723222058085567 0.15034156865903378
0 0.6791834673741374 0.8296137952732682 0.0627497108474021 0.12293583019401917
0 0.8494193781909783 0.6746970341352498 0.07815556456802332 0.08391616955895247
0 0.9033781240348335 0.6877918641476098 0.04805687856902388 0.14296693460535878
0 0.9470704823861318 0.647566885296071 0.0377001846075956 0.11199134123558051
0 0.9589573165264262 0.7329255643271387 0.08180439430084024 0.09345190489037149
0 0.9739652870493992 0.7850356294536817 0.0520694259012016 0.07838479809976247
0 0.9742990654205608 0.8509501187648456 0.0514018691588785 0.08907363420427554
0 0.5684245660881175 0.9792161520190024 0.07409879839786382 0.04156769596199525
0 0.4596128170894526 0.9572446555819477 0.05807743658210948 0.0855106888361045
0 0.48798397863818427 0.9667458432304038 0.07343124165554073 0.0665083135391924
0 0.4986518527675092 0.9015299004508514 0.05977502180417803 0.0932238901828162
0 0.539139529533317 0.9082343094550458 0.05666393866119378 0.12049834745257175
0 0.5725236391312571 0.866928779964635 0.06848555625975868 0.11468447683095326
0 0.5972420560425677 0.7437929691283648 0.04468679805202832 0.12156162424996235
0 0.5212769815174948 0.8015670535808779 0.07955527166343011 0.1266715139770047
0 0.40517117649231543 0.8929995026936532 0.06691715825921132 0.1075447670214262
0 0.3808411214953271 0.7482185273159145 0.04205607476635514 0.12351543942992874
0 0.6393268241751837 0.6507521816652521 0.0639813499686374 0.07902047546628023
0 0.6795727636849133 0.5130641330166271 0.04806408544726302 0.047505938242280284
0 0.6455273698264352 0.5124703087885986 0.042723631508678236 0.04631828978622328
0 0.7675392684965344 0.536043125537291 0.0394761542659338 0.08470306489263965
0 0.7240314379875826 0.54005519078398 0.04391576694629433 0.0776255409124456
0 0.6877922621125194 0.5564581051484528 0.052717230801715094 0.061095196039943726
0 0.8024032042723631 0.5154394299287411 0.07209612817089453 0.052256532066508314
0 0.8164557499939512 0.5604689826383407 0.06795439361719575 0.05769117001340208
0 0.872147981304375 0.5308050134643522 0.06492765592678156 0.06715780997889524
0 0.9312416555407209 0.5243467933491687 0.05473965287049399 0.07007125890736342
0 0.5241308019326798 0.5818970011981833 0.05302827682291654 0.07059638368839978
0 0.4872336337707136 0.5674383295466554 0.048893126216487684 0.10735820953342631
0 0.4953271028037383 0.5100950118764845 0.04539385847797063 0.04156769596199525
0 0.5327102803738317 0.517814726840855 0.036048064085447265 0.057007125890736345
0 0.5573626804936541 0.5554336226401888 0.04862096094793639 0.09904467034102733
0 0.4315754339118825 0.5279097387173397 0.035380507343124167 0.07719714964370546
0 0.3968624833110814 0.5267220902612827 0.043391188251001335 0.07482185273159145
0 0.36882510013351133 0.5427553444180523 0.018024032042723633 0.10688836104513064
0 0.5710947930574098 0.5124703087885986 0.0514018691588785 0.04631828978622328