0 0.10978112175102599 0.020072992700729927 0.11285909712722299 0.040145985401459854
0 0.1716826265389877 0.06204379562043796 0.09986320109439124 0.12408759124087591
0 0.0728454172366621 0.06569343065693431 0.09644322845417237 0.13138686131386862
0 0.3967168262653899 0.07481751824817519 0.06292749658002736 0.14963503649635038
0 0.3454172366621067 0.12337592959971426 0.09097127222982217 0.16231062617526337
0 0.25786593707250344 0.07785888077858881 0.07387140902872777 0.15571776155717762
0 0.20861833105335156 0.19557863578842216 0.07797537619699042 0.12730552803204712
0 0.2657318741450068 0.24168856799843214 0.07181942544459645 0.14510756951856812
0 0.277359781121751 0.3435045009894237 0.08618331053351573 0.11938455787483672
0 0.356703146374829 0.33343958346809965 0.09849521203830369 0.11419410020593096
0 0.37859097127222985 0.2766316760253516 0.09028727770177838 0.16469414578893213
0 0.43673050615595077 0.25103980813359367 0.06839945280437756 0.16675752768423494
0 0.45896032831737343 0.12126398516624971 0.1012311901504788 0.1727865424325216
0 0.48666210670314636 0.2941961610073186 0.06976744186046512 0.14860849332307774
0 0.5109439124487004 0.1897810218978102 0.036935704514363885 0.18248175182481752
0 0.5085499316005472 0.3242092457420925 0.041723666210670314 0.11070559610705596
0 0.5143638850889193 0.36313868613138683 0.030095759233926128 0.08880778588807786
0 0.09404924760601915 0.24141184504384947 0.0786593707250342 0.1407370935765295
0 0.022913816689466484 0.10644768856447688 0.04582763337893297 0.19586374695863748
0 0.022913816689466484 0.22019464720194648 0.04582763337893297 0.11678832116788321
0 0.02222982216142271 0.2542579075425791 0.04445964432284542 0.13381995133819952
0 0.035909712722298225 0.29987834549878345 0.07181942544459645 0.08880778588807786
0 0.019493844049247606 0.45924574209245744 0.03898768809849521 0.08150851581508516
0 0.10430916552667578 0.4653284671532847 0.07181942544459645 0.06934306569343066
0 0.06497948016415869 0.4363853945615046 0.04445964432284542 0.08838022754463101
0 0.21751025991792067 0.46958637469586373 0.057455540355677154 0.06082725060827251
0 0.35225718194254446 0.4158424366260452 0.11354309165526676 0.11893428427699795
0 0.5157318741450069 0.4373479318734793 0.027359781121751026 0.09854014598540146
0 0.5437756497948016 0.14233576642335766 0.028727770177838577 0.11678832116788321
0 0.54890560875513 0.33880778588807786 0.03898768809849521 0.10340632603406326
0 0.6238030095759234 0.31850540807467415 0.07455540355677155 0.16720366138019552
0 0.6877564979480164 0.3067168838073656 0.06497948016415869 0.13731259533895254
0 0.5471956224350205 0.4610705596107056 0.03556771545827633 0.07785888077858881
0 0.7876196990424077 0.12538968687841662 0.07660738714090287 0.10287548696741354
0 0.7995896032831737 0.053264468335079876 0.08618331053351573 0.1060025627410167
0 0.8563611491108071 0.06163671996262985 0.07660738714090287 0.10044239694308271
0 0.9011627906976745 0.05048661800486618 0.05677154582763338 0.10097323600973236
0 0.9353625170998632 0.05474452554744526 0.04582763337893297 0.10948905109489052
0 0.9001367989056087 0.13841019948102676 0.060191518467852256 0.15278068762246735
0 0.8724350205198358 0.1528259555134372 0.07523939808481532 0.09182744103659991
0 0.8669630642954856 0.2254220929580658 0.06155950752393981 0.10543457296933939
0 0.8252393980848153 0.2205734803894173 0.058823529411764705 0.13321682660649545
0 0.7941176470588235 0.2639384646604871 0.0704514363885089 0.1304098885512583
0 0.7777017783857729 0.3910942735880468 0.046511627906976744 0.1323245592145741
0 0.8512311901504788 0.3289048445590616 0.08207934336525308 0.1446345806663373
0 0.963406292749658 0.2299784308371192 0.06908344733242135 0.12179493264477556
0 0.9890560875512996 0.05961070559610705 0.02188782489740082 0.1192214111922141
0 0.9883720930232558 0.3746958637469586 0.023255813953488372 0.1386861313868613
0 0.7411080711354309 0.4708029197080292 0.06634746922024624 0.058394160583941604
0 0.28830369357045144 0.9695863746958637 0.06497948016415869 0.06082725060827251
0 0.43980848153214774 0.9872262773722628 0.060191518467852256 0.025547445255474453
0 0.7021203830369357 0.5954987834549879 0.08960328317373462 0.19099756690997566
0 0.7626538987688098 0.728496520497567 0.1012311901504788 0.15575491226220528
0 0.8334473324213406 0.7354518755193632 0.08139534883720931 0.1810813606206385
0 0.6877564979480164 0.8234335240336947 0.10533515731874145 0.15118615467751736
0 0.9442544459644323 0.5863746958637469 0.11149110807113544 0.17274939172749393
0 0.9870041039671683 0.601581508515815 0.025991792065663474 0.18126520681265207
0 0.9688782489740082 0.677007299270073 0.06224350205198358 0.10827250608272507
0 0.9138166894664843 0.6792326031517455 0.08413132694938441 0.14356674688615872
0 0.8857729138166894 0.8481247905238368 0.09507523939808482 0.17112386372439525
0 0.9753761969904241 0.8150851581508516 0.049247606019151846 0.12895377128953772
0 0.9863201094391245 0.9154501216545012 0.027359781121751026 0.12287104622871046
0 0.908686730506156 0.9343065693430657 0.06497948016415869 0.13138686131386862
0 0.8553351573187414 0.9428223844282239 0.10054719562243503 0.11435523114355231
0 0.7667578659370725 0.9714111922141119 0.07523939808481532 0.057177615571776155
0 0.7452120383036935 0.9243127669964813 0.07729138166894665 0.1418544977673701
0 0.6723666210670315 0.9263990267639902 0.05471956224350205 0.14720194647201945
0 0.6282489740082079 0.9142335766423357 0.06224350205198358 0.17153284671532848
0 0.6022571819425444 0.8014221375427565 0.10601915184678523 0.18651553044097757
0 0.5666894664842681 0.6830900243309003 0.07455540355677155 0.19586374695863748
0 0.542407660738714 0.6265206812652068 0.025991792065663474 0.20194647201946472
0 0.5475376196990424 0.8144768856447688 0.03625170998632011 0.16180048661800486