0 0.4982837528604119 0.015784114052953158 0.08466819221967964 0.031568228105906315
0 0.5048730321261936 0.16670237142141228 0.07200956370792788 0.1243946757327067
0 0.31721952767531664 0.27799609137370246 0.05945707135522189 0.12463066664022354
0 0.2677900241308173 0.29073975146377945 0.05770750421136038 0.12350565410613464
0 0.1934105843683395 0.20754540981750644 0.09752003077183537 0.11886660508823493
0 0.20080091533180777 0.020366598778004074 0.09839816933638444 0.04073319755600815
0 0.13872997711670482 0.04276985743380855 0.07837528604118993 0.0855397148676171
0 0.16895225167314706 0.12286237870665308 0.07846342760057072 0.14715354303913997
0 0.11485768061085971 0.22562155579420942 0.07834143219790521 0.108528127091058
0 0.041762013729977114 0.08706720977596741 0.08352402745995423 0.10896130346232179
0 0.02459954233409611 0.17413441955193482 0.04919908466819222 0.09368635437881874
0 0.04965668238914296 0.1685077777590419 0.06288956563439815 0.12484403183060082
0 0.09100272990471327 0.28893419404198295 0.06939367645295678 0.09679308478721262
0 0.0912116472301864 0.4139463180452294 0.06508921975545691 0.0873791892816708
0 0.11976551929740563 0.3647011817581747 0.05943503596537678 0.08906024050884205
0 0.04641133696510031 0.3815698806120931 0.047926748359575874 0.08631236332978427
0 0.07365726540483396 0.34601885720259684 0.06004043834951289 0.09011413131280507
0 0.20428632573195615 0.33066958497716575 0.07194856600659523 0.10508196775866577
0 0.15988383512306126 0.4350516267096912 0.05781310653139488 0.10928459582659483
0 0.4094250177655373 0.3332170752806747 0.08156836414422663 0.1199075607442747
0 0.47819152336401843 0.3339202243020694 0.06780506702324829 0.11803577004386537
0 0.510516998979868 0.3446029980913054 0.06914915180861439 0.12421687140739224
0 0.19739392639605008 0.40115902881022686 0.0647503774055083 0.09447193798890917
0 0.09634681671992668 0.47599979016197774 0.0665665845579167 0.09763361040079847
0 0.08513867607209247 0.5207109377369679 0.04812666838521654 0.0924223429631855
0 0.0681430716170843 0.5671031365391297 0.04923187083345438 0.10875118285065158
0 0.32210506405251166 0.40023771248075146 0.06789374242164047 0.15564285605304704
0 0.25257437070938216 0.6089613034623218 0.05091533180778032 0.06109979633401222
0 0.04843364028937484 0.49496011248064464 0.053142129786887086 0.08866907099315055
0 0.05850299156519217 0.4149743385533459 0.06347293262868912 0.09032749650318248
0 0.2951945080091533 0.610488798370672 0.06064073226544622 0.05804480651731161
0 0.31607551487414187 0.6191446028513238 0.06807780320366133 0.04073319755600815
0 0.3887299771167048 0.6109979633401222 0.062356979405034325 0.05702647657841141
0 0.390047566843989 0.5575212136112991 0.05701906873604638 0.06756862919674932
0 0.649856000392833 0.5185693470540469 0.058290871205651386 0.08898911877871642
0 0.6768969003387231 0.5768824823486836 0.057313306467293275 0.09400964674309178
0 0.6882151029748284 0.6181262729124236 0.043478260869565216 0.04276985743380855
0 0.5850412702933735 0.5109690340832592 0.06108464309641781 0.08713026322623058
0 0.700228832951945 0.134928716904277 0.019450800915331808 0.11303462321792261
0 0.6999427917620137 0.24032586558044808 0.02002288329519451 0.0855397148676171
0 0.26033991510258947 0.45711223344624263 0.05509161695638928 0.09590406316064044
0 0.22282982382960068 0.491004831345707 0.06687210690359188 0.08952253175465967
0 0.28703915154492393 0.4995879133903319 0.06222316554892932 0.10447743305259687
0 0.18850114416475972 0.6247454175152749 0.055491990846681924 0.029531568228105907
0 0.15875286041189932 0.6323828920570265 0.04290617848970252 0.014256619144602852
0 0.6684789096695315 0.457482485867958 0.05287556975269958 0.08052243148194892
0 0.6905034324942791 0.43686354378818737 0.038901601830663615 0.06720977596741344
0 0.6970823798627003 0.39460285132382894 0.02574370709382151 0.07841140529531568
0 0.726258581235698 0.2708757637474542 0.03260869565217391 0.11812627291242363
0 0.7248283752860412 0.3324847250509165 0.029748283752860413 0.09674134419551934
0 0.7723954285448007 0.4648128261886144 0.0691824718128878 0.12523520134629243
0 0.7723112128146453 0.609979633401222 0.04805491990846682 0.059063136456211814
0 0.7219679633867276 0.45061099796334014 0.02402745995423341 0.07637474541751528
0 0.7251144164759725 0.48116089613034624 0.03032036613272311 0.07433808553971487
0 0.727974828375286 0.11965376782077393 0.036041189931350116 0.1334012219959267
0 0.8043478260869565 0.013238289205702648 0.06292906178489703 0.026476578411405296
0 0.9728260869565217 0.06771894093686355 0.05434782608695652 0.12932790224032586
0 0.8585450263571206 0.1620067796941159 0.0590572313039405 0.1124107073734211
0 0.8864686394967514 0.14078349715934813 0.048693108457865085 0.10973395192448897
0 0.9136538371546578 0.17716697790256758 0.048520866129283774 0.12191835032622847
0 0.9329098265125518 0.09673184787737481 0.0675718269933342 0.11090746047156394
0 0.8556421451951505 0.5485583612433621 0.04759354831684139 0.07612906394078224
0 0.9053769041658193 0.49144622708100044 0.033969173520171085 0.061054544899733096
0 0.8876520334874699 0.2097341332254891 0.04527189879311719 0.0749684905416304
0 0.900910955915155 0.41769974109943125 0.037062825449398686 0.06836065879734886
0 0.9021739130434783 0.5992871690427699 0.043478260869565216 0.08044806517311609
0 0.7872908050525592 0.27237271574296895 0.04879871077789958 0.09551289364494893
0 0.26172768878718533 0.6644602851323829 0.07951945080091533 0.04989816700610998
0 0.352116704805492 0.7011201629327902 0.08066361556064074 0.12321792260692464
0 0.4945652173913043 0.6573319755600815 0.04977116704805492 0.035641547861507125
0 0.5300343249427918 0.654786150712831 0.04061784897025172 0.03054989816700611
0 0.6069687692198629 0.7496963261921361 0.037123823150731476 0.08767336677138991
0 0.6619635142365445 0.7245435896513726 0.0340358135287179 0.0630912047775335
0 0.7062356979405034 0.7275967413441955 0.007437070938215103 0.07230142566191446
0 0.6907894736842105 0.7428716904276986 0.03832951945080092 0.07433808553971487
0 0.691933638443936 0.6832993890020367 0.036041189931350116 0.05702647657841141
0 0.6247761391503789 0.8712105718547496 0.0314086416593185 0.07004171002452059
0 0.6206580305494956 0.9357500599471925 0.03501337826707601 0.058070676813158126
0 0.535323438244347 0.9508536506958903 0.030470039232447812 0.05880451983155529
0 0.5581429145839153 0.9629863300893892 0.030264476899593096 0.0699705882943947
0 0.5143020594965675 0.9719959266802444 0.03775743707093822 0.0560081466395112
0 0.4914187643020595 0.9765784114052953 0.02745995423340961 0.04684317718940937
0 0.7048054919908466 0.8436863543788188 0.010297482837528604 0.07230142566191446
0 0.3094965675057208 0.9918533604887984 0.05034324942791762 0.016293279022403257
0 0.30227417116114796 0.8026946696988687 0.037584660903345654 0.11920603401223316
0 0.27273118282163666 0.7595320204600149 0.04472749411031387 0.09322730771170831
0 0.5324009609656782 0.7598569782805462 0.04116736212125781 0.0716645746694897
0 0.22300797538490177 0.9038891687236583 0.05146484495878654 0.07230467024062141
0 0.15389016018306637 0.695010183299389 0.09382151029748284 0.1109979633401222
0 0.10898169336384439 0.6675152749490835 0.057780320366132724 0.0560081466395112
0 0.06721967963386728 0.6664969450101833 0.05434782608695652 0.0539714867617108
0 0.5645688338599931 0.9067535054009308 0.03333045113176158 0.05898232415686986
0 0.06836384439359268 0.9663951120162932 0.04862700228832952 0.06720977596741344
0 0.07782977668276828 0.934660478777452 0.04308917159370088 0.06060518880183897
0 0.12978084977663248 0.9149307525753252 0.045171938780296836 0.07191350072492968
0 0.18161530285553965 0.898765181159349 0.059907158332419136 0.0860408115572045
0 0.15346127083960176 0.9357903581796013 0.05227016736856334 0.0794685406779859
0 0.259796311178303 0.927094169132731 0.04614950351865508 0.06689297276055477
0 0.22797482837528604 0.9557026476578412 0.041762013729977114 0.08859470468431772
0 0.19164759725400457 0.9653767820773931 0.041189931350114416 0.06924643584521385
0 0.1415903890160183 0.9755600814663951 0.055491990846681924 0.048879837067209775
0 0.022025171624713957 0.980142566191446 0.044050343249427915 0.03971486761710794
0 0.055823552374786846 0.8363544565191661 0.058663033559873394 0.08291470001037801
0 0.016018306636155607 0.755091649694501 0.032036613272311214 0.10285132382892057
0 0.04867480994109886 0.7394821817219648 0.06364517495727054 0.07814309810144285
0 0.11296461651349868 0.7368458540061561 0.05573598165201308 0.08070023580726327
0 0.12332618512547278 0.7793263792348534 0.07363713544912394 0.08689427231871362
0 0.7963386727688787 0.9613034623217923 0.07780320366132723 0.07739307535641547
0 0.8710695740932616 0.7388098346148344 0.06907686949285355 0.13945625962583247
0 0.9437214821017231 0.7872031540131861 0.07329265079196119 0.11126306912219275
0 0.8630112415272905 0.8974915007579518 0.06286188793733896 0.1065496537954601
0 0.8559104587049225 0.9480701694848647 0.07215412833945008 0.09391589929582635
0 0.98941647597254 0.7881873727087576 0.02116704805491991 0.10183299389002037