0 0.34378663540445487 0.04384133611691023 0.07678780773739742 0.08768267223382047
0 0.029537925576386518 0.2725992014774298 0.02852182366247401 0.10030682373978203
0 0.06946072684642439 0.04488517745302714 0.043962485345838215 0.08977035490605428
0 0.10580304806565065 0.0360125260960334 0.049824150058616644 0.0720250521920668
0 0.14273153575615474 0.029749478079331943 0.05451348182883939 0.059498956158663886
0 0.03751465416178194 0.024008350730688934 0.04572098475967175 0.04801670146137787
0 0.5735638921453693 0.02661795407098121 0.027549824150058615 0.05323590814196242
0 0.6544548651817116 0.043319415448851775 0.06623681125439625 0.08663883089770355
0 0.5844079718640094 0.31210855949895616 0.0492379835873388 0.12317327766179541
0 0.9214180916828257 0.30768835010034684 0.07182355475650136 0.15427247495059165
0 0.9788980070339977 0.07359081419624217 0.04220398593200469 0.12421711899791232
0 0.8782802178694219 0.06459610631716431 0.05770736834058721 0.08899551154539563
0 0.8549237983587339 0.021920668058455117 0.06740914419695193 0.04384133611691023
0 0.8030480656506448 0.017745302713987474 0.07033997655334115 0.03549060542797495
0 0.9144196951934349 0.011482254697286013 0.059788980070339975 0.022964509394572025
0 0.9906213364595545 0.11221294363256785 0.01875732708089097 0.10125260960334029
0 0.19226260257913247 0.9337160751565762 0.07268464243845252 0.1325678496868476
0 0.04746797856018499 0.7740659643658773 0.0693561099856113 0.14164919621006736
0 0.2868988200522181 0.6127234474722095 0.07734757753338828 0.12006866762653691
0 0.47606606735317325 0.7077429068332393 0.04449156042038437 0.11557658571848772
0 0.4920899287439866 0.6673966571109473 0.052121956120811413 0.11693627085274891
0 0.5451348182883939 0.7719206680584552 0.029308323563892145 0.08872651356993737
0 0.4947591903269313 0.5508504262348397 0.05949656247586571 0.09219992258408732
0 0.5378077373974208 0.5657620041753654 0.043962485345838215 0.11482254697286012
0 0.39967892647605635 0.5124986039221282 0.06950231878284856 0.09678831443382062
0 0.42702227432590856 0.44258872651356995 0.05803048065650645 0.10647181628392484
0 0.5527549824150059 0.6038622129436325 0.01406799531066823 0.07828810020876827
0 0.5439624853458382 0.673277661795407 0.031652989449003514 0.081419624217119
0 0.552168815943728 0.7160751565762005 0.015240328253223915 0.060542797494780795
0 0.35057543673022556 0.4983477522234737 0.05619442669831134 0.11397481658186051
0 0.30163053637852555 0.5003764412346313 0.06140853549692251 0.10793042965618195
0 0.25026571672001696 0.46491187701431125 0.06412450480319905 0.08613123998162849
0 0.4284876905041032 0.4044885177453027 0.04337631887456037 0.030271398747390398
0 0.31447831184056274 0.40657620041753656 0.06506447831184056 0.03444676409185804
0 0.18903868698710433 0.4123173277661795 0.0627198124267292 0.04592901878914405
0 0.03780773739742087 0.4102296450939457 0.06389214536928488 0.04175365344467641
0 0.27432590855803046 0.4003131524008351 0.05509964830011723 0.021920668058455117
0 0.8291324736225087 0.9378914405010439 0.06037514654161782 0.12421711899791232
0 0.9154650084468778 0.911248247110113 0.07190837411084935 0.10314854515764345
0 0.8943653166035395 0.762792841217536 0.08898905436842583 0.112203850473208
0 0.8915975237870243 0.6898089825580834 0.07175490050362582 0.0874909251158898
0 0.8399242735321543 0.6527908041719782 0.05658322650327759 0.15364078735430298
0 0.9768464243845252 0.5923799582463466 0.04630715123094959 0.14926931106471816
0 0.5750293083235639 0.9650313152400835 0.03048065650644783 0.06993736951983298
0 0.6930390802491446 0.7434644629460911 0.0666635705907934 0.10606140807497104
0 0.6705140807821216 0.7188135859288795 0.05585678476241976 0.07952805249000247
0 0.6387404614704182 0.767644628945117 0.05126976873034602 0.08977210043692883
0 0.7244100357770737 0.6236400612355135 0.05434384312014382 0.10450735752646735
0 0.91058669676025 0.47338110228584956 0.06773358779520008 0.09567158606736262
0 0.9698124267291911 0.4801670146137787 0.06037514654161782 0.09394572025052192
0 0.5923974997311163 0.7659105427343539 0.04298158554193701 0.08108123027306888
0 0.5741500586166471 0.7468684759916493 0.028722157092614303 0.06784968684759916
0 0.5732708089097304 0.7066805845511482 0.026963657678780773 0.06889352818371608
0 0.5800683584274017 0.6447646449355602 0.03882726237391761 0.07569195385502199
0 0.588755725094177 0.4841098254979586 0.03593735631278799 0.0797458408155881
0 0.5685814771395076 0.5229645093945721 0.017584994138335287 0.06680584551148225
0 0.5741500586166471 0.4405010438413361 0.028722157092614303 0.05636743215031315
0 0.5677022274325909 0.41910229645093944 0.015826494724501757 0.059498956158663886
0 0.9721570926143025 0.40866388308977036 0.05216881594372802 0.038622129436325675
0 0.8150644783118406 0.40605427974947805 0.04865181711606096 0.033402922755741124
0 0.6998613337177797 0.45235377217065625 0.05342003471297427 0.07003629775782891
0 0.721701483380369 0.49687407808925976 0.041264012423363035 0.08518370858719555
0 0.6790545730104951 0.5132614411998606 0.03721200499349267 0.09023284553031777
0 0.7714913063125478 0.4613938749688004 0.03446830772960024 0.04942585071463702
0 0.7485591929160077 0.4550345170104149 0.03286328192299018 0.0650105837260497
0 0.7420867526377491 0.4123173277661795 0.05041031652989449 0.04592901878914405
0 0.7851699882766706 0.3987473903966597 0.041617819460726846 0.018789144050104383
0 0.6778236652892934 0.6568989554614473 0.03996890059502859 0.07260902120023206