0 0.32325144036990444 0.3681192531292823 0.07386461174803571 0.1604812776746214
0 0.37412304996879947 0.4091492318428754 0.06055017590531017 0.14492415897641098
0 0.4699585635359116 0.43304668304668303 0.0393646408839779 0.038083538083538086
0 0.47513812154696133 0.23894348894348894 0.029005524861878452 0.12162162162162163
0 0.29247237569060774 0.033169533169533166 0.07665745856353591 0.06633906633906633
0 0.22272099447513813 0.025798525798525797 0.09185082872928177 0.051597051597051594
0 0.44544198895027626 0.010442260442260442 0.07596685082872928 0.020884520884520884
0 0.46892265193370164 0.13943488943488944 0.04143646408839779 0.128992628992629
0 0.7796961325966851 0.4797297297297297 0.07044198895027624 0.11916461916461916
0 0.7223756906077348 0.46130221130221133 0.09806629834254144 0.15601965601965603
0 0.6401933701657458 0.5 0.08149171270718232 0.07862407862407862
0 0.5785940488096222 0.4434381887997265 0.08387009815423581 0.13409775377090674
0 0.6315305994232963 0.37938841226824377 0.07789573964272568 0.15213917032443772
0 0.633242199533947 0.274944357741529 0.09067973106160224 0.12715574848210745
0 0.7138507043366941 0.2582757218130417 0.10304637399432166 0.1230139473160773
0 0.7415065844523172 0.3068853636445384 0.09748994139251081 0.17299639581064022
0 0.8018061686602975 0.3129596052532265 0.07540656795214852 0.17285209037607518
0 0.8364556673926486 0.4335574671717563 0.10794550185531021 0.18101090630495997
0 0.8477803826688304 0.2536385851037062 0.07585606458520583 0.15446747215677778
0 0.9184703649104969 0.3357863000580775 0.11636138726058942 0.19135371863161965
0 0.8873382011459789 0.21005993218443872 0.08642356613861266 0.11829883863327391
0 0.8944454931239408 0.1678833384372992 0.0840624096120934 0.09605711589558927
0 0.5611873646078882 0.16526261566643202 0.06103124326172506 0.07621389059678382
0 0.5963397790055248 0.030098280098280097 0.05593922651933702 0.060196560196560195
0 0.6733425414364641 0.044226044226044224 0.0856353591160221 0.08845208845208845
0 0.7014367053189378 0.1786454454065172 0.11899464818867414 0.12891465701916102
0 0.9599447513812155 0.4238329238329238 0.08011049723756906 0.18181818181818182
0 0.9875690607734806 0.32923832923832924 0.024861878453038673 0.12285012285012285
0 0.8843521767373081 0.09547391867300922 0.07383188617759362 0.10524162260028685
0 0.7607044198895028 0.036855036855036855 0.07251381215469613 0.07371007371007371
0 0.5357640484311846 0.10423926092526056 0.06755212027053412 0.09994151581229456
0 0.5217541436464088 0.029484029484029485 0.06422651933701658 0.05896805896805897
0 0.8276933701657458 0.033169533169533166 0.07941988950276244 0.06633906633906633
0 0.9661602209944752 0.04668304668304668 0.0649171270718232 0.09336609336609336
0 0.009668508287292817 0.8826781326781327 0.019337016574585635 0.1732186732186732
0 0.0393646408839779 0.8482800982800983 0.0787292817679558 0.17567567567567569
0 0.041091160220994474 0.7843980343980343 0.08218232044198895 0.1167076167076167
0 0.029005524861878452 0.7352579852579852 0.058011049723756904 0.09950859950859951
0 0.14634050152041114 0.80233984660783 0.07670741305451201 0.16679538465001081
0 0.2054356850667279 0.7949863751194461 0.07444270096869254 0.15192466928333354
0 0.0969933304933239 0.8821241879646142 0.07405692320589323 0.12244063979930406
0 0.09953818401743382 0.9513200063338295 0.0853954028613566 0.09245741262652722
0 0.09530386740331492 0.9742014742014742 0.09668508287292818 0.051597051597051594
0 0.17230662983425415 0.9422604422604423 0.11395027624309392 0.11547911547911548
0 0.2433054371198586 0.9067916775014737 0.09323377646952107 0.16413948596180683
0 0.3105762611050183 0.8283489331879506 0.07672290970441979 0.11524123326117997
0 0.26257960095949956 0.7785478450419656 0.06604288963686317 0.1428103581851751
0 0.33708544337490787 0.7272744760792912 0.06912622462154687 0.11476933097075101
0 0.26858755117676486 0.6621756275951642 0.06462952602034988 0.140267555311731
0 0.11637226452216069 0.7195037712111821 0.09328199868987112 0.16782498964731044
0 0.04937845303867403 0.5491400491400491 0.04765193370165746 0.019656019656019656
0 0.02175414364640884 0.6111793611793612 0.04350828729281768 0.08968058968058969
0 0.02935082872928177 0.5724815724815725 0.05870165745856354 0.06633906633906633
0 0.9295580110497238 0.9717444717444718 0.08011049723756906 0.056511056511056514
0 0.789364640883978 0.9797297297297297 0.10773480662983426 0.04054054054054054
0 0.7720994475138122 0.952088452088452 0.09944751381215469 0.09582309582309582
0 0.7016574585635359 0.9778869778869779 0.08287292817679558 0.044226044226044224
0 0.5096685082872928 0.7733415233415234 0.04005524861878453 0.1928746928746929
0 0.5316531275927869 0.6811511933659483 0.07598407974926343 0.11151282936745546
0 0.6567679558011049 0.5583538083538083 0.06906077348066299 0.038083538083538086
0 0.6164029691102055 0.8753557666574643 0.09055113847400241 0.11732773865409761
0 0.6088639868432626 0.7395712831048089 0.059393997463996366 0.16203737575898652
0 0.6537133044220687 0.7398540226417086 0.059907790390853276 0.1485667624536939
0 0.6591107285600061 0.6437735255692879 0.0712301959728668 0.11735503405241586
0 0.7455110497237569 0.5700245700245701 0.04903314917127072 0.06142506142506143
0 0.7436697021784222 0.6679808294421565 0.0600363829784531 0.15839477228170368
0 0.7181883944740177 0.7696051868527354 0.055780218055463515 0.1495378624328702
0 0.6945785614794504 0.8336744563775851 0.0843838910810928 0.12062714046561383
0 0.7671405958544965 0.8254844308288953 0.06045315404106816 0.08477049898807153
0 0.8054693251362645 0.8231034692726397 0.050447667634868146 0.11115402289178646
0 0.847002233665362 0.8131584494083831 0.04615935456497852 0.09984011058595034
0 0.8923182767977592 0.7250320007014152 0.05557067767707201 0.08078469384502217
0 0.8748696751417739 0.6082756384913699 0.0636656590368939 0.11934013421898931
0 0.9775552486187845 0.5681818181818182 0.04488950276243094 0.05773955773955774
0 0.9229972375690608 0.5872235872235873 0.0462707182320442 0.09582309582309582
0 0.9372407938424032 0.6406125057840615 0.04718751784223457 0.12568153659269696
0 0.9274824345922804 0.7799264969992398 0.05028692690036829 0.09886901060677403
0 0.8766581810784222 0.8143849935261409 0.04532408016912205 0.08874069932121853
0 0.9576909165569673 0.9235090328943671 0.06072641328971751 0.10565501987259242
0 0.9930939226519337 0.941031941031941 0.013812154696132596 0.09582309582309582
0 0.987914364640884 0.6511056511056511 0.024171270718232045 0.09336609336609336
0 0.9854972375690608 0.6891891891891891 0.029005524861878452 0.09582309582309582
0 0.9663264003597605 0.6590595172049468 0.04042552973167589 0.0835263929496678