0 0.3033149171270718 0.03831041257367387 0.06519337016574586 0.07662082514734773
0 0.19585635359116021 0.04616895874263261 0.09337016574585635 0.09233791748526522
0 0.06353591160220995 0.03831041257367387 0.09723756906077348 0.07662082514734773
0 0.3748757291901294 0.17014974491227838 0.07100593393196711 0.12744680893215987
0 0.25526542560998866 0.17201203235844906 0.0660115703584151 0.15917640802898206
0 0.08727451700423047 0.13636103605511024 0.09867847044285971 0.13382828299618307
0 0.08584673523998594 0.24052111798632023 0.062053624982978284 0.11947153487410864
0 0.16072173331086617 0.23211259108295473 0.08009276070736392 0.10995049832610854
0 0.21902214574638743 0.22164335262919105 0.06757848686143132 0.1201584387242414
0 0.1966743551983318 0.2848140969712096 0.0774326961821271 0.08217082519469987
0 0.1828499112963556 0.3515053379587334 0.09288032155885159 0.116441968537013
0 0.1754704310271182 0.4303175236842946 0.07722796335414756 0.13704326760738444
0 0.059396317960611476 0.35141331530313136 0.06276686823291495 0.1293634079703204
0 0.024033149171270717 0.3050098231827112 0.04806629834254143 0.16601178781925344
0 0.48461657815536335 0.1793643541173735 0.0750983971338119 0.14168009742293058
0 0.5417127071823205 0.03487229862475442 0.06353591160220995 0.06974459724950884
0 0.5436023337811418 0.09318791840236862 0.056689520166616617 0.1286078137351743
0 0.556326422219791 0.14447790552674586 0.033812526578031236 0.1120390521539525
0 0.5908838786078036 0.16403133298493952 0.03932131275027514 0.1117436377329653
0 0.6156340575293764 0.22469105474856743 0.037294112943929564 0.08894424634216906
0 0.541427031678173 0.24302579994065132 0.049657793257245036 0.10322557233701907
0 0.5790925466889082 0.2418028364948347 0.039552284813938195 0.09216596269558176
0 0.5519902328960663 0.34178649725180776 0.04374120225303757 0.11229316081307164
0 0.5205014762772514 0.3546049011075952 0.04510338592807438 0.12814763392101555
0 0.48559248002900746 0.32270380487539024 0.06317467306487803 0.12059123391525513
0 0.4575172204508888 0.29608177067589037 0.05140579388130039 0.14265568395183942
0 0.41471561659908684 0.28977594756624214 0.046873374435074 0.1352299329738944
0 0.36429552256128006 0.3430584135103048 0.06011696723715215 0.1358961839430929
0 0.310238166860221 0.3648826760264929 0.06845839935019425 0.10654336369859001
0 0.25759039154082775 0.31748784562123866 0.056313866747071825 0.1393446243324795
0 0.30567110476558235 0.22109673776588984 0.06474584092063337 0.1492158445477571
0 0.3040364644969887 0.30406828648300993 0.060155030826305564 0.10453068965227104
0 0.38206728345684554 0.407279937681306 0.08683512490497126 0.1176510108441066
0 0.46074916851817205 0.4707076988992486 0.04082392642845506 0.06879639534374528
0 0.5629007226214519 0.520812204814271 0.04649346966279008 0.07832416363395661
0 0.5874419173623059 0.5942420641024571 0.02951699137220303 0.051705495305562496
0 0.5099352196782416 0.5604899221731496 0.03401134722927602 0.09049674057432916
0 0.5379271446369474 0.5752897919267046 0.03705297735079251 0.07420947227537131
0 0.46069373395843805 0.5248382393883598 0.05460392971216938 0.06854901842683749
0 0.4229281767955801 0.5918467583497053 0.039226519337016576 0.09528487229862476
0 0.39733335986015705 0.590784441408355 0.05330013668523424 0.08995394923643428
0 0.3753967950848056 0.5442549725579778 0.057135388587733094 0.0884701453892874
0 0.33756906077348064 0.6281925343811395 0.05414364640883978 0.022593320235756387
0 0.6027624309392265 0.611984282907662 0.020994475138121547 0.0550098231827112
0 0.6170502812070267 0.5610113741486598 0.03208060166018477 0.0735912588102521
0 0.5770868699131332 0.4320188027265508 0.04898261359646152 0.061968204949985665
0 0.6215311518866334 0.3548619179835192 0.029934959733640104 0.0772457703546782
0 0.32746797065703986 0.5806216302974964 0.04990484102711673 0.08463021557075515
0 0.279810772410833 0.49890402434759396 0.040647093660154544 0.057990894361427
0 0.16129315200053934 0.5693121931766468 0.05748905412433387 0.11008114735392394
0 0.12034487127515031 0.5681583777701442 0.04499676816134555 0.08794127519011531
0 0.06718054768069567 0.5861564027793728 0.04056080295237398 0.08640943383888935
0 0.02430939226519337 0.5741650294695482 0.04861878453038674 0.09332023575638507
0 0.256631296492642 0.5452379773105487 0.055773204912696536 0.07261567228134327
0 0.267861639518214 0.6032324663702316 0.050200115915616086 0.0689818136178512
0 0.21761459174834208 0.5782832489902402 0.04603152553546447 0.11747951370872368
0 0.9699980476200315 0.45888782272480694 0.05552024496608946 0.12454115988066852
0 0.7481398349921051 0.09516003970441933 0.060165194355779626 0.13884313875645243
0 0.6469613259668509 0.14587426326129665 0.014364640883977901 0.09528487229862476
0 0.666935724879942 0.2873411001326757 0.04812894034338188 0.11087804735093806
0 0.7666332425503363 0.33517186277289884 0.05034479727149813 0.07782267805792968
0 0.7814335883259567 0.41182007254339176 0.058889301388523704 0.0945701261710462
0 0.8289423187159156 0.434952360591637 0.06210776427834076 0.08908835885440683
0 0.7867904857012119 0.47351374478047464 0.04374711442977276 0.07896302998001008
0 0.7251603756967812 0.3999020619164389 0.05249043919804287 0.07416816651350326
0 0.687460583597258 0.437048332643143 0.03952013340151982 0.09020132615334207
0 0.7265132262543418 0.46946460676294743 0.035915853562683744 0.07210745496310543
0 0.8327280482354157 0.5249958819211687 0.048118776813907846 0.07656559824675667
0 0.8876149636302408 0.5539670815226924 0.05964060822761366 0.07309650497643629
0 0.8311226032908727 0.5892690382945053 0.04800624687044401 0.06968937034891777
0 0.656353591160221 0.24214145383104127 0.03314917127071823 0.0893909626719057
0 0.6455801104972375 0.5388015717092338 0.011602209944751382 0.11100196463654224
0 0.6689518314520669 0.5700907285642298 0.03734234006255685 0.09189120115552848
0 0.661639244536409 0.4756714466476325 0.04183244456689084 0.06303986648705286
0 0.6488950276243094 0.3840864440078585 0.018232044198895028 0.05304518664047151
0 0.21132596685082872 0.6542239685658153 0.06464088397790055 0.029469548133595286
0 0.10359116022099447 0.6797642436149313 0.06132596685082873 0.08055009823182711
0 0.06644624625256182 0.7585241106567066 0.04130619761472874 0.09826594347734056
0 0.16158557009341995 0.7127702024409585 0.05313346744640786 0.11346089735829719
0 0.25592702080055685 0.7495997193842906 0.06130823032062358 0.1076150252356572
0 0.3191765257793701 0.791914598342518 0.07178939218347521 0.10793782427978955
0 0.17962258014143598 0.7607834751384825 0.05162660241548919 0.08876555981027448
0 0.11020388977143324 0.8417255204537557 0.060289548652713666 0.07905910498816866
0 0.07173671512661109 0.8581057267169165 0.038951571507465414 0.08915031749720892
0 0.21985419667614742 0.8903015508886578 0.04127995837904554 0.06297117610203953
0 0.23121546961325967 0.9666011787819253 0.04696132596685083 0.06679764243614932
0 0.03507168040120698 0.8658511396950387 0.03380236304855729 0.0777266030497712
0 0.5161552227168015 0.7307693050497897 0.04921783701286345 0.11003310984984464
0 0.25752266777525035 0.9058123432443852 0.04384356866702752 0.08485693960672913
0 0.4190686127482698 0.9293423948096865 0.0489284743010991 0.09235138096968748
0 0.5282151254361395 0.8395592562271843 0.05071453851430798 0.10041599829368618
0 0.503823228963531 0.8754071413808475 0.06466121103684856 0.07666167325491526
0 0.4931360390083283 0.9026235991205774 0.07502984295623649 0.0701082444012087
0 0.6168508287292818 0.8850687622789783 0.04585635359116022 0.09233791748526522
0 0.025471261439116218 0.9281459672145629 0.046493469662790145 0.07832416363395661
0 0.695303867403315 0.6910609037328095 0.062430939226519336 0.1031434184675835
0 0.6853480227878784 0.7693394804251913 0.04595114700441891 0.11256792235312459
0 0.7247192234807771 0.7653756333210548 0.045334357991737115 0.10856995888363201
0 0.8174361974487945 0.8507268691072992 0.05869639291401418 0.08278230691760807
0 0.7599615582066738 0.8445653873370388 0.03808182254817655 0.13707784162704148
0 0.7239293882001605 0.8474678993445751 0.05830466378826012 0.0925367992437933
0 0.7283822595273394 0.8967452124226334 0.07143572664687445 0.08632682231515301
0 0.7640883977900552 0.9646365422396856 0.04088397790055249 0.07072691552062868
0 0.6593922651933701 0.9739685658153242 0.03149171270718232 0.05206286836935167