0 0.049719101123595504 0.0275 0.0747191011235955 0.055
0 0.23202247191011235 0.0305 0.0898876404494382 0.061
0 0.288696979680865 0.11877533581154308 0.0923901722941773 0.1268966767154609
0 0.3393258426966292 0.0285 0.07865168539325842 0.057
0 0.4912089235940661 0.16346431506041353 0.06053112810132747 0.15123342166772294
0 0.6064606741573034 0.211 0.06685393258426967 0.102
0 0.6095505617977528 0.1275 0.060674157303370786 0.111
0 0.12217643963981067 0.16631942793122487 0.07015359809467563 0.16243123457669742
0 0.06676725599524298 0.11117909469125459 0.08562898793439797 0.12375704407383183
0 0.019662921348314606 0.236 0.03932584269662921 0.144
0 0.11657303370786516 0.292 0.060112359550561795 0.116
0 0.1592696629213483 0.2935 0.05786516853932584 0.113
0 0.19466292134831462 0.314 0.06797752808988763 0.072
0 0.22696629213483147 0.3295 0.05393258426966292 0.041
0 0.2891222853403211 0.2697636997580739 0.08919588771196683 0.15382686039464624
0 0.32640449438202246 0.321 0.05730337078651685 0.058
0 0.36207865168539327 0.3035 0.04662921348314607 0.093
0 0.39325842696629215 0.3085 0.06741573033707865 0.083
0 0.42668539325842697 0.3025 0.07359550561797752 0.095
0 0.5289325842696629 0.3335 0.06910112359550562 0.033
0 0.5508426966292135 0.302 0.05 0.096
0 0.5814606741573034 0.3185 0.052808988764044947 0.063
0 0.6058988764044944 0.322 0.05561797752808989 0.056
0 0.6160112359550561 0.338 0.047752808988764044 0.024
0 0.2848314606741573 0.338 0.07078651685393259 0.024
0 0.06713483146067416 0.2935 0.07584269662921349 0.113
0 0.6716292134831461 0.1935 0.06348314606741573 0.101
0 0.8656796145874227 0.07080035941433442 0.05739528390275747 0.10117524140037756
0 0.9789325842696629 0.0205 0.042134831460674156 0.041
0 0.9235955056179775 0.052 0.048314606741573035 0.104
0 0.9615607227200805 0.04429012455754787 0.04429089654481686 0.07290761217058866
0 0.9628283314141765 0.10930757863775148 0.043154226821818076 0.07088434006365037
0 0.9371621367196065 0.13577232017817362 0.05399834895114167 0.09710542507956302
0 0.8807343449030423 0.18259707877779607 0.03651071041846755 0.08574470742202141
0 0.9167188180719249 0.18784178619981748 0.038757901429703506 0.08579125163589776
0 0.8891257506919532 0.26325998352636326 0.05616709465809149 0.08515196929343938
0 0.9782295284903924 0.2741042980012132 0.04323920923479461 0.0838843400636506
0 0.8520113417060491 0.2999861859706691 0.07023818691307834 0.08944287063016645
0 0.9446391344809951 0.24841195281980266 0.05225412171450004 0.08807051691915581
0 0.6651685393258427 0.2865 0.05056179775280899 0.079
0 0.6985955056179776 0.3135 0.062359550561797754 0.073
0 0.6603932584269663 0.3335 0.04101123595505618 0.033
0 0.7089887640449438 0.342 0.048314606741573035 0.016
0 0.4576281384504176 0.4645221450285883 0.05969477178351768 0.1092217856142538
0 0.6117977528089887 0.475 0.056179775280898875 0.092
0 0.5711637781846444 0.5178668098026089 0.06232725861291891 0.0822799658815993
0 0.4335106481236348 0.599004340649214 0.06297403877870442 0.09529160193506846
0 0.48213864248777794 0.5620166773010244 0.05336464300273721 0.08609378902609399
0 0.5599153393029441 0.6446166346530235 0.05043798628226346 0.06803560875874859
0 0.5294340506654941 0.5359999238191621 0.05519385265235511 0.1081286971865012
0 0.6032491398164638 0.7000067927434085 0.048373834314361375 0.09598906454487223
0 0.6007171909826176 0.5704718845830012 0.058897638117850565 0.07321014956078477
0 0.611950074281739 0.6131987876256485 0.039293550747750365 0.08180288768936692
0 0.6269662921348315 0.7065 0.025842696629213482 0.089
0 0.5594072160006671 0.9535642724124127 0.04540141783305403 0.07093088427752672
0 0.630056179775281 0.8995 0.019662921348314606 0.071
0 0.41034025136782654 0.706509808376778 0.05732991281585241 0.09117524140037767
0 0.4194013172029395 0.8036843491788143 0.04951704114605082 0.09901233665181053
0 0.3581267298864774 0.9253985652704803 0.06164779290368111 0.0642683298281304
0 0.2503424880166352 0.7636877151113542 0.06857894208941337 0.09340796246975924
0 0.14932903937232128 0.5636223156205917 0.0558602441442121 0.12414033323997034
0 0.08634925067407388 0.6393074415785852 0.06352276231413248 0.09330323798853749
0 0.17698519327128712 0.7126750281603732 0.053403865654880145 0.09209378902609387
0 0.19020398003131145 0.7584426573901623 0.06452868986332153 0.07532651009547567
0 0.19859251086045077 0.9245939260852604 0.0393785331607269 0.0948028876893668
0 0.3874840294237358 0.9480036400508727 0.037046359736514406 0.08175634347549067
0 0.3196629213483146 0.9905 0.048314606741573035 0.019
0 0.14129213483146066 0.9675 0.04101123595505618 0.065
0 0.04269662921348315 0.9755 0.04044943820224719 0.049
0 0.025 0.6675 0.05 0.087
0 0.014044943820224719 0.928 0.028089887640449437 0.062
0 0.004213483146067416 0.876 0.008426966292134831 0.082
0 0.5100005185132075 0.6995752078675405 0.05552031449230623 0.07214033323997024
0 0.4702707526587755 0.9377199579375628 0.04143614801993832 0.06584943190324316
0 0.7764022098141116 0.5435230588669339 0.06292174190918055 0.08729160193506845
0 0.8070224719101123 0.388 0.09269662921348315 0.076
0 0.6643258426966292 0.6745 0.04887640449438202 0.137
0 0.6539325842696629 0.8845 0.028089887640449437 0.077
0 0.6573033707865169 0.9335 0.0348314606741573 0.057
0 0.7573220751256856 0.8470867068618432 0.048426131183885245 0.10398906454487224
0 0.7328285042519123 0.8810747205092034 0.05668313265006714 0.0781636053469083
0 0.8522857034737631 0.895047381871384 0.07137485663607739 0.09146614273710475
0 0.8481672052009946 0.9524542934436313 0.05495851673949724 0.0721286971865013
0 0.8648876404494382 0.9885 0.05786516853932584 0.023
0 0.8235955056179776 0.9865 0.03932584269662921 0.027
0 0.9345040918473034 0.8837520637046049 0.05804860117723365 0.11518687745384659
0 0.9373595505617978 0.985 0.05337078651685393 0.03