0 0.25254237288135595 0.021629778672032193 0.08135593220338982 0.043259557344064385
0 0.2189265536723164 0.06287726358148893 0.0807909604519774 0.12575452716297786
0 0.4745762711864407 0.07545271629778671 0.030508474576271188 0.15090543259557343
0 0.31109276592524177 0.21389482733013196 0.09036669159570837 0.15862114910590303
0 0.9734463276836158 0.07696177062374246 0.05310734463276836 0.12977867203219315
0 0.9759887005649718 0.03370221327967807 0.0480225988700565 0.06740442655935613
0 0.9104519774011299 0.032696177062374245 0.07853107344632769 0.06539235412474849
0 0.8912429378531074 0.017605633802816902 0.07627118644067797 0.035211267605633804
0 0.7858757062146893 0.02414486921529175 0.06779661016949153 0.0482897384305835
0 0.7739893154203111 0.34454229682135235 0.03563733941004803 0.0559580519146524
0 0.745838085747889 0.3317924589739368 0.04210525785818835 0.06786301183210462
0 0.6984202644404888 0.3241496291172128 0.04128705692417223 0.056720380575661845
0 0.877208412266419 0.3872802628703443 0.03221393894864994 0.029419945934248275
0 0.9935028248587571 0.36016096579476864 0.012994350282485875 0.08048289738430583
0 0.9759887005649718 0.3365191146881288 0.0480225988700565 0.1056338028169014
0 0.9509832674953054 0.37531980140956384 0.042647208774818694 0.06693320848090174
0 0.9192685897542928 0.3460009779306899 0.06139390902869879 0.09854771049794285
0 0.8783709644229177 0.3364754338965011 0.048008204554916334 0.07969173888345613
0 0.9061447409827559 0.2795725696726543 0.0588577720056633 0.08617034442589319
0 0.8729327476816539 0.2910744458606861 0.05388813041686211 0.0905144297175038
0 0.9112045433121863 0.23074920117936418 0.05182295920761104 0.12333246055802523
0 0.8774832077481277 0.19066891077455195 0.05395719292120862 0.09353253836941527
0 0.8583106220507778 0.2408950828117138 0.050717959138067675 0.07504272212744173
0 0.7997065472905405 0.18060342027480403 0.058730196115111745 0.10520879968856489
0 0.6905873876454537 0.22340914465069164 0.049102655506318295 0.10290680474754499
0 0.614725769734606 0.09273365737363638 0.04517087408121344 0.10337921090214221
0 0.6577115871100144 0.13407119603104256 0.05358885956469418 0.0774359588925541
0 0.5059322033898305 0.11468812877263582 0.03220338983050847 0.0925553319919517
0 0.5148274408926263 0.05255640277995013 0.04238150787557422 0.0799354464397505
0 0.5098870056497176 0.02012072434607646 0.03559322033898305 0.04024144869215292
0 0.5694915254237288 0.03118712273641851 0.04632768361581921 0.06237424547283702
0 0.49830508474576274 0.014084507042253521 0.01694915254237288 0.028169014084507043
0 0.6903346265256722 0.09907993446857279 0.04713149023469517 0.09060567154159628
0 0.7547035229739446 0.153579087257954 0.05334617950023189 0.09144423306870668
0 0.6199093279311944 0.2600249979144116 0.04571282499784372 0.10244940755093933
0 0.555968239524891 0.23605748402059512 0.03621286027960182 0.08110895734724798
0 0.5835607333042212 0.26091787290870705 0.0408582875829534 0.11182367392906904
0 0.5237744375132743 0.1907564303640114 0.049378905523704136 0.11497923935519087
0 0.19971751412429378 0.44114688128772633 0.07514124293785311 0.06338028169014084
0 0.07598870056497176 0.4567404426559356 0.06836158192090395 0.09456740442655935
0 0.07552017575971924 0.5399420215765969 0.05889134195858684 0.11225105320969164
0 0.23172096394654323 0.605618951865114 0.06929104183183218 0.12368360697254689
0 0.2677252073510337 0.6443882745882186 0.0615090132026096 0.10357789158446197
0 0.2272544539359833 0.9361855865945166 0.042647208774818694 0.06693320848090174
0 0.28536597140972597 0.931854728146683 0.053785497959592185 0.06141561228179388
0 0.2530474774053067 0.9412301826009558 0.041125911080697256 0.04967812705453509
0 0.27777769727765245 0.8942658267720001 0.06496790621543055 0.1070533974329791
0 0.28180587530170687 0.8536050973162919 0.06227062334891996 0.08763377783980268
0 0.03196702114518197 0.8802958870448315 0.05438403966392816 0.08757255393169328
0 0.01384180790960452 0.7117706237424547 0.02768361581920904 0.079476861167002
0 0.022033898305084745 0.6745472837022133 0.04406779661016949 0.09959758551307847
0 0.42470678132195144 0.6267166645727204 0.07590955700530623 0.11755614784463148
0 0.43244565217935876 0.6823379849927715 0.06051719470847763 0.10946164315608302
0 0.025423728813559324 0.81841046277666 0.05084745762711865 0.11569416498993963
0 0.026836158192090395 0.44818913480885314 0.05367231638418079 0.07746478873239436
0 0.02711864406779661 0.432092555331992 0.05423728813559322 0.04527162977867203
0 0.02711864406779661 0.5090543259557344 0.05423728813559322 0.11871227364185111
0 0.461864406779661 0.5467806841046278 0.05593220338983051 0.13380281690140844
0 0.34951759928963994 0.8850872708858324 0.05395719292120862 0.09353253836941527
0 0.45696678711377087 0.8906475178066292 0.05461424801174964 0.0976329161047315
0 0.48135593220338985 0.8913480885311871 0.01694915254237288 0.08249496981891348
0 0.3057931926027033 0.8267995822664631 0.04491764489860975 0.09231281251180015
0 0.4694915254237288 0.7404426559356136 0.04067796610169491 0.11670020120724346
0 0.8383308274267702 0.7304904846650783 0.07205738720268916 0.14612133521763476
0 0.9651904996900702 0.8723374330384168 0.06164713821130249 0.1096141088882849
0 0.8371155296795645 0.9066686764713945 0.07290053156998691 0.10912669377569616
0 0.9132768361581921 0.9587525150905433 0.05254237288135593 0.08249496981891348
0 0.8607344632768361 0.9778672032193159 0.05028248587570622 0.04426559356136821
0 0.9440677966101695 0.9733400402414487 0.04858757062146893 0.05331991951710262
0 0.5209039548022599 0.9849094567404426 0.03954802259887006 0.030181086519114688
0 0.4966101694915254 0.8998993963782697 0.013559322033898305 0.07344064386317907
0 0.6121905688372151 0.718379557602244 0.056332184100769137 0.09886765092033817
0 0.6472427995588175 0.7372187381445247 0.05452216467262105 0.09360877123551634
0 0.7170762855437073 0.7744321975534842 0.05906495951870257 0.0952246703816276
0 0.5221734778494547 0.5294383011047352 0.04657706760142414 0.11560411124199008
0 0.5457627118644067 0.46177062374245476 0.05084745762711865 0.10462776659959759
0 0.5107344632768361 0.4567404426559356 0.04180790960451977 0.09456740442655935
0 0.4977401129943503 0.4381287726358149 0.015819209039548022 0.05734406438631791
0 0.49689265536723165 0.4874245472837022 0.014124293785310734 0.079476861167002
0 0.5703073608700284 0.7150045801710297 0.049588015635242885 0.07489025639523995
0 0.6608122026480349 0.8457100853640682 0.048330496241866534 0.09377624592570975
0 0.7041716279390284 0.8584137082613662 0.05549096233197087 0.08671898344659146