0 0.13918558077436582 0.03978622327790974 0.07409879839786382 0.07957244655581948
0 0.12906345597264582 0.2178032689457696 0.05830523628857252 0.10087095562625516
0 0.1410075146080782 0.29296256137500853 0.07440820066286713 0.10542926734573492
0 0.16295245979951173 0.3971494876381334 0.0505121622034692 0.10987446009905685
0 0.17923898531375168 0.47980997624703087 0.05941255006675567 0.1187648456057007
0 0.15387182910547398 0.5077197149643705 0.05941255006675567 0.06294536817102138
0 0.3190921228304406 0.5095011876484561 0.06675567423230974 0.05938242280285035
0 0.27129783370551563 0.48351601097437535 0.05649297203153042 0.10906007402474055
0 0.2363150867823765 0.47743467933491684 0.06675567423230974 0.12351543942992874
0 0.25618656461254885 0.41566924047234893 0.05940800667644331 0.11991480452113841
0 0.23954977606500885 0.35621895635866385 0.053659539945157805 0.10176828889651372
0 0.20192179081929473 0.36923031394956396 0.052922845223139524 0.12781360773382547
0 0.3147201834036303 0.40669588259761263 0.06790830293556208 0.1417901599058189
0 0.3668984127162188 0.3987103481316313 0.0668599342533846 0.12512160792304966
0 0.4249622488719048 0.3956959693361656 0.07934064180875058 0.08794632928864939
0 0.4316808892695621 0.45161158782321914 0.0726650743855199 0.08753159330893742
0 0.4402536715620828 0.502375296912114 0.07543391188251002 0.07363420427553444
0 0.4082109479305741 0.501187648456057 0.05941255006675567 0.07600950118764846
0 0.48998664886515353 0.5172209026128266 0.036048064085447265 0.043942992874109264
0 0.49204433333837544 0.3772968280663619 0.04060761448000966 0.11400294995371685
0 0.4897112922829787 0.4646097263855375 0.040812756723938415 0.09385439979871886
0 0.21194926568758343 0.026128266033254157 0.03271028037383177 0.052256532066508314
0 0.21768020114269288 0.2632939536290949 0.07342669826522835 0.12078575007853362
0 0.18122808485881095 0.21041155870781666 0.07117922036263856 0.10997249318010689
0 0.21316596567319937 0.1402347237768493 0.06511680797603708 0.10722393388625218
0 0.23128747239604264 0.1930699941862784 0.07301868547252732 0.10297102323767851
0 0.26131506122173664 0.2208534200810285 0.06778703494532946 0.10738982827813683
0 0.35563720014864325 0.19186723467296377 0.08683223481738392 0.12399051895007157
0 0.3895913516164243 0.1209721547200543 0.04182145997442355 0.07968556552197731
0 0.4218159772332813 0.06738092457591385 0.04285736407775563 0.06670437970129262
0 0.4097846665459317 0.19976979677085277 0.05504905513549731 0.10422653300457013
0 0.4122162883845127 0.019596199524940617 0.05941255006675567 0.039192399049881234
0 0.979305740987984 0.47980997624703087 0.04138851802403204 0.1187648456057007
0 0.9287493997070239 0.3235435882762884 0.08356131739030713 0.15580818567578358
0 0.8757540089614552 0.33810266284855456 0.081341040340564 0.14618257723341388
0 0.9246873858522356 0.2680558996253786 0.09200948363888817 0.11719641699749898
0 0.7943829132768426 0.23820071103289459 0.08563085390181527 0.18795764118526517
0 0.7224811516701418 0.16142962436880684 0.09511492425372839 0.13636468668629595
0 0.6873114658088364 0.3290558430934056 0.08046834135431229 0.16628965379044058
0 0.756513527898242 0.3490686454545842 0.10229484330220208 0.12969500552763708
0 0.8241316784886009 0.10352514003566192 0.09670730999284062 0.1767862077902054
0 0.9472630173564753 0.05641330166270784 0.0814419225634179 0.11282660332541568
0 0.9903204272363151 0.0498812351543943 0.019359145527369826 0.0997624703087886
0 0.8785046728971962 0.06116389548693587 0.07343124165554073 0.12232779097387174
0 0.859479305740988 0.02494061757719715 0.062082777036048066 0.0498812351543943
0 0.904539385847797 0.010095011876484561 0.050734312416555405 0.020190023752969122
0 0.7686915887850467 0.04809976247030879 0.06742323097463285 0.09619952494061758
0 0.9769692923898531 0.0059382422802850355 0.04606141522029372 0.011876484560570071
0 0.5624165554072096 0.1989311163895487 0.08611481975967958 0.14133016627078385
0 0.6337397607116417 0.4124363177200213 0.0662048420899066 0.15472987212853231
0 0.5992716177864613 0.4039041087100105 0.06350741426776754 0.15337632928059067
0 0.5587449933244326 0.37410926365795727 0.0787716955941255 0.1377672209026128
0 0.5340453938584779 0.3818289786223278 0.029372496662216287 0.14608076009501186
0 0.5380507343124166 0.47090261282660334 0.037383177570093455 0.11520190023752969
0 0.6932696181743632 0.4472815319254807 0.0908375752713225 0.12423936053789876
0 0.7119492656875834 0.5065320665083135 0.10213618157543392 0.06532066508313539
0 0.2570145017252639 0.8659897223939327 0.07360236796115428 0.15756137861832958
0 0.4676234979973298 0.9554631828978623 0.0527369826435247 0.08907363420427554
0 0.3847490467581727 0.8479732533049497 0.09081037441847585 0.12305171208184162
0 0.2889501108444961 0.7377010603121145 0.06059237962285436 0.14252159878419268
0 0.23193464337098738 0.7240468871248108 0.05495271630295562 0.12912567698379615
0 0.1866977577206745 0.734566069952237 0.056478235757528854 0.1375221633721376
0 0.15253671562082777 0.5890736342042755 0.08077436582109479 0.0997624703087886
0 0.13518024032042725 0.5581947743467933 0.09012016021361816 0.03800475059382423
0 0.43825100133511347 0.5552256532066508 0.0514018691588785 0.032066508313539195
0 0.3364485981308411 0.578978622327791 0.07476635514018691 0.07957244655581948
0 0.2890520694259012 0.5754156769596199 0.056074766355140186 0.07244655581947744
0 0.2908740032596136 0.6391469752583684 0.08156091885849402 0.09757193773101897
0 0.22398005306791408 0.5911207501849222 0.07154756772364755 0.09694983376145108
0 0.23798397863818424 0.5534441805225653 0.06074766355140187 0.028503562945368172
0 0.41579608476957386 0.642059511743282 0.08165498599587936 0.1307846209026439
0 0.45767876153515924 0.7343341307617436 0.05194361452065723 0.08505826331577336
0 0.40597768299496667 0.7505917308221529 0.06184816224411647 0.08092977346111323
0 0.3252565830319874 0.7241788256891282 0.057175265047854786 0.08063945827531477
0 0.416387718191247 0.7908605513906093 0.05989989372284079 0.08318064957931358
0 0.4873538751214239 0.8066129001606603 0.05019821654815352 0.1252724164298268
0 0.42481945926671627 0.9320587539249257 0.07416339298724633 0.09474043124122158
0 0.4405172355949983 0.8433225594182976 0.060171902251308244 0.09505713413988379
0 0.5070093457943925 0.7779097387173397 0.024699599465954607 0.0997624703087886
0 0.5060080106809078 0.8557007125890737 0.0267022696929239 0.11757719714964371
0 0.4976635514018692 0.9275534441805225 0.043391188251001335 0.1187648456057007
0 0.507343124165554 0.9774346793349169 0.02403204272363151 0.04513064133016627
0 0.4505203641016419 0.5811972332699004 0.0503908942132372 0.07547412847137477
0 0.6300744606628007 0.8073916649280829 0.10118752952401894 0.22687481093445575
0 0.8171977624523528 0.8740394348019968 0.10486645974379671 0.21287187104959898
0 0.9056898320894331 0.8667627103867277 0.08342304143091737 0.20798177054634936
0 0.9396785525470617 0.8089110266514598 0.08214232965196464 0.21027412026252085
0 0.9646194926568759 0.7345605700712589 0.07076101468624833 0.20783847980997625
0 0.5447263017356475 0.7980997624703088 0.050734312416555405 0.17577197149643706
0 0.594181097709855 0.7592183902330616 0.06838545370795777 0.13351809431139097
0 0.6380647260587862 0.6331523245279043 0.09499138456834001 0.1600761822094649
0 0.5270360480640854 0.578978622327791 0.015353805073431242 0.07957244655581948
0 0.5360480640854473 0.6051068883610451 0.03337783711615487 0.12707838479809977
0 0.6021361815754339 0.5540380047505938 0.044058744993324434 0.029691211401425176
0 0.5587449933244326 0.5671021377672208 0.04539385847797063 0.055819477434679333
0 0.7212917120263994 0.6374693124299606 0.09835636913280227 0.16147119865537782
0 0.7230813188209071 0.7630697335862051 0.07803045748179524 0.14716285769961496
0 0.7900732967442586 0.7049465794354483 0.11899395474396872 0.2184934104312218
0 0.8971260473439969 0.6585660540801184 0.09567367758466457 0.13165556646003898
0 0.8694666513595926 0.7456734764381139 0.11595765210882338 0.17323834830714216
0 0.8848464619492656 0.584916864608076 0.07409879839786382 0.09144893111638955
0 0.9582777036048065 0.5967933491686461 0.08344459279038718 0.11520190023752969
0 0.8334486128736807 0.644732792644498 0.0863006823392944 0.12988728763238536