0 0.12434895833333333 0.5665509259259259 0.08723958333333333 0.1261574074074074
0 0.20930989583333334 0.5972222222222222 0.11393229166666667 0.06481481481481481
0 0.201171875 0.5642361111111112 0.09895833333333333 0.13078703703703703
0 0.17643775817778096 0.47451946779490256 0.09444713412082573 0.18470176183602352
0 0.23984884973706233 0.4455685795540525 0.09392980269081914 0.21122781073055036
0 0.12801723508316973 0.37015825019157683 0.10164271210212987 0.18637793736057043
0 0.32499007472019575 0.3680684851169796 0.1021572751769136 0.18179546846886244
0 0.1024527937954447 0.2554422708364726 0.08122435125489084 0.1548705226303246
0 0.034830729166666664 0.2204861111111111 0.06966145833333333 0.16087962962962962
0 0.36158533633806056 0.5028632259986687 0.08283074306473799 0.18732509077565376
0 0.42296952689095485 0.5158148081140942 0.10126739597445174 0.17364645587908895
0 0.40858944434923794 0.42638592361890837 0.09989984170039978 0.1492937395856115
0 0.6123046875 0.6030092592592593 0.09830729166666667 0.05324074074074074
0 0.5202108044048606 0.5389276114942647 0.1044912530150371 0.15078127215847112
0 0.4973958333333333 0.5896990740740741 0.10026041666666667 0.0798611111111111
0 0.6715494791666666 0.49710648148148145 0.016276041666666668 0.13310185185185186
0 0.5311171540489713 0.32240007416155997 0.09701994949474428 0.16178941737748406
0 0.6036815508150394 0.3936956033548975 0.11099613297125839 0.19514003954332695
0 0.4170124302721911 0.20307900442448534 0.07940493649155093 0.1813022500490078
0 0.46239215216457313 0.23748781498654564 0.08026346440126482 0.16635027522855503
0 0.540618126930874 0.24631969939748655 0.07403430998403238 0.10930718710013973
0 0.5944143635508007 0.24532245703745895 0.08372615897764539 0.15158694335978942
0 0.646484375 0.32002314814814814 0.06640625 0.11921296296296297
0 0.6702473958333334 0.27372685185185186 0.018880208333333332 0.10300925925925926
0 0.6458333333333334 0.2204861111111111 0.06770833333333333 0.11226851851851852
0 0.5939947888392236 0.17576011074821005 0.06317408789374628 0.09350631899709512
0 0.6046244784593832 0.11583627894991866 0.10061912266300806 0.15165571513834822
0 0.4970605881570546 0.16306397403470635 0.10843162266300806 0.15222164399340934
0 0.37142660631437324 0.17274470015731194 0.09050676447285493 0.1832613900010854
0 0.35268104270266293 0.05695482935032544 0.07328090937345344 0.10578780413999575
0 0.2979059249201618 0.21286682687157696 0.0846870458312714 0.140107190761559
0 0.0400390625 0.11516203703703703 0.080078125 0.1400462962962963
0 0.10760672960895053 0.14256066272497103 0.11788463412082573 0.1863995484012072
0 0.17001450960096673 0.19023446706261873 0.0794362877842989 0.2044032374592343
0 0.20352609561031473 0.18722698535594373 0.07108064177199003 0.16337521008283554
0 0.2513020833333333 0.05844907407407408 0.09375 0.11689814814814815
0 0.08984375 0.052083333333333336 0.06901041666666667 0.10416666666666667
0 0.3313930805248188 0.13156928258217584 0.06372000226127798 0.11202483751561364
0 0.9396393286868964 0.45063649269417333 0.08564793268489741 0.12862743816332844
0 0.8986117308807079 0.2761469999465374 0.08482352442315418 0.14473682039118863
0 0.986328125 0.22743055555555555 0.02734375 0.1076388888888889
0 0.9921875 0.16666666666666666 0.015625 0.08564814814814815
0 0.9376465824281457 0.08425908199148864 0.06279323505562277 0.1246619975212516
0 0.9931640625 0.38773148148148145 0.013671875 0.12037037037037036
0 0.6901041666666666 0.46585648148148145 0.020833333333333332 0.15393518518518517
0 0.7584367574997358 0.11347914936160129 0.06858160240445832 0.1447152093505516
0 0.7412109375 0.06018518518518518 0.08919270833333333 0.12037037037037036
0 0.9733072916666666 0.17939814814814814 0.053385416666666664 0.09027777777777778
0 0.9514973958333334 0.03298611111111111 0.07356770833333333 0.06597222222222222
0 0.4357962660647064 0.7584527323210971 0.08745904238256881 0.16802645075310194
0 0.5061848958333334 0.6869212962962963 0.095703125 0.11458333333333333
0 0.330078125 0.6510416666666666 0.07682291666666667 0.04282407407407408
0 0.1162109375 0.6568287037037037 0.06705729166666667 0.05439814814814815
0 0.2060546875 0.6770833333333334 0.076171875 0.09490740740740741
0 0.2760416666666667 0.6510416666666666 0.06770833333333333 0.04282407407407408
0 0.6110026041666666 0.6643518518518519 0.061848958333333336 0.06944444444444445
0 0.03409525266570468 0.8536646120548176 0.05816770409301445 0.12201705754098457
0 0.2314453125 0.6533564814814815 0.07356770833333333 0.047453703703703706
0 0.9218739953157059 0.9344700515158442 0.1097420110620096 0.08648522546079607
0 0.8841145833333334 0.7083333333333334 0.1015625 0.1574074074074074
0 0.9311130844347337 0.7609788115778615 0.1099955897592159 0.2493495447397878