0 0.40294840294840295 0.6031659388646288 0.07985257985257985 0.05349344978165939
0 0.36021267587637124 0.4911250258111311 0.09241513840325111 0.1679578637034928
0 0.29722281530107225 0.5297816745820788 0.06891275925451253 0.15789118517421744
0 0.2163219029613288 0.42412392555416006 0.07449463338517323 0.16122345642781855
0 0.12884336896636758 0.5138460913035774 0.08216947950314295 0.17985862450394466
0 0.03531941031941032 0.3962882096069869 0.07063882063882064 0.14410480349344978
0 0.023955773955773956 0.5005458515283843 0.04791154791154791 0.1648471615720524
0 0.21222358722358722 0.5573144104803494 0.11117936117936118 0.14519650655021835
0 0.17905405405405406 0.5933406113537117 0.0988943488943489 0.07314410480349345
0 0.016584766584766583 0.3094978165938865 0.033169533169533166 0.14519650655021835
0 0.012592137592137592 0.21179039301310043 0.025184275184275184 0.1462882096069869
0 0.09564662006877649 0.3087738632754641 0.06808403423064124 0.14478439715040642
0 0.1479985419064174 0.3382502097424314 0.06450576774994789 0.1512965074354874
0 0.5251842751842751 0.6102620087336245 0.07985257985257985 0.039301310043668124
0 0.6443488943488943 0.6020742358078602 0.056511056511056514 0.055676855895196505
0 0.5405521363214945 0.5082761633268744 0.06835870036299273 0.1240483904143921
0 0.5873311204622089 0.5404246053524677 0.05551962918646091 0.09007856880279928
0 0.42326837804797224 0.46720954397785325 0.06241936888296479 0.09888205802541981
0 0.44807167314184027 0.5095036923808605 0.06378427993088721 0.14473993775228772
0 0.4890656084894162 0.5197545598451989 0.06257365156985438 0.14581893812387953
0 0.5457601203019732 0.4340816391934369 0.056623020342683406 0.082449350090596
0 0.6046990066554211 0.4739990294681778 0.05327710113907885 0.10315360011366836
0 0.5517455740173259 0.312398032090567 0.05891259387214472 0.10976098053757516
0 0.5777228284905357 0.30174775791159336 0.04974115351364792 0.0747375639247439
0 0.5952567035446351 0.3565234510276727 0.06529402041206557 0.0869050811139076
0 0.6482431121774034 0.34724433897935625 0.05705196916192449 0.10865022345304141
0 0.6593980343980343 0.3586244541484716 0.041154791154791155 0.10807860262008734
0 0.4393424382362802 0.23589552279468629 0.048416714827479106 0.10637789854326705
0 0.41440417338964486 0.14555691287997988 0.0432703626363854 0.09213494806456879
0 0.3519838812599257 0.18694917063543728 0.0843113434660403 0.12312182226492141
0 0.46380614884824917 0.2989320292762962 0.049394995911423156 0.09110675843368397
0 0.4230219612834772 0.35092093873294233 0.08142539218979705 0.09689554353212249
0 0.4021562365131793 0.4058455244656323 0.07986860622653916 0.11434373841265424
0 0.33723241326427755 0.3374771656177309 0.10463523233871574 0.12660652574064363
0 0.18442370669545863 0.3085999292227163 0.06819127143545158 0.15133461549101776
0 0.13521689271235277 0.23711842044051284 0.10631712837425236 0.11680025225749166
0 0.12780027992591989 0.1835392275339103 0.09446763802880678 0.10576254618062689
0 0.2146485369326712 0.2073668823735999 0.06510871861705603 0.1130996031337647
0 0.26257467115152455 0.18820845640236525 0.05924087860690137 0.09230008297186659
0 0.28060149012765834 0.11905997421874216 0.0551198529818307 0.10317265414143356
0 0.229108389175254 0.09341411546434726 0.056187498403116695 0.09336002931569327
0 0.17774039829512844 0.060126335312572464 0.043777376045825676 0.08559108106654578
0 0.12807125307125308 0.04148471615720524 0.05835380835380835 0.08296943231441048
0 0.07678132678132678 0.034934497816593885 0.04791154791154791 0.06986899563318777
0 0.023034398034398034 0.01910480349344978 0.04606879606879607 0.03820960698689956
0 0.027702392610763196 0.06840193523192498 0.05381986028345605 0.09879313922918254
0 0.014742014742014743 0.0665938864628821 0.029484029484029485 0.0982532751091703
0 0.3581367639028198 0.09256449129436978 0.07497247418000264 0.11538463072871581
0 0.37754164016752756 0.0518193426144944 0.06086915604003254 0.07921870031840901
0 0.3896982558200984 0.041026163227282204 0.054279828210817206 0.051862610473311255
0 0.4806896211263062 0.14951796704983053 0.07079782995252679 0.12298209272797704
0 0.48006222427140377 0.07526310516180337 0.04975902638111631 0.07582926698151253
0 0.5535074915296149 0.11096293976029696 0.0509809544892919 0.1129535222542319
0 0.5942822258407534 0.2096544575080654 0.06193022834099262 0.10651762808021141
0 0.6329419054901969 0.2499081050057741 0.04384886751569924 0.08995789329361999
0 0.6646191646191646 0.22161572052401746 0.030712530712530713 0.08733624454148471
0 0.6459766549621264 0.14795136903579886 0.03774210710812988 0.09207778598127336
0 0.269041769041769 0.03766375545851528 0.052825552825552825 0.07532751091703056
0 0.3264742014742015 0.018013100436681223 0.060810810810810814 0.036026200873362446
0 0.7076167076167076 0.49945414847161573 0.05528255528255528 0.12554585152838427
0 0.7176848571226981 0.4241245536859399 0.07014783360333954 0.12079233527185161
0 0.766871028498072 0.3280010622125219 0.09148574929489567 0.11118930475152787
0 0.6925675675675675 0.2827510917030568 0.025184275184275184 0.11135371179039301
0 0.6947174447174447 0.19541484716157206 0.029484029484029485 0.12008733624454149
0 0.7138616139441634 0.20734528080632045 0.04599545810541343 0.10853589928645067
0 0.7575124398510568 0.224174947652918 0.05943748014905345 0.10430881659632067
0 0.825589384141473 0.19376005821973577 0.06411256466564366 0.1272790401865791
0 0.7042383292383292 0.12063318777292577 0.048525798525798525 0.0927947598253275
0 0.7647174583611767 0.10304989476360912 0.06312298383455714 0.10434692465185104
0 0.8209459459459459 0.05403930131004367 0.055896805896805894 0.10807860262008734
0 0.9634942969143071 0.17607795546608287 0.07277226498788328 0.09353151556557945
0 0.8608722358722358 0.05895196506550218 0.06326781326781326 0.11790393013100436
0 0.703009828009828 0.047489082969432314 0.04606879606879607 0.09497816593886463
0 0.7383964095991505 0.05964816494736237 0.05371262307864578 0.09224292088857122
0 0.5901582096893314 0.8304982316524039 0.06288406343714237 0.12726633750140223
0 0.4999137014367333 0.8077273474852468 0.07540799611956936 0.10447395150361853
0 0.5211916461916462 0.6681222707423581 0.09275184275184276 0.07641921397379912
0 0.12348202554575406 0.7787216285015993 0.09061470541576196 0.1330106632017223
0 0.02027027027027027 0.7156113537117904 0.04054054054054054 0.09497816593886463
0 0.1821253071253071 0.6539301310043668 0.057125307125307126 0.048034934497816595
0 0.14772727272727273 0.6850436681222707 0.060810810810810814 0.11026200873362445
0 0.02764127764127764 0.6582969432314411 0.05528255528255528 0.056768558951965066
0 0.7488225332744078 0.7674888504755765 0.07785842545624604 0.14161090946151497