0 0.552972972972973 0.33605769230769234 0.05405405405405406 0.10288461538461538
0 0.5659459459459459 0.48509615384615384 0.02810810810810811 0.04903846153846154
0 0.37556359624214974 0.09201056599000988 0.055259335207824486 0.11227508978800803
0 0.07891891891891892 0.01971153846153846 0.043243243243243246 0.03942307692307692
0 0.16776390859996562 0.30373914448568434 0.04516785864053479 0.0891516468894891
0 0.01054054054054054 0.42596153846153845 0.02108108108108108 0.05384615384615385
0 0.01108108108108108 0.48125 0.02216216216216216 0.05480769230769231
0 0.033692046706740045 0.25577172932694797 0.05390093225193104 0.06221908655005607
0 0.10193962820939834 0.23836490977760938 0.054168310349257905 0.07856524039620992
0 0.11086559873285935 0.28920495834688803 0.03705975053242668 0.0883115983202104
0 0.1355309698826287 0.2960800287506229 0.037106934902543236 0.0911962137048258
0 0.1437837837837838 0.48365384615384616 0.043243243243243246 0.051923076923076926
0 0.15014255985925076 0.38110595423429067 0.04531519609677112 0.0651691885889796
0 0.17532985125324516 0.4033936416416169 0.04143704357275424 0.05900793515408531
0 0.4288619850630742 0.4143025464754219 0.044385611903525066 0.10730887118281596
0 0.4111127316195826 0.45085997484659557 0.06502630553018526 0.08256992053986341
0 0.30361132637407984 0.24582058069110826 0.04971237669206956 0.10306121125464271
0 0.2913817346311976 0.35590295804282024 0.05080918589652282 0.10413475619208507
0 0.3213444940385665 0.38972436528042986 0.054341319706351796 0.089142163473133
0 0.3306301316837881 0.4295627247799681 0.06531519609677112 0.06724130839319986
0 0.32681407919611594 0.47668285110353076 0.060880774908841515 0.06006251325881548
0 0.994054054054054 0.028846153846153848 0.011891891891891892 0.057692307692307696
0 0.9774795351206113 0.17052255711324144 0.035831331995109274 0.11218205014481643
0 0.9516772220008142 0.20960532153052108 0.0449948492834409 0.07857472381256601
0 0.9273164695410028 0.18836317744166117 0.04260670904818162 0.09752547685357582
0 0.9142842887046285 0.11741956774518081 0.056246047548672344 0.10661786549468104
0 0.8702786862793462 0.19829221883414366 0.05699105369305127 0.1191738687326331
0 0.8497310941342636 0.14624810064889912 0.04253801220880632 0.1263156274617776
0 0.7862540087562373 0.15838971857057407 0.03843388161169232 0.1393291400197007
0 0.7611259252256442 0.2057015631488825 0.07887010963451438 0.10416230918096885
0 0.7515762564575503 0.26518642308574336 0.07413685410251354 0.07871428327735369
0 0.693618377978622 0.21886546447822589 0.05948929079191559 0.10695388492239252
0 0.6357018995239232 0.20806542570967942 0.07311290116903439 0.11508473510195927
0 0.6597733066156375 0.11264865643547199 0.07437277595309628 0.0931373602004306
0 0.5932432432432433 0.4908653846153846 0.026486486486486487 0.0375
0 0.6350645528717176 0.35054586943940563 0.06718846769234743 0.0827939334916712
0 0.6354054054054054 0.4528846153846154 0.04054054054054054 0.11346153846153846
0 0.6701901990308785 0.4525757625001161 0.04120528115377031 0.11081900560125833
0 0.6789189189189189 0.4971153846153846 0.05189189189189189 0.025
0 0.7432432432432432 0.4740384615384615 0.04 0.07115384615384615
0 0.7187895835936113 0.42161436484604736 0.037993494157271435 0.11240606309662378
0 0.6975098212545788 0.37429393411156714 0.062370787197599115 0.08517451973471937
0 0.7538626186924019 0.37197319555446445 0.04415547439882913 0.06024948980538319
0 0.7837761140138549 0.3697929137223338 0.035359488293944266 0.08333589629866235
0 0.8162006823846012 0.372672338768679 0.03251523248089192 0.07440203395505679
0 0.8555620684737403 0.4367447225094183 0.04088077490884152 0.05799039345459501
0 0.8472972972972973 0.49759615384615385 0.044864864864864865 0.02403846153846154
0 0.894054054054054 0.4798076923076923 0.032432432432432434 0.05961538461538462
0 0.8798872052552088 0.38982964230495115 0.0357270194773908 0.07281497645969134
0 0.8390714225556551 0.36880247638163505 0.031833138830001974 0.06569218456325879
0 0.8963310244588101 0.2734645216260853 0.043882311955615455 0.07653964041358519
0 0.9434660686336429 0.2519504988735454 0.04860562371013067 0.06838982340130625
0 0.9775675675675676 0.41009615384615383 0.044864864864864865 0.06634615384615385
0 0.98 0.44759615384615387 0.04 0.06057692307692308
0 0.9624324324324325 0.4841346153846154 0.0372972972972973 0.05096153846153846
0 0.9437837837837838 0.47836538461538464 0.036756756756756756 0.0625
0 0.9378421915611939 0.45246875313964663 0.03620464752444261 0.06902482585148934
0 0.9156756756756756 0.4793269230769231 0.02810810810810811 0.06057692307692308
0 0.9902702702702703 0.48990384615384613 0.01945945945945946 0.03942307692307692
0 0.33069340183290946 0.5991575150574246 0.06254379655469289 0.09575144281164245
0 0.5689189189189189 0.5581730769230769 0.02216216216216216 0.09134615384615384
0 0.5551351351351351 0.68125 0.04972972972972973 0.10865384615384616
0 0.5556756756756757 0.9774038461538461 0.04864864864864865 0.04519230769230769
0 0.4845945945945946 0.9774038461538461 0.03513513513513514 0.04519230769230769
0 0.5167567567567568 0.9807692307692307 0.03567567567567568 0.038461538461538464
0 0.5643243243243243 0.8038461538461539 0.03135135135135135 0.09423076923076923
0 0.43717039934342183 0.708579835527787 0.060082800048459485 0.07725819909060411
0 0.3724554064521039 0.8429815878679044 0.05636192875816443 0.08071233027109463
0 0.5356050934122581 0.8046901090478467 0.050777729649778454 0.10221167926900815
0 0.3372972972972973 0.9716346153846154 0.03783783783783784 0.05673076923076923
0 0.25911119766559687 0.9075512091144077 0.05328175109452958 0.05735539100441193
0 0.2833982813972902 0.9407845823535225 0.04902033926369399 0.060753518946950615
0 0.20621621621621622 0.9884615384615385 0.044864864864864865 0.023076923076923078
0 0.09216216216216216 0.9759615384615384 0.04162162162162162 0.04807692307692308
0 0.1426424218724033 0.6161508465506707 0.04920329239827332 0.10492828493976779
0 0.06240152813307802 0.5766403689527644 0.040051343801715246 0.07326300236330649
0 0.15062805196798873 0.7249679607101945 0.06017716878869259 0.08302742985983487
0 0.17949237725661638 0.8565862748349677 0.03246804811077549 0.0715174185704414
0 0.146792566726857 0.8368799267116995 0.04892597052346102 0.054984288177719845
0 0.258933574075393 0.6987526131575038 0.03575269137824848 0.10737435783712411
0 0.2844962607145201 0.7110001499566282 0.035941428858714555 0.11891281937558565
0 0.335589365288886 0.7830073725441025 0.06985971414830576 0.08115087275835392
0 0.3165504057288764 0.7407186470691224 0.05568977888475987 0.10560032379519052
0 0.3559201106812129 0.9372593255503615 0.052562416851008466 0.07935876914389287
0 0.17991414441472162 0.8988659655236841 0.03701835050819694 0.05279067848123938
0 0.056791754269713016 0.87699061350501 0.04048178747865056 0.0665882363704891
0 0.008108108108108109 0.6567307692307692 0.016216216216216217 0.06923076923076923
0 0.06243243243243243 0.9918269230769231 0.036216216216216214 0.016346153846153847
0 0.012162162162162163 0.9764423076923077 0.024324324324324326 0.047115384615384615
0 0.026576532431245355 0.8772198167950878 0.028033626922845948 0.06433862343605702
0 0.848257980081655 0.6807842221155338 0.05618313505518386 0.10277171164852719
0 0.900310857837356 0.6300225394348208 0.055809819525850526 0.1459289359418542
0 0.8791429144220954 0.8039727030382686 0.044605805630735386 0.12077040964435454
0 0.9701805157631472 0.7447712551090686 0.047666095739399235 0.07693166307924862
0 0.9789189189189189 0.69375 0.04216216216216216 0.07403846153846154
0 0.9856756756756757 0.6413461538461539 0.028648648648648647 0.11538461538461539
0 0.9462303194253004 0.6496586591956031 0.04939781422462614 0.08383044202387359
0 0.9712922406338286 0.7962415644203524 0.05696538179219371 0.08461448735520033
0 0.9096677268392637 0.8061753475210128 0.0318902669776039 0.10217464286376828
0 0.9328766216628191 0.8229785620570459 0.034803219630031544 0.08231835459917206
0 0.9644101136916059 0.9198367417633767 0.03364349793208955 0.07739865581557585
0 0.8453231573043358 0.9137380277949811 0.05914327207772806 0.08580003876854636
0 0.8589189189189189 0.9764423076923077 0.04756756756756757 0.047115384615384615
0 0.8110810810810811 0.989423076923077 0.053513513513513515 0.021153846153846155
0 0.9410810810810811 0.9615384615384616 0.04216216216216216 0.07692307692307693
0 0.9034763700667611 0.8895259175743016 0.0490931955346681 0.09819751570899855
0 0.9320277578022333 0.9030430106436997 0.03481894775340373 0.08327989306071051
0 0.5902702702702702 0.7134615384615385 0.02054054054054054 0.12307692307692308