0 0.22630173564753003 0.332541567695962 0.0787716955941255 0.09263657957244656
0 0.28067895287041517 0.16851933358782645 0.0837201063225773 0.18491465507994606
0 0.45927903871829107 0.1834916864608076 0.0814419225634179 0.15558194774346792
0 0.4753004005340454 0.3176959619952494 0.049399198931909215 0.12232779097387174
0 0.13567503045747736 0.19436204160928938 0.09148919176304592 0.1386861892694265
0 0.40016949694161674 0.08238293577115945 0.10525145580549633 0.1257671565212435
0 0.32029156405596065 0.08855304344622968 0.08605549144397583 0.13388031915245785
0 0.25734312416555405 0.04631828978622328 0.07543391188251002 0.09263657957244656
0 0.2246328437917223 0.040380047505938245 0.07276368491321762 0.08076009501187649
0 0.20861148197596796 0.016033254156769598 0.08744993324432576 0.032066508313539195
0 0.3411214953271028 0.030285035629453682 0.0814419225634179 0.060570071258907364
0 0.12182910547396529 0.014251781472684086 0.08477970627503338 0.028503562945368172
0 0.1041388518024032 0.05641330166270784 0.0774365821094793 0.11282660332541568
0 0.06542056074766354 0.0665083135391924 0.07076101468624833 0.1330166270783848
0 0.0260347129506008 0.06353919239904988 0.0520694259012016 0.12707838479809977
0 0.015020026702269693 0.040973871733966744 0.030040053404539385 0.08194774346793349
0 0.5166889185580774 0.3176959619952494 0.03337783711615487 0.12232779097387174
0 0.5964714498121195 0.23851764644203405 0.0740013264081127 0.16581554627073783
0 0.6822429906542056 0.3182897862232779 0.0814419225634179 0.12114014251781473
0 0.7980036512083309 0.23999391175924478 0.07830123808243315 0.1468615377299737
0 0.8227636849132176 0.32660332541567694 0.09946595460614152 0.10451306413301663
0 0.5881174899866488 0.34560570071258906 0.11481975967957277 0.0665083135391924
0 0.8497721533264202 0.15277735922263955 0.08564436224798722 0.14693754263249229
0 0.8694926568758344 0.060570071258907364 0.09012016021361816 0.12114014251781473
0 0.9656208277703605 0.0332541567695962 0.06875834445927904 0.0665083135391924
0 0.9769692923898531 0.11460807600950118 0.04606141522029372 0.13182897862232779
0 0.9367336065499305 0.12575430820064584 0.05882553457945657 0.14072291888850383
0 0.7373397051933186 0.13434887138184556 0.06766695339550632 0.14912628205660647
0 0.678497225730303 0.15692495227075123 0.06382479410741707 0.15739836402945004
0 0.5143524699599465 0.12410926365795724 0.02870493991989319 0.12232779097387174
0 0.6415378966304912 0.11871676626637942 0.0671392662239111 0.15624526325635602
0 0.7009345794392523 0.052256532066508314 0.11214953271028037 0.10451306413301663
0 0.7136181575433912 0.021377672209026127 0.09879839786381843 0.04275534441805225
0 0.6181575433911882 0.030285035629453682 0.06675567423230974 0.060570071258907364
0 0.5684245660881175 0.010688836104513063 0.06074766355140187 0.021377672209026127
0 0.04739652870493992 0.9020190023752969 0.09479305740987984 0.13895486935866982
0 0.32690566206119104 0.7976305973177736 0.10516668894120637 0.15545145838607616
0 0.4075666461880445 0.8365738571313881 0.12241508578219566 0.184127759746259
0 0.489652870493992 0.8254156769596199 0.02069425901201602 0.22802850356294538
0 0.4576101468624833 0.7315914489311164 0.08477970627503338 0.1543942992874109
0 0.472630173564753 0.6193586698337292 0.05473965287049399 0.13657957244655583
0 0.48297730307076103 0.47802850356294535 0.03404539385847797 0.16033254156769597
0 0.44492656875834447 0.45486935866983375 0.08210947930574099 0.15201900237529692
0 0.4242323097463284 0.4180522565320665 0.0794392523364486 0.07838479809976247
0 0.41688918558077437 0.38895486935866985 0.08477970627503338 0.020190023752969122
0 0.3484646194926569 0.4471496437054632 0.09612817089452604 0.13657957244655583
0 0.31306394853811276 0.4997346661769461 0.08283426570796694 0.13978401374977978
0 0.2836511812483844 0.5700961256211979 0.07096659343307458 0.18122042851651599
0 0.2401010515896315 0.5616413368475847 0.08470554588040355 0.16711374731227624
0 0.1862483311081442 0.4483372921615202 0.08411214953271028 0.13895486935866982
0 0.07028097173513241 0.5936779400032582 0.09574248024712363 0.11735688381654849
0 0.045750905997757635 0.6533021965868491 0.06918008012492778 0.12420639308918713
0 0.015353805073431242 0.6033254156769596 0.030707610146862484 0.1496437054631829
0 0.06845102566694018 0.49989171442601393 0.08462713157884433 0.12911590625504452
0 0.7589049302945232 0.9136074449083669 0.07052367312576947 0.15865510785143283
0 0.9622236449988814 0.8580696747982488 0.05770022545090259 0.15139793591983175
0 0.9379648530355992 0.7508604162204967 0.07051519360957396 0.12422021216237214
0 0.7547639741767862 0.7165407156420147 0.0654163351383979 0.17047631611926228
0 0.6133786380936523 0.6770385752022683 0.05951005035417068 0.2095996198032176
0 0.8990272287806718 0.6604267910642833 0.06967810313867097 0.18358190635544483
0 0.9388401013293812 0.6552650798127965 0.05496006369624633 0.14780735240529042
0 0.9642857142857143 0.6128266033254157 0.07142857142857142 0.1377672209026128
0 0.8687667786992121 0.6209618612379286 0.07107467189248583 0.15272377510774032
0 0.8311748602497591 0.5809791120860639 0.08982771594670091 0.12204529181144311
0 0.8153919176200484 0.5009924892536232 0.08537945518545723 0.09943851392680464
0 0.6583931584869511 0.6278889590888204 0.06831119854270798 0.14794554313714212
0 0.6860512035798494 0.5789189909267799 0.08154577541356348 0.1421454915887088
0 0.7076355429645735 0.5163567061177131 0.08342340814873067 0.10179308222914085
0 0.5287049399198932 0.6745843230403801 0.05740987983978638 0.16152019002375298
0 0.6548731642189586 0.4020190023752969 0.0534045393858478 0.04631828978622328
0 0.7513351134846462 0.3996437054631829 0.0527369826435247 0.04156769596199525
0 0.7039385847797063 0.41270783847980996 0.06074766355140187 0.06769596199524941
0 0.5781041388518025 0.39548693586698336 0.06008010680907877 0.0332541567695962
0 0.9833110814419226 0.4833729216152019 0.03337783711615487 0.1163895486935867
0 0.8564753004005341 0.40498812351543945 0.0520694259012016 0.052256532066508314
0 0.8995327102803738 0.3996437054631829 0.0540720961281709 0.04156769596199525
0 0.9345794392523364 0.39489311163895485 0.06275033377837116 0.032066508313539195