0 0.3991970719990343 0.1638994643669707 0.051185815699607846 0.12106783313623778
0 0.4254361479474221 0.16165500584032896 0.04430384619712664 0.12432433473953326
0 0.24483491510491026 0.33018591785056195 0.09434904104433892 0.1765531988714815
0 0.2188002720053625 0.25806315184465856 0.05676692921775933 0.13001054340151294
0 0.27991077866790415 0.20019097925895152 0.06421896722712171 0.10836942357891995
0 0.3179665276190242 0.2088879788633175 0.08104266726686031 0.14748256665975773
0 0.17145675464478047 0.09693255179053954 0.05793117407710677 0.09692681064842143
0 0.31671742146149556 0.1235500436907029 0.08224709186884936 0.12054134004917227
0 0.021408839779005526 0.2616707616707617 0.04281767955801105 0.14496314496314497
0 0.1366295216475327 0.1593170226063616 0.051201887596664684 0.12352483559324025
0 0.10514660009986823 0.15205522286664963 0.04766848943734769 0.11102532226712393
0 0.06460164245948638 0.18529886586420877 0.06152082387612213 0.11802583257404649
0 0.8537909439917405 0.3469734688499944 0.09264638763359073 0.12732734931499073
0 0.9475138121546961 0.38267813267813267 0.08977900552486189 0.15356265356265356
0 0.9858425414364641 0.40663390663390664 0.028314917127071824 0.10565110565110565
0 0.8646593750681246 0.21295178201785725 0.08777998969583097 0.12211304294344
0 0.8079612352514899 0.2060273386497041 0.06459665680795523 0.16610898131847768
0 0.7706320138842375 0.14996869143570957 0.05055145960449982 0.12962444152752564
0 0.7442166309068589 0.2308801287946508 0.09268656737623265 0.13346985545749687
0 0.708220893156683 0.2730586796525339 0.08636663043210405 0.11711323761299358
0 0.6962158592021674 0.3389414485110737 0.08643091802033107 0.12694124744100327
0 0.6800343092867485 0.24162660491594393 0.055827207078573214 0.09188410510975412
0 0.6302301928953874 0.23243040762283065 0.07502006041828169 0.17658049426979974
0 0.5850112162432931 0.18485037078863364 0.06578500951288752 0.1367107522508897
0 0.6042817679558011 0.39373464373464373 0.0856353591160221 0.13144963144963145
0 0.5459254143646409 0.43611793611793614 0.08632596685082873 0.04668304668304668
0 0.5407458563535912 0.4011056511056511 0.07320441988950276 0.1167076167076167
0 0.49205801104972374 0.4176904176904177 0.07113259668508287 0.08353808353808354
0 0.4789364640883978 0.378992628992629 0.05870165745856354 0.16093366093366093
0 0.5072462482987421 0.3371611419459545 0.061055222700109976 0.15238096676386012
0 0.5566729170285865 0.3414647844291733 0.09129731595809099 0.13215555381255387
0 0.5731709192336093 0.2759174148314487 0.07399997879381173 0.1261690436930285
0 0.549798499636 0.24111378556605986 0.07061926365653393 0.13701105370843553
0 0.5250529005173061 0.20762445794561402 0.06524708480011994 0.1600093753841923
0 0.46374309392265195 0.3581081081081081 0.028314917127071824 0.17076167076167076
0 0.47341160220994477 0.18488943488943488 0.04765193370165746 0.1511056511056511
0 0.5290055248618785 0.03746928746928747 0.07734806629834254 0.07493857493857493
0 0.5953038674033149 0.05098280098280098 0.07734806629834254 0.10196560196560196
0 0.9703500004747548 0.10499379860049955 0.04969209695059739 0.10378301552077894
0 0.993439226519337 0.1246928746928747 0.013121546961325966 0.09950859950859951
0 0.93999516201806 0.058948409746557316 0.0815002324943443 0.11189893124144284
0 0.9171932947659653 0.11136836770475583 0.07515618770463059 0.09185680971143588
0 0.8657347406550263 0.06048892905904245 0.07313258019138089 0.09909911645778072
0 0.8080110497237569 0.03992628992628992 0.0649171270718232 0.07985257985257985
0 0.42023480662983426 0.9514742014742015 0.05870165745856354 0.09705159705159705
0 0.42955801104972374 0.9078624078624079 0.04005524861878453 0.1375921375921376
0 0.401871833262399 0.8535936444630702 0.07958912826049178 0.1363402551868049
0 0.4409530386740331 0.6259213759213759 0.017265193370165747 0.09950859950859951
0 0.38188743899264566 0.6502064955395778 0.0772681906516924 0.0981280164786044
0 0.32488064091561875 0.754525763663117 0.07891459242274167 0.1387543574355866
0 0.1707066030539613 0.7911409872274974 0.06914965275310864 0.12341173977848036
0 0.0608919372711788 0.7967336191061066 0.09889400104096376 0.13262745610298296
0 0.04005524861878453 0.49447174447174447 0.06767955801104972 0.07002457002457002
0 0.35497237569060774 0.4907862407862408 0.06077348066298342 0.06265356265356266
0 0.04401125983379119 0.5925391686313699 0.06212303617711673 0.10455521926875372
0 0.38744894647811007 0.7610855552613932 0.09059063632622767 0.12965565114733066
0 0.3383977900552486 0.9539312039312039 0.08287292817679558 0.09213759213759214
0 0.369475138121547 0.980958230958231 0.05939226519337017 0.038083538083538086
0 0.791543350612434 0.6904097578226269 0.0666283002697332 0.16009517580063393
0 0.8231061478067488 0.6042625639880247 0.07543744590312358 0.13485435270897886
0 0.7949155459625499 0.5722162386371841 0.061601183361405895 0.13031084485905878
0 0.4821867633488081 0.6094633007744835 0.05974633076725207 0.16335167740392942
0 0.45752762430939226 0.6007371007371007 0.015883977900552487 0.14250614250614252
0 0.913969038705674 0.5531451910483309 0.06016371625209404 0.12162553584310853
0 0.5823972084325247 0.6142992816389756 0.06553589510850795 0.09862721416735161
0 0.6251867621706865 0.6073397144295304 0.051065276471682235 0.10264031470871936
0 0.6049723756906077 0.5147420147420148 0.049723756906077346 0.11056511056511056
0 0.569060773480663 0.5104422604422605 0.05662983425414365 0.10196560196560196
0 0.5183871758671408 0.5457645283137186 0.06348817974967316 0.10218401722819291
0 0.5227239269599783 0.6278381594780864 0.06498189849868362 0.11946883484365174