0 0.24458483754512636 0.4555674518201285 0.07521058965102287 0.10813704496788008
0 0.06407942238267147 0.4732334047109208 0.11010830324909747 0.0728051391862955
0 0.3742478941034898 0.4737687366167024 0.08182912154031288 0.07173447537473233
0 0.13959114437006323 0.41394049361508356 0.0944977063568257 0.11625737664534866
0 0.2117145278676123 0.41576808354798855 0.07717140021823923 0.12302934399833454
0 0.2708418252217665 0.32986398847075793 0.06719892993164928 0.17504331118206057
0 0.3005726970119498 0.33184244105255656 0.0649386876126351 0.14713129215093984
0 0.3155471009597685 0.29858911535605404 0.07840978412707021 0.12522051157511319
0 0.1715366816669685 0.2804799740341414 0.10256470900143405 0.13157062970597203
0 0.1954123951056526 0.3463622832185572 0.07307108927318619 0.0929012374136094
0 0.1480175516245907 0.22956203823478377 0.07742294019130176 0.10164098774389731
0 0.39444658148147316 0.29050661123980365 0.07603805973265208 0.12726215929093515
0 0.4076965225643739 0.36271367098227325 0.0695245712666059 0.13341202241522726
0 0.44217959676199703 0.36824008708993444 0.06325618412146168 0.15455117890140393
0 0.4717208182912154 0.36616702355460384 0.036101083032490974 0.14346895074946467
0 0.4822503008423586 0.3426124197002141 0.015042117930204572 0.10706638115631692
0 0.48104693140794225 0.0658458244111349 0.017448856799037304 0.07815845824411134
0 0.47081829121540314 0.0835117773019272 0.03790613718411552 0.08565310492505353
0 0.4789410348977136 0.13704496788008566 0.021660649819494584 0.07922912205567452
0 0.4723225030084236 0.17880085653104924 0.03489771359807461 0.07066381156316917
0 0.41638231905093065 0.14408643362036513 0.05783639173370127 0.08050093606576258
0 0.3582391525536345 0.041105585875587665 0.05725221425370039 0.08154667990049973
0 0.3011205575454319 0.07770930566726038 0.05726328283874729 0.11899499332838455
0 0.3721935068105437 0.1437767242939555 0.04412019389836419 0.08742242327970506
0 0.27075812274368233 0.026231263383297645 0.04332129963898917 0.05246252676659529
0 0.20566830864834187 0.05009945952990625 0.07409938633552951 0.08224443925162987
0 0.20434329291311135 0.11274575249476466 0.08553139596248499 0.0827179188113254
0 0.24864268286926544 0.08790732223785287 0.058245496841629114 0.06874855411539388
0 0.17681873112351387 0.1780820601689022 0.09015229409087039 0.07113997669873914
0 0.032490974729241874 0.284796573875803 0.06498194945848375 0.14346895074946467
0 0.06988054028103995 0.2461724728783004 0.08196093206653726 0.1585356896177017
0 0.09244834710923343 0.171412010703116 0.07241688284435609 0.08966432600209386
0 0.17689530685920576 0.027837259100642397 0.04332129963898917 0.055674518201284794
0 0.13567990373044525 0.019271948608137045 0.05114320096269555 0.03854389721627409
0 0.10415312951970834 0.06232845421182407 0.10287520933827861 0.07701661526990257
0 0.22653429602888087 0.016595289079229122 0.04753309265944645 0.033190578158458245
0 0.10318892900120337 0.024089935760171308 0.06438026474127558 0.048179871520342615
0 0.9810469314079422 0.3035331905781585 0.03790613718411552 0.10599571734475374
0 0.9042716508586077 0.25177006814860714 0.04526460296899824 0.1206379214149894
0 0.7960918567812227 0.30386282362662304 0.07331619059408816 0.10789053077549375
0 0.7049334027981029 0.28944937530761294 0.05940741314947074 0.10303471606224132
0 0.7401167664840177 0.25214923895274727 0.07004515844993797 0.09170597371791596
0 0.8063242225470117 0.17451141464610906 0.05652797887604136 0.0740271132427314
0 0.8770364647301003 0.15232382874932102 0.06066974294766942 0.06991889783426128
0 0.5159446450060169 0.360813704496788 0.052346570397111915 0.10706638115631692
0 0.5779023642258236 0.3177143023781104 0.05787140620811588 0.08264226368888905
0 0.5908169547228753 0.24495855554948795 0.061943141330914865 0.07425139303416614
0 0.5221755945756007 0.2692002491505111 0.05620640995414969 0.09113281425091618
0 0.5543385617307908 0.21437121977739662 0.04341346575791218 0.08097352043349997
0 0.5724407205990213 0.15530982270766075 0.056492964401626614 0.07188578561960506
0 0.6015952641681703 0.1006053932186766 0.05535962391603946 0.07611860091220567
0 0.6590920734956033 0.1511860141389239 0.06856167322020487 0.07452551277925294
0 0.7012635379061372 0.030513918629550323 0.057160048134777375 0.061027837259100645
0 0.776173285198556 0.018201284796573874 0.05054151624548736 0.03640256959314775
0 0.9748116418832364 0.056259544662716036 0.046012784236025256 0.09285050226799912
0 0.5803249097472925 0.024089935760171308 0.040312876052948254 0.048179871520342615
0 0.5367027677496992 0.010706638115631691 0.036101083032490974 0.021413276231263382
0 0.21464778632476778 0.7684779447195327 0.08476570745825095 0.10943467414675233
0 0.21961492178098677 0.5460385438972163 0.07460890493381468 0.0728051391862955
0 0.43742478941034896 0.5487152034261242 0.05535499398315283 0.07815845824411134
0 0.394705174488568 0.5224839400428265 0.05776173285198556 0.02569593147751606
0 0.47442839951865223 0.5449678800856531 0.030685920577617327 0.07066381156316917
0 0.7641395908543923 0.9502141327623126 0.05054151624548736 0.09957173447537473
0 0.6332731648616126 0.9855460385438972 0.05836341756919374 0.028907922912205567
0 0.597754632432911 0.8313921637847721 0.08605017442654342 0.15121548277454208
0 0.6459354928690272 0.7898089245876748 0.09053101465727038 0.13107223016945058
0 0.7527075812274369 0.5364025695931478 0.04693140794223827 0.05353319057815846
0 0.5228640192539109 0.55406852248394 0.052948255114320095 0.08886509635974305