0 0.3633373205741627 0.05585106382978723 0.012559808612440191 0.052127659574468084
0 0.35496411483253587 0.023404255319148935 0.02930622009569378 0.04680851063829787
0 0.2610645933014354 0.032446808510638296 0.04007177033492823 0.06489361702127659
0 0.24491626794258373 0.014893617021276596 0.049641148325358854 0.029787234042553193
0 0.34220436495066153 0.10951028801617853 0.05385725654073033 0.05171477082649749
0 0.31700035428115214 0.13328824657936503 0.06459495047102466 0.05165449425957694
0 0.3376121965645997 0.17040173599871555 0.05727863543350142 0.04566630984319771
0 0.29977218469196937 0.18447036769532185 0.061966651865235596 0.0652055167101991
0 0.23949326874689192 0.2998906411830554 0.05124371060722016 0.08861429563958445
0 0.21923205955448055 0.3753178355786589 0.07027104135232123 0.08614307110453913
0 0.19878895983614997 0.4805880169734996 0.05134203220631926 0.11515428736375154
0 0.011363636363636364 0.5420212765957447 0.022727272727272728 0.07553191489361702
0 0.04788854144313947 0.5193093522705631 0.0630104389326782 0.08228254626262793
0 0.12185622670639652 0.5336695274100282 0.06760013376531321 0.07528176140546235
0 0.09170451177707634 0.4487439741320662 0.054373422773930015 0.0942122093591751
0 0.12106726900845913 0.4264201160529023 0.06458184683436359 0.07393916683480774
0 0.05787086128495811 0.44718967676026633 0.05113228537145999 0.08435897649064827
0 0.014354066985645933 0.425 0.028708133971291867 0.09042553191489362
0 0.27664429355630193 0.10606491372735621 0.030073093109353924 0.054803801495304255
0 0.2669200568310831 0.15688011701463003 0.0327161443874219 0.064601281407147
0 0.270686341514369 0.2420121146665773 0.03848725879658176 0.03436350010088474
0 0.34470726584207917 0.32302891037822223 0.037237022965515815 0.07775750955074413
0 0.21349539759673247 0.15936491238038467 0.026360047490521194 0.07249863718149435
0 0.18777114242911963 0.14576944599866948 0.04547094716244246 0.07321890200815105
0 0.10074470854592861 0.0806031147924034 0.03559514977367129 0.06062472704163121
0 0.10466507177033493 0.017553191489361703 0.03349282296650718 0.035106382978723406
0 0.2230058092221884 0.05947415648863462 0.04081078703964826 0.054743524928383754
0 0.17436666350086208 0.03947688212564592 0.04903160759991383 0.07248958996102153
0 0.13248340856702218 0.12781846358024088 0.052369417565864995 0.06324963961601969
0 0.15176960262239086 0.28424814803985643 0.04146458578193026 0.05692693745953599
0 0.13529928067511077 0.3408330475270096 0.0655273123027071 0.06447620466306954
0 0.08843226431857167 0.3561930444478227 0.04659665412108716 0.04785424598458629
0 0.06719447960178217 0.3200876318590221 0.04242480392255267 0.07081247765026251
0 0.014055023923444977 0.26382978723404255 0.028110047846889953 0.09574468085106383
0 0.009868421052631578 0.3404255319148936 0.019736842105263157 0.04680851063829787
0 0.024833589151058027 0.3465319503056483 0.03770893118187852 0.0502094409960272
0 0.008373205741626795 0.07712765957446809 0.01674641148325359 0.07553191489361702
0 0.041393251649821015 0.12625890778128104 0.06188308293841553 0.062014027348496974
0 0.6922846889952153 0.5409574468085107 0.060406698564593304 0.07765957446808511
0 0.699342787943715 0.41087996689390405 0.060355933053567117 0.14040291386371154
0 0.6366395929271862 0.4471586889511879 0.07315169577418845 0.12779969167671895
0 0.6258625880869086 0.37790277047784343 0.051174894352679134 0.10877130864034729
0 0.598460446888704 0.22231616578384372 0.04384547567849495 0.1250677967991987
0 0.5654460839568901 0.2581631698352877 0.05874191617066257 0.12433396114183283
0 0.7066919063970319 0.26759746335741297 0.05105036548025789 0.12680066206664178
0 0.6751547523568493 0.22413339530323653 0.05616768114713562 0.09437946822922737
0 0.6720906026975859 0.14653183559695374 0.05278726219996558 0.07920708642453032
0 0.8832362647779298 0.3485735465769302 0.06508326039528438 0.0930881030050205
0 0.8957788914888053 0.24736581078774958 0.051591089951161476 0.07909558051116215
0 0.9775717703349283 0.46861702127659577 0.04485645933014354 0.0797872340425532
0 0.9844497607655502 0.550531914893617 0.03110047846889952 0.05851063829787234
0 0.4277592729186018 0.295983410604933 0.055097686806371005 0.12187178382726009
0 0.3929425837320574 0.30425531914893617 0.04665071770334928 0.1276595744680851
0 0.39503588516746413 0.24521276595744682 0.05083732057416268 0.07765957446808511
0 0.3875598086124402 0.10851063829787234 0.03588516746411483 0.1127659574468085
0 0.4668339877563514 0.17752007736768033 0.057378606068218485 0.1178394765050604
0 0.44348086124401914 0.02021276595744681 0.04126794258373206 0.04042553191489362
0 0.37470095693779903 0.19042553191489361 0.010167464114832535 0.09148936170212765
0 0.9659090909090909 0.02074468085106383 0.03827751196172249 0.04148936170212766
0 0.993122009569378 0.11223404255319148 0.01375598086124402 0.06489361702127659
0 0.8107515600309667 0.09440564565633289 0.03615227595247216 0.08190132278631213
0 0.3534688995215311 0.9053191489361702 0.03229665071770335 0.08085106382978724
0 0.35795454545454547 0.8106382978723404 0.02332535885167464 0.08936170212765958
0 0.008074162679425838 0.8271276595744681 0.016148325358851676 0.12659574468085105
0 0.006578947368421052 0.6154255319148936 0.013157894736842105 0.05638297872340425
0 0.017643540669856458 0.5904255319148937 0.035287081339712915 0.02127659574468085
0 0.045454545454545456 0.5946808510638298 0.03229665071770335 0.029787234042553193
0 0.08911483253588516 0.6117021276595744 0.03349282296650718 0.06382978723404255
0 0.10327711478190427 0.7544496049717122 0.04765519386080867 0.08827977789947991
0 0.14896514079120413 0.8413566500170774 0.032049242008478966 0.08470254145122562
0 0.11587540978651861 0.845737045910091 0.04167433261678954 0.08772224833263902
0 0.050807726581322196 0.8807289263534044 0.038544620450079815 0.08212433461304836
0 0.08337556405228652 0.8848312922799212 0.041771005180270805 0.06862906511911046
0 0.08911483253588516 0.9537234042553191 0.04904306220095694 0.0925531914893617
0 0.2633986629794536 0.9245410256240472 0.049575630142053496 0.1160508582809332
0 0.3071154871964824 0.9035552385053013 0.05491579628045184 0.09214030274139111
0 0.2322523661063816 0.6486324108643508 0.03487253477684814 0.07859832751124181
0 0.2742789808498253 0.6349540498645331 0.042341234995732606 0.06762098828856045
0 0.24735855343340865 0.6212470775694497 0.029558575911772206 0.05793953790032229
0 0.27865645529417415 0.7425379789617633 0.04110410280132774 0.08873032516318909
0 0.12762252698112625 0.6260818095194851 0.04024055722418646 0.05575160175893371
0 0.1166267942583732 0.5946808510638298 0.034688995215311005 0.029787234042553193
0 0.16629575456853082 0.6488825643525055 0.0449138209836416 0.05194230626347019
0 0.18570574162679426 0.5968085106382979 0.049641148325358854 0.03404255319148936
0 0.14683014354066987 0.5989361702127659 0.02930622009569378 0.03829787234042553
0 0.12739234449760767 0.9537234042553191 0.05143540669856459 0.0925531914893617
0 0.946313002087581 0.8574315386286927 0.09739466378526662 0.11944726502842605
0 0.8973838386758111 0.7798201968850134 0.08619816527527038 0.12477093757483274
0 0.9712918660287081 0.7781914893617021 0.05741626794258373 0.10957446808510639
0 0.7315632017465965 0.8960662478686882 0.07856397623836377 0.17499847301180532
0 0.5914013018016893 0.9139268727910832 0.09877272655998975 0.14929025202766347
0 0.5135968665649874 0.8400223678499721 0.08081703919127127 0.16990233590237147
0 0.4284171056016462 0.8646080094681543 0.09212496293702754 0.1688339825049012
0 0.7011984862353222 0.7391370486040341 0.05342960634120447 0.14930834646860883
0 0.7494853498299946 0.6924498259165007 0.07810352262304417 0.13462869405359568
0 0.8229229407055818 0.7499508603956285 0.06285970278693481 0.14488124483938405
0 0.873284274798478 0.6469364119413752 0.06718393816683066 0.10495748953464737
0 0.8256578947368421 0.6196808510638298 0.06160287081339713 0.0797872340425532
0 0.729066985645933 0.601063829787234 0.07775119617224881 0.0425531914893617
0 0.6773325358851675 0.6095744680851064 0.05801435406698564 0.059574468085106386
0 0.6505995933227678 0.6794993073299653 0.08664386621831122 0.1417922141705774
0 0.5771531100478469 0.6313829787234042 0.09330143540669857 0.10319148936170212
0 0.9709928229665071 0.6292553191489362 0.05801435406698564 0.09893617021276596
0 0.39623205741626794 0.6047872340425532 0.053229665071770335 0.05
0 0.3839712918660287 0.7345744680851064 0.028708133971291867 0.12446808510638298
0 0.46876583431449814 0.7089385101560521 0.07182934561734569 0.10008436425194962
0 0.5348133911153085 0.6937668631682787 0.07952254534336833 0.14325083826483642
0 0.48504784688995217 0.6234042553191489 0.08133971291866028 0.08723404255319149