0 0.5220375722543352 0.5096401028277635 0.015173410404624277 0.13753213367609254
0 0.3388728323699422 0.5552699228791774 0.06358381502890173 0.04884318766066838
0 0.3112953942026619 0.42897387146132726 0.06493565994842429 0.1253243501651829
0 0.21363979229487695 0.3814523491546981 0.0704939669705303 0.14743704836270172
0 0.2236271676300578 0.5559125964010283 0.07153179190751445 0.04755784061696658
0 0.08549753909389077 0.5279571854385747 0.08310351802006245 0.09930445650734412
0 0.12897398843930635 0.5655526992287918 0.05130057803468208 0.028277634961439587
0 0.026372832369942197 0.4517994858611825 0.052745664739884394 0.11696658097686376
0 0.006864161849710983 0.4736503856041131 0.013728323699421965 0.07583547557840617
0 0.012283236994219654 0.5372750642673522 0.024566473988439308 0.07969151670951156
0 0.9071783659426548 0.27915505984272443 0.06946105966265592 0.16535710741607323
0 0.9880780346820809 0.3232647814910026 0.02384393063583815 0.13753213367609254
0 0.9407514450867052 0.532133676092545 0.08670520231213873 0.09511568123393316
0 0.7797427059942307 0.39481156707775783 0.08876609929877805 0.0944622665663521
0 0.7574585701847786 0.4991815307325661 0.04909858896224551 0.12707224910959497
0 0.536849710982659 0.13174807197943444 0.014450867052023121 0.09383033419023136
0 0.5447976878612717 0.44280205655526994 0.030346820809248554 0.05784061696658098
0 0.5401011560693642 0.36182519280205655 0.020953757225433526 0.05784061696658098
0 0.5581647398843931 0.31683804627249357 0.05708092485549133 0.14781491002570693
0 0.6028925446982557 0.28335133185519745 0.05622220704620253 0.09149392945744049
0 0.6612848406168166 0.2606363733193122 0.07595291736513682 0.07069022353286275
0 0.6340821332167539 0.3428749388869882 0.0454564308137164 0.1255999031697589
0 0.7169096462961762 0.3587440368913961 0.06021766182101275 0.1083904399216983
0 0.6853477536304479 0.39442961054160575 0.06648502091023586 0.09844426158512584
0 0.6768563405269293 0.44932553562851435 0.064863285891893 0.09065737976446121
0 0.6698541762068982 0.5023682397083239 0.04840794580972265 0.0654129907911358
0 0.7132589144912722 0.5181270703104193 0.039839241020563236 0.10091651088483661
0 0.06791907514450866 0.6233933161953727 0.07225433526011561 0.08740359897172237
0 0.08528593315976214 0.7174119617530386 0.06105797071570755 0.11356922787573241
0 0.23627167630057805 0.6555269922879178 0.05057803468208093 0.15167095115681234
0 0.45484104046242774 0.5976863753213367 0.09031791907514451 0.03598971722365039
0 0.5007225433526011 0.6542416452442159 0.057803468208092484 0.14910025706940874
0 0.0838150289017341 0.9897172236503856 0.05202312138728324 0.02056555269922879
0 0.10191855235599534 0.8913570328388968 0.05275669721081389 0.09773366577981507
0 0.26463924302615005 0.9248736502963577 0.0814817830017195 0.09151757468667965
0 0.28920508621366686 0.7208892907546599 0.08170136398586786 0.13261128030591032
0 0.29680345468783087 0.8313100599003401 0.09116926044076881 0.10485724225364722
0 0.14669414308084086 0.7051480785732887 0.07146799150735803 0.12694629522192663
0 0.11900319400508699 0.7455380656622024 0.05327315086475108 0.08877363625312938
0 0.13359392373563 0.9296724136496078 0.05262298156868098 0.12340320687462414
0 0.44756353419724604 0.8185236612803033 0.056634386443530464 0.10948878806926554
0 0.407831624854202 0.8319095378368598 0.05089697229372893 0.14257121319247068
0 0.8945086705202312 0.6118251928020566 0.09104046242774566 0.06426735218508997
0 0.7230181351859303 0.9150674113998519 0.09863022505096766 0.11551401639553047