0 0.2981347773766546 0.017665952890792293 0.06678700361010831 0.035331905781584586
0 0.05898805615865378 0.07008796652029489 0.042414005384581684 0.10873601960366415
0 0.14940981262320202 0.12099120435134403 0.05367792466500652 0.1006441886708542
0 0.08570190926804912 0.15791888384175579 0.059652749250455675 0.09875206081598864
0 0.25432261346045726 0.0818211745425644 0.06678892068368847 0.09476844529164892
0 0.20625660843181456 0.19471569710432984 0.05112410674295941 0.0930498620826079
0 0.3629735074344398 0.14107745546711814 0.05200658106224553 0.13801774216826077
0 0.25498542773671184 0.16162300846925962 0.050417365559169515 0.08767162304796579
0 0.2312847781446303 0.1352805003822028 0.04751399843971031 0.09290034222165124
0 0.2655340172602689 0.23887233515519815 0.059813196808020795 0.076293040749988
0 0.21473463977960017 0.2891953246825835 0.04927703000470219 0.09083377452900311
0 0.24846432227771567 0.3049428869537469 0.05002579377512468 0.09835334118677144
0 0.05937581930089352 0.2125859333655007 0.04633164029861028 0.09392116607956236
0 0.03770274676116056 0.1207958729005471 0.06116364529565154 0.08383752738458249
0 0.009927797833935019 0.1905781584582441 0.019855595667870037 0.07066381156316917
0 0.03800073901474967 0.3200888617122531 0.042924002139559006 0.07345395377573187
0 0.17701571266710675 0.5457826301892692 0.038418051012673045 0.058290220576064686
0 0.22976436049492166 0.5334183660187243 0.038047490521944574 0.07004260252643364
0 0.2108972413970318 0.4618712380661667 0.0364105267168507 0.07853315308846054
0 0.1361240675111692 0.47193308995617395 0.05360724799609199 0.06640786667765894
0 0.13369727588581026 0.5170380299143705 0.03468187494952601 0.0517167178457295
0 0.15564157816507534 0.5305948722047346 0.029931431091809513 0.05472934946581029
0 0.058940333361991115 0.46655753649740656 0.03960040915377311 0.05726939671815358
0 0.009025270758122744 0.5064239828693791 0.018050541516245487 0.0728051391862955
0 0.10393966085591673 0.4121886315036163 0.03456344997859345 0.07631706553485625
0 0.18065446229996007 0.40901133445829135 0.03840468250832223 0.08824388732300752
0 0.21519306683807676 0.2972128432808942 0.04411400306962456 0.10345746047632651
0 0.37204273060545306 0.40376344135650666 0.04622658383202861 0.0885678470217465
0 0.40072208542403814 0.4690107387278366 0.041245015747832466 0.07980317671463243
0 0.3128760529482551 0.5926124197002142 0.03850782190132371 0.013918629550321198
0 0.4831528279181709 0.5802997858672377 0.052948255114320095 0.03854389721627409
0 0.3645789798049145 0.4683646097142749 0.03354918218402417 0.08590319988527247
0 0.33130676582848545 0.4145586421789669 0.05792409748313091 0.07193562557325735
0 0.4737503506751772 0.15524125642188832 0.05899567344226401 0.12653947996297898
0 0.4665110398489429 0.24662148005714887 0.06971329909646404 0.09061038992952664
0 0.41151610070986044 0.23657656411534556 0.0494661316445491 0.10046974883307164
0 0.46667054162239563 0.34680330636878354 0.06346532769790263 0.07858388823407099
0 0.5390264709927672 0.3363058024802989 0.05607702074487376 0.06971953801965257
0 0.6227436823104693 0.5685224839400428 0.03369434416365824 0.06209850107066381
0 0.6188327316486161 0.11670235546038545 0.04151624548736462 0.13062098501070663
0 0.5865060641294552 0.11681793072593295 0.042645129611061434 0.12051332153085902
0 0.5350878120327447 0.1816322616746601 0.05993926456791874 0.08271702361936725
0 0.540158205221479 0.2558938767173439 0.06939812969671899 0.0745504327560791
0 0.6489169675090253 0.0626338329764454 0.01865222623345367 0.12312633832976445
0 0.8530972792970055 0.08471360953930447 0.0572536531705885 0.12967671146719015
0 0.8973650456720198 0.1771751665906249 0.050921636598761616 0.11336755452548185
0 0.9828519855595668 0.10385438972162742 0.03429602888086643 0.1284796573875803
0 0.9055354993983152 0.5813704496788008 0.039711191335740074 0.03640256959314775
0 0.8028031568980742 0.5443416747941464 0.05744083773685518 0.047310357907304465
0 0.8044850061474934 0.5073040933879127 0.05786106360318201 0.06872363413856784
0 0.7279421164444636 0.5345837861818219 0.04425343933387338 0.07992777659876295
0 0.6640623013482972 0.5474090699236492 0.04868871379184489 0.06085518780523437
0 0.6543321299638989 0.1766595289079229 0.029482551143200964 0.11563169164882227
0 0.6540312876052948 0.2569593147751606 0.02888086642599278 0.09207708779443255
0 0.8306945754646191 0.4006724690381148 0.04237198279794898 0.10659469198053781
0 0.6486161251504212 0.5942184154175589 0.018050541516245487 0.010706638115631691
0 0.8453670276774969 0.591541755888651 0.03369434416365824 0.016059957173447537
0 0.7879529907127317 0.35529519971874773 0.061492183199747405 0.06994381781108744
0 0.7099125734688567 0.3676354391044248 0.057840052309865574 0.06765297032700468
0 0.7521432029289767 0.4023185302965733 0.04148950847866299 0.061626811894884705
0 0.7637719569847448 0.4425551955531043 0.053544214116142956 0.06319587524296943
0 0.7897102965623383 0.414156789377896 0.045722312792436576 0.06287191554423044
0 0.6543321299638989 0.5 0.029482551143200964 0.06423982869379015
0 0.7689693509648118 0.23178349694013733 0.03322064427992816 0.09979690945876751
0 0.6747293030901091 0.43124159877306634 0.032779407120285306 0.07731296941594096
0 0.31924060876023486 0.8947856084584337 0.04877275896511009 0.06513784305148705
0 0.6047934938455987 0.9317136628458234 0.03456344997859328 0.07631706553485625
0 0.45145938756154785 0.8201955577572201 0.04703838148240007 0.09929940511420435
0 0.41251319135827386 0.7687676576248861 0.052138374537528794 0.0834637277321912
0 0.297199838587466 0.7842589312911248 0.04539377488834084 0.07676562511772549
0 0.2742336257246661 0.7493137327463234 0.04796860410370412 0.08543061551753496
0 0.28245857576854316 0.9536360809171062 0.03854411877257098 0.06471420344544394
0 0.20493579806861112 0.9616687450797045 0.04057265436170976 0.04554193474461102
0 0.2695529127517517 0.9097019322737562 0.04429546192050598 0.08206910422188904
0 0.24595445676855912 0.9192515818508916 0.03209367722981164 0.07300539419286237
0 0.1340334565788716 0.8928125270283842 0.039566029356105994 0.08615239965353323
0 0.10385466989853898 0.8892405387176537 0.03786603167106308 0.09143095878087087
0 0.08520340220187539 0.9360889818617175 0.04630298621632846 0.06182617170949343
0 0.06629521905414296 0.908476450148489 0.03248524901385655 0.06232367605405659
0 0.009025270758122744 0.8934689507494646 0.018050541516245487 0.069593147751606
0 0.5286660373249448 0.7500270125587188 0.04701737018908404 0.09822874130264118
0 0.5706206571142599 0.8013303128069226 0.042469396475565135 0.08092368047984791
0 0.10766915266688845 0.7921087239913392 0.03244322642722395 0.060182348430930246
0 0.17018227516070286 0.6636143686354504 0.04964759049543073 0.0790813925786344
0 0.0636592602797331 0.8201840656597664 0.04609287328316511 0.05111953359386173
0 0.21329920033459165 0.7588024251693309 0.035913898466224156 0.08386155216945024
0 0.5758209267046973 0.7287863857813217 0.03670468482327918 0.09352244645034491
0 0.6164259927797834 0.7944325481798715 0.04632972322503008 0.08779443254817987
0 0.3816152535265906 0.8359467007962162 0.04346265297681822 0.07026688231786826
0 0.4022836053816222 0.8918819835622167 0.04505759419527949 0.05963500413271479
0 0.44192794144293057 0.8714881884009271 0.04335759651023644 0.06491356326005242
0 0.333204466479131 0.8545605079983577 0.0476744459972755 0.07044132215565059
0 0.19245990802801438 0.8936072807109441 0.03215671110976082 0.07621738562755188
0 0.21711847578689167 0.8920502297552934 0.03340210313080979 0.07840855320433028
0 0.13567990373044525 0.6140256959314775 0.035499398315282794 0.028907922912205567
0 0.3408543922984356 0.6156316916488223 0.05595667870036101 0.032119914346895075
0 0.4229843561973526 0.6236616702355461 0.05415162454873646 0.048179871520342615
0 0.450785109101845 0.6937824680622879 0.05513915533460422 0.05256399705781595
0 0.03149874052816724 0.8997380426061382 0.036928166260793545 0.07427541781903402
0 0.1370437717331374 0.6473065544816794 0.04597444831223259 0.07571988128298847
0 0.6781092201983132 0.8279371662265277 0.04913759374045337 0.11436345840656681
0 0.7244322591711679 0.8410200813612172 0.06124769046891688 0.08812018263083515
0 0.7575210589651022 0.9908993576017131 0.056558363417569195 0.018201284796573874
0 0.8707342791990996 0.7476306664196037 0.062143533292553815 0.10313439596954567
0 0.990072202166065 0.7623126338329764 0.019855595667870037 0.09421841541755889
0 0.987063778580024 0.8410064239828694 0.025872442839951864 0.069593147751606
0 0.8754512635379061 0.9678800856531049 0.04332129963898917 0.06423982869379015
0 0.8183055807023026 0.8376678968821306 0.06060398316507609 0.08595393503088279
0 0.8195099086735091 0.883693980790934 0.052424889854992066 0.06742869053556992
0 0.7830239381091486 0.8809189841426589 0.0360819888127547 0.09242686266195584
0 0.7561162161813112 0.8906056935923378 0.038551761561536606 0.09573853400394958
0 0.9180754073610066 0.7665648525526515 0.043162769155004416 0.11625558626143237
0 0.9232851985559567 0.9801927194860813 0.036702767749699154 0.03961456102783726