0 0.3717310087173101 0.031042128603104215 0.06724782067247821 0.06208425720620843
0 0.14632627646326277 0.21341463414634146 0.0647571606475716 0.07206208425720621
0 0.07689912826899128 0.23447893569844788 0.05417185554171856 0.02993348115299335
0 0.40597758405977585 0.23392461197339245 0.10336239103362391 0.031042128603104215
0 0.2923412204234122 0.20288248337028825 0.07036114570361146 0.09312638580931264
0 0.32627646326276466 0.19900221729490022 0.057285180572851806 0.1008869179600887
0 0.9399128268991283 0.07317073170731707 0.07907845579078455 0.14634146341463414
0 0.9259765869639681 0.11766922754357302 0.08726161885305121 0.1558562330668783
0 0.9064995388882798 0.1800000549570235 0.08374249853302901 0.1245882348542153
0 0.9221668742216688 0.20842572062084258 0.0859277708592777 0.082039911308204
0 0.8075965130759651 0.20787139689578715 0.099626400996264 0.08314855875831485
0 0.7033001245330013 0.20121951219512196 0.059153175591531756 0.09645232815964523
0 0.7858032378580324 0.05598669623059867 0.08343711083437111 0.11197339246119734
0 0.7069214323197451 0.1479602779469991 0.08430719278370007 0.12019881897568359
0 0.6509962640099627 0.04767184035476718 0.08904109589041095 0.09534368070953436
0 0.5610211706102117 0.04379157427937916 0.0958904109589041 0.08758314855875832
0 0.5056039850560399 0.1696230598669623 0.0323785803237858 0.0975609756097561
0 0.5319235801922787 0.16287144490442637 0.05242084326614092 0.10791712190718586
0 0.5722523993241176 0.12339494804841494 0.07105731538627373 0.10594639721420614
0 0.6113138891021722 0.10948510342782111 0.07369290230006922 0.1172135674029618
0 0.6319410234805449 0.14952346946197853 0.07805155734365578 0.1175297848563442
0 0.5815628684237439 0.17256130055281568 0.06400510267333616 0.08992841977162461
0 0.5541718555417185 0.2156319290465632 0.058530510585305104 0.06762749445676275
0 0.5918430884184309 0.23447893569844788 0.05790784557907846 0.02993348115299335
0 0.522104607721046 0.2189578713968958 0.05666251556662515 0.06097560975609756
0 0.49937733499377335 0.19900221729490022 0.019925280199252802 0.1008869179600887
0 0.6615815691158157 0.19955654101995565 0.07160647571606475 0.09977827050997783
0 0.2542897936316174 0.5124596867070259 0.08501681392326002 0.12689587759826054
0 0.09417688966604378 0.6259746022047251 0.06832080026625165 0.13454536130752984
0 0.009962640099626401 0.7488913525498891 0.019925280199252802 0.1385809312638581
0 0.4211743430612837 0.8802577596474058 0.04916259134611867 0.09660477779651856
0 0.3517184697972323 0.8636986136243614 0.07907949702277572 0.100990420948505
0 0.2367581075915176 0.7828774303269808 0.06781407677113603 0.14336936698650501
0 0.22569402313633563 0.8678574192859947 0.06779958408224723 0.14226071953639416
0 0.287113482382994 0.8567559032770208 0.06962410103426053 0.13907029895179668
0 0.13636363636363635 0.9456762749445676 0.06351183063511831 0.10864745011086474
0 0.0730471544410264 0.8623179053636696 0.07002937570715377 0.1224857611220456
0 0.05934774338004671 0.9347517312950115 0.04987221248567877 0.10330183641909539
0 0.028019925280199254 0.8869179600886918 0.05603985056039851 0.1197339246119734
0 0.00933997509339975 0.9240576496674058 0.0186799501867995 0.13636363636363635
0 0.10429638854296389 0.9711751662971175 0.06662515566625156 0.057649667405764965
0 0.37653034695252485 0.9167245316064669 0.07661782237564699 0.1030270201610797
0 0.33849705716158807 0.9233604069184725 0.060052242918638435 0.12065433092134642
0 0.5314445828144458 0.3093126385809313 0.08405977584059776 0.1197339246119734
0 0.5015566625155666 0.5254988913525499 0.024283935242839352 0.17073170731707318
0 0.5474161800555137 0.6892098759372053 0.06830630757736271 0.13343671385741912
0 0.6000965901816656 0.6804037660101623 0.07498223099518483 0.1682565240299732
0 0.6699297939728238 0.6205114118974688 0.07637248789652688 0.1794333463749056
0 0.7108305536997783 0.5848700071949336 0.0966305793242287 0.15875113679577657
0 0.7164844822429358 0.6520231754716229 0.07955775575610907 0.13757578680216329
0 0.7366768359546421 0.7253209650091064 0.09768750438112644 0.1444290677881586
0 0.7574232958480971 0.4469168196288167 0.09922320878735312 0.21431903106705494
0 0.672516218323495 0.4702445084855349 0.10746226014119288 0.17836610012016121
0 0.6774985796052994 0.37462978424453 0.12236274222396569 0.17612433189571097
0 0.7443960149439601 0.30210643015521066 0.09402241594022416 0.10532150776053215
0 0.9099622503007332 0.3893311897776901 0.09538524931177525 0.15866078895195293
0 0.8926929945086202 0.49691327999708307 0.11600565796169908 0.1656947656255954
0 0.8272399244863841 0.5786397786976556 0.10791153349674835 0.21273417107359802
0 0.9509188983192608 0.5397618610061332 0.09303951617575769 0.16956656776541457
0 0.975093399750934 0.6413525498891353 0.049813200498132 0.1541019955654102
0 0.8190860071098931 0.7027282955650906 0.09091065275707767 0.1494753918976835
0 0.5080946450809465 0.7405764966740577 0.037359900373599 0.14855875831485588
0 0.5214819427148194 0.7832594235033259 0.06413449564134496 0.14745011086474502
0 0.6694559181959592 0.9184891194067767 0.0661774441586827 0.11334553798968816
0 0.7442047043209349 0.9108509538771433 0.08865135513839782 0.119406388978955
0 0.7931354126448316 0.8319845352823989 0.07608211350275365 0.10963373093983275
0 0.8642354251737785 0.7941521953671432 0.06407756611778054 0.09547165702217893
0 0.975093399750934 0.7566518847006651 0.049813200498132 0.10310421286031042
0 0.9881693648816936 0.7738359201773836 0.023661270236612703 0.1197339246119734
0 0.9203906966292925 0.828844029227053 0.0687550603169226 0.12017811837800035
0 0.8523390523394765 0.8476260798418209 0.08519020557393106 0.09257298056673535
0 0.6871363934654208 0.9460039093742181 0.0641784943240072 0.05560552274009968