0 0.2063157894736842 0.4166666666666667 0.0431578947368421 0.08614232209737828
0 0.40655902664987187 0.39840823970037453 0.04486114401712269 0.10955056179775281
0 0.39295331003301415 0.32724719101123595 0.05366393072676793 0.0852059925093633
0 0.41753543052709596 0.3089887640449438 0.043183661602307966 0.08614232209737828
0 0.6452631578947369 0.40262172284644193 0.03894736842105263 0.11423220973782772
0 0.67748341947094 0.40636704119850187 0.03330199912302521 0.09925093632958802
0 0.7063157894736842 0.4054307116104869 0.02736842105263158 0.0749063670411985
0 0.7144736842105263 0.3192883895131086 0.011052631578947368 0.04307116104868914
0 0.62295855843632 0.11844569288389513 0.04262465990577766 0.05337078651685393
0 0.5172510381823627 0.07397003745318352 0.02672329041721624 0.06179775280898876
0 0.521578947368421 0.020131086142322098 0.042105263157894736 0.040262172284644196
0 0.5681102978519301 0.1849250936329588 0.0472892111553373 0.04119850187265917
0 0.421392971825856 0.1502808988764045 0.032973230751563276 0.07116104868913857
0 0.3885801884140041 0.10580524344569288 0.04813785359990633 0.047752808988764044
0 0.36432313810797673 0.031835205992509365 0.050104976762760135 0.0449438202247191
0 0.3613157894736842 0.007022471910112359 0.04789473684210526 0.014044943820224719
0 0.2984210526315789 0.020599250936329586 0.031578947368421054 0.04119850187265917
0 0.34178436847847204 0.14232209737827714 0.030381256752841996 0.05056179775280899
0 0.3153435611050919 0.13951310861423222 0.03078923502159844 0.03745318352059925
0 0.28358686879298267 0.12172284644194757 0.03461158554295516 0.040262172284644196
0 0.23435105293695163 0.28277153558052437 0.036479696334191 0.08895131086142322
0 0.3313345190533338 0.26919475655430714 0.04180870336826501 0.07958801498127341
0 0.14122035704124808 0.42134831460674155 0.06981533601472117 0.07116104868913857
0 0.034210526315789476 0.4297752808988764 0.056842105263157895 0.0599250936329588
0 0.2686660786902771 0.16292134831460675 0.03603259044201159 0.047752808988764044
0 0.2567645660041484 0.13202247191011235 0.03511809885810516 0.05056179775280899
0 0.16790404250981725 0.3389513108614232 0.03812449284194922 0.07958801498127341
0 0.16264708766883473 0.2799625468164794 0.04953261430827285 0.04400749063670412
0 0.16300210023098669 0.2406367041198502 0.04806556274420269 0.035580524344569285
0 0.1739126549688735 0.14185393258426968 0.03940091602959839 0.06273408239700375
0 0.15344872879794175 0.12453183520599251 0.03951281183394928 0.054307116104868915
0 0.10456374999543103 0.10720973782771535 0.03864436691505645 0.05805243445692884
0 0.07238273646103721 0.09269662921348315 0.02951281183394928 0.054307116104868915
0 0.058320012714838367 0.05758426966292135 0.03159183080115392 0.04307116104868914
0 0.12480340723243677 0.03277153558052434 0.025756310451929793 0.042134831460674156
0 0.1498199888485771 0.05383895131086142 0.038940449379461874 0.05337078651685393
0 0.23921052631578948 0.01451310861423221 0.04473684210526316 0.02902621722846442
0 0.18210526315789474 0.008426966292134831 0.023157894736842106 0.016853932584269662
0 0.22839230357054205 0.04541198501872659 0.04793386446552823 0.054307116104868915
0 0.12131578947368421 0.0046816479400749065 0.026842105263157896 0.009363295880149813
0 0.012105263157894737 0.11704119850187265 0.024210526315789474 0.04681647940074907
0 0.05624493059365328 0.14794007490636704 0.028920646905138302 0.06367041198501873
0 0.09773178463204703 0.149812734082397 0.04852602939433914 0.0449438202247191
0 0.08132187428321297 0.3497191011235955 0.045578565508241665 0.0599250936329588
0 0.08483203804924809 0.3960674157303371 0.03961778859670942 0.09925093632958802
0 0.11839099201325583 0.35580524344569286 0.03596674130267442 0.05711610486891386
0 0.04497339890247226 0.38249063670411987 0.04463782973364519 0.05149812734082397
0 0.012894736842105263 0.38764044943820225 0.025789473684210525 0.06741573033707865
0 0.003947368421052632 0.3047752808988764 0.007894736842105263 0.047752808988764044
0 0.018157894736842106 0.325374531835206 0.03631578947368421 0.0702247191011236
0 0.04596316353765348 0.3249063670411985 0.044137758134861545 0.06273408239700375
0 0.02624886743967289 0.2495318352059925 0.034460084789957005 0.06928838951310862
0 0.016052631578947367 0.2298689138576779 0.032105263157894734 0.06835205992509363
0 0.016052631578947367 0.1601123595505618 0.032105263157894734 0.0449438202247191
0 0.570601709259135 0.3857677902621723 0.04763778200112268 0.05898876404494382
0 0.5394733273036886 0.37125468164794007 0.03594693882835073 0.06741573033707865
0 0.5648248803450453 0.3052434456928839 0.03382187319613254 0.07771535580524344
0 0.5926735705221369 0.3061797752808989 0.03947320688530214 0.0749063670411985
0 0.6258876518237666 0.34784644194756553 0.04571670550328259 0.06273408239700375
0 0.6134439577198602 0.40823970037453183 0.04640740547848724 0.07677902621722846
0 0.7144736842105263 0.15870786516853932 0.011052631578947368 0.0552434456928839
0 0.7063157894736842 0.12172284644194757 0.02736842105263158 0.0449438202247191
0 0.7068421052631579 0.011235955056179775 0.02631578947368421 0.02247191011235955
0 0.7342105263157894 0.41385767790262173 0.028421052631578948 0.09176029962546817
0 0.7889473684210526 0.40823970037453183 0.08 0.10299625468164794
0 0.8355105705795562 0.3717228464419476 0.09830176046041311 0.13670411985018727
0 0.9502605347801644 0.3661048689138577 0.07400558253096279 0.15636704119850187
0 0.9194936071032365 0.2907303370786517 0.07005845277252248 0.11891385767790262
0 0.9857894736842105 0.3698501872659176 0.028421052631578948 0.1647940074906367
0 0.7436842105263158 0.27574906367041196 0.04736842105263158 0.09269662921348315
0 0.830085056044211 0.18773408239700373 0.08057140780403882 0.150749063670412
0 0.8729240836467529 0.2209737827715356 0.07120317768149681 0.12078651685393259
0 0.8857894736842106 0.015917602996254682 0.061052631578947365 0.031835205992509365
0 0.983421052631579 0.13389513108614232 0.03315789473684211 0.10112359550561797
0 0.7528947368421053 0.1601123595505618 0.06578947368421052 0.11423220973782772
0 0.7331578947368421 0.17275280898876405 0.02631578947368421 0.10205992509363296
0 0.7698444441567567 0.11235955056179775 0.07897313528651838 0.08614232209737828
0 0.7699033742545033 0.06835205992509363 0.07709166373732543 0.06928838951310862
0 0.8218421052631579 0.009363295880149813 0.04789473684210526 0.018726591760299626
0 0.9671145688256068 0.17322097378277154 0.06495323734715001 0.11142322097378277
0 0.9492564547365775 0.24204119850187267 0.04924941527660035 0.09176029962546817
0 0.9802631578947368 0.2752808988764045 0.039473684210526314 0.10112359550561797
0 0.02894736842105263 0.975187265917603 0.05789473684210526 0.04962546816479401
0 0.03236842105263158 0.8572097378277154 0.06473684210526316 0.08333333333333333
0 0.012894736842105263 0.8871722846441947 0.025789473684210525 0.09644194756554307
0 0.01368421052631579 0.8132022471910112 0.02736842105263158 0.10018726591760299
0 0.019473684210526317 0.7495318352059925 0.03894736842105263 0.06835205992509363
0 0.08738715063228111 0.7476591760299626 0.06503888896081088 0.09176029962546817
0 0.28687419560076455 0.7794943820224719 0.05963759107103311 0.08895131086142322
0 0.2365999431558053 0.5870786516853933 0.04794674789826116 0.09737827715355805
0 0.028842868983516668 0.5093632958801498 0.04063773426860041 0.06647940074906367
0 0.009210526315789473 0.47659176029962547 0.018421052631578946 0.033707865168539325
0 0.005 0.5730337078651685 0.01 0.06179775280898876
0 0.021052631578947368 0.5922284644194756 0.042105263157894736 0.06835205992509363
0 0.04714928227778578 0.5866104868913857 0.04393376900048332 0.06928838951310862
0 0.5545985838659966 0.8899812734082397 0.05251920581779335 0.08333333333333333
0 0.4825674004463161 0.6423220973782772 0.04947320688530214 0.0749063670411985
0 0.5226523360721405 0.549625468164794 0.05656534794785186 0.06928838951310862
0 0.03953822179257737 0.7092696629213483 0.04281528828219866 0.07865168539325842
0 0.1789958017121876 0.7631086142322098 0.04448632898064716 0.08052434456928839
0 0.4117457181802734 0.75 0.052565252482806836 0.08426966292134831
0 0.4026210821407568 0.8071161048689138 0.05014410438618334 0.09925093632958802
0 0.26539330595351296 0.6811797752808989 0.04655198718989452 0.10112359550561797
0 0.657621559465981 0.8820224719101124 0.03690747707727089 0.06554307116104868
0 0.6821578719576614 0.9021535580524345 0.035538960559594525 0.08052434456928839
0 0.9565789473684211 0.9765917602996255 0.060526315789473685 0.04681647940074907
0 0.8476315789473684 0.9616104868913857 0.05947368421052632 0.07677902621722846
0 0.7953316323228075 0.8548689138576779 0.04601922968405449 0.07958801498127341
0 0.993421052631579 0.9442883895131086 0.013157894736842105 0.11142322097378277
0 0.8508381456379576 0.8445692883895131 0.038098248651259194 0.06835205992509363
0 0.9549961835723669 0.8670411985018727 0.05080211845433131 0.08052434456928839
0 0.8956191251073374 0.5440074906367042 0.034940353914417084 0.06835205992509363
0 0.8426290740770216 0.5566479400749064 0.03754568867109547 0.05711610486891386
0 0.8414818442977 0.6816479400749064 0.05319702236026507 0.054307116104868915
0 0.7869613974343237 0.5702247191011236 0.043585198154697795 0.05149812734082397
0 0.7411724010753374 0.6451310861423221 0.03196020412126311 0.05056179775280899
0 0.745145775024468 0.596441947565543 0.0367232904172163 0.06179775280898876
0 0.9802631578947368 0.8183520599250936 0.039473684210526314 0.06928838951310862
0 0.9324087419891152 0.5664794007490637 0.0323023332506822 0.04681647940074907
0 0.8252150836846006 0.6324906367041199 0.031137805867383964 0.0552434456928839
0 0.9836842105263158 0.651685393258427 0.03263157894736842 0.0599250936329588
0 0.9186363749787917 0.6699438202247191 0.04937467183890835 0.05149812734082397
0 0.8214233915251777 0.800561797752809 0.03561125141529817 0.09269662921348315
0 0.8613157894736843 0.9878277153558053 0.05421052631578947 0.024344569288389514
0 0.7228947368421053 0.5870786516853933 0.005789473684210527 0.04868913857677903
0 0.7717447635298248 0.6441947565543071 0.032512764101426825 0.06179775280898876
0 0.8088995328735284 0.6699438202247191 0.028091806934892726 0.04681647940074907
0 0.8591238018074546 0.7617041198501873 0.053795629005442394 0.06647940074906367
0 0.8724728022459418 0.8113295880149812 0.03258505495713052 0.07397003745318352
0 0.9389898373210452 0.903558052434457 0.055927136354027164 0.07771535580524344