0 0.046853625170998635 0.5961070559610706 0.09097127222982217 0.1070559610705596
0 0.016757865937072503 0.5492700729927007 0.033515731874145006 0.20072992700729927
0 0.16792065663474692 0.6240875912408759 0.073187414500684 0.051094890510948905
0 0.2722298221614227 0.6289537712895377 0.09986320109439124 0.0413625304136253
0 0.3789329685362517 0.1873479318734793 0.04103967168262654 0.09975669099756691
0 0.3498981947817647 0.2409832362280085 0.05915454749669228 0.0644506045744797
0 0.3233298141825027 0.107798855630766 0.07120040084348357 0.09047941162076246
0 0.37277701778385774 0.09732360097323602 0.0533515731874145 0.0851581508515815
0 0.36354309165526677 0.016423357664233577 0.05813953488372093 0.032846715328467155
0 0.31874145006839943 0.018856447688564478 0.05471956224350205 0.037712895377128956
0 0.2811217510259918 0.02068126520681265 0.04103967168262654 0.0413625304136253
0 0.24008207934336526 0.0364963503649635 0.0506155950752394 0.072992700729927
0 0.18215723352112345 0.05569469978067116 0.07250868327527879 0.08688640738318473
0 0.15661895701410894 0.1733309571854562 0.07501841764565205 0.11495188886136803
0 0.2713645286829993 0.2091239998045696 0.07916218923010969 0.11755487128245484
0 0.29446009689666247 0.15712454225780026 0.07291404688995777 0.0698830926123278
0 0.268391204722517 0.5163865615747237 0.07852326242089963 0.20384462094782388
0 0.17947191607682617 0.512705559645013 0.06903426731340599 0.1669801703898893
0 0.13533173515858576 0.55409487971122 0.08072188091444266 0.17111116721719405
0 0.33537657267692805 0.5428982561586925 0.08851918833365041 0.10456929174106534
0 0.36627906976744184 0.49939172749391725 0.06634746922024624 0.08637469586374696
0 0.37688098495212036 0.44525547445255476 0.04514363885088919 0.08029197080291971
0 0.14820879344406107 0.39454394160335293 0.10978798862993835 0.1929816792012978
0 0.05919365348424753 0.41764108764101165 0.0905240480488572 0.14355536292927826
0 0.03898768809849521 0.4586374695863747 0.07797537619699042 0.17518248175182483
0 0.030437756497948016 0.2116788321167883 0.06087551299589603 0.145985401459854
0 0.06788084439138622 0.28409013259767557 0.09933636808103646 0.13905728307358753
0 0.08318905628989037 0.16420432668275267 0.08288801444452024 0.09461040844806712
0 0.3854309165526676 0.5456204379562044 0.0280437756497948 0.11313868613138686
0 0.1205159380872915 0.3300943541934583 0.10167430203126196 0.11483964442811584
0 0.029411764705882353 0.11131386861313869 0.058823529411764705 0.09610705596107055
0 0.7739398084815321 0.614963503649635 0.07729138166894665 0.06934306569343066
0 0.7266905249450804 0.4588969680266026 0.08725597362068875 0.19448036104347133
0 0.5216550439230923 0.46136541099802697 0.12713399778093207 0.16695388931960028
0 0.4805061559507524 0.5900243309002433 0.1292749658002736 0.1192214111922141
0 0.8739457389041477 0.49481844710786804 0.09470762404950984 0.1485914353746959
0 0.6081321997766601 0.36329501201516695 0.10883268264125949 0.13458751861735618
0 0.6900821787892795 0.3746004025293601 0.08913615678467215 0.1422821871181943
0 0.7582842130889562 0.284903733052069 0.07848345800470463 0.20141153092349298
0 0.7917302872347599 0.2905490951681544 0.07523002248199495 0.16966809900935395
0 0.8094272166787787 0.2547606297896738 0.08985995572891092 0.1447435925419846
0 0.6458058895669045 0.21511821859097127 0.1180032424191932 0.15198724898064356
0 0.6722339266344388 0.29412387304766224 0.08379093326163646 0.10802071898134646
0 0.6197533628019032 0.154997327222304 0.08942210715076633 0.11797960227434455
0 0.8990703042687084 0.2560368570945131 0.08784777656097459 0.14709173636793743
0 0.913096879895016 0.34000728691568105 0.08042334779298053 0.1528629920347123
0 0.9522872498008506 0.3501512374697497 0.0733173543545458 0.1780989678961342
0 0.9822161422708618 0.35340632603406325 0.03556771545827633 0.16423357664233576
0 0.9829001367989056 0.040145985401459854 0.03419972640218878 0.08029197080291971
0 0.9917920656634747 0.09428223844282238 0.016415868673050615 0.09124087591240876
0 0.9839261285909713 0.13990267639902676 0.032147742818057455 0.0827250608272506
0 0.9253648646834272 0.09217188922744095 0.06645224356337212 0.0927142938488782
0 0.7951436388508892 0.03467153284671533 0.06634746922024624 0.06934306569343066
0 0.8751609246005508 0.0858327998246023 0.05085968487504776 0.100578854746472
0 0.6843365253077975 0.03832116788321168 0.09781121751025992 0.07664233576642336
0 0.7352941176470589 0.023114355231143552 0.06703146374829001 0.046228710462287104
0 0.6528265582964935 0.0997588079311983 0.10320882820485887 0.08329442031019205
0 0.4851666865171047 0.2023813746572051 0.08199035893004289 0.1650850729552853
0 0.4274965800273598 0.18248175182481752 0.0560875512995896 0.18248175182481752
0 0.41894664842681256 0.11557177615571776 0.03898768809849521 0.1386861313868613
0 0.41894664842681256 0.057177615571776155 0.03898768809849521 0.11435523114355231
0 0.5309770493392595 0.16349593311397723 0.09458089134819547 0.1826263803158694
0 0.5573061508675347 0.08119611186090886 0.0830472321093002 0.10434276854539072
0 0.28317373461012313 0.9744525547445255 0.07250341997264022 0.051094890510948905
0 0.29469719689014695 0.8458695091638829 0.07239453332933238 0.16347211235068967
0 0.2222110474742849 0.8836506501281973 0.08583559739303825 0.14943988019389057
0 0.21152483565580632 0.8046879773529879 0.06085355463770772 0.12652271559437692
0 0.18365253077975377 0.6733576642335767 0.052667578659370724 0.04744525547445255
0 0.14500683994528044 0.6928223844282239 0.06976744186046512 0.08637469586374696
0 0.3060875512995896 0.7025547445255474 0.06087551299589603 0.10583941605839416
0 0.2708618331053352 0.6678832116788321 0.06566347469220246 0.0364963503649635
0 0.009917920656634747 0.7104622871046229 0.019835841313269494 0.12165450121654502
0 0.6210670314637483 0.9349148418491484 0.07660738714090287 0.13017031630170317
0 0.8457592339261286 0.962287104622871 0.06497948016415869 0.07542579075425791
0 0.7663502003174798 0.8797826292127071 0.05406073322619434 0.08733843660994849
0 0.8036043401614034 0.8618469405888629 0.05922683687635303 0.11065099963730754
0 0.9563116081367232 0.8992114878779682 0.056908805134224714 0.13608518329494468
0 0.8958514098595551 0.9131430903897821 0.06367646103500203 0.09016794222671012
0 0.9890560875512996 0.8880778588807786 0.02188782489740082 0.1070559610705596
0 0.9736662106703147 0.6636253041362531 0.04035567715458276 0.027980535279805353
0 0.7012057866120858 0.7407405210034342 0.04407944621890249 0.10394533578837521
0 0.755121941078959 0.7502767076337128 0.041025032777167764 0.08436735399589083
0 0.9945280437756497 0.8126520681265207 0.01094391244870041 0.0851581508515815
0 0.5075239398084815 0.6751824817518248 0.049247606019151846 0.051094890510948905