0 0.32363420427553447 0.013742071881606765 0.07600950118764846 0.02748414376321353
0 0.16270783847980996 0.02854122621564482 0.057007125890736345 0.05708245243128964
0 0.048693586698337295 0.05919661733615222 0.05463182897862233 0.11839323467230443
0 0.42539425760337835 0.40492522951839144 0.041526474730539165 0.08375208475389777
0 0.36459709141539304 0.35352591632776637 0.07212524550634244 0.07776087060202626
0 0.27127543947231986 0.21939529980169334 0.05577320609203303 0.12541151822013713
0 0.249873369064173 0.29183850806293526 0.05574208508295759 0.12435443576770583
0 0.30711137746738 0.3134158055061923 0.05858672218679827 0.12046481056567404
0 0.1577969676550844 0.3214335759667282 0.05433911461896767 0.09680255108295363
0 0.11157163072512057 0.20844622887142242 0.060432961944629916 0.10276537256049657
0 0.08949919609405418 0.2682383181642582 0.041119376556963384 0.09002683854694683
0 0.06383228491477448 0.20593738420128 0.055088543892373346 0.10215570426664876
0 0.027998019618478757 0.2232831110705289 0.04499100696029366 0.12102093427514761
0 0.12077252884713653 0.3590670921967877 0.05596245720208086 0.11173718726006904
0 0.3801378697091127 0.4159213635044704 0.06868678417447319 0.08158275488251937
0 0.3445731831011485 0.401947676183919 0.050431313095371674 0.10478502425163347
0 0.1410332541567696 0.476215644820296 0.045724465558194774 0.06659619450317125
0 0.020783847980997625 0.4989429175475687 0.04156769596199525 0.021141649048625793
0 0.006532066508313539 0.44238900634249473 0.013064133016627079 0.06236786469344609
0 0.1577338732801028 0.45083795115334685 0.03902669378212352 0.07925279125801792
0 0.19566508313539194 0.4772727272727273 0.040973871733966744 0.06448202959830866
0 0.24435866983372923 0.49101479915433405 0.03978622327790974 0.03699788583509514
0 0.7048693586698337 0.023784355179704016 0.07957244655581948 0.04756871035940803
0 0.7407178899279726 0.16152996936841002 0.08305547451667364 0.14748734383313983
0 0.6229514416682811 0.18875248463620867 0.06502542566788555 0.11803871334530536
0 0.6881438351317221 0.20730111473383148 0.06887098517333066 0.10794207527176293
0 0.6152619953561554 0.32220873916012366 0.05786841392246814 0.11616873983441021
0 0.6391095900323194 0.3125941958970048 0.05124298438692827 0.11225234234019117
0 0.5990537880660781 0.3484522518298949 0.06230779765594175 0.10613984268240648
0 0.5507719714964371 0.4704016913319239 0.021971496437054632 0.07822410147991543
0 0.9524940617577197 0.4445031712473573 0.057007125890736345 0.13002114164904863
0 0.9263657957244655 0.492600422832981 0.05938242280285035 0.03382663847780127
0 0.8045018206303695 0.44592773808392 0.056027224275826785 0.09383452649027578
0 0.8102731591448931 0.4941860465116279 0.05285035629453682 0.0306553911205074
0 0.7571258907363421 0.48255813953488375 0.057007125890736345 0.05391120507399577
0 0.7619613880492834 0.3569145827868406 0.07268794872529558 0.07677152907113363
0 0.7227147323190035 0.4202567824829442 0.05396313745446719 0.10413438732843398
0 0.7051784218610629 0.32043651962723746 0.07765133950186141 0.12474668495977348
0 0.5528503562945368 0.35676532769556024 0.026128266033254157 0.10887949260042283
0 0.9667293983541385 0.2693872537192964 0.05327342514361739 0.12091222472425751
0 0.982185273159145 0.35993657505285415 0.035629453681710214 0.10465116279069768
0 0.9866389548693587 0.4487315010570824 0.02672209026128266 0.10042283298097252
0 0.49228028503562943 0.5507399577167019 0.09501187648456057 0.0824524312896406
0 0.4965034623894426 0.6225923256297783 0.07524492158067202 0.12341863882118749
0 0.40963648460296115 0.6065162391683164 0.07236158830097023 0.18630165859475573
0 0.4518606569821027 0.7252631849765491 0.06005445972453446 0.13011403448063288
0 0.5020783847980997 0.7114164904862579 0.07541567695961995 0.17547568710359407
0 0.5276128266033254 0.8255813953488372 0.024346793349168647 0.12684989429175475
0 0.5120745093354069 0.8175633953503947 0.04633678551732317 0.10642500270572557
0 0.4551556963607067 0.8675423862108655 0.08755710026829813 0.1395726115859988
0 0.46485159540136756 0.93378648996025 0.07981636451723292 0.05756759445494142
0 0.06799287410926366 0.5750528541226215 0.07779097387173396 0.13107822410147993
0 0.2494061757719715 0.5591966173361522 0.11163895486935867 0.09936575052854123
0 0.2490356268747313 0.6460495484146863 0.07139936207522678 0.13351527689472992
0 0.1689820672060401 0.6286659001293143 0.0906843515094131 0.12517990278119254
0 0.1064930037778028 0.6108695183371988 0.07796254959261568 0.13531750948408638
0 0.12942420138500585 0.6814372753011051 0.08684384211515822 0.09524288950542317
0 0.14288533235282821 0.7541459694620609 0.10452903480852122 0.13308043869116928
0 0.14928155207466187 0.8398578733452097 0.08918044285141133 0.15450724776311395
0 0.27557013872473063 0.7681772523223404 0.0728982206220382 0.14422158326212015
0 0.31892435748200165 0.7229275500145526 0.06870527990557294 0.18272396570822994
0 0.36548782775743577 0.7563288790305875 0.09161798178167622 0.15689237635413122
0 0.3839691312378176 0.7971762316294339 0.0763106110560223 0.09930896517988386
0 0.3778210272317568 0.8514395274572165 0.10521874711937115 0.11630260129534577
0 0.022565320665083134 0.7547568710359408 0.04513064133016627 0.12050739957716702
0 0.06322583540877028 0.7096712367966135 0.06667736420447908 0.15404725764950788
0 0.02553444180522565 0.5998942917547568 0.0510688836104513 0.16596194503171247
0 0.023752969121140142 0.6897463002114165 0.047505938242280284 0.11733615221987315
0 0.036417515101182886 0.9020523347794553 0.04631071461943788 0.06533426890398263
0 0.16211401425178149 0.9645877378435518 0.0665083135391924 0.0708245243128964
0 0.20605700712589073 0.9725158562367865 0.052256532066508314 0.05496828752642706
0 0.26276722090261284 0.9857293868921776 0.04809976247030879 0.02854122621564482
0 0.31918052256532065 0.9799154334038055 0.07779097387173396 0.040169133192389
0 0.06031977662871236 0.9550088789743986 0.06281078391233903 0.08301951057199544
0 0.04691211401425178 0.9883720930232558 0.057007125890736345 0.023255813953488372
0 0.10124703087885986 0.9645877378435518 0.054038004750593824 0.0708245243128964
0 0.753562945368171 0.5380549682875264 0.0665083135391924 0.05708245243128964
0 0.8773513088839602 0.6226746859774426 0.06896182314496188 0.1311301483037127
0 0.8804015779443202 0.8477111526483235 0.06896434820055705 0.11111332262905681
0 0.5944726870930006 0.9004807138869181 0.05386724937164579 0.12097996564579594
0 0.8071668966755761 0.9101577138361896 0.04871460748503223 0.0866791407172242
0 0.6249288882723693 0.9028398803768188 0.04633678551732304 0.10642500270572545
0 0.6790380047505938 0.9820295983086681 0.07066508313539192 0.035940803382663845
0 0.5605700712589073 0.8868921775898521 0.04156769596199525 0.07399577167019028
0 0.8355106888361045 0.9593023255813954 0.0665083135391924 0.08139534883720931
0 0.8622327790973872 0.9799154334038055 0.07482185273159145 0.040169133192389
0 0.9937648456057007 0.9423890063424947 0.012470308788598575 0.11522198731501057
0 0.9732779097387173 0.7922832980972516 0.05344418052256532 0.1427061310782241