0 0.30132450331125826 0.39705882352941174 0.0728476821192053 0.10470588235294118
0 0.4458268132505217 0.354409259354851 0.10166744874776916 0.11819766293526808
0 0.4470198675496689 0.41823529411764704 0.07947019867549669 0.06235294117647059
0 0.49403973509933774 0.4211764705882353 0.051655629139072845 0.05647058823529412
0 0.5043046357615895 0.21470588235294116 0.031125827814569535 0.14470588235294118
0 0.057546851419024866 0.346010081241491 0.1072448917441156 0.17953842946483667
0 0.09682384263800944 0.2386925979586152 0.06869458084196901 0.14738938272805238
0 0.14062407353328535 0.2622919418525238 0.056035600194556404 0.16919467076674516
0 0.17610171738533723 0.23667070780977878 0.08229524289632364 0.18673318262070607
0 0.2158830840229674 0.23654896134075917 0.08865649106262888 0.20227374417976482
0 0.21474547586325862 0.17879237188967423 0.11452783400401426 0.1293061687102747
0 0.3336123933200476 0.17134092629631492 0.08269440020994445 0.15149383028742497
0 0.36351893592838364 0.2444199997093346 0.06065502637465552 0.14353137908067978
0 0.3975187651122486 0.1993048529900405 0.0633965675969356 0.1471703214729413
0 0.42622692280371083 0.19165877782449808 0.06706162886483143 0.1355699115319217
0 0.44287666177021406 0.1634924321780667 0.06906289328900184 0.11097355980653607
0 0.28900385414085544 0.14064168488766127 0.07744356724080434 0.17830620990483673
0 0.04653172938143529 0.22248017764779165 0.08508031249045284 0.11633662592481067
0 0.04627228694347099 0.1565156767359485 0.0606840452892215 0.09417437968857524
0 0.21688741721854304 0.024705882352941175 0.07483443708609272 0.04941176470588235
0 0.13940397350993378 0.012941176470588235 0.07748344370860927 0.02588235294117647
0 0.07980132450331126 0.011176470588235295 0.06158940397350993 0.02235294117647059
0 0.3572847682119205 0.011176470588235295 0.06423841059602649 0.02235294117647059
0 0.49834437086092714 0.10352941176470588 0.04304635761589404 0.10352941176470588
0 0.6051491195298201 0.3649959392786151 0.07346823135500764 0.12760844398316348
0 0.5341059602649006 0.3935294117647059 0.02847682119205298 0.11176470588235295
0 0.666196961465466 0.2238351273347982 0.057389122420380655 0.1198924366884183
0 0.568354276174598 0.18799040557600064 0.056451092917482217 0.1598102887177518
0 0.5595245747846953 0.10753859173733397 0.06661346532329591 0.09324435301233988
0 0.8054421948418518 0.1471503961343278 0.05543321232008108 0.12098675930598701
0 0.839378508340519 0.1550311911993997 0.04708520918688889 0.10536404977626154
0 0.7673953463823397 0.30869505710358264 0.09202761312192839 0.15423012866034
0 0.8275840478541325 0.28880655504711217 0.06265629079882593 0.11893502735529422
0 0.8703836465373233 0.2999981924507724 0.05800601975213897 0.14342184845312417
0 0.872573632065065 0.2164687806860665 0.06459586548982035 0.09198573445343808
0 0.9180476534607408 0.16358384501623646 0.06971063548734799 0.13567944215947725
0 0.9671241334151254 0.15030235265051106 0.06046995717512818 0.13647255555126803
0 0.9913907284768212 0.16941176470588235 0.017218543046357615 0.10588235294117647
0 0.9860927152317881 0.28352941176470586 0.02781456953642384 0.10352941176470588
0 0.9599337748344371 0.39647058823529413 0.08013245033112583 0.10588235294117647
0 0.9897350993377484 0.38235294117647056 0.02052980132450331 0.11294117647058824
0 0.6188741721854305 0.02176470588235294 0.07086092715231788 0.04352941176470588
0 0.8519803641348105 0.053677225170380156 0.05737278701107581 0.0940374664041308
0 0.8873328025684887 0.08340487408847172 0.05313800868731466 0.10913990545296737
0 0.7794701986754967 0.008823529411764706 0.07682119205298013 0.01764705882352941
0 0.016887417218543047 0.6011764705882353 0.03377483443708609 0.08
0 0.047812704320844675 0.5891458074008892 0.06662797478057875 0.06856585331628767
0 0.037334628520510636 0.5209921694249153 0.07340471566980972 0.07472203282635305
0 0.048344370860927154 0.47294117647058825 0.046357615894039736 0.047058823529411764
0 0.11225165562913907 0.48705882352941177 0.07748344370860927 0.07529411764705882
0 0.02052980132450331 0.92 0.04105960264900662 0.16
0 0.11225165562913907 0.9764705882352941 0.10794701986754966 0.047058823529411764
0 0.3456953642384106 0.9382352941176471 0.11390728476821192 0.12352941176470589
0 0.44370860927152317 0.9641176470588235 0.10860927152317881 0.07176470588235294
0 0.5033112582781457 0.8282352941176471 0.033112582781456956 0.15529411764705883
0 0.48625683506250916 0.7450707896977526 0.0571441894396995 0.16101414196287592
0 0.4481537747258873 0.7570393900197918 0.06606190962875731 0.1731348223847844
0 0.39018316472039116 0.7681865106351643 0.07009710929570798 0.17565205950258828
0 0.3050520691294479 0.7911658101171248 0.09909646726773343 0.1462960437684707
0 0.2679451252043027 0.7272109835126543 0.089300581356931 0.1259126865720263
0 0.17926144117912987 0.8224747675288633 0.07217639886235921 0.17926361923796094
0 0.12819095152921642 0.823307479419007 0.061718261295927494 0.15885287938462758
0 0.05869536621141916 0.7556579614505101 0.06635402288533146 0.15904455798284983
0 0.019867549668874173 0.6988235294117647 0.039735099337748346 0.09411764705882353
0 0.1562913907284768 0.5011764705882353 0.08211920529801324 0.10352941176470588
0 0.2688332845827216 0.655405203644968 0.10445434429392036 0.0983345762197126
0 0.19682023981341198 0.5699854048969417 0.040970719953286834 0.09923525292308501
0 0.2337748344370861 0.4811764705882353 0.059602649006622516 0.06352941176470588
0 0.3019867549668874 0.4923529411764706 0.08344370860927153 0.08588235294117647
0 0.4278145695364238 0.4823529411764706 0.06754966887417219 0.06588235294117648
0 0.4327814569536424 0.4623529411764706 0.07086092715231788 0.02588235294117647
0 0.36026490066225164 0.4752941176470588 0.06357615894039735 0.05176470588235294
0 0.48543046357615893 0.6464705882352941 0.06887417218543046 0.14941176470588236
0 0.4917218543046358 0.5411764705882353 0.056291390728476824 0.11764705882352941
0 0.6801324503311258 0.9841176470588235 0.09933774834437085 0.03176470588235294
0 0.5837748344370861 0.9852941176470589 0.09602649006622517 0.029411764705882353
0 0.8983443708609271 0.9594117647058824 0.06423841059602649 0.0811764705882353
0 0.8456953642384106 0.9364705882352942 0.09006622516556291 0.12705882352941175
0 0.7632450331125827 0.9635294117647059 0.07483443708609272 0.07294117647058823
0 0.7102947343939358 0.8930639864809679 0.07785723401170828 0.11838835787550338
0 0.7639697893185059 0.8434625104928373 0.07239048697645253 0.13696544337526817
0 0.770880816306774 0.7442287330567328 0.08492608815751333 0.1104542729836342
0 0.8480794014874505 0.7456541067019353 0.09735464528152747 0.10509219052334656
0 0.8718877902714895 0.7984593535460662 0.09004085815504097 0.15414798068967336
0 0.9290718561789938 0.8173122329306938 0.06894133977467234 0.15680114743393472
0 0.9526490066225165 0.9294117647058824 0.09470198675496688 0.1411764705882353
0 0.9701986754966887 0.77 0.059602649006622516 0.14
0 0.9874172185430463 0.7364705882352941 0.025165562913907286 0.10352941176470588
0 0.5974434298183543 0.860720802000994 0.07819652754417529 0.13132953434609163
0 0.5387417218543047 0.9523529411764706 0.03774834437086093 0.09529411764705882
0 0.536092715231788 0.8888235294117647 0.03245033112582781 0.10941176470588235
0 0.5350993377483444 0.8564705882352941 0.030463576158940398 0.12470588235294118
0 0.5466887417218543 0.8088235294117647 0.05364238410596026 0.0811764705882353
0 0.5344370860927152 0.5335294117647059 0.02913907284768212 0.09294117647058824
0 0.5274834437086092 0.6529411764705882 0.015231788079470199 0.08470588235294117
0 0.5834028700860092 0.498572247093203 0.04535972260998748 0.09001516681542492
0 0.5965226977802184 0.5544687831918174 0.05694095887884499 0.07756687816883667
0 0.5977210826970919 0.6351939317703794 0.07087908851364483 0.07931838455173867
0 0.5611956263570621 0.6754936655091769 0.04451240175483085 0.08292896062912425
0 0.7077555598359454 0.6232551732501966 0.05729476186859497 0.06582955494337257
0 0.7483443708609272 0.48764705882352943 0.05033112582781457 0.07647058823529412
0 0.8216129744796777 0.5160770623967328 0.0801669471017577 0.10555671203247069
0 0.8405279361089242 0.6670217640593994 0.11198587143854422 0.10804755015137268
0 0.9917218543046358 0.6258823529411764 0.016556291390728478 0.09176470588235294
0 0.9049024587560097 0.5254096301059094 0.06742994131186456 0.09915408861040532
0 0.6865580780791932 0.5593692951169418 0.06314798271221056 0.08722508678671903
0 0.6758278145695364 0.4788235294117647 0.06158940397350993 0.058823529411764705
0 0.8241721854304636 0.47058823529411764 0.056291390728476824 0.042352941176470586
0 0.9652317880794702 0.5523529411764706 0.0695364238410596 0.05764705882352941