0 0.020486935866983372 0.410676532769556 0.040973871733966744 0.08773784355179703
0 0.029371307118053046 0.3214791700667804 0.04727499333915614 0.07115691089609612
0 0.2255352406258354 0.26681140942698595 0.05924352338451802 0.11159949294153276
0 0.05255344418052257 0.03646934460887949 0.05166270783847981 0.07293868921775898
0 0.028051724240215792 0.19003135393600065 0.04427128587628802 0.06973023641436495
0 0.025469186455462797 0.1293230313270614 0.03655157091191747 0.06876929713818555
0 0.08674716907538631 0.36209955027535334 0.06487634550196483 0.08492845164277862
0 0.1635234261046915 0.35784948818157647 0.06724578567238632 0.10312060855169031
0 0.16582982743506913 0.30077814813548287 0.05026698731863919 0.10837655194877102
0 0.1915603507569784 0.2853692900746853 0.050370746286816134 0.11154779930606488
0 0.17123016159711987 0.0740303400416293 0.05425668204290304 0.08571208524216216
0 0.19468273610596976 0.18945572609433983 0.05663197895501706 0.08600775886560193
0 0.2186895229695745 0.15780992683257716 0.05163928087170955 0.07801683445170338
0 0.2042755344418052 0.0153276955602537 0.04631828978622328 0.0306553911205074
0 0.16389548693586697 0.02061310782241015 0.04156769596199525 0.0412262156448203
0 0.36965558194774345 0.2832980972515856 0.03978622327790974 0.12896405919661733
0 0.3526572739229145 0.1703219713618094 0.06632897105644192 0.1293259146448928
0 0.3675771971496437 0.12315010570824525 0.043942992874109264 0.11522198731501057
0 0.36728028503562943 0.07822410147991543 0.04453681710213777 0.09513742071881606
0 0.36312351543942994 0.0354122621564482 0.05285035629453682 0.0708245243128964
0 0.9691211401425178 0.1014799154334038 0.06175771971496437 0.2029598308668076
0 0.9851543942992874 0.05972515856236787 0.029691211401425176 0.11945031712473574
0 0.8987038986778806 0.12770291087718652 0.06495667750337145 0.15968563214196044
0 0.8398376194087834 0.10531164678045525 0.08595390016241554 0.1507187877761743
0 0.8703290647197315 0.3265303088673507 0.07998107155940491 0.14892252126514374
0 0.6333135391923991 0.40644820295983086 0.07897862232779097 0.12579281183932348
0 0.5233917905822052 0.3288531466592356 0.05650479302006987 0.154422444650196
0 0.5684910510242069 0.2584946037950611 0.07359320708368651 0.13444126532493747
0 0.702453499363284 0.17972796538590266 0.07137327156012298 0.19312045382006993
0 0.6590178649103892 0.1824813028826006 0.0781187127464829 0.18237956771364502
0 0.6293961032181302 0.1336298865626693 0.07848800294050969 0.1213644590960701
0 0.6123542660243394 0.06835311097978108 0.07594563115645998 0.09788688992500186
0 0.7385243442553185 0.10677841002611783 0.07843584639270627 0.1739968265000547
0 0.7937412123494306 0.12697047842693052 0.06674400692914968 0.14201090407406827
0 0.7485154394299287 0.04915433403805497 0.08847980997624703 0.09830866807610994
0 0.6232185273159145 0.026427061310782242 0.05522565320665083 0.052854122621564484
0 0.48629855199006256 0.21565642516751954 0.05060699380420308 0.13684385975855584
0 0.44578308756406804 0.20743238690767482 0.04276064703231506 0.09586162410170732
0 0.4652553065886226 0.21031545097938295 0.0444958199102898 0.13081926343779987
0 0.506425259839273 0.19298471436622683 0.043688621004214855 0.14229933360282407
0 0.5147648773055736 0.16541191776461545 0.05211177590648344 0.1286089553566853
0 0.4504156769596199 0.4429175475687104 0.04453681710213777 0.052854122621564484
0 0.43787552206812297 0.30288021568246865 0.05075705257849076 0.10527922299733691
0 0.4982185273159145 0.01638477801268499 0.052256532066508314 0.03276955602536998
0 0.5261427885574682 0.13958369403856685 0.049258127217902944 0.09561764411373554
0 0.5357104975442442 0.09487582298047494 0.07423333111782575 0.09977929961228467
0 0.41684161590665164 0.16114975831296183 0.044467090329256734 0.11186569769989665
0 0.025237529691211402 0.9265327695560254 0.050475059382422804 0.11522198731501057
0 0.10653751067100639 0.9322308175294554 0.08751669555419184 0.07195503268484713
0 0.17134076623183153 0.6349360485094355 0.084541163544927 0.1979179061062826
0 0.09194417966048657 0.641104367108229 0.09781281449790795 0.20588660574978915
0 0.21179319181778222 0.5683401002494345 0.07951387913889375 0.18886989923995276
0 0.23574821852731592 0.540169133192389 0.08907363420427554 0.1416490486257928
0 0.35926365795724463 0.5523255813953488 0.060570071258907364 0.16596194503171247
0 0.13954869358669833 0.53276955602537 0.11520190023752969 0.12684989429175475
0 0.167458432304038 0.4883720930232558 0.10688836104513064 0.03805496828752643
0 0.060570071258907364 0.5105708245243129 0.07600950118764846 0.0824524312896406
0 0.03830166270783848 0.5702959830866807 0.07660332541567696 0.20190274841437633
0 0.0086104513064133 0.5417547568710359 0.0172209026128266 0.13424947145877378
0 0.027315914489311165 0.5015856236786469 0.05463182897862233 0.06448202959830866
0 0.4165676959619953 0.48150105708245244 0.054038004750593824 0.024312896405919663
0 0.3996437054631829 0.6590909090909091 0.020190023752969122 0.09619450317124736
0 0.5750300825290726 0.5700619558682649 0.08481255151246934 0.11583506684594176
0 0.577790973871734 0.5084566596194503 0.08669833729216152 0.07822410147991543
0 0.4753107065918336 0.6111323518771709 0.07883386616776611 0.131935283620383
0 0.4517942620517953 0.5848714838579885 0.06099626648757046 0.0928676824212093
0 0.43269105615755254 0.5750434654396169 0.04534931862247549 0.08460330915426288
0 0.41211401425178146 0.6009513742071881 0.04513064133016627 0.10465116279069768
0 0.7752375296912114 0.48731501057082455 0.05285035629453682 0.035940803382663845
0 0.9418052256532067 0.5116279069767442 0.07007125890736342 0.08456659619450317
0 0.8533254156769596 0.5036997885835095 0.07482185273159145 0.06871035940803383