0 0.5674157303370787 0.0345 0.051685393258426963 0.069
0 0.5426966292134832 0.019 0.051685393258426963 0.038
0 0.5140449438202247 0.023 0.05955056179775281 0.046
0 0.46348314606741575 0.0345 0.07752808988764046 0.069
0 0.42865168539325843 0.0395 0.051685393258426963 0.079
0 0.38764044943820225 0.059 0.0651685393258427 0.118
0 0.6129213483146068 0.027 0.033707865168539325 0.054
0 0.597706501270031 0.2023256157518656 0.046706636506320814 0.08144797289544363
0 0.5833632323058885 0.1624565169226121 0.03993925579822154 0.054389794597334
0 0.5568874959653992 0.2732794064771201 0.06801238062491388 0.08066905042825988
0 0.5636297324528633 0.3392386816684434 0.048519741229193294 0.08446542638487654
0 0.5613470254528448 0.19319795685976676 0.040960947513785664 0.078389794597334
0 0.5383858864536556 0.2149452146267323 0.04194845014807945 0.0883956124271449
0 0.5142414869200649 0.22870119913841438 0.04324232760629145 0.09240724808676691
0 0.4840279290293857 0.23851827086311142 0.042467677412739935 0.08740143025695601
0 0.4516722794403295 0.11880043560894274 0.0784569226737853 0.10176795353504622
0 0.6035483664607667 0.4583779762201641 0.05054569839280856 0.09248287987430923
0 0.5565740666421153 0.4243492204348515 0.046527973146848374 0.09044215506563251
0 0.4836586936538795 0.34206772241650457 0.05278450799716584 0.10550033336374214
0 0.49066473447711295 0.4010211797780169 0.049736859117986705 0.07348287987430922
0 0.4609620224442159 0.422838251502714 0.05650423982608623 0.10054105817241885
0 0.42369732117310616 0.544277497653441 0.06925530618809896 0.096674868258071
0 0.28731303286216286 0.6082174105316526 0.056597762209261666 0.08954687600222996
0 0.26564510786742945 0.5679239434899414 0.049251820934596305 0.08847124421468743
0 0.21432584269662922 0.698 0.05561797752808989 0.044
0 0.04887640449438202 0.7115 0.04943820224719101 0.017
0 0.008426966292134831 0.4115 0.016853932584269662 0.079
0 0.03916086837408525 0.25813180990319895 0.05852181558282282 0.12155269383204086
0 0.07182189760642513 0.27280019360397456 0.060173019759979705 0.10757596515128466
0 0.10759895388048424 0.34746275947493915 0.06576518961367793 0.08064577910901607
0 0.08382611181054671 0.48877110445491984 0.04479162799339448 0.10241888374638893
0 0.1346042892537812 0.42071550170797356 0.04983876290804068 0.049494515533931235
0 0.057157813092754785 0.4960503602858457 0.04203359112437646 0.0903956124271449
0 0.16948769700359986 0.5073926121534655 0.04714072279468429 0.07845379072525452
0 0.2840095075812382 0.10152833106279649 0.06467578318933004 0.09462832561958316
0 0.2280890142057915 0.06859266055445915 0.08325767952017517 0.09582031400334472
0 0.1092952606148382 0.16286385636815293 0.08377690678483565 0.09482613183315561
0 0.18000601307998668 0.2461686257057437 0.07632068031323802 0.1307330465561804
0 0.36016310146468705 0.12124874186812849 0.07569050439788887 0.1027388643859913
0 0.4102508962560091 0.3868473116111726 0.04782185060506037 0.09445379072525452
0 0.4403196481416076 0.36702733097157 0.05349078002817744 0.08251778685317504
0 0.4312831277244417 0.2735796914398686 0.04937953239904182 0.09147124421468743
0 0.37997281917935094 0.3291352941868148 0.05688737421942278 0.10954105817241884
0 0.3185630549208942 0.39830143570016924 0.05254584788203165 0.07351196902336414
0 0.28459524439314643 0.3661388698292046 0.054393141686174214 0.09052360468298594
0 0.3289898389753743 0.34617053452942276 0.05097978468117178 0.08948869770412034
0 0.3521976877696979 0.31041455001774065 0.04861326361236872 0.07347124421468743
0 0.2524408703151494 0.36997339504333454 0.044765820319002815 0.07543051940601071
0 0.3639051137183161 0.21575165078303393 0.07902710183347271 0.08877958919466801
0 0.8506628281082049 0.1427329551974064 0.07445662369533862 0.1397097752369366
0 0.8745534633472953 0.28804969355836135 0.07531641486518714 0.14671559306674747
0 0.9227142192231531 0.22452317996046986 0.0851307809987094 0.13982031400334471
0 0.9453654561487413 0.28131373808727544 0.06219897692359471 0.11559341864071745
0 0.9848314606741573 0.4075 0.030337078651685393 0.127
0 0.9924157303370786 0.358 0.015168539325842697 0.132
0 0.8953625923528146 0.4203926121534655 0.06512729574520676 0.13161668995996115
0 0.9311944594984618 0.44353190670518633 0.06505891758266658 0.10362832561958317
0 0.9484576658773377 0.512383552045007 0.059364180485158104 0.08857596515128466
0 0.7254316759652913 0.4356583235010905 0.07300922709828943 0.10570977523693637
0 0.733493597585359 0.5326175986924139 0.05824058497954019 0.08856432949166265
0 0.6379213483146068 0.3775 0.016292134831460674 0.091
0 0.6612359550561798 0.6965 0.046067415730337076 0.047
0 0.8370398519388805 0.6280878428158746 0.04523409568863637 0.08643051940601072
0 0.5519662921348315 0.7795 0.05561797752808989 0.119
0 0.5179775280898876 0.778 0.058426966292134834 0.116
0 0.5133959264949246 0.9082070169682254 0.06300781619841606 0.13459341864071758
0 0.46630262834558434 0.8911869879276292 0.0774868463070045 0.13174468221580218
0 0.5146067415730337 0.968 0.0550561797752809 0.064
0 0.5497191011235955 0.968 0.07134831460674157 0.064
0 0.5887640449438202 0.954 0.05730337078651685 0.092
0 0.5814606741573034 0.7715 0.06629213483146068 0.103
0 0.5820539189414321 0.857473970412045 0.06522081812838218 0.12062250778977204
0 0.20449438202247192 0.765 0.11573033707865168 0.09
0 0.3544943820224719 0.7405 0.08089887640449438 0.041
0 0.4162590626768015 0.7916611410572221 0.07830406698870453 0.13775050004561307
0 0.34197923372564304 0.8819698194009448 0.07580145304857754 0.1317272287263695
0 0.30060648034820264 0.906909065551672 0.07321369813215355 0.1237039574071257
0 0.3509599480905865 0.9278970965283079 0.08118077046153323 0.09979704268410092
0 0.26292134831460673 0.9805 0.07865168539325842 0.039
0 0.21179775280898877 0.9625 0.0898876404494382 0.075
0 0.1098314606741573 0.9755 0.06123595505617978 0.049
0 0.14522471910112358 0.9475 0.08033707865168539 0.105
0 0.13847202261058697 0.8610671470477942 0.08968449632308666 0.11487849230145411
0 0.07917622028796896 0.8016547478587006 0.10214661412869454 0.15698903106786247
0 0.1404494382022472 0.7695 0.08426966292134831 0.099
0 0.04269662921348315 0.756 0.0853932584269663 0.072
0 0.020224719101123594 0.7845 0.04044943820224719 0.129
0 0.7370786516853932 0.749 0.06853932584269663 0.058
0 0.6519662921348315 0.761 0.044382022471910115 0.082
0 0.9602192392437876 0.7956019626678861 0.05983245585479166 0.09957596515128454
0 0.947192459889444 0.8922794064771201 0.05607015353772276 0.10353524034260794
0 0.9034099515012959 0.8342070169682254 0.0766354365440344 0.1117446822158023
0 0.8599606207920917 0.8961840790127237 0.09196587641559244 0.12889594579088726
0 0.798876404494382 0.939 0.07752808988764046 0.122
0 0.763441692505878 0.860167292250775 0.08419423025944228 0.11782031400334472
0 0.722752808988764 0.95 0.0747191011235955 0.1
0 0.8926966292134831 0.964 0.06629213483146068 0.072
0 0.9438202247191011 0.96 0.0651685393258427 0.08
0 0.9780898876404495 0.8615 0.043820224719101124 0.161
0 0.9828651685393258 0.9565 0.034269662921348316 0.087
0 0.6553370786516854 0.9595 0.05112359550561798 0.081
0 0.6823033707865168 0.957 0.05898876404494382 0.086