0 0.034869240348692404 0.4883592017738359 0.06973848069738481 0.08314855875831485
0 0.041718555417185554 0.2638580931263858 0.08343711083437111 0.15077605321507762
0 0.09292247095481967 0.32827707365335473 0.0866846826452331 0.14796017915036697
0 0.05097293585605333 0.43073003737248994 0.08709062912159078 0.1656985383521408
0 0.09993773349937733 0.5110864745011087 0.08655043586550436 0.037694013303769404
0 0.19858841299546903 0.42589260560306985 0.1061025297490388 0.12723279564932605
0 0.15076740325698926 0.18533400468094444 0.08867002850330002 0.07173454862418789
0 0.20236612702366127 0.49944567627494457 0.05603985056039851 0.06097560975609756
0 0.17496886674968867 0.4844789356984479 0.06973848069738481 0.09090909090909091
0 0.8754659670346259 0.33000780571138866 0.10302620273576027 0.155786585820738
0 0.8523163677506757 0.41494639347503615 0.09824785592412591 0.1642943740463309
0 0.7792652552926526 0.47394678492239467 0.09900373599003735 0.11197339246119734
0 0.8798256537982565 0.516629711751663 0.09464508094645081 0.026607538802660754
0 0.9286224127811682 0.20116093613703726 0.09089322668879336 0.08739113469147532
0 0.948037109236322 0.47019710241213797 0.07035690784639606 0.11357140759924705
0 0.9645080946450809 0.43015521064301554 0.07098381070983811 0.13303769401330376
0 0.9772727272727273 0.49611973392461195 0.045454545454545456 0.06762749445676275
0 0.48904734950422946 0.19536653626684944 0.08672379959169552 0.12250646171972883
0 0.4683360916113153 0.4054119405042192 0.07940404944560998 0.12861625935745286
0 0.28798256537982564 0.380820399113082 0.05666251556662515 0.12971175166297116
0 0.37484433374844334 0.4672949002217295 0.0684931506849315 0.12527716186252771
0 0.4305728518057285 0.511640798226164 0.07783312577833126 0.036585365853658534
0 0.2705479452054795 0.4606430155210643 0.021793275217932753 0.11862527716186252
0 0.03331257783312578 0.656319290465632 0.06662515566625156 0.11751662971175167
0 0.20578502686488606 0.6919512139534877 0.08425851122156135 0.12343441348219256
0 0.055008659777703806 0.7804011803624545 0.08153950630370348 0.11327589074354776
0 0.08236625950093227 0.5797218688670011 0.05806958294218732 0.09275744898092804
0 0.2412826899128269 0.6834811529933481 0.036737235367372355 0.12305986696230599
0 0.04397774764474886 0.5947046188321574 0.0776259146829371 0.10524431506130118
0 0.18271787158681618 0.6097673169439796 0.07552957477130588 0.09513096624456827
0 0.012453300124533 0.5620842572062085 0.024906600249066 0.06430155210643015
0 0.5834371108343711 0.6252771618625277 0.099626400996264 0.19068736141906872
0 0.4887920298879203 0.6297117516629712 0.10460772104607721 0.19955654101995565
0 0.4754481148019847 0.783549182472575 0.08801775398508598 0.17904748167538306
0 0.46280295194233306 0.9136693857960246 0.10546611945112216 0.1537499866081633
0 0.539227895392279 0.9312638580931264 0.099626400996264 0.13747228381374724
0 0.6134112248805835 0.7508045184638946 0.10889553070260596 0.1949506379499123
0 0.6702159193370865 0.6533159949460298 0.10958056538145976 0.22488411910290565
0 0.6992570675940031 0.7742451421253923 0.09922572409716568 0.17986061226979463
0 0.6352018653098866 0.8478873951670318 0.10937971107188862 0.16178156229040988
0 0.5968244084682441 0.9279379157427938 0.08779576587795766 0.14412416851441243
0 0.6544209215442092 0.9490022172949002 0.09713574097135741 0.10199556541019955
0 0.7011811032437468 0.9081985512390455 0.08682316728217752 0.18117442873178127
0 0.7612079701120797 0.905210643015521 0.10024906600249066 0.18957871396895787
0 0.8188044831880449 0.9356984478935698 0.11955168119551682 0.1286031042128603
0 0.8801116423908572 0.6796486680923586 0.12638089418649703 0.1984328026636634
0 0.8368617683686177 0.5709534368070953 0.11083437110834371 0.082039911308204
0 0.9101375314666585 0.7984282812543669 0.10677381913620261 0.18372864168306852
0 0.9213418073258047 0.8675361648353762 0.1036996110515315 0.1580490546428716
0 0.9221668742216688 0.9484478935698448 0.09090909090909091 0.10310421286031042
0 0.9822540473225405 0.9429046563192904 0.03549190535491906 0.11419068736141907
0 0.9663760896637609 0.7638580931263859 0.06724782067247821 0.15299334811529933
0 0.9757160647571607 0.8697339246119734 0.048567870485678705 0.1164079822616408
0 0.9894146948941469 0.7045454545454546 0.021170610211706103 0.17405764966740578
0 0.7085927770859277 0.9711751662971175 0.09339975093399751 0.057649667405764965
0 0.29140722291407223 0.7012195121951219 0.06351183063511831 0.1674057649667406
0 0.3231938349521826 0.7730584822902042 0.09452349224984845 0.19169434284572012
0 0.3618936793114793 0.7580983192860038 0.07600951728337307 0.1704286450082833
0 0.4059702232981685 0.7807295850796351 0.08924933870584928 0.20570019439995543
0 0.29545454545454547 0.9545454545454546 0.07160647571606475 0.09090909090909091
0 0.3165147329612289 0.901390542971594 0.08275946466138442 0.1122575911372604
0 0.4442714819427148 0.9639689578713969 0.09402241594022416 0.07206208425720621
0 0.3804483188044832 0.9783813747228381 0.062266500622665005 0.043237250554323724