0 0.4219964486972262 0.3292407336584724 0.07701544519785693 0.11466065981640287
0 0.5295939786500408 0.5241944571746229 0.07152656045199667 0.1383934969063946
0 0.4046217610499543 0.5892172013028631 0.0820990062968839 0.1472673544774586
0 0.3162600342078396 0.5622206601916837 0.0867774423538686 0.131937567775252
0 0.12539669176203208 0.34795988081075524 0.07284046367169512 0.12793024894784322
0 0.0518310605233802 0.09080319867423357 0.09263464064747563 0.14230371255056137
0 0.024368231046931407 0.19646680942184155 0.048736462093862815 0.15952890792291222
0 0.055643979603638774 0.19904596558977194 0.06520271912186221 0.1439250491998125
0 0.621841155234657 0.6680942184154176 0.0631768953068592 0.10278372591006424
0 0.5670878459687124 0.6622055674518201 0.060770156438026475 0.1145610278372591
0 0.5803249097472925 0.6953961456102784 0.052346570397111915 0.048179871520342615
0 0.641395908543923 0.6911134903640257 0.05535499398315283 0.056745182012847964
0 0.06746910858092563 0.29759622004417996 0.06565705855949261 0.14079418781748304
0 0.028371855910093065 0.2788583389438736 0.05572320822850436 0.09370095323958538
0 0.02286401925391095 0.34582441113490364 0.0457280385078219 0.08993576017130621
0 0.04225991810386443 0.3852277602886641 0.06903389499567568 0.1231608133874299
0 0.09549686093148456 0.4586592445954686 0.04899414255393226 0.10343403072689591
0 0.05718549940293127 0.4491842659981694 0.05144999651595756 0.10482921474789964
0 0.07662376573225714 0.5401427705883933 0.06964788331178089 0.11047510775339209
0 0.11076639683649259 0.5943016740880851 0.0850829219875262 0.1210686695549001
0 0.026474127557160047 0.5005353319057816 0.052948255114320095 0.11241970021413276
0 0.31284658488215145 0.6630253185833418 0.07245984652505139 0.10659810276893994
0 0.2686522262334537 0.6718415417558886 0.07521058965102287 0.09528907922912205
0 0.22051744885679903 0.7103854389721628 0.05475330926594465 0.018201284796573874
0 0.30685920577617326 0.7039614561027837 0.05776173285198556 0.031049250535331904
0 0.2518050541516246 0.7012847965738758 0.05836341756919374 0.03640256959314775
0 0.4389290012033694 0.6777301927194861 0.07280385078219014 0.0835117773019272
0 0.9360928280018861 0.09139759753297881 0.09495535362642481 0.1798580760076324
0 0.9217809867629362 0.04336188436830835 0.09747292418772563 0.0867237687366167
0 0.8306257521058965 0.069593147751606 0.08002406738868832 0.139186295503212
0 0.7487966305655837 0.19646680942184155 0.05836341756919374 0.17880085653104924
0 0.7322503008423586 0.26659528907922914 0.02527075812274368 0.12419700214132762
0 0.1410950661853189 0.7762312633832976 0.08483754512635379 0.11349036402569593
0 0.018351383874849577 0.8624197002141327 0.036702767749699154 0.11670235546038545
0 0.03640192539109507 0.9427194860813705 0.07280385078219014 0.1145610278372591
0 0.05926019005513869 0.9142044012949607 0.06295562913150426 0.13404568473866366
0 0.09265944645006016 0.9507494646680942 0.06738868832731648 0.09850107066381156
0 0.9858604091456077 0.8410064239828694 0.028279181708784597 0.12312633832976445
0 0.9132481578678783 0.8475618169366601 0.059443751014640306 0.1357002320476293
0 0.8194945848375451 0.7639186295503212 0.08543922984356198 0.08886509635974305
0 0.7421780986762936 0.7441113490364025 0.04512635379061372 0.04925053533190578
0 0.7575210589651022 0.7698072805139187 0.07581227436823104 0.1006423982869379
0 0.8038766803190651 0.8694421071573495 0.06535016370383528 0.09499903407734708
0 0.8675264201130978 0.927041051316905 0.06826035710349107 0.09326335671602128
0 0.7454873646209387 0.9855460385438972 0.05174488567990373 0.028907922912205567