0 0.5140550239234449 0.6212765957446809 0.04126794258373206 0.01702127659574468
0 0.5192396319518923 0.4740045919942103 0.053873825193121366 0.08193629627681352
0 0.46989780574094475 0.426121111301067 0.06875630920332468 0.08197962832165694
0 0.56877990430622 0.36914893617021277 0.06220095693779904 0.13829787234042554
0 0.38443904682008495 0.2846095568512593 0.057868558987151986 0.13121982514866928
0 0.3811289274208409 0.3486889861746369 0.06294372193319292 0.10442864732830884
0 0.34745013415327486 0.38457675056122625 0.05470395561553116 0.12546647788863688
0 0.3086498248905084 0.42922479533502284 0.062095895183611464 0.11489326587110447
0 0.3109896385110222 0.4823294450319526 0.07100931550124341 0.07807166783181034
0 0.45019157372314267 0.1179360778523198 0.06406432630642833 0.12047293380159187
0 0.024820574162679427 0.13882978723404255 0.049641148325358854 0.09042553191489362
0 0.07806809442737886 0.30611228512444916 0.04159269298005902 0.08862330161446455
0 0.11775078593743861 0.3067638459728717 0.04433338297688905 0.09960895814589478
0 0.14240842679753365 0.37159246492688364 0.0426666652519246 0.1396002917369261
0 0.09708437137909137 0.40970551767015273 0.05780478866303134 0.11109389885599488
0 0.059425312204593836 0.4066223584205584 0.050744056371422805 0.07724677880401516
0 0.020035885167464115 0.4053191489361702 0.04007177033492823 0.08297872340425531
0 0.028112039891667658 0.5789842743998087 0.033614464839024576 0.06311314053081227
0 0.3008373205741627 0.6015957446808511 0.041866028708133975 0.05638297872340425
0 0.2413592371195692 0.4571662036696747 0.051823927419012206 0.11022550220827047
0 0.8711124401913876 0.0425531914893617 0.060406698564593304 0.0851063829787234
0 0.9835526315789473 0.18617021276595744 0.03289473684210526 0.1276595744680851
0 0.9048557207532527 0.25229256890006435 0.06418062750764282 0.08766788972688146
0 0.9215118174216282 0.31133520987909674 0.07121832280077688 0.08445464655521459
0 0.8919703245878542 0.33593337890755226 0.04619731044993933 0.10199713671468016
0 0.8496688640056922 0.3287142831011982 0.04647008807359335 0.12850604173075883
0 0.941663445685886 0.3853691844491606 0.06220039883337819 0.11808475523280636
0 0.9706065733430478 0.41590560812234806 0.03736535678359954 0.10494986089202973
0 0.9892344497607656 0.3893617021276596 0.0215311004784689 0.125531914893617
0 0.9847488038277512 0.5404255319148936 0.030502392344497607 0.08723404255319149
0 0.8774147032052084 0.5796153982514127 0.04243462095391659 0.09615694978987537
0 0.8330572872074559 0.07833429372716143 0.04857195862037539 0.15633929552838885
0 0.8415548051572516 0.18185147572553179 0.07342469699732564 0.11547938971454685
0 0.7942891421589601 0.07808438827519723 0.059273738535489194 0.1377764832016186
0 0.7494905543772135 0.12306891480310136 0.05902989668603355 0.13032967469098028
0 0.7876951687990191 0.17951724274394268 0.06094635503617761 0.07978688289238083
0 0.7992008136979959 0.22808438827519723 0.06470904453220021 0.08562706981718587
0 0.806920453050265 0.28949345401305043 0.05217817169395847 0.10286553336240468
0 0.7823756058991016 0.31069391142285496 0.06125986598547772 0.08936135097748721
0 0.7667757851754199 0.3573177780390826 0.06192172243400028 0.10957411693493414
0 0.7563361015413541 0.22201596192084969 0.04155195965441294 0.10555773854543672
0 0.7264146570985078 0.17077827722898456 0.050679727942881246 0.16617428260781253
0 0.6992451420995184 0.20358314572860886 0.048125008247110176 0.12451124157613996
0 0.7046881800509733 0.34228267346549274 0.05407103494120705 0.12431580843663044
0 0.663144231403515 0.3857257520499144 0.04835171187381515 0.07689942014492535
0 0.6574685910496311 0.3133310297806309 0.050778890921345035 0.07831060859124919
0 0.6334848832417166 0.17732353165169298 0.046934734774030165 0.10633929552838885
0 0.6403138502875277 0.1105954047652126 0.04345072167738541 0.10900974690145626
0 0.6236507386345863 0.2899157219814136 0.043874635052176134 0.10377743763005844
0 0.6121411483253588 0.23670212765957446 0.02452153110047847 0.08404255319148936
0 0.6052631578947368 0.326063829787234 0.01076555023923445 0.07765957446808511
0 0.7522874416091776 0.5021179239075456 0.05552874536663812 0.07794149612219478
0 0.797054144228864 0.4469835945685319 0.0538738251931213 0.08193629627681352
0 0.8097385441016837 0.4948451458766245 0.0594366718380736 0.07003873547772942
0 0.7272727272727273 0.6117021276595744 0.05980861244019139 0.036170212765957444
0 0.7089344876492037 0.5912513866056626 0.052404875320663444 0.05525371193119007
0 0.6776315789473685 0.6069148936170212 0.05861244019138756 0.045744680851063826
0 0.5786483253588517 0.8686170212765958 0.042464114832535885 0.07127659574468086
0 0.5647830969602635 0.9283473653207206 0.04730077660042407 0.0629827932461104
0 0.5912081339712919 0.6829787234042554 0.017344497607655503 0.10638297872340426
0 0.4655252325690725 0.704931706371331 0.04022234798164394 0.08313047334874943
0 0.40131578947368424 0.6670212765957447 0.07177033492822966 0.07446808510638298
0 0.2822966507177033 0.6611702127659574 0.05502392344497608 0.0627659574468085
0 0.34061004784689 0.6643617021276595 0.056818181818181816 0.06914893617021277
0 0.19188664182030815 0.6799952120503634 0.05316533664322884 0.09665623396854534
0 0.12021531100478469 0.6579787234042553 0.04066985645933014 0.05638297872340425
0 0.05562200956937799 0.65 0.04425837320574163 0.04042553191489362
0 0.009270334928229665 0.6909574468085107 0.01854066985645933 0.08404255319148936
0 0.15732518725323838 0.725631123851604 0.05481435804102177 0.11065970053213267
0 0.42082257932571715 0.7253178882956933 0.06808855397907825 0.07976512908241622
0 0.384290023300179 0.7199333901420861 0.04925741017179329 0.1045589946130107
0 0.18562331763241788 0.8465822025347027 0.044339281752612945 0.08161069142768858
0 0.06790457572279707 0.9219288588934481 0.04215594455453874 0.08764631149200301
0 0.06698564593301436 0.9835106382978723 0.02751196172248804 0.03297872340425532
0 0.032963448598865505 0.8366811639374975 0.04378192895385711 0.06458941483194365
0 0.008373205741626795 0.8930851063829788 0.01674641148325359 0.05425531914893617
0 0.029145278837887117 0.8944210343698571 0.03347512663933562 0.05885782138187609
0 0.03650505419169659 0.9264879412940016 0.03140219186675193 0.05008666408968633
0 0.017344497607655503 0.9441489361702128 0.034688995215311005 0.06702127659574468
0 0.028708133971291867 0.9819148936170212 0.028708133971291867 0.036170212765957444
0 0.20002401671943376 0.8092179882718957 0.03828875140874941 0.07861463520549584
0 0.2401740252655818 0.8333172242718534 0.03994367158226609 0.07461983505087709
0 0.3158139446230419 0.9318955978582626 0.05574365144189539 0.0663262081273927
0 0.29072382127678076 0.8446831335399495 0.0389972399586418 0.06389469751376403
0 0.9258185080381495 0.7880194621880386 0.07012609609731905 0.1965258866838436