0 0.5555555555555556 0.055625 0.08438818565400844 0.11125
0 0.4971870604781997 0.040625 0.08016877637130802 0.08125
0 0.03551336146272855 0.04625 0.0710267229254571 0.0925
0 0.017580872011251757 0.041875 0.035161744022503515 0.08375
0 0.16026898058486796 0.11132886522053127 0.059534159532190434 0.1302407779283041
0 0.18492745403614452 0.21439898598048301 0.05274649393467396 0.11215119041136973
0 0.2580899010840177 0.16643423925984335 0.10091134903560783 0.1565403419263248
0 0.13466947960618847 0.0475 0.05977496483825598 0.095
0 0.18389592123769338 0.020625 0.09634317862165963 0.04125
0 0.2812939521800281 0.0375 0.12376933895921238 0.075
0 0.4539381153305204 0.058125 0.08368495077355836 0.11625
0 0.5072980477662671 0.1064343066512015 0.1260640362770012 0.1526486919940615
0 0.5134287005940873 0.16696369968605965 0.11167180175838128 0.1388384975119854
0 0.4155576800832651 0.14054281592264373 0.07945401202152544 0.14082505020321065
0 0.3598951902944687 0.16318532926479207 0.07106335451733764 0.11510444323806894
0 0.33641579760110696 0.24268337584995806 0.06717148214425574 0.12721138489344583
0 0.39345991561181437 0.260625 0.06821378340365682 0.09875
0 0.4507735583684951 0.283125 0.052039381153305204 0.05375
0 0.5070323488045007 0.293125 0.06610407876230662 0.03375
0 0.6002109704641351 0.26875 0.0189873417721519 0.0675
0 0.24824191279887484 0.25625 0.08579465541490858 0.1075
0 0.10893762957144948 0.2096317910457455 0.08460593202140881 0.15003361827193715
0 0.02820433676866439 0.2252576544556308 0.055312811299030706 0.0762287390318889
0 0.009845288326300985 0.1425 0.01969057665260197 0.1325
0 0.3484528832630098 0.298125 0.056962025316455694 0.02375
0 0.869405342259449 0.17035339620348872 0.08915287821372775 0.16292667661655996
0 0.9186423960017686 0.09843148982648213 0.10398631808510292 0.1668023808227398
0 0.7883263009845288 0.28875 0.09282700421940929 0.0425
0 0.01828410689170183 0.355625 0.03656821378340366 0.09125
0 0.1083606663121219 0.5179126598843214 0.08342679914678232 0.10503361827193715
0 0.04321894353227118 0.5944335350536636 0.056148999893787487 0.13491322930778524
0 0.024964838255977496 0.609375 0.04992967651195499 0.13875
0 0.008438818565400843 0.643125 0.016877637130801686 0.09875
0 0.010196905766526019 0.785625 0.020393811533052038 0.09125
0 0.07072402755482778 0.8967502939864215 0.05158470738075789 0.09458568068726607
0 0.11079397784546012 0.8400222591607124 0.06353970034840908 0.0956993459970306
0 0.18913431225757088 0.9692653763026197 0.04108240628476066 0.015049563998020403
0 0.3026094538526014 0.9356260655839594 0.07112692294880196 0.06398546268627626
0 0.3485653737640699 0.9219929335172123 0.0786505771177305 0.08339055992731431
0 0.43164922863098243 0.8032748249693791 0.06911741833079661 0.12115791406575738
0 0.46369845465359244 0.7179906616949674 0.09095045331571087 0.1244387155129752
0 0.49912610610470937 0.5974772143861926 0.07271644643568131 0.15141995296217245
0 0.580168776371308 0.54625 0.05907172995780591 0.1125
0 0.5956399437412095 0.648125 0.02812939521800281 0.12125
0 0.5752461322081576 0.671875 0.06891701828410689 0.10875
0 0.3831375513492601 0.9412174473120223 0.04371616998150049 0.03524609317033196
0 0.38860257036374046 0.8665148986915034 0.048426884628628764 0.054389151514954506
0 0.31174962046470484 0.7608252523772847 0.05181398321749093 0.10333568068726606
0 0.4459951889221368 0.9384793270047321 0.03722328760264068 0.028406505653397574
0 0.5311473215790825 0.8345319344225354 0.05403735630197805 0.08109771958368128
0 0.5566949920624773 0.7698046038030061 0.08326303069197283 0.09878361827193714
0 0.5959915611814346 0.7575 0.027426160337552744 0.0625
0 0.7626582278481012 0.371875 0.1258790436005626 0.12375
0 0.8110609277126999 0.44533299864526293 0.11402812855717502 0.175219516960193
0 0.7099839233885351 0.43417415377826224 0.10935016760100867 0.15732645861557018
0 0.9806610407876231 0.379375 0.03867791842475387 0.13875
0 0.959563994374121 0.56875 0.0808720112517581 0.185
0 0.8940407046553488 0.49122183175280676 0.08987345941488831 0.19042667661656
0 0.8237297155549038 0.6043857652667717 0.09010079630116197 0.1455576960647676
0 0.8729619219210752 0.6665113102692461 0.08493346893102732 0.16253361827193713
0 0.8677329129532237 0.7723655943036094 0.09693662295989157 0.13871279330580563
0 0.9469057665260197 0.78375 0.10618846694796062 0.1375
0 0.9634317862165963 0.7325 0.07313642756680731 0.185
0 0.7016365795694121 0.6188767023987812 0.09116432178219232 0.15937320578887137
0 0.6469760900140648 0.459375 0.07454289732770746 0.21375
0 0.6360759493670886 0.57375 0.052742616033755275 0.135
0 0.6329113924050633 0.606875 0.046413502109704644 0.15375
0 0.6417018284106891 0.660625 0.0639943741209564 0.10875
0 0.6417018284106891 0.9725 0.051336146272855133 0.055
0 0.6615896882174448 0.9424496399834524 0.06497892380027116 0.0970803654452385
0 0.6729262389577396 0.8578480135701028 0.07987787105357012 0.10345606965141826
0 0.6402113791217897 0.8079002351891372 0.0523862033340936 0.09840119041137001
0 0.7864562758238792 0.8890449285411833 0.06394815201020258 0.08451485572113426
0 0.8909985935302391 0.9775 0.090014064697609 0.045
0 0.9301454672724264 0.8669309448240077 0.124428290679368 0.14376767254585388
0 0.9704641350210971 0.9825 0.05907172995780591 0.035
0 0.7556258790436006 0.94875 0.07243319268635724 0.1025