0 0.10106064565003571 0.4862093194008169 0.08252077153519005 0.1543794214180397
0 0.13152081587569778 0.5415404196627699 0.04707921318649236 0.11794171586801336
0 0.07637954239569314 0.5980861244019139 0.05720053835800808 0.0430622009569378
0 0.03869448183041723 0.5938995215311005 0.07065948855989233 0.05143540669856459
0 0.33277021130203954 0.4442283382370395 0.052894037626435735 0.13074065044720873
0 0.40867538490262434 0.4455082864305893 0.05769091906893316 0.13386555552457893
0 0.21870794078061911 0.5801435406698564 0.04172274562584118 0.07894736842105263
0 0.24932705248990578 0.5789473684210527 0.039703903095558546 0.08133971291866028
0 0.28646723796208845 0.540638953626584 0.05324807062048791 0.10343799174751007
0 0.49865410497981155 0.451555023923445 0.04172274562584118 0.08014354066985646
0 0.4271694324933527 0.5264895816066305 0.046630925362693726 0.08694588891050839
0 0.4919246298788694 0.49282296650717705 0.05518169582772544 0.07177033492822966
0 0.48947776085199174 0.542968129009218 0.055189701785633656 0.06448756509395694
0 0.5915208613728129 0.06339712918660287 0.0740242261103634 0.12679425837320574
0 0.5370121130551817 0.14055023923444976 0.034993270524899055 0.1638755980861244
0 0.5810798365688958 0.243378759083254 0.08585142215644292 0.11683447003607976
0 0.5481157469717362 0.21351674641148324 0.05720053835800808 0.13516746411483255
0 0.5454239569313594 0.3068181818181818 0.051816958277254375 0.1375598086124402
0 0.5497981157469717 0.3869617224880383 0.06056527590847914 0.09688995215311005
0 0.6433721530117185 0.37166958880503337 0.08018301448886561 0.12665815667276256
0 0.9015332562302906 0.2827543007627164 0.07332416608016666 0.12202312481240446
0 0.820087624162913 0.5279606643901839 0.05711325793737747 0.09928121182066249
0 0.5447510094212651 0.5711722488038278 0.05047106325706595 0.06339712918660287
0 0.5779904965403677 0.5703675717317743 0.05165246649148676 0.059179618541768314
0 0.5783038607542663 0.431746065325891 0.05270449641815068 0.10692185698252687
0 0.7620004559965847 0.3294321293348939 0.05476646338435236 0.10843198376551463
0 0.8646605855383592 0.41457183168286504 0.057104220430676575 0.13615324851079177
0 0.23216689098250337 0.6519138755980861 0.1224764468371467 0.0645933014354067
0 0.05484522207267833 0.7643540669856459 0.10969044414535666 0.19617224880382775
0 0.4417900403768506 0.9497607655502392 0.08815612382234186 0.10047846889952153
0 0.38694481830417227 0.9503588516746412 0.09421265141318977 0.09928229665071771
0 0.36305518169582773 0.9072966507177034 0.09892328398384927 0.1854066985645933
0 0.3112382234185734 0.9294258373205742 0.07200538358008075 0.14114832535885166
0 0.15065360083108595 0.8565553079557693 0.11472696564117343 0.1938823861575045
0 0.11339165545087483 0.9802631578947368 0.10026917900403769 0.039473684210526314
0 0.2345222072678331 0.9168660287081339 0.08815612382234186 0.16626794258373206
0 0.17227456258411844 0.9431818181818182 0.0847913862718708 0.11363636363636363
0 0.9730820995962315 0.6901913875598086 0.05383580080753701 0.14114832535885166
0 0.885898461895868 0.7195884349956067 0.08619641764379463 0.12640384802651053
0 0.6500672947510094 0.6507177033492823 0.06998654104979811 0.06220095693779904
0 0.5804172274562585 0.6477272727272727 0.059892328398384924 0.056220095693779906
0 0.5410497981157469 0.6369617224880383 0.04306864064602961 0.034688995215311005
0 0.5393674293405114 0.687200956937799 0.039703903095558546 0.08732057416267942
0 0.5639226464916549 0.7131599559139469 0.06592174346913028 0.12087195818706342
0 0.6309807288779181 0.7556628410677659 0.04530207380711434 0.1057706903571857
0 0.5876102171804559 0.7707337435386501 0.047320916337396976 0.10608464489136962
0 0.6200852269574466 0.8537039598462172 0.06876898778857392 0.10704114875839066
0 0.5296096904441454 0.8869617224880383 0.020188425302826378 0.10406698564593302
0 0.6639998286316425 0.8885060115352125 0.08572204884868606 0.11324595328966841
0 0.5536660051520594 0.8491646321199366 0.06414460408975232 0.10870093267623562
0 0.89404406897302 0.8277525546804552 0.07254792623362555 0.10049202433393556
0 0.8475766038473012 0.873041717905619 0.07523971627400225 0.10091063037951431
0 0.8021534320323015 0.9665071770334929 0.05518169582772544 0.06698564593301436
0 0.8968532233842915 0.9076046436278591 0.05618156381176961 0.09199952681644497
0 0.8346747841078056 0.9339266684037227 0.05776916198286272 0.08035175886259062