0 0.4810082872928177 0.3415233415233415 0.10290055248618785 0.1769041769041769
0 0.274442755797323 0.1415691697951726 0.08078683794432849 0.179235371071972
0 0.5037983425414365 0.05835380835380835 0.07665745856353591 0.1167076167076167
0 0.4008977900552486 0.02334152334152334 0.08080110497237569 0.04668304668304668
0 0.6771408839779005 0.05098280098280098 0.07527624309392265 0.10196560196560196
0 0.6932669850187575 0.23908712935282986 0.06487625931073096 0.13413191286237966
0 0.7199092287159196 0.275566261984418 0.029011691714377695 0.10936152769138309
0 0.5562845303867403 0.019041769041769043 0.06284530386740332 0.038083538083538086
0 0.45407458563535913 0.011056511056511056 0.057320441988950276 0.022113022113022112
0 0.9730662983425414 0.3501228501228501 0.05386740331491713 0.09090909090909091
0 0.9858425414364641 0.31265356265356264 0.028314917127071824 0.15847665847665848
0 0.4661602209944751 0.9459459459459459 0.08149171270718232 0.10810810810810811
0 0.28278325008109295 0.9118884657647645 0.07068949572323092 0.12274943566824562
0 0.4303950615951112 0.7804146255943069 0.08499114155379046 0.1187128447377888
0 0.32403125349461714 0.764681645004367 0.05890894091144231 0.11981614593475208
0 0.38039590830100123 0.6910847176535574 0.05712549224106951 0.10733057029621129
0 0.28218574491194437 0.7621993186874778 0.05501344571657372 0.10580122403741736
0 0.2979613865572671 0.5532789492728349 0.060417637634798876 0.10291797376602765
0 0.21679827170420776 0.5760684165107638 0.0488047873968294 0.08411444973878242
0 0.15960871661575843 0.611882650808328 0.07037452045613879 0.09213718663247923
0 0.14261049723756905 0.9576167076167076 0.06146408839779006 0.08476658476658476
0 0.0925414364640884 0.9766584766584766 0.055248618784530384 0.04668304668304668
0 0.09993309363763984 0.9335491051932867 0.07935242100862493 0.09344084843041436
0 0.029005524861878452 0.9754299754299754 0.058011049723756904 0.04914004914004914
0 0.09292613576887547 0.8746562067946618 0.038036626880454984 0.0911094515100629
0 0.061915933976206455 0.898110369614058 0.04749720727385264 0.10715512805001291
0 0.06297163501794618 0.8343787282471405 0.06127594994342468 0.08714802114904013
0 0.02451657458563536 0.9066339066339066 0.04903314917127072 0.10565110565110565
0 0.055783672208840014 0.7810140853767712 0.053960828101083456 0.09464443130414212
0 0.05162575877195307 0.6141133605468024 0.040068226764798966 0.09018179531185451
0 0.021408839779005526 0.644963144963145 0.04281767955801105 0.07371007371007371
0 0.21035784596326448 0.5103686205169999 0.04604235645760288 0.08371332303172539
0 0.24538761855778773 0.47960615171864357 0.042341166569598625 0.09662514648465335
0 0.268646408839779 0.4643734643734644 0.05939226519337017 0.0687960687960688
0 0.36015193370165743 0.45515970515970516 0.0531767955801105 0.05036855036855037
0 0.6345655110018698 0.4854501444852564 0.044379577747458036 0.07491325107868828
0 0.7348066298342542 0.8249385749385749 0.049723756906077346 0.10933660933660934
0 0.6958000875220182 0.8299072826234828 0.06252968415929468 0.10444732002482165
0 0.6033793210181576 0.839659523624389 0.06874515377255434 0.1053498551156999
0 0.6560929039763782 0.7201316621662646 0.05436306130184315 0.1069294435891544
0 0.6012131063660469 0.7378819244586505 0.064279720803107 0.09492015522710454
0 0.9454077490410235 0.5932576103156283 0.06954962017407343 0.1299198796857246
0 0.9803176795580111 0.5448402948402948 0.0393646408839779 0.09705159705159705
0 0.8385377437928223 0.5824887754780754 0.06073261290189118 0.1335302228017941