0 0.11416558861578266 0.022413793103448276 0.08990944372574386 0.04482758620689655
0 0.4336998706338939 0.05344827586206897 0.10413971539456662 0.10689655172413794
0 0.4822121604139715 0.19712643678160918 0.014877102199223804 0.13448275862068965
0 0.4689521345407503 0.17873563218390803 0.04139715394566624 0.12298850574712644
0 0.433587848378017 0.14994616923032042 0.07063548617734894 0.12111962799111113
0 0.3601635671534498 0.16360310421307897 0.0780536382153914 0.14552509073083017
0 0.34023285899094435 0.48908045977011494 0.056921086675291076 0.021839080459770115
0 0.2936610608020699 0.4844827586206897 0.0685640362225097 0.03103448275862069
0 0.21054333764553687 0.47126436781609193 0.052393272962483826 0.05747126436781609
0 0.24676584734799484 0.48160919540229885 0.052393272962483826 0.0367816091954023
0 0.46959896507115134 0.27413793103448275 0.040103492884864166 0.11379310344827587
0 0.41442741985159876 0.2746449558006398 0.0745617001566137 0.12242957230160943
0 0.35141805697187617 0.31175857701468807 0.06827431804003818 0.12675974174579818
0 0.21537980564857484 0.1466774772006394 0.08325548120735898 0.11360871439008945
0 0.11054374692963863 0.2753161096296559 0.07946495961867005 0.11574704594166063
0 0.3098716112612543 0.29737594276973284 0.07648859237343737 0.13857503266564483
0 0.04560155239327296 0.4781609195402299 0.054980595084087966 0.04367816091954023
0 0.040898905609460544 0.41519628138000053 0.0553196753839181 0.09294485134303969
0 0.009379042690815007 0.3505747126436782 0.018758085381630013 0.0896551724137931
0 0.019404915912031046 0.06609195402298851 0.03880983182406209 0.13218390804597702
0 0.03632525839335474 0.0868877388793109 0.06280109026691878 0.1517795663624011
0 0.08048859198780983 0.19117970065803375 0.0958618768629893 0.12216300164153282
0 0.06748176817103123 0.134803874713947 0.08318305166174111 0.14458969080766298
0 0.07091991143873035 0.376718248469247 0.07484668431214553 0.11326092317328257
0 0.4666882276843467 0.35172413793103446 0.04592496765847348 0.11494252873563218
0 0.4376410400770281 0.32683775473841753 0.06427124184143573 0.10708574600812269
0 0.5145536869340233 0.09367816091954023 0.04980595084087969 0.18735632183908046
0 0.5475835954906647 0.1539605083296304 0.11025030564420767 0.20882470209215853
0 0.8442548712973061 0.1472345666028109 0.09636384830215487 0.1841517076472032
0 0.9873868046571799 0.07413793103448275 0.025226390685640362 0.1482758620689655
0 0.7714914720073496 0.42398998364539064 0.08331874405231708 0.14803796666973196
0 0.7745795601552393 0.4764367816091954 0.08732212160413971 0.047126436781609195
0 0.8321474773609314 0.45 0.07309184993531695 0.1
0 0.8399376972107728 0.3145695820099885 0.07922963893371716 0.17541014820209455
0 0.9018185065058885 0.28143881954590166 0.09212545141859896 0.22414081416996176
0 0.953104786545925 0.3252873563218391 0.09379042690815007 0.16551724137931034
0 0.8991206250822175 0.42408794444544184 0.07361628609630184 0.1476366691118774
0 0.7041080198534954 0.4240812171293242 0.09700624615883567 0.13483343297297606
0 0.60094741560197 0.32080299269502 0.09952113873482207 0.1659214220726439
0 0.533005378174572 0.34332139586766364 0.08223763760142895 0.16979678761793093
0 0.5103492884864166 0.3333333333333333 0.04139715394566624 0.18160919540229886
0 0.5239327296248383 0.43908045977011495 0.0685640362225097 0.11724137931034483
0 0.9476067270375161 0.4666666666666667 0.09314359637774904 0.06666666666666667
0 0.3221216041397154 0.5764367816091954 0.07503234152652005 0.1528735632183908
0 0.43046571798188876 0.5666666666666667 0.08344113842173351 0.13333333333333333
0 0.4145128460651563 0.7032258352323641 0.07403696264240921 0.1419162958456195
0 0.37363599695997474 0.7706129154128493 0.08694194182795108 0.12523673311627093
0 0.2798819355012437 0.8645953741353524 0.07692286829392475 0.11678945854692213
0 0.1888417218540329 0.889612315616476 0.06364244335913409 0.14033881982988516
0 0.022315653298835704 0.9666666666666667 0.04463130659767141 0.06666666666666667
0 0.26303507730180753 0.9387328246472554 0.09235633942983218 0.11513268406477661
0 0.39003880983182404 0.9580459770114943 0.07891332470892626 0.0839080459770115
0 0.43463052371923644 0.8917191668186987 0.06105512123752995 0.1402318071477906
0 0.4757438551099612 0.8206896551724138 0.0278137128072445 0.10574712643678161
0 0.48382923673997413 0.6982758620689655 0.01164294954721863 0.15057471264367817
0 0.21636481241914618 0.9816091954022989 0.054980595084087966 0.0367816091954023
0 0.32276843467011646 0.9701149425287356 0.059508408796895215 0.059770114942528735
0 0.9357878896830226 0.702277058723935 0.0738288407062155 0.16944899640112407
0 0.9835058214747736 0.8212643678160919 0.032988357050452784 0.12988505747126436
0 0.9877102199223803 0.8724137931034482 0.02457956015523933 0.1310344827586207
0 0.981888745148771 0.9701149425287356 0.03622250970245795 0.059770114942528735
0 0.7777716024069056 0.8816757538999755 0.0870324034216682 0.12753558369098358
0 0.6953428201811126 0.9672413793103448 0.08667529107373868 0.06551724137931035
0 0.8923027166882277 0.985632183908046 0.0795601552393273 0.028735632183908046
0 0.8282664941785253 0.9689655172413794 0.06274256144890039 0.06206896551724138
0 0.5380729917297736 0.6507128812464886 0.08414649777015294 0.1526624209896808
0 0.7063389391979301 0.5477011494252874 0.07891332470892626 0.09540229885057472