0 0.5411849710982659 0.2795629820051414 0.017341040462427744 0.09897172236503857
0 0.5332369942196532 0.18637532133676094 0.033236994219653176 0.12596401028277635
0 0.5386560693641619 0.030205655526992288 0.022398843930635837 0.060411311053984576
0 0.35946531791907516 0.29241645244215936 0.054190751445086706 0.07326478149100257
0 0.3927023121387283 0.2744215938303342 0.05563583815028902 0.10925449871465295
0 0.4292877289304591 0.2541832668672709 0.05380576400700069 0.1421773388789726
0 0.47713505327997735 0.26412990744172443 0.06138375845510607 0.11480576051076087
0 0.49710982658959535 0.29370179948586117 0.07369942196531792 0.07069408740359898
0 0.5177023121387283 0.31233933161953725 0.06430635838150289 0.033419023136246784
0 0.3253276875101476 0.06646119679901367 0.05926658054691723 0.1184146952982587
0 0.35079479768786126 0.02249357326478149 0.06719653179190752 0.04498714652956298
0 0.21575995497882128 0.22462103465834438 0.06413939279987158 0.10485245928595661
0 0.16203137950926447 0.22304542659572177 0.0667274574377971 0.13723324172210913
0 0.04190751445086705 0.2403598971722365 0.0838150289017341 0.14395886889460155
0 0.022760115606936415 0.04498714652956298 0.04552023121387283 0.08997429305912596
0 0.23554913294797689 0.30526992287917737 0.07803468208092486 0.04755784061696658
0 0.17377167630057805 0.3059125964010283 0.08453757225433527 0.04627249357326478
0 0.1430635838150289 0.2853470437017995 0.044797687861271675 0.08740359897172237
0 0.11524566473988439 0.2802056555269923 0.04696531791907514 0.09768637532133675
0 0.08164739884393063 0.29562982005141386 0.049132947976878616 0.06683804627249357
0 0.8941473988439307 0.2634961439588689 0.05708092485549133 0.13110539845758354
0 0.8348988439306358 0.29241645244215936 0.054190751445086706 0.07326478149100257
0 0.6654624277456648 0.3033419023136247 0.07514450867052024 0.05141388174807198
0 0.8013005780346821 0.03598971722365039 0.05635838150289017 0.07197943444730077
0 0.7351878612716763 0.262853470437018 0.04985549132947977 0.13239074550128535
0 0.7651734104046243 0.2609254498714653 0.0476878612716763 0.13624678663239073
0 0.6524262862597622 0.25960679957600996 0.07260810443262684 0.09041672013596522
0 0.7456647398843931 0.05398457583547558 0.044797687861271675 0.10796915167095116
0 0.6410271701342164 0.08315124086615876 0.05220932085295449 0.13044447792325145
0 0.5639450867052023 0.14267352185089974 0.028179190751445087 0.10796915167095116
0 0.682442196531792 0.02056555269922879 0.08020231213872832 0.04113110539845758
0 0.9314799809378611 0.16105677254054382 0.06503010998452155 0.11778829850417702
0 0.8963957931291103 0.05788991784217106 0.0665586794805396 0.0691922171871163
0 0.23937262206493218 0.7354986394888577 0.07719622942151592 0.1653786925766822
0 0.42557199342999324 0.5653943432128048 0.06867646151393719 0.12077083649759338
0 0.2679155009935129 0.5114948562394586 0.0844715109719332 0.11487086742183815
0 0.37676819267602746 0.43555604478644167 0.05639322451971754 0.11937056721715028
0 0.3153189770637281 0.3899405311780852 0.05477996398246624 0.10635235921772733
0 0.41968414599397863 0.4088453869525621 0.05257869915825308 0.10353455878671615
0 0.04407514450867052 0.34190231362467866 0.04335260115606936 0.02570694087403599
0 0.013367052023121388 0.711439588688946 0.026734104046242775 0.10154241645244216
0 0.09232754730680766 0.6701220288384604 0.06697911406066157 0.10132589327966128
0 0.032248344300497486 0.5749382852663821 0.052595516541458005 0.10481990583041802
0 0.08976621905671138 0.5626059054641231 0.0632486756152216 0.09191662006773592
0 0.9548410404624278 0.9350899742930592 0.09031791907514451 0.12982005141388175
0 0.9790462427745664 0.8322622107969152 0.04190751445086705 0.15809768637532134
0 0.9790462427745664 0.679305912596401 0.04190751445086705 0.19408740359897173
0 0.9394678868362555 0.7121956848551083 0.07711274663070018 0.21413951145614818
0 0.883429035614258 0.6941988559585711 0.10982840197100198 0.1780827170367086
0 0.8564099422413453 0.6363160694590329 0.08976475780500967 0.13344230750208091
0 0.8939413613690107 0.5248711522498063 0.08032124207158002 0.12851547221534262
0 0.9656587486169876 0.44739027133206166 0.0614342106047207 0.11866180164186628
0 0.9642341040462428 0.38046272493573263 0.07153179190751445 0.10282776349614396
0 0.8001035232010917 0.5009159080167874 0.07783408173288384 0.10384677204140107
0 0.7849370111750479 0.6399718641451267 0.07146633475032123 0.16857578345816748
0 0.693961703841891 0.8383653817447498 0.06548417933105338 0.15249266868412562
0 0.7207369942196532 0.9479434447300771 0.09898843930635838 0.10411311053984576
0 0.6293781607001121 0.8393106524438669 0.07482679076525378 0.1497074217086531
0 0.6268336498332207 0.7305091820258279 0.07714517314669238 0.10633509734760212
0 0.5744219653179191 0.980719794344473 0.049132947976878616 0.038560411311053984
0 0.5740606936416185 0.8586118251928021 0.04841040462427745 0.09254498714652956
0 0.5747832369942196 0.7982005141388174 0.04985549132947977 0.10796915167095116
0 0.5715317919075145 0.7223650385604113 0.04335260115606936 0.10282776349614396
0 0.576228323699422 0.4730077120822622 0.052745664739884394 0.07969151670951156
0 0.5924855491329479 0.35539845758354754 0.05346820809248555 0.05269922879177378
0 0.7623306685177905 0.4102481409677907 0.06741636602398847 0.13474491641590808
0 0.8970375722543352 0.3856041131105398 0.0657514450867052 0.11311053984575835
0 0.8316473988439307 0.34318766066838047 0.05635838150289017 0.028277634961439587
0 0.8522398843930635 0.36118251928020567 0.07297687861271676 0.06426735218508997