0 0.6780778551055179 0.28134900602175433 0.08118608091442009 0.13228717563776363
0 0.3410573135432445 0.2865539129385118 0.08164056965041683 0.14491343826402625
0 0.2990051468134836 0.37357492597139824 0.09648873779809372 0.14457674149549932
0 0.16914893617021276 0.3851010101010101 0.08581560283687943 0.1691919191919192
0 0.18443647866711596 0.16527168447812368 0.06303701996340039 0.15887447263741356
0 0.25957446808510637 0.03409090909090909 0.07801418439716312 0.06818181818181818
0 0.4645390070921986 0.030303030303030304 0.06524822695035461 0.06060606060606061
0 0.40177304964539007 0.07765151515151515 0.08439716312056737 0.1553030303030303
0 0.5613475177304964 0.022095959595959596 0.06028368794326241 0.04419191919191919
0 0.6216312056737588 0.016414141414141416 0.06595744680851064 0.03282828282828283
0 0.04184397163120567 0.4071969696969697 0.059574468085106386 0.125
0 0.08512664925582882 0.09333808701197681 0.08049482317570293 0.15240101207844103
0 0.02801418439716312 0.1830808080808081 0.05602836879432624 0.13636363636363635
0 0.02446808510638298 0.07575757575757576 0.04893617021276596 0.11616161616161616
0 0.9515291900232727 0.4315214469352615 0.08994301284973394 0.061022948758808766
0 0.8202127659574469 0.4008838383838384 0.09716312056737589 0.13762626262626262
0 0.8968415630001375 0.39775723076082725 0.07985853894530728 0.13472424440167322
0 0.9093876264136607 0.24580116043896172 0.10915427286298134 0.18189837320240332
0 0.9865248226950355 0.29924242424242425 0.02695035460992908 0.17676767676767677
0 0.8847517730496454 0.02335858585858586 0.07730496453900709 0.04671717171717172
0 0.9180851063829787 0.07133838383838384 0.09148936170212765 0.14267676767676768
0 0.9900709219858156 0.1571969696969697 0.019858156028368795 0.125
0 0.9605143236189314 0.17207379590590022 0.0682562900926517 0.14660094505652213
0 0.973404255319149 0.06818181818181818 0.05319148936170213 0.11363636363636363
0 0.020921985815602836 0.5631313131313131 0.04184397163120567 0.08333333333333333
0 0.019858156028368795 0.5 0.03971631205673759 0.06060606060606061
0 0.18262411347517732 0.5328282828282829 0.06595744680851064 0.12626262626262627
0 0.1351063829787234 0.4842171717171717 0.05035460992907802 0.02904040404040404
0 0.21313239616827442 0.689155323193604 0.06677443938330099 0.12509220671120433
0 0.3098230658802144 0.7158989264892337 0.07251160924158788 0.14686549634055068
0 0.24680851063829787 0.5012626262626263 0.06666666666666667 0.06313131313131314
0 0.2957446808510638 0.5208333333333334 0.07375886524822695 0.10227272727272728
0 0.4333710181548756 0.54696351268162 0.0835959583652079 0.100941978475464
0 0.38900709219858154 0.5012626262626263 0.05319148936170213 0.06313131313131314
0 0.6966216689668521 0.7825574830290555 0.024867056759056348 0.10107023116761686
0 0.7081560283687943 0.5126262626262627 0.02198581560283688 0.08585858585858586
0 0.6204016279268726 0.6392694634476804 0.0543815975600113 0.09534633258005791
0 0.49417369297717795 0.6074332746958049 0.058700327701986445 0.1170314384480613
0 0.5298344434988171 0.5800202472903812 0.05157220488154795 0.07627466299864971
0 0.5648145480664651 0.6698110029058427 0.05973721431006223 0.08686068378704527
0 0.5665225559938103 0.5437247441659021 0.05740027248703424 0.10057320515324857
0 0.6811894722220906 0.5920271853510126 0.06954790782288614 0.1038480196499148
0 0.5397163120567375 0.5037878787878788 0.06524822695035461 0.06818181818181818
0 0.5228415801491737 0.5187247548704224 0.06163762951653178 0.08067982811592822
0 0.4684397163120567 0.48169191919191917 0.05460992907801419 0.023989898989898988
0 0.948936170212766 0.9255050505050505 0.08085106382978724 0.14898989898989898
0 0.8611706144111165 0.7060244102163729 0.08348601134856519 0.17652318671035416
0 0.75177304964539 0.5025252525252525 0.06382978723404255 0.06565656565656566
0 0.9056284398493065 0.6799541736964961 0.10169004580790594 0.11214528559325901
0 0.8245591127112404 0.6812148152454925 0.057372785732873806 0.11946850721197103