0 0.025295663600525625 0.06425233644859812 0.05059132720105125 0.12850467289719625
0 0.077104024958469 0.17305676507721401 0.07152927093907696 0.17032461645748412
0 0.19841200664772848 0.31652374498830893 0.07191858186178121 0.15866276489782077
0 0.28514948395953593 0.39052807469957673 0.06841925530428107 0.14921501335034293
0 0.3436268068331143 0.5070093457943925 0.08935611038107753 0.08411214953271028
0 0.40275952693823913 0.5163551401869159 0.07490144546649145 0.06542056074766354
0 0.4894875164257556 0.4883177570093458 0.0735873850197109 0.12149532710280374
0 0.5243101182654402 0.5 0.051248357424441525 0.09813084112149532
0 0.00821287779237845 0.28796728971962615 0.0164257555847569 0.12266355140186916
0 0.024967148488830485 0.34813084112149534 0.04993429697766097 0.11214953271028037
0 0.059250442861880206 0.34961452633481616 0.047919694602258624 0.0855395497020739
0 0.12894417432393382 0.39269445563362854 0.06723905450784341 0.15501535198368815
0 0.006241787122207621 0.397196261682243 0.012483574244415242 0.07242990654205607
0 0.0164257555847569 0.4713785046728972 0.0328515111695138 0.0969626168224299
0 0.9171339053380998 0.21755492231346263 0.09287773712180818 0.1277936260457545
0 0.9372536136662286 0.5005841121495327 0.06373193166885677 0.0969626168224299
0 0.7114817831496192 0.3403529508994964 0.08965839789331866 0.15921333353457537
0 0.6716862806619518 0.3841264919850515 0.05329529213797989 0.11956079439190746
0 0.7103473299318324 0.47592814388405796 0.061328018370750095 0.09762962131254632
0 0.7447437582128777 0.4883177570093458 0.07687253613666228 0.12149532710280374
0 0.5923239550289097 0.49038555437219933 0.054516768766229906 0.0869116883110483
0 0.7233902759526938 0.5309579439252337 0.07884362680683311 0.036214953271028034
0 0.5773366317169853 0.41276276914361343 0.047905190700514785 0.11355654144865313
0 0.5601182654402103 0.3966121495327103 0.020367936925098553 0.10163551401869159
0 0.3469119579500657 0.5671728971962616 0.12614980289093297 0.036214953271028034
0 0.5091984231274639 0.6290887850467289 0.08147174770039421 0.16004672897196262
0 0.43298291721419185 0.6255841121495327 0.12089356110381078 0.1530373831775701
0 0.36662286465177396 0.6279205607476636 0.09855453350854139 0.15771028037383178
0 0.27723777574268904 0.6647374784503879 0.12212059814012828 0.1718947566437841
0 0.324971758377272 0.8053365059409683 0.097192489609691 0.20147332261083947
0 0.23728275961131956 0.7441622520884292 0.12308662349601687 0.15674862361791536
0 0.20759426360612435 0.8776821935258208 0.08928135499893916 0.20006040113988333
0 0.2457293035479632 0.9240654205607477 0.09198423127463863 0.15186915887850466
0 0.23587385019710908 0.9830607476635514 0.09067017082785808 0.03387850467289719
0 0.32752956636005254 0.9661214953271028 0.11498028909329829 0.06775700934579439
0 0.13666177141004313 0.8743116946797371 0.07442511113332409 0.18208842517210194
0 0.06447266076806187 0.7966671914035404 0.094632416478011 0.1757112137384276
0 0.04402102496714849 0.6209112149532711 0.08804204993429698 0.14369158878504673
0 0.00821287779237845 0.7733644859813084 0.0164257555847569 0.1658878504672897
0 0.015111695137976347 0.8271028037383178 0.030223390275952694 0.12850467289719625
0 0.026938239159001315 0.8855140186915887 0.05387647831800263 0.1308411214953271
0 0.4438239159001314 0.969626168224299 0.11103810775295664 0.06074766355140187
0 0.4136005256241787 0.9188084112149533 0.08869908015768725 0.16238317757009346
0 0.4822596689133283 0.8850375873809551 0.11809810100958076 0.16826773516064247
0 0.5328515111695138 0.8907710280373832 0.03416557161629435 0.169392523364486
0 0.9816031537450722 0.8533878504672897 0.03679369250985545 0.11799065420560748
0 0.7755489375504285 0.8148279967167198 0.06698583910890131 0.11531611724645487
0 0.7541179197040724 0.7171312883786173 0.09645737946951417 0.1407460504904286
0 0.6516747487153266 0.7116137765459047 0.07217403313414249 0.14115979184283034
0 0.573915900131406 0.6799065420560748 0.047963206307490146 0.13551401869158877
0 0.5640604467805519 0.9047897196261683 0.028252299605781867 0.10397196261682243
0 0.5627463863337714 0.9082943925233645 0.025624178712220762 0.09929906542056074
0 0.6917703321172963 0.7981992019610985 0.06321879325071507 0.0941861227083228
0 0.6779777135035534 0.7545160956983825 0.07839630027715343 0.12617679026488912
0 0.7819753479790825 0.90738280494577 0.049112163427020954 0.10892442711437332
0 0.9733902759526938 0.9853971962616822 0.053219448094612355 0.029205607476635514
0 0.6166324110270257 0.9209561445520986 0.04581474428174474 0.07963725391377405
0 0.783879508824082 0.9103645399864062 0.05081553479650568 0.09730335841669185