0 0.0802946580400056 0.4508260748652378 0.06718681135258582 0.13614801100739252
0 0.1812320916905444 0.47264631043257 0.0830945558739255 0.11323155216284987
0 0.13563751690057954 0.30580922178872666 0.07715141772781182 0.11474157436876156
0 0.4093839541547278 0.49872773536895676 0.020773638968481375 0.061068702290076333
0 0.30328595776151124 0.38255694151151365 0.0879700704750484 0.09716673576253439
0 0.03948624694719233 0.07479830136883216 0.048755408331138735 0.10144156662665696
0 0.0817028545451283 0.1719632544383861 0.05534011372893711 0.10539159777324938
0 0.03936502812973067 0.2403185385882815 0.059151298943033045 0.11182694162483399
0 0.013610315186246419 0.18893129770992367 0.027220630372492838 0.10559796437659033
0 0.261427516352687 0.28538458637232283 0.04813088528210662 0.10397129174946976
0 0.4813753581661891 0.4821882951653944 0.07879656160458452 0.09414758269720101
0 0.45009354973605 0.3782988718551747 0.02379372667781508 0.12380938097158443
0 0.5537249283667621 0.4580152671755725 0.07593123209169055 0.14249363867684478
0 0.6773171497280114 0.4372636036754133 0.08585735785099248 0.1378051832595503
0 0.7601779212282954 0.39926457532602716 0.09951357770183451 0.13935872653679285
0 0.5782524494918254 0.40366095901705445 0.07209118641565168 0.11336568076280282
0 0.48924952406337435 0.28136204592462705 0.08237712544304736 0.10086509654147495
0 0.4508526237808606 0.2503252453907751 0.03412557036980642 0.11258106138129967
0 0.632084715471405 0.24657979815454295 0.057333254614513274 0.0812777863405221
0 0.6482032920340883 0.14693604310314368 0.06567195742092856 0.09416327818296476
0 0.8506446991404012 0.04007633587786259 0.08954154727793696 0.08015267175572519
0 0.9813753581661891 0.03435114503816794 0.03724928366762178 0.06870229007633588
0 0.5311604584527221 0.019720101781170483 0.062320916905444126 0.039440203562340966
0 0.5716332378223495 0.013358778625954198 0.05873925501432665 0.026717557251908396
0 0.7578796561604585 0.04198473282442748 0.05300859598853868 0.08396946564885496
0 0.6811673645843586 0.2360163278118371 0.061878914462140035 0.10806936428879882
0 0.8912454411898793 0.24695329264681515 0.06873904784751264 0.11965298322165092
0 0.9777936962750716 0.3377862595419847 0.044412607449856735 0.09796437659033079
0 0.9681232091690545 0.29961832061068705 0.06375358166189111 0.09033078880407125
0 0.9344426730806051 0.11300976137146058 0.053981116046374254 0.0875650887993702
0 0.6640401146131805 0.037531806615776084 0.04297994269340974 0.07506361323155217
0 0.09921203438395415 0.962468193384224 0.1167621776504298 0.07506361323155217
0 0.2503581661891118 0.97264631043257 0.10959885386819485 0.054707379134860054
0 0.18841494248715784 0.8821569584534098 0.09575681925366072 0.19394767255746367
0 0.1237064339964112 0.8669424887148387 0.08143017168919081 0.19365158977199096
0 0.3395103595507292 0.8974959263560717 0.1299849171592941 0.1705000473920505
0 0.013968481375358166 0.8276081424936387 0.027936962750716332 0.11577608142493638
0 0.03510028653295129 0.7270992366412213 0.07020057306590258 0.15903307888040713
0 0.04720358970258397 0.6539870957543198 0.08650964330931296 0.11620629281036236
0 0.10115859041865183 0.6095827775051416 0.09782362721312086 0.15203696042940454
0 0.2527300983308327 0.757326091871944 0.0813383623599995 0.19110706050990445
0 0.23253136572245198 0.6743480578811781 0.10084481297510925 0.1762544008370473
0 0.37607449856733527 0.7938931297709924 0.08739255014326648 0.17557251908396945
0 0.3914756446991404 0.6571246819338422 0.05659025787965616 0.15139949109414758
0 0.33380965903953885 0.6798942620298538 0.09243244309481007 0.1811658096899365
0 0.8564403719787914 0.7582289699921066 0.04222622775191693 0.059353204827313995
0 0.8381200185944975 0.6478380298768162 0.04227213241651262 0.06062546945835718
0 0.8576451604912418 0.6028720456817297 0.046340603362875134 0.05435297113878273
0 0.8330945558739254 0.5521628498727735 0.055873925501432664 0.04580152671755725
0 0.9075931232091691 0.5604325699745547 0.03581661891117478 0.062340966921119595
0 0.9394699140401146 0.561704834605598 0.036532951289398284 0.0648854961832061
0 0.5007163323782235 0.5706106870229007 0.050143266475644696 0.08269720101781171
0 0.5436962750716332 0.5368956743002544 0.05157593123209169 0.015267175572519083
0 0.4491404011461318 0.5814249363867684 0.05873925501432665 0.058524173027989825
0 0.4722305785977129 0.6299354462158729 0.05571697119968352 0.07615911953780184
0 0.43517191977077363 0.6501272264631043 0.030802292263610316 0.089058524173028
0 0.5865565148666079 0.8580243318222031 0.0698044752871941 0.10950447445185217
0 0.5608753378370522 0.7522417613779372 0.06481791104891807 0.09033168015056141
0 0.531316183541861 0.8668052404021701 0.06704909735879891 0.13233121711426246
0 0.8398947722301027 0.8559717301665779 0.06489157812280222 0.07253477945522939
0 0.7850542507084002 0.8360970762695243 0.054220259523333585 0.05451581667079282
0 0.7994269340974212 0.9561068702290076 0.050143266475644696 0.08778625954198473
0 0.8638968481375359 0.97264631043257 0.06446991404011461 0.054707379134860054
0 0.8871776504297995 0.9643765903307888 0.053724928366762174 0.07124681933842239
0 0.8299664503654917 0.9185643674553493 0.058095491657332465 0.08256485511083908
0 0.8223495702005731 0.9834605597964376 0.07593123209169055 0.03307888040712468