0 0.49524940617577196 0.5454545454545454 0.028503562945368172 0.16701902748414377
0 0.4100356294536817 0.5512684989429175 0.1169833729216152 0.1553911205073996
0 0.27078384798099764 0.5798097251585623 0.11995249406175772 0.09830866807610994
0 0.171021377672209 0.5983086680761099 0.09738717339667459 0.0613107822410148
0 0.04602137767220903 0.6035940803382663 0.09204275534441805 0.0507399577167019
0 0.04631828978622328 0.5660676532769556 0.09263657957244656 0.12579281183932348
0 0.03414489311163896 0.48625792811839325 0.06828978622327792 0.13742071881606766
0 0.1136416576053472 0.4690527882362421 0.0850924341682957 0.1966336045421936
0 0.05731614072274913 0.3698593841630335 0.06814341843394807 0.13977776969817685
0 0.02642517814726841 0.4043340380549683 0.05285035629453682 0.19133192389006343
0 0.006532066508313539 0.3033826638477801 0.013064133016627079 0.11416490486257928
0 0.04156769596199525 0.23255813953488372 0.0831353919239905 0.15644820295983086
0 0.02880047505938242 0.17177589852008457 0.05760095011876484 0.07505285412262157
0 0.4531518242647417 0.3871883157919667 0.08970479982987034 0.18842300858649416
0 0.27932725648546547 0.47710571728333073 0.11973065765434919 0.17413542765643508
0 0.26536196277670526 0.3679396800229495 0.08012357411650804 0.14673542357214125
0 0.3458306076663573 0.35359306143119446 0.0972753626480081 0.14339907454351222
0 0.4089487610406954 0.3462825804515777 0.0860963734374567 0.14915716805669216
0 0.37752701997121735 0.2869952780847711 0.0908533217984366 0.11349318629574778
0 0.35453112847629425 0.2212675511887247 0.1110888265756486 0.15362024964867693
0 0.3371301935784367 0.14048895035414413 0.09831842840465971 0.17091397626469462
0 0.22345237330994214 0.2594421836428957 0.08206055348357862 0.1563414395179293
0 0.18710039904267822 0.31997994983719624 0.08146037471879798 0.19222072698465545
0 0.1374092276119322 0.3057683743910701 0.10074556087776874 0.1742082554538638
0 0.11416597484057603 0.2733541237255937 0.08138669119064375 0.11511522387310902
0 0.11327434595357104 0.2188221035514758 0.11023582454264526 0.13773325490423885
0 0.47743467933491684 0.16701902748414377 0.06413301662707839 0.13530655391120508
0 0.4381307557258257 0.2335325416555648 0.07685436359397521 0.16452127751566004
0 0.4833729216152019 0.3202959830866808 0.052256532066508314 0.17758985200845667
0 0.4804038004750594 0.23308668076109937 0.05819477434679335 0.13002114164904863
0 0.43942992874109266 0.03646934460887949 0.0498812351543943 0.07293868921775898
0 0.30463182897862234 0.03224101479915433 0.07363420427553444 0.06448202959830866
0 0.26157957244655583 0.03276955602536998 0.058788598574821854 0.06553911205073996
0 0.20279097387173398 0.0306553911205074 0.054038004750593824 0.0613107822410148
0 0.14845605700712589 0.04915433403805497 0.0831353919239905 0.09830866807610994
0 0.08224465558194774 0.0459830866807611 0.08254156769596199 0.0919661733615222
0 0.007719714964370546 0.049682875264270614 0.015439429928741092 0.09936575052854123
0 0.40914489311163893 0.02061310782241015 0.06769596199524941 0.0412262156448203
0 0.36371733966745845 0.02061310782241015 0.06353919239904988 0.0412262156448203
0 0.6784441805225653 0.5887949260042283 0.08966745843230403 0.080338266384778
0 0.9887173396674585 0.2769556025369979 0.022565320665083134 0.1416490486257928
0 0.9839667458432304 0.07663847780126849 0.032066508313539195 0.08773784355179703
0 0.8851712663175092 0.10941533909328005 0.06543982963553238 0.11957017127010693
0 0.7134855581574935 0.19574060485402553 0.06797063323063146 0.12920694517386397
0 0.626377998369162 0.19810559995239485 0.06554350075752242 0.1259126659846949
0 0.5875466631563211 0.06490507675106548 0.06645469288827292 0.10906086266173173
0 0.5314726840855107 0.11680761099365751 0.043942992874109264 0.1321353065539112
0 0.6662833861994688 0.08379503949495834 0.0705769054438091 0.10716200346265103
0 0.7633610451306413 0.05391120507399577 0.05166270783847981 0.10782241014799154
0 0.8892517814726841 0.03699788583509514 0.05522565320665083 0.07399577167019028
0 0.5985748218527316 0.010570824524312896 0.047505938242280284 0.021141649048625793
0 0.9281472684085511 0.046511627906976744 0.057007125890736345 0.09302325581395349
0 0.9563201480221876 0.08347722742349505 0.05017953944686016 0.09343124346253527
0 0.024643705463182897 0.6654334038054969 0.045724465558194774 0.07293868921775898
0 0.057007125890736345 0.6606765327695561 0.047505938242280284 0.06342494714587738
0 0.09560570071258907 0.6590909090909091 0.0510688836104513 0.06025369978858351
0 0.1171251712641175 0.6767661224737598 0.05682163161391561 0.06420203029008507
0 0.07473356831799235 0.7068387012361114 0.05115984565893715 0.08080776994929738
0 0.06642092167055554 0.7608939730617122 0.056279642946882126 0.06734251968941021
0 0.0172209026128266 0.757399577167019 0.0344418052256532 0.07293868921775898
0 0.0495669377980321 0.8102749246870401 0.0662300721239613 0.09531879078012498
0 0.14533817663222348 0.714198686817912 0.051978290651277216 0.09458059978887301
0 0.23906508807548912 0.761372500232208 0.10478773536839868 0.13111393856793152
0 0.19460602431484383 0.7543087823486047 0.06318548236574009 0.12684671660525065
0 0.24049881235154394 0.6728329809725159 0.06769596199524941 0.08773784355179703
0 0.1083750996165994 0.775762777506675 0.053442395432640864 0.11155543494371123
0 0.19388361045130642 0.6675475687103594 0.054038004750593824 0.07716701902748414
0 0.28117577197149646 0.6437632135306554 0.05997624703087886 0.02959830866807611
0 0.3405581947743468 0.6733615221987315 0.06828978622327792 0.08879492600422834
0 0.4266627078384798 0.6844608879492601 0.07066508313539192 0.1109936575052854
0 0.030285035629453682 0.9059196617336153 0.060570071258907364 0.09513742071881606
0 0.025237529691211402 0.9751585623678647 0.050475059382422804 0.049682875264270614
0 0.07046398870614777 0.8589663005123105 0.05374248481503105 0.09361579121034817
0 0.10166339373472791 0.8954955721938757 0.05405985271775304 0.07673322992941639
0 0.05492874109263658 0.9492600422832981 0.06353919239904988 0.1014799154334038
0 0.10184085510688837 0.9571881606765328 0.05760095011876484 0.08562367864693446
0 0.1568576671690914 0.918456007860156 0.06543982963553252 0.11957017127010693
0 0.25251748816608927 0.883736689168996 0.06208422651134145 0.1320706129514695
0 0.2920672741511456 0.8820823047904137 0.0621251380887568 0.09827473243163708
0 0.46526128266033256 0.9767441860465116 0.08847980997624703 0.046511627906976744
0 0.332276821177181 0.858244567889759 0.05220291141558884 0.10832267167047976
0 0.36227586867620004 0.8227692009741211 0.04886458681172944 0.12188019580427352
0 0.4022144213687187 0.7973304614158349 0.06325459644706678 0.1310750464149758
0 0.43377985259263974 0.8296467822666593 0.06466229622060787 0.07200146091069888
0 0.4667379897931839 0.8858397321710942 0.05736362028094909 0.06106154089075995
0 0.9130047505938242 0.6601479915433404 0.08016627078384798 0.06236786469344609
0 0.8755031483689993 0.8300984285979529 0.09615682827327764 0.14756588843729967
0 0.7076772976911688 0.9166236210854957 0.0960358786309562 0.14016631127028065
0 0.8053627753803093 0.8306973193673558 0.09484823017489906 0.14010479535434292
0 0.5273159144893111 0.7373150105708245 0.035629453681710214 0.08350951374207188
0 0.9255121873359565 0.7157822121997709 0.09165448827044491 0.12620893368289213
0 0.9637767220902613 0.8953488372093024 0.07244655581947744 0.13953488372093023
0 0.7698931116389549 0.6511627906976745 0.07066508313539192 0.04439746300211417
0 0.5222684085510689 0.8710359408033826 0.02553444180522565 0.08879492600422834
0 0.8525240357609186 0.908785488290653 0.08878903825229244 0.13239763860763581
0 0.6574009412925602 0.9018527464551852 0.08569896746982833 0.1248442716507725
0 0.761623947481804 0.7977504603781702 0.08749771867424538 0.12599362797711036
0 0.546462266130123 0.7077865419923997 0.05912145990795093 0.09600677773693021
0 0.5323634204275535 0.96723044397463 0.045724465558194774 0.06553911205073996
0 0.6234889152939257 0.6858557984858125 0.0866792736819054 0.11222079813753473
0 0.6104513064133017 0.9471458773784355 0.08194774346793349 0.10570824524312897
0 0.8980998488063697 0.8111672854255897 0.11475544306580966 0.1601472921110777