0 0.3324432576769025 0.08491686460807601 0.07476635514018691 0.16983372921615203
0 0.17022696929238984 0.029691211401425176 0.12550066755674233 0.05938242280285035
0 0.1315086782376502 0.055819477434679333 0.09746328437917223 0.11163895486935867
0 0.05941255006675567 0.07007125890736342 0.09479305740987984 0.14014251781472684
0 0.12147997894987217 0.17889423665615548 0.07452586374604678 0.14192733589634118
0 0.035046728971962614 0.15855106888361045 0.07009345794392523 0.17933491686460806
0 0.018357810413885182 0.21021377672209027 0.036715620827770364 0.13064133016627077
0 0.20248464877871766 0.12726435454041257 0.07589327403607327 0.16336725012351833
0 0.25486512070112083 0.13191066477309998 0.09980867450175428 0.16204501740877886
0 0.31707410445053974 0.1606573253379476 0.08153819004858964 0.19349415565199957
0 0.34946595460614155 0.2321852731591449 0.04072096128170895 0.20783847980997625
0 0.22340498542839587 0.27541425156797433 0.10986090638925088 0.1641662961370991
0 0.12801884080785836 0.29681628996122417 0.08489572560201482 0.13342202053829927
0 0.163946347730751 0.42271965158124264 0.05400029563917131 0.10449286368825549
0 0.20929803348243653 0.4274256787764858 0.06020929403059997 0.09086350239708023
0 0.2993991989319092 0.43764845605700714 0.06608811748998665 0.08432304038004751
0 0.09959861112008715 0.39000294747464825 0.06939298146525269 0.10711207856178268
0 0.7981973648921777 0.09656218454479634 0.06631419512764881 0.15536997113306392
0 0.7666889185580774 0.06175771971496437 0.08210947930574099 0.12351543942992874
0 0.9220258486194775 0.09514242306336805 0.07448039904612672 0.16086746917510256
0 0.8819431277828617 0.12866151858107236 0.0753944081988908 0.12780003845995885
0 0.8682707595288088 0.21213419149370244 0.06947074297055297 0.10948737547389668
0 0.5657543391188251 0.0166270783847981 0.09546061415220294 0.0332541567695962
0 0.5490010042687764 0.12396634792034966 0.06459027411650074 0.14336900253619209
0 0.6488689342959597 0.08606424023419855 0.08025512521113343 0.1543017566021183
0 0.7424874278516411 0.3686017934531258 0.054590090876194125 0.10217980879429249
0 0.6006905641679274 0.2609084519114964 0.05557527758698858 0.09161545672608092
0 0.46673146411686156 0.3824001413797939 0.05569191984493908 0.09517840209425221
0 0.37917222963951935 0.2755344418052256 0.018691588785046728 0.09263657957244656
0 0.5718100379301393 0.3809416837225048 0.04952838615343041 0.0898676301066661
0 0.4395861148197597 0.0172209026128266 0.07142857142857142 0.0344418052256532
0 0.4903204272363151 0.030878859857482184 0.07009345794392523 0.06175771971496437
0 0.5297062750333779 0.040973871733966744 0.06608811748998665 0.08194774346793349
0 0.38584779706275035 0.05463182897862233 0.03204272363150868 0.10926365795724466
0 0.6410220949921653 0.3679364473264996 0.06076020851497264 0.08736279904705996
0 0.40341735942506274 0.3710299884731501 0.049567266906080626 0.0910552785627231
0 0.4276991465327701 0.3252845021282604 0.0629572825051928 0.09348776738179777
0 0.3978638184245661 0.1336104513064133 0.056074766355140186 0.11045130641330166
0 0.5245825115958244 0.28825630775181676 0.05200420935947186 0.08417835589898459
0 0.45953460997197254 0.2955125529775847 0.07221214749787604 0.1322394221934326
0 0.6984352668055867 0.35245750087996397 0.06652176678543952 0.12105264994371248
0 0.9929906542056075 0.3307600950118765 0.014018691588785047 0.10570071258907364
0 0.2683578104138852 0.5130641330166271 0.08277703604806408 0.0665083135391924
0 0.17156208277703605 0.48990498812351546 0.06942590120160214 0.020190023752969122
0 0.10119254465995545 0.591989793206714 0.07793482501569278 0.16474162463402792
0 0.11960146932457694 0.7350131192455472 0.06467461956907099 0.12561651771348786
0 0.34078771695594123 0.8058194774346793 0.05807743658210948 0.1840855106888361
0 0.26120032580592034 0.9082449729338402 0.06400706282674785 0.12555427569533698
0 0.3037383177570093 0.9513064133016627 0.08678237650200267 0.09738717339667459
0 0.272335569216806 0.7779535490341848 0.07127242548700156 0.12386364098288258
0 0.2013699633809174 0.8703419808759616 0.07229649295044624 0.11448693737072825
0 0.09727328430479933 0.8711132512779958 0.06572439989062609 0.1576830260270269
0 0.2760347129506008 0.9762470308788599 0.06742323097463285 0.047505938242280284
0 0.15509470402104764 0.8681046136200588 0.07107802172375062 0.11792539870259751
0 0.14128327262456875 0.8961960282806607 0.056832629566334336 0.08936464385026881
0 0.30234599485863095 0.866287854187435 0.08930304147699511 0.10541639373813816
0 0.3097444596450099 0.8161601760160324 0.0619266310944782 0.1229922527287703
0 0.0801068090787717 0.9536817102137767 0.049399198931909215 0.09263657957244656
0 0.12283044058744993 0.9887173396674585 0.06542056074766354 0.022565320665083134
0 0.2569036911725899 0.8383604400809295 0.0637737783108467 0.11842838495899492
0 0.06041388518024032 0.9845605700712589 0.0540720961281709 0.030878859857482184
0 0.38651535380507346 0.5308788598574822 0.03337783711615487 0.1021377672209026
0 0.3951935914552737 0.5255344418052257 0.050734312416555405 0.09144893111638955
0 0.39886515353805074 0.5724465558194775 0.05807743658210948 0.1496437054631829
0 0.47646072795055516 0.5888003639772422 0.09212220750961839 0.13054373736978783
0 0.47897196261682246 0.5302850356294537 0.10080106809078772 0.10095011876484561
0 0.5297062750333779 0.5077197149643705 0.07676902536715621 0.055819477434679333
0 0.5767690253671562 0.5320665083135392 0.0774365821094793 0.10451306413301663
0 0.6188251001335113 0.5385985748218527 0.08277703604806408 0.11757719714964371
0 0.6475723900984791 0.5692723409533703 0.0947469697789907 0.14973283872115273
0 0.6672229639519359 0.5219714964370546 0.0794392523364486 0.08432304038004751
0 0.757343124165554 0.5469121140142518 0.09412550066755675 0.1342042755344418
0 0.7903871829105474 0.5380047505938242 0.09212283044058744 0.1163895486935867
0 0.832109479305741 0.5362232779097387 0.08477970627503338 0.11282660332541568
0 0.965287049399199 0.5184085510688836 0.06942590120160214 0.07719714964370546
0 0.9616154873164219 0.578978622327791 0.07676902536715621 0.13657957244655583
0 0.914218958611482 0.5469121140142518 0.06608811748998665 0.1342042755344418
0 0.8981974626490324 0.6161895691086062 0.08136353812714854 0.1271725681672598
0 0.6827240166145802 0.9680497082736312 0.03914597933389183 0.016674170069378054
0 0.5972055760391932 0.9533891239137098 0.05252282703846408 0.05936222235808921
0 0.41285706372557657 0.8037992009301647 0.06770135725948499 0.11642654015578595
0 0.3781708945260347 0.7933491686460807 0.016688918558077435 0.10926365795724466
0 0.41497997964961597 0.7356986658169345 0.07182333997137416 0.12036293763286254
0 0.47589602264067377 0.755631325988581 0.06440903824778957 0.09717519678627029
0 0.4632510138237006 0.8193521943308933 0.04803774965818349 0.08499255224613629
0 0.4901701081643509 0.8746190687690001 0.06437015749513927 0.09598754833021356
0 0.5423983490497882 0.8643886522918995 0.05003383593788287 0.10530706003540719
0 0.5122159405291878 0.8219344177422211 0.067221620333143 0.1424303221527386
0 0.5855756931612135 0.8538108546037787 0.059962841620158976 0.12399317513037467
0 0.6039526324859392 0.9140436448740467 0.05047469211157472 0.07811562958239805
0 0.6484456497056856 0.9027475389215955 0.0735927256824423 0.11342377295097301
0 0.6972290290769771 0.9202376100517868 0.05757794781395772 0.0918021827805337
0 0.6819015597926253 0.840660113384777 0.07045592968134759 0.09892302340568566
0 0.7161703622460998 0.8749900598521042 0.06460344201104043 0.10311343906655561
0 0.6897926179344016 0.7851257751429669 0.06325516063185455 0.1432445184998903
0 0.7393539238241815 0.7650181938529098 0.0647589650216413 0.10786403289078363
0 0.7468911402875019 0.8316223954749238 0.06072132776232234 0.08617515059100295
0 0.830125180911948 0.8071839438121902 0.0711946639817012 0.12148834407076853
0 0.9402941528142501 0.9100829452425405 0.0580511007930298 0.08592618251839941
0 0.985981308411215 0.8521377672209026 0.028037383177570093 0.08907363420427554
0 0.9742990654205608 0.7933491686460807 0.0514018691588785 0.10451306413301663
0 0.8887502400047952 0.8082698337323017 0.06401364677401777 0.10542649396051859