0 0.008707865168539325 0.078 0.01741573033707865 0.142
0 0.1127726053396715 0.13068559518524023 0.06033419182168483 0.13157596515128467
0 0.19586089790419844 0.14554081616745065 0.057237189971008164 0.12354687600222974
0 0.27364725228348363 0.2393116786174022 0.07546672951169854 0.1307330465561804
0 0.3232801217149666 0.2218323743854827 0.06296317240658487 0.12660505430033936
0 0.3813390962691992 0.2824112484516728 0.04291177785907156 0.08441306591657781
0 0.3805232370068981 0.1349577910901604 0.0609319912103228 0.13258178298109555
0 0.4207026629404281 0.12787667483654921 0.06191158017262485 0.12859341864071747
0 0.46292134831460674 0.065 0.01348314606741573 0.112
0 0.44887640449438204 0.1875 0.04157303370786517 0.077
0 0.015168539325842697 0.228 0.030337078651685393 0.07
0 0.07384903367800295 0.22724634903451307 0.056293602644534965 0.12853524034260794
0 0.007865168539325843 0.3515 0.015730337078651686 0.079
0 0.018258426966292134 0.476 0.03651685393258427 0.07
0 0.017977528089887642 0.5085 0.035955056179775284 0.053
0 0.2696629213483146 0.6015 0.04719101123595506 0.017
0 0.04881799332893791 0.42891182382038323 0.05406150122313893 0.06653524034260772
0 0.20276232537567337 0.3450379072525452 0.06351828653385937 0.07962832561958316
0 0.27858950183035436 0.44678549838325293 0.06466365525485175 0.06464577910901607
0 0.311241571782781 0.50360257010795 0.051648530453212646 0.07750615119355303
0 0.3329674729810341 0.5533091030662389 0.04032634370492033 0.059395612427144896
0 0.387664066982718 0.50489379496224 0.05721627792501923 0.06057014732147354
0 0.39048814533660275 0.4429461554305385 0.05355747832153345 0.052535240342607946
0 0.3499231574319487 0.4705156360245278 0.037567584997158815 0.07636070544827908
0 0.39317069779055364 0.47846070000506596 0.06366983787209525 0.05263996127920518
0 0.4151930180397437 0.42720795777203147 0.04233575168580812 0.06841306591657781
0 0.4547752808988764 0.416 0.029775280898876405 0.052
0 0.45224719101123595 0.3335 0.0348314606741573 0.071
0 0.4648876404494382 0.2875 0.009550561797752809 0.069
0 0.4558988764044944 0.2345 0.02752808988764045 0.087
0 0.2482248275071452 0.3365120603821381 0.035572405436725726 0.0833374341290355
0 0.3991877074056108 0.21662069032486717 0.062092449521155224 0.05562250778977227
0 0.4206833703684355 0.24433304111296705 0.054537067283835505 0.04854687600222974
0 0.5314606741573034 0.0855 0.09887640449438202 0.171
0 0.4859550561797753 0.145 0.03258426966292135 0.174
0 0.49719101123595505 0.285 0.0550561797752809 0.148
0 0.5126404494382022 0.4 0.08595505617977528 0.118
0 0.5807450692780212 0.3816545972125065 0.08457772688458388 0.14982031400334472
0 0.5889619510761056 0.16532040536211867 0.09269490687471246 0.15690176362069802
0 0.6098314606741573 0.0695 0.09157303370786517 0.139
0 0.6622409867665422 0.1260941767269757 0.0843977187054391 0.14482031400334472
0 0.6300120998950652 0.22922183561907455 0.09491364104503952 0.12493667059956375
0 0.622394309239697 0.3296054790228555 0.07445113891356751 0.1337214108965585
0 0.6781131774650465 0.32518435308904553 0.08333189805102438 0.13081449617353383
0 0.6970100390226509 0.23391415736657825 0.07277997407559525 0.14969813957731457
0 0.7462937787035314 0.19893776204956423 0.0837203712502231 0.1728028605139118
0 0.8058154530756825 0.20655154309462 0.10231747194412323 0.15900066672748425
0 0.8348314606741573 0.038 0.09101123595505618 0.076
0 0.8606741573033708 0.056 0.0898876404494382 0.112
0 0.8865782983164736 0.13341549082154688 0.0781534849478021 0.11176795353504611
0 0.9435367423345408 0.06203218078150818 0.06248092272035393 0.09761087213015031
0 0.9171348314606742 0.0255 0.0702247191011236 0.051
0 0.9615168539325842 0.027 0.052247191011235955 0.054
0 0.979494382022472 0.0335 0.04101123595505618 0.067
0 0.9747191011235955 0.274 0.05056179775280899 0.14
0 0.9733052367431084 0.35073289590998613 0.04952357276991821 0.09647706204449832
0 0.9261975459711912 0.30576165169529873 0.0640725394917484 0.11062250778977227
0 0.9015609041422481 0.3389940315239949 0.06809135545352372 0.12865741476863787
0 0.9142582672622686 0.4031016613754975 0.057936310641598335 0.08057014732147354
0 0.9538034615866388 0.43300018271754787 0.049891133923127585 0.07548869770412012
0 0.8607405629740241 0.3360722388627005 0.06402899306099959 0.14061087213015025
0 0.8284083047619055 0.3427348047336652 0.052620574620594995 0.10450615119355325
0 0.7945740032832721 0.37787119037048045 0.067213087773174 0.08866323259844876
0 0.743299287024111 0.36534467677258897 0.07034609125967978 0.09769232174750368
0 0.7891477817113997 0.2973450101363311 0.0748907033384351 0.1147330465561804
0 0.7297734556953317 0.3172225023465589 0.08047267923069601 0.11379122485428991
0 0.5154170032343302 0.4779419130606643 0.08169005122334635 0.10080867834372294
0 0.48314606741573035 0.539 0.02696629213483146 0.094
0 0.5323033707865169 0.5645 0.07696629213483146 0.091
0 0.5997191011235955 0.567 0.07696629213483146 0.086
0 0.619943820224719 0.5965 0.07808988764044944 0.027
0 0.696067415730337 0.594 0.0651685393258427 0.032
0 0.9694500476165601 0.5166310838882944 0.0466425807342153 0.0944479728954434
0 0.9280101338443235 0.5276976555673782 0.0366960009423437 0.08334906978865729
0 0.7103932584269663 0.579 0.056741573033707866 0.062
0 0.761070400152634 0.4689901225178628 0.05977239406887584 0.13157014732147354
0 0.7281219111492704 0.5131323259844892 0.04928578973956979 0.10547124421468743
0 0.6184306846209691 0.5314891224266364 0.04984758749237891 0.10547706204449833
0 0.5064606741573033 0.5905 0.06460674157303371 0.039
0 0.5337078651685393 0.5685 0.07640449438202247 0.083
0 0.8025280898876405 0.5885 0.062359550561797754 0.043
0 0.9606741573033708 0.6005 0.04269662921348315 0.019
0 0.9325842696629213 0.574 0.04943820224719101 0.072
0 0.9519662921348314 0.5815 0.039887640449438204 0.057
0 0.9067415730337078 0.5745 0.0449438202247191 0.071
0 0.15963550173578728 0.7472020485834466 0.07202393972318671 0.12869813957731463
0 0.020786516853932586 0.809 0.04157303370786517 0.11
0 0.4443820224719101 0.972 0.05056179775280899 0.056
0 0.6365168539325843 0.646 0.07078651685393259 0.072
0 0.7250797729217224 0.6580033336374215 0.04997736561524025 0.09348287987430921
0 0.6841363372561716 0.7140582696568836 0.04793195599852361 0.08346542638487654
0 0.7598103428986202 0.6633611301707953 0.04621056110426753 0.0824479728954434
0 0.7619800359019675 0.8328204053621187 0.050632939855081605 0.08049451553393124
0 0.826961452838438 0.8204981825350949 0.040542353519894214 0.0653956124271449
0 0.871268130225923 0.7954665178348769 0.058138092036117514 0.07057596515128467
0 0.9345505617977528 0.632 0.05112359550561798 0.044
0 0.9443609046963729 0.6652722872636941 0.04532474862899797 0.07344215506563251
0 0.959949285290398 0.8018828260301024 0.03398078866533125 0.07032579846941349
0 0.9820224719101124 0.778 0.035955056179775284 0.056
0 0.9817415730337079 0.9595 0.03651685393258427 0.065
0 0.8367527088946138 0.8740796321524483 0.0388569602614675 0.06537815893771222
0 0.8103335555074442 0.896797467406617 0.03588219173873185 0.07634325195884639
0 0.7931300625878794 0.9181112968526665 0.049257332898660765 0.07348287987430922
0 0.7497191011235955 0.969 0.044382022471910115 0.062
0 0.7187278619765174 0.9183404344027148 0.0442229263387544 0.05843633723582161
0 0.6426966292134831 0.9885 0.03932584269662921 0.023
0 0.49011638120124046 0.8624929400739944 0.03748135330504653 0.05836652327808997
0 0.4993450811999959 0.6586645660534175 0.05375171492113274 0.07352942251279683
0 0.5084269662921348 0.987 0.0449438202247191 0.026