0 0.0077956989247311825 0.19455066921606118 0.015591397849462365 0.13479923518164436
0 0.10319347042838552 0.30158469940512755 0.0891792497895284 0.15665643465413734
0 0.011559139784946236 0.2820267686424474 0.023118279569892472 0.10707456978967496
0 0.019086021505376343 0.5138623326959847 0.038172043010752686 0.10994263862332695
0 0.05247241570671122 0.5184172603056656 0.056033218072179466 0.10210121576253002
0 0.02204301075268817 0.5592734225621415 0.04408602150537634 0.0745697896749522
0 0.11236559139784946 0.5764818355640535 0.05591397849462366 0.045889101338432124
0 0.20161290322580644 0.5607074569789675 0.053763440860215055 0.07743785850860421
0 0.14752128739312362 0.545263167533037 0.07526293792735067 0.08358150480403653
0 0.24821513203697132 0.5311836500129995 0.04266742916982963 0.11315630503288812
0 0.275 0.5454110898661568 0.04032258064516129 0.10803059273422562
0 0.3088709677419355 0.5683556405353728 0.06182795698924731 0.0621414913957935
0 0.3419354838709677 0.5683556405353728 0.047311827956989246 0.0621414913957935
0 0.45403225806451614 0.5736137667304015 0.04139784946236559 0.05162523900573614
0 0.432258064516129 0.5564053537284895 0.043010752688172046 0.08604206500956023
0 0.4889784946236559 0.5621414913957935 0.03924731182795699 0.0745697896749522
0 0.40032187807230263 0.5292140356484542 0.045818164308738606 0.1017841543537001
0 0.3725523787738628 0.5159263340769406 0.039785322902333956 0.08343615653896742
0 0.33599949493164194 0.5157476109267314 0.04084807983408756 0.08155748553500602
0 0.20249412317336235 0.4853184941942286 0.06611064109566366 0.08138577239124521
0 0.19201613148257082 0.40374782621987676 0.0747503272896499 0.08738890913966914
0 0.23475769030066698 0.322873192115404 0.08038316502740907 0.12675272429194667
0 0.16824723386924573 0.3036038799560972 0.0652605862165704 0.11576922350992937
0 0.15911020022859698 0.22159691911589502 0.08185218157053338 0.1048142588949913
0 0.041714716234431154 0.10659907103805258 0.06192254946167679 0.1806619716413849
0 0.12338709677419354 0.061663479923518165 0.06182795698924731 0.12332695984703633
0 0.0760752688172043 0.05783938814531549 0.056451612903225805 0.11567877629063097
0 0.04596774193548387 0.011472275334608031 0.09086021505376345 0.022944550669216062
0 0.21317204301075268 0.036328871892925434 0.06075268817204301 0.07265774378585087
0 0.2672043010752688 0.023422562141491396 0.05268817204301075 0.04684512428298279
0 0.5325268817204301 0.036806883365200764 0.03494623655913978 0.07361376673040153
0 0.4212312448614969 0.06915356756939649 0.04281131585251177 0.1351448327575535
0 0.4414365151160421 0.11757215017201987 0.047024807923174594 0.12189401107440409
0 0.3852879387692192 0.07998579572409001 0.042298705214810765 0.13895223709318621
0 0.35375518694345176 0.10768192494898023 0.05890906839694967 0.13086534131190014
0 0.31693548387096776 0.02390057361376673 0.0553763440860215 0.04780114722753346
0 0.3046709292211605 0.08178478258906838 0.060615810763635966 0.14525574780787015
0 0.2838722860721476 0.1480472347261003 0.06210985107766143 0.1271413741891174
0 0.25453405181275346 0.223602917227519 0.07183731797430268 0.13508993171178268
0 0.2274111009219464 0.10376037594503076 0.07069948972984513 0.12549632738113606
0 0.18955498301882212 0.15085472622236973 0.0600468966414072 0.14045894564254677
0 0.3066128344387083 0.2553279781888699 0.0718310620315772 0.13413390876723214
0 0.4016519455452578 0.19853856521062757 0.06683595378602501 0.11008314817033536
0 0.3748482360663294 0.16855383699461732 0.05512060376583323 0.1269244374357075
0 0.4625514600384584 0.1817901425235843 0.05040075700019486 0.14493868639904017
0 0.43127226222595355 0.28930584389717046 0.05282617944874248 0.10486915994076201
0 0.47073208777368375 0.2819281644251092 0.048100076740378896 0.12192738595954403
0 0.4365801676077715 0.36115775172160053 0.05065061804343273 0.10097831839227947
0 0.3679506415884557 0.38770244740916093 0.09216733041757932 0.12042768741663193
0 0.5168243835650116 0.17917347097267605 0.04465531229337993 0.08836645824485069
0 0.4866478529804253 0.12662207890430502 0.04527427395741123 0.10081144396657936
0 0.5252292835739112 0.10822510440605615 0.0488938281349439 0.07893972833990395
0 0.5045375564498908 0.3140418752836308 0.046055890132300596 0.13811302624662553
0 0.5293010752688172 0.361376673040153 0.04139784946236559 0.07648183556405354
0 0.5376344086021505 0.5592734225621415 0.024731182795698924 0.08030592734225621
0 0.8481182795698925 0.07409177820267686 0.06827956989247312 0.14818355640535372
0 0.7163978494623656 0.0511472275334608 0.09408602150537634 0.1022944550669216
0 0.6568531232349706 0.10523578753601641 0.07676986679260163 0.14958046286317264
0 0.5902429483857192 0.15287139405268646 0.0792953843247542 0.12480730351770541
0 0.9327600465972536 0.21129409847602348 0.06756126647638662 0.13878052394942542
0 0.8585854543712204 0.2529599431294096 0.07448795436096146 0.12943723125732873
0 0.8959918977296718 0.30143451242199754 0.07917652141297332 0.1066428675712427
0 0.9282001030368857 0.33588821831418575 0.056108289384883395 0.11357349109713805
0 0.9709677419354839 0.30736137667304014 0.05806451612903226 0.08508604206500955
0 0.9776881720430107 0.19646271510516253 0.044623655913978495 0.1118546845124283
0 0.960752688172043 0.5740917782026769 0.03978494623655914 0.05066921606118547
0 0.8943548387096775 0.5774378585086042 0.07580645161290323 0.04397705544933078
0 0.6163561295250503 0.24161815847342294 0.0758756436486565 0.09507046758121464
0 0.6230237607851868 0.3159018422656548 0.06350379630808181 0.09373063345755397
0 0.5685483870967742 0.34990439770554493 0.037096774193548385 0.12619502868068833
0 0.5701612903225807 0.4502868068833652 0.04032258064516129 0.09751434034416825
0 0.6133343945435599 0.4369913510934748 0.049156577729407215 0.11909269201103218
0 0.6530008545341129 0.5022630716859795 0.04960037299712958 0.104769035285342
0 0.6536192511994817 0.3914061287245268 0.04526801801468588 0.0998554210220289
0 0.6878370470968973 0.3633154252402113 0.05179470223061549 0.11152794566747676
0 0.7808540557277946 0.3671583757493715 0.07026820634757329 0.14173202999592727
0 0.8379684218941289 0.38804770355280466 0.06968678033989395 0.1350231819415027
0 0.8626434895381875 0.42131176230446227 0.0705430911617123 0.10159575376736944
0 0.8746559968378315 0.44988156290524706 0.08442774664448836 0.0876892831059292
0 0.8794385913636105 0.48252818628181476 0.08114563670834771 0.07898495194955316
0 0.6905820876230983 0.4953049976371986 0.04364885884615408 0.09884933574976801
0 0.7248155233773271 0.4696043515142597 0.06836752975640244 0.09770491221888668
0 0.7336706629295618 0.42638899406089437 0.06722970151194502 0.08811130788824005
0 0.7561418290931592 0.41035946511919746 0.07380643326967705 0.10743201609009326
0 0.5594086021505377 0.5148183556405354 0.01881720430107527 0.06405353728489484
0 0.989247311827957 0.5678776290630975 0.021505376344086023 0.06309751434034416
0 0.832258064516129 0.5726577437858509 0.03978494623655914 0.05353728489483748
0 0.6301075268817204 0.5879541108986616 0.04946236559139785 0.022944550669216062
0 0.4211720017384938 0.7738121429738357 0.059121393783835456 0.08116883563783532
0 0.3793010752688172 0.6314531548757171 0.08870967741935484 0.06405353728489484
0 0.532258064516129 0.8824091778202677 0.035483870967741936 0.12810707456978968
0 0.1687659121167845 0.9322920061538983 0.051675839318834495 0.09336350972101405
0 0.021236559139784946 0.9416826003824091 0.04247311827956989 0.10325047801147227
0 0.08172043010752689 0.9722753346080306 0.04838709677419355 0.055449330783938815
0 0.128494623655914 0.9565009560229446 0.03333333333333333 0.0869980879541109
0 0.09823883747766043 0.9152875955366931 0.03827877070285792 0.0996384842686188
0 0.06097334116341599 0.9294241853908891 0.04843126503904567 0.09039531623194202
0 0.08219075580925014 0.8450139847499645 0.045468208181895904 0.1304481552476501
0 0.04305292297898612 0.8605262029719912 0.05393898392229875 0.11063867249320607
0 0.019086021505376343 0.7973231357552581 0.038172043010752686 0.08986615678776291
0 0.05793739930048793 0.7529795460722956 0.07752608253081492 0.10085666757622862
0 0.9483041482105014 0.6820045665563413 0.07948306260651365 0.15348799185422538
0 0.889514507723995 0.6926055898740853 0.06659234868551261 0.15499953912164674
0 0.7860761875526089 0.6979974636803167 0.08257123831816963 0.13255561172953068
0 0.5674731182795699 0.6410133843212237 0.03494623655913978 0.08317399617590822
0 0.5741264280131053 0.7138808067833933 0.04484924651786469 0.11800316952592155
0 0.6166683616626537 0.7257153671364805 0.05368286693633574 0.1536430175554162
0 0.6443131187723621 0.8020838956057682 0.06616068863746595 0.08903395594765068
0 0.6905557455219848 0.763374395716945 0.05854660038465634 0.15761729631674892
0 0.6869866155520296 0.8750955806888133 0.06340370122447674 0.07843426634474326
0 0.7554411635079239 0.862882885448228 0.06214113079128792 0.13192148891187072
0 0.8566912220556621 0.8105874813100187 0.08462168086897316 0.11732599438699993
0 0.9151780143186531 0.8769212738647486 0.0729188427342322 0.1360793295414734
0 0.964516129032258 0.8503824091778203 0.07096774193548387 0.09464627151051626
0 0.9833333333333333 0.9536328871892925 0.03333333333333333 0.09273422562141491
0 0.935752688172043 0.9521988527724665 0.05 0.09560229445506692
0 0.9666666666666667 0.9521988527724665 0.04408602150537634 0.09560229445506692
0 0.9016129032258065 0.9588910133843213 0.05913978494623656 0.08221797323135756
0 0.8736559139784946 0.9717973231357553 0.07204301075268817 0.05640535372848948
0 0.7594086021505376 0.9722753346080306 0.05 0.055449330783938815
0 0.7975806451612903 0.97131931166348 0.06182795698924731 0.05736137667304015
0 0.7112903225806452 0.9674952198852772 0.04946236559139785 0.06500956022944551
0 0.6747311827956989 0.9517208413001912 0.05053763440860215 0.0965583173996176
0 0.6666666666666666 0.988527724665392 0.06881720430107527 0.022944550669216062
0 0.6450264845759354 0.9521711541789384 0.0368469131503107 0.04511180154409072