0 0.5592391304347826 0.03868471953578337 0.06086956521739131 0.07736943907156674
0 0.5508152173913043 0.08462282398452611 0.07771739130434782 0.14410058027079303
0 0.49218050040718686 0.14964966534790505 0.08513323045779508 0.11967176265946407
0 0.564945652173913 0.21711798839458413 0.049456521739130434 0.11121856866537717
0 0.5747282608695652 0.29980657640232106 0.029891304347826088 0.11992263056092843
0 0.5569596145088561 0.2952109457849899 0.05374436158028758 0.1218798778596743
0 0.528054689264991 0.2725218962338482 0.04806598350789164 0.11062182262006516
0 0.4967765455982565 0.2582890056313503 0.052669402307708425 0.09860707040147741
0 0.43358912456338217 0.2573860870956001 0.05563038907575654 0.1095552469574522
0 0.42964775731595317 0.2986312940445697 0.07895566420883883 0.11028596765991765
0 0.4823056368464998 0.3429370646537507 0.0646037790046841 0.09900341862107358
0 0.5336500355372642 0.40891002639671953 0.0645594889203751 0.09706918264428441
0 0.428940965423172 0.3770918025779845 0.05986748995194029 0.10521546290929382
0 0.38538659610614645 0.5539331844892724 0.05514319814835596 0.08827865121277136
0 0.31956521739130433 0.5773694390715667 0.05434782608695652 0.06382978723404255
0 0.33728277139461 0.5368119280598476 0.054400414508095234 0.07951261358049322
0 0.4673913043478261 0.5880077369439072 0.05543478260869565 0.0425531914893617
0 0.5730978260869565 0.4443907156673114 0.03315217391304348 0.08220502901353965
0 0.40068794393869966 0.4330182009020751 0.05901398110090668 0.09161383533504276
0 0.21933641757692532 0.08362863432372976 0.06815253411791104 0.11194780689056419
0 0.02282608695652174 0.031914893617021274 0.04565217391304348 0.06382978723404255
0 0.053825142099988114 0.06572414047879774 0.06493595463700279 0.11351018844699234
0 0.13944788741334696 0.14578730038206497 0.0580700426250896 0.12140856576509448
0 0.18926750263577818 0.2188587076961761 0.06710986768048105 0.11375809139389982
0 0.1909611481045184 0.27577597656925695 0.07699305379391133 0.09559327062381827
0 0.03260869565217391 0.43568665377176014 0.06521739130434782 0.10541586073500966
0 0.17083170661027058 0.45286452018881285 0.05319073552642336 0.0977019281498097
0 0.10670357153991147 0.3621623211745661 0.04955340024457828 0.08088906792674054
0 0.1211901764531585 0.3958125354199391 0.04679171885592132 0.07864495326631701
0 0.24305340433204084 0.3209868894301058 0.050672649601466696 0.1060961113617266
0 0.08814320359830606 0.5302181832461905 0.042677340439670315 0.06467147127170517
0 0.016304347826086956 0.480174081237911 0.03260869565217391 0.0609284332688588
0 0.1296195652173913 0.5913926499032882 0.050543478260869565 0.035783365570599614
0 0.02826086956521739 0.13588007736943908 0.05652173913043478 0.10348162475822051
0 0.023369565217391305 0.31382978723404253 0.04673913043478261 0.07059961315280464
0 0.6747896463154452 0.2839114924119275 0.08127074584207396 0.18771738246821104
0 0.751877753374553 0.3678496183379013 0.10224494759444121 0.18046325631661253
0 0.8128658918834621 0.4291044475432227 0.08868013611485659 0.17988098088683577
0 0.7243652158180918 0.4985229925836456 0.07813259873678931 0.1690322620050798
0 0.6305178628406457 0.4087951468655609 0.07144569651827772 0.13740275327245774
0 0.6727822955601244 0.4310683659897213 0.06410274137195861 0.14814050881901675
0 0.6190217391304348 0.4835589941972921 0.058695652173913045 0.11605415860735009
0 0.6097826086956522 0.5826885880077369 0.04021739130434782 0.05319148936170213
0 0.8611413043478261 0.554642166344294 0.07989130434782608 0.109284332688588
0 0.8046195652173913 0.5618955512572534 0.06576086956521739 0.09477756286266925
0 0.7657608695652174 0.554642166344294 0.07065217391304347 0.109284332688588
0 0.5505434782608696 0.6735976789168279 0.0782608695652174 0.1286266924564797
0 0.5763586956521739 0.6881044487427466 0.026630434782608695 0.1576402321083172
0 0.4421195652173913 0.6426499032882012 0.10597826086956522 0.06673114119922631
0 0.2904891304347826 0.6305609284332688 0.09184782608695652 0.0425531914893617
0 0.29891304347826086 0.6697292069632496 0.09130434782608696 0.12088974854932302
0 0.19619565217391305 0.6349129593810445 0.08152173913043478 0.05125725338491296
0 0.1513586956521739 0.6426499032882012 0.07119565217391305 0.06673114119922631
0 0.09088226547281035 0.8148334688426652 0.056385169965177055 0.09517242860498697
0 0.18606201989186086 0.9415597010666514 0.05076122977008496 0.10996458331530494
0 0.34619565217391307 0.9705029013539652 0.04565217391304348 0.05899419729206963
0 0.39918478260869567 0.9912959381044487 0.03967391304347826 0.017408123791102514
0 0.16327744883540052 0.865753384790152 0.06721044509825916 0.09447770736273502
0 0.18493814689455954 0.847860960766213 0.04877647431300314 0.09430476829081097
0 0.1504535715399115 0.8070820543199734 0.06203125520242372 0.08134739188306357
0 0.12375762635892168 0.8307029636379355 0.046248240595051754 0.07858297752959015
0 0.5682065217391304 0.8795938104448743 0.042934782608695654 0.1402321083172147
0 0.560054347826087 0.9705029013539652 0.05923913043478261 0.05899419729206963
0 0.4374862259424159 0.9435657588852427 0.05098452964779594 0.0723709332413699
0 0.4777173913043478 0.9676015473887815 0.06847826086956521 0.06479690522243714
0 0.4912541075490252 0.7252247730089499 0.07093451109255744 0.16242386949726317
0 0.4970852012042534 0.7918254686655941 0.08436645231921454 0.15720343699667222
0 0.3828804347826087 0.6716634429400387 0.11576086956521739 0.12475822050290135
0 0.3702263926474365 0.7516635317106908 0.0642697539162006 0.1317614787530357
0 0.42269418986350416 0.7566770723164373 0.07843248153395858 0.15845593986946624
0 0.32060885698864416 0.7411571618582108 0.06550157794002698 0.1145392821721138
0 0.33335200219625993 0.8628461009158546 0.07068076783586237 0.127669597651785
0 0.12767407437994852 0.7191557753201783 0.054454852385399086 0.10556282353042012
0 0.2392426076252895 0.8797491368680816 0.0430316611141435 0.08014535908601851
0 0.005434782608695652 0.8181818181818182 0.010869565217391304 0.10831721470019343
0 0.011141304347826087 0.6629593810444874 0.022282608695652174 0.09574468085106383
0 0.02778020016622214 0.8696947739814208 0.05554180890713822 0.10568677500387387
0 0.15217391304347827 0.9835589941972921 0.05326086956521739 0.03288201160541586
0 0.26649910221280615 0.8673430480217474 0.0511496927358725 0.10325673313326972
0 0.172551171817582 0.7582108667990441 0.075084881256288 0.1069507835376458
0 0.27880434782608693 0.9555125725338491 0.07065217391304347 0.08897485493230174
0 0.30027173913043476 0.9516441005802708 0.05380434782608696 0.09671179883945841
0 0.9657608695652173 0.8070599613152805 0.06847826086956521 0.12475822050290135
0 0.9017402836971262 0.8096436700531888 0.08157247809540842 0.1298762303747166
0 0.9779891304347826 0.960348162475822 0.044021739130434785 0.07543520309477757
0 0.6926630434782609 0.9864603481624759 0.03858695652173913 0.027079303675048357
0 0.6433339162713033 0.9459852134121323 0.06427160337236568 0.08449664879515481
0 0.7269021739130435 0.6532882011605415 0.06032608695652174 0.08800773694390715
0 0.9415760869565217 0.9521276595744681 0.051630434782608696 0.09574468085106383
0 0.7876075492022679 0.880017827421028 0.05773786699277104 0.10690179593917572
0 0.6991982032738498 0.7312770434421277 0.06008894037348583 0.11488664279323987
0 0.7163528355106381 0.7792913350712201 0.07051560474778581 0.0967837977598852
0 0.7224376724225614 0.8110138074089324 0.07966615501395002 0.09396891333066325
0 0.6127717391304348 0.7190522243713733 0.04619565217391304 0.10735009671179883
0 0.7402173913043478 0.9622823984526112 0.04456521739130435 0.07543520309477757