0 0.38335654596100277 0.33972772277227725 0.08426183844011143 0.10024752475247525
0 0.07883928599174822 0.15664605426082903 0.07682477902175021 0.15804969134074587
0 0.05675487465181058 0.03712871287128713 0.06476323119777158 0.07425742574257425
0 0.11107242339832869 0.0297029702970297 0.0745125348189415 0.0594059405940594
0 0.46759256228915663 0.16847666232081104 0.07870284178246235 0.1532721260507004
0 0.020891364902506964 0.021658415841584157 0.04178272980501393 0.043316831683168314
0 0.558247303095988 0.06498764938893183 0.09640732232372451 0.11280692921819663
0 0.717966573816156 0.1608910891089109 0.023676880222841225 0.10396039603960396
0 0.6955766541059794 0.10410344003383884 0.0666948847778363 0.08321583306664002
0 0.6921691291930808 0.15438486826603937 0.07220275777703691 0.09847082098722698
0 0.9888579387186629 0.18688118811881188 0.022284122562674095 0.20544554455445543
0 0.817702830508437 0.16845789433622868 0.13686127449700747 0.18275134805678375
0 0.7903899721448467 0.3087871287128713 0.12116991643454039 0.16212871287128713
0 0.9019478515544712 0.07738749837776829 0.116634298410366 0.1477791386374902
0 0.9686629526462396 0.09777227722772278 0.06267409470752089 0.15346534653465346
0 0.9596100278551533 0.03650990099009901 0.0807799442896936 0.07301980198019802
0 0.0644150417827298 0.9647277227722773 0.10376044568245125 0.07054455445544554
0 0.1633008356545961 0.9022277227722773 0.09540389972144847 0.19554455445544555
0 0.013579387186629526 0.8886138613861386 0.027158774373259052 0.20297029702970298
0 0.45020891364902504 0.9641089108910891 0.1190807799442897 0.07178217821782178
0 0.3050139275766017 0.9232673267326733 0.12256267409470752 0.15346534653465346
0 0.2808402703744307 0.8310561924145713 0.15796371312905283 0.18943114070088335
0 0.6344011142061281 0.9579207920792079 0.0947075208913649 0.08415841584158416
0 0.5115635372641968 0.8797526146255652 0.06577786539609916 0.17563411247278574
0 0.45479266760527726 0.8584044119546572 0.0950049978414422 0.2101180604206941
0 0.41157999552133645 0.8295457080101785 0.10233734278200222 0.13796290723779334
0 0.45146223937353547 0.7070548957027573 0.07872362020062891 0.12120919473522439
0 0.35904453949287646 0.7203703037406307 0.12670021262584374 0.1560118867558917
0 0.19075271476035882 0.6793082002115964 0.10703291087726671 0.1667164700382126
0 0.23771112315664053 0.7146432392337221 0.07318457957417847 0.1540486037878512
0 0.5874844135569305 0.8619885307326524 0.09047812425241505 0.16904590324966565
0 0.6132975929043812 0.8326772116650312 0.08342957750497668 0.13393129187790573
0 0.6977715877437326 0.9498762376237624 0.06406685236768803 0.10024752475247525
0 0.057496099866099624 0.6380630215608558 0.08568823088843266 0.20318057931782196
0 0.02437325905292479 0.6602722772277227 0.04874651810584958 0.1547029702970297
0 0.1354456824512535 0.4313118811881188 0.100974930362117 0.08292079207920793
0 0.19254874651810586 0.44492574257425743 0.08147632311977716 0.11014851485148515
0 0.06580779944289694 0.40655940594059403 0.06476323119777158 0.03341584158415842
0 0.06537047936367893 0.4321444794385117 0.06016363314516119 0.07650892497638044
0 0.5550303337771947 0.4751429339299317 0.05047748716545934 0.060908077536874584
0 0.7019498607242339 0.5488861386138614 0.055710306406685235 0.12252475247524752
0 0.6182653364032321 0.648100047491929 0.09050929187966489 0.12095150627645186
0 0.6557050597455969 0.5334232166273406 0.05049908797059415 0.11024009827246464
0 0.49881872726285537 0.4587740479351051 0.09017108048022257 0.06419374296660436
0 0.10903291670334114 0.5936154134397873 0.08893745050417728 0.1491862797984927
0 0.6548584485772893 0.8065193014369204 0.06767670657497786 0.13879361586726438
0 0.3876787740054852 0.5537844758324736 0.056999171976019274 0.16504140333593806
0 0.34069439258649525 0.5585281009546927 0.06133575025367458 0.16910013414198566
0 0.9331476323119777 0.9443069306930693 0.07938718662952646 0.11138613861386139
0 0.8311281337047354 0.9405940594059405 0.06894150417827298 0.1188118811881188
0 0.7830779944289693 0.9628712871287128 0.056406685236768804 0.07425742574257425
0 0.7792532563788022 0.7489098967313398 0.06991375915329916 0.15871088257159052
0 0.8118287171196653 0.6177980974369415 0.06061777061845625 0.11971047015324254
0 0.9728412256267409 0.5241336633663366 0.054317548746518104 0.12004950495049505
0 0.9912952646239555 0.4931930693069307 0.017409470752089137 0.10767326732673267
0 0.9693593314763231 0.6602722772277227 0.06128133704735376 0.11757425742574257
0 0.9104286568309897 0.5297658238116852 0.07037746344870949 0.10448601003964869
0 0.8034337529594507 0.46972912807352163 0.060006150234975325 0.15419100574031763
0 0.9836350974930362 0.44245049504950495 0.032729805013927575 0.08292079207920793
0 0.8622042172509609 0.5054252905180628 0.06849940068799734 0.10926357532969416
0 0.8513255869380629 0.4699936412539606 0.05555282349649938 0.08229354101618955
0 0.983983286908078 0.5897277227722773 0.03203342618384401 0.09034653465346534
0 0.9930362116991643 0.6435643564356436 0.013927576601671309 0.11633663366336634
0 0.79491643454039 0.40594059405940597 0.04665738161559889 0.03217821782178218
0 0.9640926171642097 0.5921709197501253 0.06024839159176383 0.11104710381660887