0 0.5993552168815943 0.016701461377870562 0.07678780773739742 0.033402922755741124
0 0.5181711606096131 0.04384133611691023 0.07620164126611957 0.08768267223382047
0 0.4454865181711606 0.02244258872651357 0.10316529894490035 0.04488517745302714
0 0.45310668229777257 0.05219206680584551 0.07971864009378664 0.10438413361169102
0 0.46857909090412 0.12416561237724509 0.07824989005713655 0.15386223064296473
0 0.1817116060961313 0.049582463465553235 0.08440797186400938 0.09916492693110647
0 0.07766705744431418 0.048538622129436326 0.06858147713950762 0.09707724425887265
0 0.015533411488862838 0.1873695198329854 0.031066822977725676 0.1617954070981211
0 0.3353179728560196 0.2486279823588966 0.08855512907573891 0.14616763132235044
0 0.6723329425556858 0.02035490605427975 0.04572098475967175 0.0407098121085595
0 0.6579718640093787 0.06315240083507306 0.016998827667057445 0.07411273486430063
0 0.6853207955749915 0.11717031426516376 0.06369536480433217 0.0966928601535927
0 0.6773153575615475 0.17275574112734865 0.05568581477139507 0.08037578288100208
0 0.754585583221588 0.14933055190711603 0.055363662980912276 0.11180370405507883
0 0.7960369369188716 0.1722801391686966 0.05422204972140637 0.11277464190582688
0 0.7420440385736735 0.2673277042318782 0.04805568067146021 0.08217517747427594
0 0.6776084407971864 0.21346555323590813 0.05627198124267292 0.06993736951983298
0 0.6758499413833529 0.2567849686847599 0.05275498241500586 0.07306889352818371
0 0.7199768680849317 0.3213175026997394 0.05172627791437651 0.08761309461096747
0 0.6985876182350766 0.4914404479458448 0.03685707835108149 0.0793949116910365
0 0.7932672120597674 0.594434426541751 0.06341888765688353 0.08729828812854051
0 0.861998548874528 0.5552555655017751 0.03556186667632641 0.07514664286119999
0 0.7921733294530421 0.482494870979317 0.05959469199871797 0.0766411643112643
0 0.8363404777253658 0.5125690888802933 0.04191504631790244 0.09221262166591564
0 0.8161177344662802 0.5138266740029085 0.029638762597448413 0.07269444276212132
0 0.9199882766705745 0.6377870563674322 0.047479484173505275 0.04384133611691023
0 0.988569753810082 0.5255741127348643 0.022860492379835874 0.0720250521920668
0 0.9476000082723606 0.35040251263029526 0.046573658405075394 0.09146039427127448
0 0.3250293083235639 0.6878914405010439 0.06623681125439625 0.05636743215031315
0 0.39654161781946073 0.6998956158663883 0.050996483001172335 0.08037578288100208
0 0.4970691676436108 0.6863256784968684 0.06330597889800703 0.05323590814196242
0 0.514947245017585 0.6993736951983298 0.047479484173505275 0.07933194154488518
0 0.57063305978898 0.7025052192066806 0.05568581477139507 0.08559498956158663
0 0.4848792798246073 0.7579065031825329 0.04793030944593031 0.09779634577334505
0 0.4231038952108907 0.7893592798288187 0.04435187125216316 0.09548995264500436
0 0.4541873242768066 0.7968036836202503 0.045741734469398755 0.08307321183965476
0 0.3244789097260846 0.9595965690967515 0.054380633123317076 0.07840078129933771
0 0.2758814593776717 0.7818436576074412 0.059776517603686304 0.10270074597150262
0 0.25869043125078245 0.8490753277606621 0.05490536022849522 0.07634955036978833
0 0.22771037745400435 0.9275838013567953 0.049629861986994636 0.07602148468562792
0 0.1819462105446291 0.832488210404619 0.0365448965339216 0.10854956561694111
0 0.02022274325908558 0.6816283924843424 0.04044548651817116 0.04384133611691023
0 0.04633210776630047 0.7685073970753503 0.04977847541558243 0.12083375865328617
0 0.013481828839390387 0.7776617954070981 0.026963657678780773 0.08350730688935282
0 0.57063305978898 0.9853862212943633 0.045134818288393906 0.029227557411273485
0 0.6070090612702148 0.8029291729500081 0.042844114289390216 0.06413826081881238
0 0.6031404372156803 0.7057492030639486 0.0317069513351112 0.063445677707807
0 0.1520620953643226 0.7942322613263961 0.04827321094613985 0.06968553318355758
0 0.054699109377891145 0.9414685894570725 0.04052767559399773 0.08483282882772816
0 0.07250288003757145 0.9627629482890243 0.04463333338627339 0.06529145738298284
0 0.09994138335287221 0.9624217118997912 0.03575615474794842 0.07515657620041753
0 0.6673505275498242 0.9832985386221295 0.03575615474794842 0.033402922755741124
0 0.6869871043376319 0.9467640918580376 0.07502930832356389 0.10020876826722339
0 0.7153302819808282 0.9051428313132092 0.07218066504300125 0.08680122293269099
0 0.7237607789682651 0.8473123627859075 0.07184025603612221 0.09511550187894172
0 0.7401526904543178 0.9265216899010057 0.04595926474407813 0.07058356754893638
0 0.7829121231745504 0.9249045540211543 0.05921608582879699 0.14330120285200856
0 0.8220984759671747 0.9509394572025052 0.053341148886283704 0.09812108559498957
0 0.7998615374585776 0.7764172924928948 0.07010998381200784 0.11584652163054206
0 0.776084407971864 0.6737995824634656 0.06447831184056271 0.028183716075156576
0 0.8783704572098476 0.6675365344467641 0.06623681125439625 0.015657620041753653
0 0.8467174677608441 0.7061586638830898 0.0697538100820633 0.09290187891440502
0 0.8540038905974879 0.7657568428131027 0.05996332819531616 0.08916726034466729
0 0.8933177022274326 0.7171189979123174 0.05744431418522861 0.11482254697286012
0 0.9098138303477478 0.7680168287353764 0.05147304296998563 0.13865196485264253
0 0.8844754184957377 0.8138746069704095 0.04752596857962054 0.12381947569089881
0 0.8421792735145835 0.8196306564520439 0.07548013359598893 0.09950957767951646
0 0.8299233346223157 0.8782199819748533 0.060209085659714966 0.09751799103360263
0 0.8508588618248746 0.9024453802303913 0.05641311719126843 0.10770124219598019
0 0.872982081811514 0.9260759543325017 0.05119656582253678 0.12925739282759033
0 0.9383068360641535 0.7839577701864812 0.05499004179765269 0.13887067530874952
0 0.9865181711606096 0.6998956158663883 0.026963657678780773 0.08037578288100208
0 0.9873974208675264 0.7625260960334029 0.025205158264947247 0.10334029227557412
0 0.9944314185228605 0.8768267223382046 0.011137162954279016 0.09394572025052192
0 0.9721031623302386 0.8980313935030512 0.051014740217568445 0.10319781116735202
0 0.9618991793669402 0.965553235908142 0.053927315357561546 0.06889352818371608
0 0.9263091171029383 0.9331790332380394 0.0550232539740331 0.12011798300132968