0 0.16917995616188702 0.11882345071217801 0.05844797773850773 0.12130963467568077
0 0.07432826414080677 0.07774632012561003 0.06895707246609027 0.0893181140180502
0 0.01702127659574468 0.08506616257088846 0.03404255319148936 0.10207939508506617
0 0.022340425531914895 0.1266540642722117 0.04468085106382979 0.08695652173913043
0 0.054211837716672776 0.15458634580925948 0.07844275217517666 0.10244753958308966
0 0.007180851063829787 0.10680529300567108 0.014361702127659574 0.10964083175803403
0 0.037000328141811895 0.2174715841647178 0.04493925735334555 0.07012535193066473
0 0.14119737383190722 0.19919853046047395 0.04690995524139407 0.08067093164507791
0 0.18848034126748442 0.2495969384888669 0.06198747712824877 0.10185714151335974
0 0.08402050218734959 0.24555920244021281 0.0553048619840878 0.0635546105182459
0 0.022872340425531913 0.2523629489603025 0.045744680851063826 0.0888468809073724
0 0.017553191489361703 0.3218336483931947 0.035106382978723406 0.09168241965973535
0 0.07093112919739483 0.2903354148649903 0.04301611771007602 0.07559829038328082
0 0.21477012141404064 0.33455197427390215 0.0680502043652758 0.07887160382969194
0 0.19010149579573124 0.38963011168455514 0.04062923648358903 0.08291205324111132
0 0.15735739955860215 0.3282570402828167 0.061769485607470885 0.08111272542572547
0 0.12198076942578999 0.5544642267256947 0.04313899274129581 0.06430567013685659
0 0.21809366768926167 0.5605697126997863 0.04963770301987861 0.08280896462845713
0 0.06479083387290463 0.6529831475026837 0.05143796763192835 0.08862864642226527
0 0.29069148936170214 0.6899810964083176 0.018617021276595744 0.03969754253308128
0 0.2759019578175181 0.5706948997903831 0.03876079856113985 0.07520201227906122
0 0.22299387691147587 0.6022794417653785 0.04413464921813029 0.06251438049466931
0 0.22642234213457016 0.44801703050154845 0.057909734731352615 0.07698526374804926
0 0.9644462007963993 0.0612055245308469 0.06397879008191786 0.09827456222898562
0 0.8710622733551671 0.16441487526851142 0.07443318308868017 0.07946602098602136
0 0.711014571516536 0.2144726195431601 0.06451703308907285 0.14259893315661692
0 0.6793957425822509 0.15889446255371625 0.06974820901172608 0.08185574687113724
0 0.6175846191622875 0.16357017284937672 0.06022129917139893 0.09698263930367236
0 0.5834406213677019 0.2372071681445569 0.05531833357366707 0.07862794910115407
0 0.7196937020773929 0.3437828222672396 0.0609101757514354 0.08668473340439667
0 0.8138592738939541 0.3150920448427506 0.07731074907754318 0.10045811088879279
0 0.8162160478845134 0.37553199392016634 0.05694816490971779 0.07972173297435751
0 0.7879576082561665 0.48575453271281444 0.0420133177572003 0.10659107760716367
0 0.6916441694807683 0.5370057832486383 0.05845512121454897 0.0921081370939852
0 0.7022392962088534 0.6427855658957481 0.05057151429985163 0.12340215198263184
0 0.8436350747531857 0.5179676031226857 0.061455562234631875 0.1018076067503324
0 0.8298730531482912 0.47780349942744316 0.050940139393511115 0.08952429124335891
0 0.8988107335925157 0.497500300180219 0.030304861984087737 0.06122647665595578
0 0.9465629553623454 0.43129487602053895 0.04579856720938116 0.06455334395199375
0 0.9479291779458535 0.33421582959602836 0.041038276345986384 0.09425420825056312
0 0.9296046496139733 0.26517622336536806 0.05121283263510935 0.09708572791632678
0 0.9067188375988622 0.27821863666415103 0.048867181539863136 0.07614317277658268
0 0.8687681599239723 0.22062829314219623 0.06408819352355831 0.07190860339965278
0 0.8587783238629306 0.27565086715992243 0.06605889141160672 0.08245418311406606
0 0.9248368075932858 0.16800011695810235 0.06138738892423231 0.09991724758209022
0 0.9539280215797612 0.1308783821024484 0.06254000708748624 0.08777851727759979
0 0.9819148936170212 0.14603024574669188 0.036170212765957444 0.09924385633270322
0 0.9922872340425531 0.09168241965973535 0.015425531914893617 0.12098298676748583
0 0.988563829787234 0.18572778827977315 0.022872340425531913 0.10491493383742911
0 0.9627399270233966 0.24170804817314123 0.0497264913958985 0.07057116479791169
0 0.9747340425531915 0.2603969754253308 0.05053191489361702 0.08979206049149338
0 0.9851063829787234 0.2996219281663516 0.029787234042553193 0.10775047258979206
0 0.986436170212766 0.43289224952741023 0.027127659574468086 0.06805293005671077
0 0.5742021276595745 0.03497164461247637 0.04946808510638298 0.06994328922495274
0 0.5348404255319149 0.03166351606805293 0.05797872340425532 0.06332703213610585
0 0.4526595744680851 0.030245746691871456 0.043617021276595745 0.06049149338374291
0 0.4802031070929836 0.07348562668578376 0.04759168834538942 0.09957452332749757
0 0.5133047055284586 0.0879484717659648 0.061128167272213284 0.10742914949203074
0 0.5210384942327776 0.13987979504299203 0.06092364734101473 0.10175807198730484
0 0.47416262564658324 0.21138277644139236 0.060528079068196766 0.10548925556076122
0 0.5070771551597112 0.2680299499225258 0.04868960478782324 0.10061877243767334
0 0.5443694711717435 0.29947925059207114 0.056914078254518136 0.07877655339023654
0 0.5769807925260942 0.3793328586471962 0.04607840392702027 0.04291328304326603
0 0.5531405541653895 0.41884030030136654 0.03642147557943197 0.09853429330392108
0 0.5829757541339733 0.4424825000261065 0.03964705159633388 0.09977668146620677
0 0.6209050013807393 0.41187393364664515 0.04289324267885623 0.08689091062970507
0 0.6793066439182229 0.42774450038650913 0.04856040164306536 0.06763655651949384
0 0.3669369727134919 0.15824724632477424 0.05865249766970635 0.12698071218040666
0 0.3122340425531915 0.0671077504725898 0.02446808510638298 0.11342155009451796
0 0.31303191489361704 0.29725897920604916 0.026063829787234042 0.08412098298676748
0 0.3296574103217792 0.35582660404737176 0.03968828172757483 0.07152036346863218
0 0.3703009337574507 0.3387477604237688 0.04363682097971311 0.06341002531576295
0 0.3914653696849736 0.3734369161230957 0.03739018887710791 0.06659632649591746
0 0.41624697048294407 0.3596226949107879 0.03337347631457014 0.07281630548054473
0 0.387328946147985 0.33274666878616566 0.04740778347981131 0.07977528682398437
0 0.4403024439889093 0.35854363070259965 0.04009732158997207 0.08286251847808399
0 0.4725586118391798 0.38904976133132363 0.06463358000675455 0.08703147674558852
0 0.45739270925755665 0.43221006532781 0.03709688056988929 0.07316304882173699
0 0.4964444674316492 0.4666682764203144 0.047564745166230875 0.06942784616168111
0 0.4943504868311293 0.42853911709579656 0.05701633822011747 0.08161209214259948
0 0.5334335752849042 0.5213240116638512 0.04442081404930774 0.08514915575054556
0 0.5597601984621777 0.5460620048050941 0.05404998385523447 0.07285780207037348
0 0.5713160796493945 0.5808047143540479 0.056607298357720236 0.07026993713314769
0 0.562754719049974 0.618415768210077 0.05490929371126983 0.06728579409170228
0 0.5577127659574468 0.6743856332703214 0.04521276595744681 0.07088846880907372
0 0.8879520955051314 0.6136107942813172 0.047284908448591526 0.09106790707040861
0 0.8865818935023511 0.6590041817006381 0.0456622205885818 0.06077262561550981
0 0.9263724351955251 0.591583146303486 0.045675692178161004 0.07584596419841819
0 0.9360051767394725 0.620456639295604 0.05233850761920486 0.05480032044601969
0 0.9580451504881276 0.5864716708570771 0.04236132778523921 0.08684137586667771
0 0.9789893617021277 0.5694706994328923 0.04202127659574468 0.08979206049149338
0 0.9446808510638298 0.6687145557655955 0.047872340425531915 0.08223062381852551
0 0.9388297872340425 0.6918714555765595 0.04042553191489362 0.035916824196597356
0 0.9765741987512064 0.6498401995830115 0.030386506884066508 0.07819017440710613
0 0.9765957446808511 0.6800567107750473 0.0425531914893617 0.05954631379962193
0 0.9928191489361702 0.5888468809073724 0.014361702127659574 0.05860113421550094
0 0.5041239620963994 0.5423033914449071 0.04428446742850874 0.08136843741406163
0 0.5124475314719246 0.5852802760542988 0.04416873587333007 0.06345956007879029
0 0.5283677275684664 0.6099975209006275 0.04630986703737749 0.07873103771380849
0 0.49134218436574567 0.6525446689891697 0.049433183088680055 0.07713788712373124
0 0.46875600877139123 0.6276808293970585 0.035501135889038166 0.07301444453265453
0 0.4333016157646289 0.6044636942446513 0.040956631446007495 0.07729051049941299
0 0.35391709347093486 0.6302633695238506 0.04181594130204298 0.071718502520742
0 0.3783062900528565 0.5903328728406473 0.04444142911492831 0.07102099675175816
0 0.3433497252845114 0.5681104520353885 0.03689236063869067 0.0674919713170111
0 0.3178191489361702 0.5751417769376181 0.03563829787234043 0.06521739130434782
0 0.3267735162193781 0.42099446058869217 0.04896944150546259 0.07897871152894563
0 0.30877659574468086 0.3809073724007561 0.017553191489361703 0.05860113421550094
0 0.3077127659574468 0.43005671077504726 0.015425531914893617 0.052930056710775046
0 0.4053637379106672 0.4098203014818544 0.05041536797593533 0.06027325889863579
0 0.40153848137100034 0.449294937581312 0.03943620355159717 0.04983076779687692
0 0.35550406395073847 0.4530689744259798 0.04011793665559258 0.06873435947929679
0 0.44416341790878217 0.4660671777721687 0.054424937062431865 0.08325477749570409
0 0.4393631199579013 0.5177796137021717 0.060467049233838444 0.0743973988108239
0 0.45998533345899684 0.54530562037605 0.04763291847663043 0.07131820532992308
0 0.4191059598124444 0.5097288580288286 0.03872671190594013 0.07425683269494023
0 0.3870681911642033 0.4953650824747025 0.053442752175176654 0.10011940572079953
0 0.3525722039223068 0.4973685779720973 0.03513965427142004 0.07769080769023211
0 0.026595744680851064 0.7698487712665406 0.05319148936170213 0.12003780718336483
0 0.09441489361702128 0.755671077504726 0.07074468085106383 0.09168241965973535
0 0.29202127659574467 0.7641776937618148 0.015957446808510637 0.08601134215500945
0 0.2781914893617021 0.8156899810964083 0.043617021276595745 0.08506616257088846
0 0.23191489361702128 0.7887523629489603 0.05638297872340425 0.15784499054820417
0 0.19361702127659575 0.7674858223062382 0.05531914893617021 0.11531190926275993
0 0.16489361702127658 0.7655954631379962 0.059574468085106386 0.11153119092627599
0 0.14369488154378937 0.7909604751600866 0.055468151784045516 0.0974820060205464
0 0.12705253757451435 0.8306640463230671 0.0803318051632464 0.09602942154635237
0 0.1592992132544778 0.9280282440659441 0.04958300129905851 0.09599194404312333
0 0.18882978723404256 0.9777882797731569 0.0574468085106383 0.0444234404536862
0 0.2247340425531915 0.9513232514177694 0.05372340425531915 0.09735349716446125
0 0.20247627207024557 0.9220914068563834 0.05331354903041877 0.06713718980261982
0 0.2501983866041475 0.9085168212860139 0.05089258114873212 0.07350577307632955
0 0.29308510638297874 0.9380907372400756 0.013829787234042552 0.0671077504725898
0 0.2800531914893617 0.9744801512287334 0.0398936170212766 0.05103969754253308
0 0.311436170212766 0.7495274102079396 0.022872340425531913 0.06994328922495274
0 0.47925531914893615 0.751890359168242 0.04468085106382979 0.08412098298676748
0 0.3390957446808511 0.9735349716446124 0.04414893617021277 0.052930056710775046
0 0.3568965117441456 0.9098510974932672 0.049058229881482604 0.06674091169840042
0 0.8856382978723404 0.7216446124763705 0.04893617021276596 0.023629489603024575
0 0.9827127659574468 0.974952741020794 0.034574468085106384 0.0500945179584121
0 0.9412234042553191 0.724007561436673 0.040957446808510635 0.02835538752362949
0 0.9172872340425532 0.724007561436673 0.040957446808510635 0.02835538752362949
0 0.8961959609936921 0.8804118209402871 0.045402998936563015 0.06828452752545033
0 0.8974904385287803 0.7705233153671158 0.04749657185583132 0.06753748699343894
0 0.8279255319148936 0.9862948960302458 0.05797872340425532 0.027410207939508508
0 0.7640908343975547 0.9325975504818164 0.060262529302639825 0.06872632130609778
0 0.8716790945987755 0.7832932874692478 0.04356864766931349 0.06151966614752098
0 0.8550958394508443 0.9249504072664261 0.03947029020679701 0.0507759473809979
0 0.8893567918443632 0.9442629871747806 0.034594267788223686 0.06256793434429637
0 0.6021294850859613 0.9099280110854765 0.045764480554181135 0.06360816436787275
0 0.6352948697313122 0.833828997303939 0.04116115137720605 0.08296158800413889
0 0.6252659574468085 0.7353497164461248 0.04840425531914894 0.05103969754253308
0 0.6398936170212766 0.750945179584121 0.06702127659574468 0.08223062381852551
0 0.761968085106383 0.7296786389413988 0.054787234042553194 0.03969754253308128
0 0.7311170212765957 0.7372400756143668 0.05797872340425532 0.054820415879017016
0 0.719513776631087 0.7553717065106155 0.06724559623006067 0.07126063239369673
0 0.7202030608923751 0.8028535921502883 0.06218566894590936 0.06325338285348168
0 0.48302851484177917 0.9197004771625307 0.047449013611052325 0.051518968826409786
0 0.46920424035877156 0.7998688472044746 0.056798346699339586 0.06086767605496521
0 0.560234655259457 0.93210627289569 0.04502804572936544 0.05788755210011952
0 0.5529103140987871 0.905818635297498 0.04896944150546259 0.07897871152894563
0 0.3730648065973929 0.8610940181365963 0.05642339349214213 0.050470700629634394
0 0.4010589195039376 0.8987900747155824 0.0457644805541812 0.06360816436787275
0 0.6722122325361473 0.8756752733988151 0.03183243335453936 0.05948472177679606