0 0.03313607819618649 0.07542456044934658 0.06169844303785175 0.12912919887693128
0 0.03260869565217391 0.1634419551934827 0.06521739130434782 0.11303462321792261
0 0.0509580338667963 0.2272632705077902 0.05997151401090085 0.1035166215471872
0 0.012299771167048055 0.2780040733197556 0.02459954233409611 0.10590631364562118
0 0.02402745995423341 0.3019348268839104 0.04805491990846682 0.0824847250509165
0 0.07954126303897878 0.31023316938350143 0.07056135238002383 0.09276278642415507
0 0.07458045353748141 0.43194698692953853 0.04864641926709187 0.10706498266929865
0 0.012299771167048055 0.41904276985743383 0.02459954233409611 0.09063136456211812
0 0.16839515004909267 0.5944757561576642 0.04682624795738491 0.07737908558395352
0 0.14829165315446824 0.5685861084415209 0.04605505232868378 0.09351803574911781
0 0.14645308924485126 0.6272912423625254 0.04691075514874142 0.06517311608961303
0 0.3226378889864393 0.5139147301475021 0.05866417525635227 0.0962339831176468
0 0.22275707766156552 0.37467661050430506 0.06370704570903435 0.1172178973246068
0 0.34610983981693366 0.17973523421588594 0.06750572082379863 0.14969450101832993
0 0.10693320686584919 0.5542459312792603 0.04968665985669841 0.07776490772705098
0 0.07801973611209387 0.5571244049856441 0.045203243100552876 0.08122091205369587
0 0.9293478260869565 0.07331975560081466 0.09897025171624714 0.14663951120162932
0 0.8629862700228833 0.0560081466395112 0.11498855835240275 0.1120162932790224
0 0.7657322654462243 0.056517311608961306 0.08524027459954234 0.11303462321792261
0 0.7225706185864887 0.07698823238323652 0.09298717125215104 0.15060768698368698
0 0.8090706374012199 0.09545430128786961 0.09317365581766318 0.1587543264948886
0 0.7683619668979486 0.184706106209838 0.11007971093596494 0.14986763002557096
0 0.6890469702895531 0.1918292247874861 0.06692779805604596 0.1582597525950929
0 0.639750275792905 0.15659809151092435 0.08334238439391492 0.17773196555774198
0 0.49291595627940293 0.22236994355957065 0.06346131131881788 0.13139735204059017
0 0.5466247139588101 0.023930753564154784 0.08180778032036613 0.04786150712830957
0 0.511441647597254 0.04837067209775967 0.09267734553775744 0.09674134419551934
0 0.48830385743069465 0.08356081797124158 0.0939108589883123 0.11621596234693853
0 0.448512585812357 0.050407331975560084 0.06636155606407322 0.10081466395112017
0 0.42162471395881007 0.05702647657841141 0.06178489702517163 0.11405295315682282
0 0.39187643020594964 0.03360488798370672 0.02288329519450801 0.06720977596741344
0 0.42943714928735055 0.25697977300690833 0.06742121363244206 0.08015700501425518
0 0.40045766590389015 0.32637474541751527 0.041189931350114416 0.10081466395112017
0 0.4197777869498251 0.3614515498368381 0.05972577962068439 0.11769607626317057
0 0.4274343615136226 0.42017504254768556 0.06765431933933229 0.09034030440325722
0 0.4703594830283143 0.3776120859578876 0.06610124619456734 0.09723712068970017
0 0.48942663292525895 0.3331598034612973 0.05497331790363348 0.1343132053668986
0 0.5196251052608555 0.31121073259940124 0.05560270331223711 0.1618081137172041
0 0.5593901716049946 0.3186155112609092 0.07338387822935885 0.16623687088220873
0 0.6017223209188711 0.3629578394064162 0.05324638887668256 0.10870062803715454
0 0.6396205948119251 0.3389487188192568 0.06059021753214153 0.1056304458536071
0 0.6603986509047763 0.28149723658624576 0.08888935231035595 0.14599421622774975
0 0.7135197518366143 0.2957830378701573 0.07195998662136512 0.1538625827581673
0 0.766868617531661 0.30748443209250864 0.06342537206480277 0.15474177620667534
0 0.8096679516572997 0.34716711108434517 0.0803654196411564 0.17225449372014362
0 0.8251301987446368 0.3833867908633059 0.0732226510304989 0.10936472316103629
0 0.8283043299502704 0.4217746708270357 0.07609569161313869 0.08538779119914836
0 0.8915097244357176 0.3626863406317834 0.08946143469021865 0.14607138065636924
0 0.9244816807295347 0.32401958639007694 0.07854524833144931 0.14256859663479862
0 0.9533504771378754 0.2690519569425437 0.07128203327542032 0.17407485267893238
0 0.9742562929061785 0.28411405295315684 0.05148741418764302 0.1670061099796334
0 0.9708237986270023 0.595213849287169 0.05835240274599542 0.09470468431771895
0 0.9579519450800915 0.6252545824847251 0.06350114416475973 0.06924643584521385
0 0.954233409610984 0.6522403258655805 0.04462242562929062 0.015274949083503055
0 0.8953089244851259 0.645112016293279 0.07208237986270023 0.029531568228105907
0 0.8621281464530892 0.615071283095723 0.08352402745995423 0.08961303462321792
0 0.8716825347512078 0.5870205900180753 0.06893834752319179 0.09660461289389742
0 0.8912231838015776 0.5256501168867024 0.06241233563781192 0.085572504790081
0 0.9496678554323476 0.54687891285479 0.07252333390982825 0.07881482499403018
0 0.9495236244625137 0.5029749788391521 0.05886328850519056 0.08001786852386303
0 0.9856979405034325 0.5285132382892057 0.028604118993135013 0.11405295315682282
0 0.8255148741418764 0.6181262729124236 0.07665903890160183 0.0835030549898167
0 0.7806064073226545 0.6084521384928717 0.06693363844393593 0.10285132382892057
0 0.751120303763957 0.5721274746774014 0.0587107963977303 0.0982706429954472
0 0.7294050343249427 0.6130346232179226 0.06407322654462243 0.09368635437881874
0 0.6762013729977117 0.6115071283095723 0.05491990846681922 0.09674134419551934
0 0.6993298521573568 0.5658339840474526 0.0651668765710432 0.10624776128256302
0 0.6540260790344029 0.5295535348011042 0.06552916381470467 0.09715995626108068
0 0.6441408987296321 0.5865572228292453 0.05550072593808148 0.0826098717688467
0 0.7216546670533098 0.5132812404373936 0.06877517352836861 0.08947630332159599
0 0.7830306556934419 0.5121529561474101 0.05523168097717607 0.09577099654592985
0 0.6934939483474748 0.3735625366668628 0.06297178933434847 0.11001242332368588
0 0.6879979691181115 0.44682851768652077 0.06500370257622001 0.0991194517102616
0 0.6449995217436346 0.423516282145707 0.0432645721414374 0.09618720342272097
0 0.5979712403434665 0.4497783635296782 0.09629243079051918 0.1205979398170173
0 0.5896158226127715 0.4984039187607593 0.05809209287648957 0.09615681868902731
0 0.5706608580235722 0.5101538965696137 0.05038597697736905 0.10831480589405709
0 0.5338081656638061 0.5171676620933711 0.06760769819795426 0.08830364452545682
0 0.49468706020756004 0.4626882129565953 0.05592031621048386 0.10093981066905036
0 0.6006864988558352 0.6328920570264766 0.04691075514874142 0.0539714867617108
0 0.6370137299771167 0.6425661914460286 0.057780320366132724 0.034623217922606926
0 0.3901601830663616 0.5453156822810591 0.020594965675057208 0.07841140529531568
0 0.3870137299771167 0.6272912423625254 0.014302059496567507 0.06517311608961303
0 0.5652173913043478 0.6064154786150713 0.06064073226544622 0.10692464358452139
0 0.48142668865235383 0.5477269603353782 0.07493889817008706 0.10959621644689477
0 0.039187643020594964 0.9587576374745418 0.07837528604118993 0.0824847250509165
0 0.039473684210526314 0.9007128309572301 0.07894736842105263 0.15173116089613034
0 0.11413043478260869 0.7219959266802444 0.07723112128146453 0.12423625254582485
0 0.06550343249427917 0.6955193482688391 0.08180778032036613 0.07128309572301425
0 0.02717391304347826 0.6858452138492872 0.05434782608695652 0.051934826883910386
0 0.02660183066361556 0.774949083503055 0.05320366132723112 0.1629327902240326
0 0.17305491990846683 0.7133401221995926 0.07951945080091533 0.10692464358452139
0 0.2248283752860412 0.9154786150712831 0.08009153318077804 0.1690427698574338
0 0.16504576659038903 0.9363543788187373 0.08180778032036613 0.12729124236252545
0 0.1404462242562929 0.9837067209775967 0.08981693363844394 0.032586558044806514
0 0.2920480549199085 0.9404276985743381 0.07379862700228833 0.11914460285132383
0 0.34439359267734554 0.7357433808553971 0.06064073226544622 0.15173116089613034
0 0.323512585812357 0.6792260692464358 0.06693363844393593 0.038696537678207736
0 0.2554347826086957 0.7204684317718941 0.06807780320366133 0.12118126272912423
0 0.2248516603662948 0.7809128710167874 0.07525261747640709 0.14821558969648296
0 0.1841672738316941 0.8461567579459814 0.07486701966205651 0.15628506477906515
0 0.3440346740909667 0.8358295116890472 0.06344868263549172 0.15576010614557556
0 0.7379862700228833 0.6985743380855397 0.08581235697940504 0.07739307535641547
0 0.9484353408702098 0.864328760205791 0.07071189769152098 0.12425385010144187
0 0.675921620659008 0.8546092693657779 0.07151708577827372 0.13451431391906343
0 0.6479041595250252 0.7838207475425594 0.08355412632607938 0.1371530968589728
0 0.5446224256292906 0.7530549898167006 0.07894736842105263 0.18635437881873726
0 0.5411899313501144 0.9394093686354379 0.057208237986270026 0.12118126272912423
0 0.7116704805491991 0.9755600814663951 0.07437070938215103 0.048879837067209775
0 0.4007437070938215 0.7087576374745418 0.041762013729977114 0.09775967413441955
0 0.4434342500594328 0.7383649468568025 0.0550898707570786 0.13940485506139974
0 0.4559496567505721 0.9679226069246436 0.07093821510297482 0.06415478615071284
0 0.4142915417002785 0.9317792695970303 0.0558610663857796 0.12326590489623536
0 0.4041762013729977 0.9826883910386965 0.04862700228832952 0.034623217922606926