0 0.10815147625160462 0.6090182648401826 0.08664955070603338 0.06050228310502283
0 0.022464698331193838 0.5565068493150684 0.044929396662387676 0.15639269406392695
0 0.05213829071364925 0.5573405752112762 0.055513103237511435 0.15063805779287515
0 0.11276175283887371 0.26343776183616835 0.06170006237901225 0.11578161656625131
0 0.016367137355584083 0.2134703196347032 0.03273427471116817 0.0867579908675799
0 0.15308222194802562 0.20003315000144467 0.0571249682916182 0.10285235830160032
0 0.2287825551536182 0.102478942326995 0.04227282924050854 0.08793084892192202
0 0.20163491794879124 0.16925661677042744 0.07266376736892483 0.12467635141249751
0 0.28562259306803595 0.0182648401826484 0.08087291399229782 0.0365296803652968
0 0.24001886345009132 0.15304034383990792 0.06609591045661302 0.10131361455692962
0 0.30865184398872136 0.15188007568306902 0.06615565912654402 0.11044603464825382
0 0.4213518246066141 0.0716524725080435 0.06345383052420558 0.08968541479187146
0 0.3782603740616249 0.495933104903975 0.06302110234521605 0.12159571644878042
0 0.32594553540624877 0.39290873531710996 0.08803825760392074 0.1213861892722533
0 0.4284338896020539 0.023401826484018264 0.05969191270860077 0.04680365296803653
0 0.4313222079589217 0.4680365296803653 0.05648267008985879 0.1141552511415525
0 0.44030808729139925 0.58162100456621 0.038510911424903725 0.11529680365296803
0 0.43324775353016687 0.3824200913242009 0.05263157894736842 0.1004566210045662
0 0.42779204107830554 0.3202054794520548 0.06354300385109114 0.10388127853881278
0 0.3412710301689145 0.28407813453365527 0.07120082431163462 0.09717275381307343
0 0.338370834419418 0.13494602580575205 0.060311805159136034 0.09969354408098247
0 0.09379824640935272 0.4535437708781158 0.0963598826614256 0.11865272435344126
0 0.0934920344759558 0.4067401179100792 0.08600815186029599 0.1052449481242587
0 0.08156600637843178 0.4958859773887538 0.07452956427023888 0.11570343730935068
0 0.670410783055199 0.5679223744292238 0.06482670089858793 0.14269406392694065
0 0.7252765927362705 0.5540725299920782 0.06250621974507121 0.14094894048011847
0 0.8129011553273428 0.6078767123287672 0.10590500641848524 0.06278538812785388
0 0.8995507060333762 0.6004566210045662 0.08536585365853659 0.0776255707762557
0 0.9231748335565297 0.5533517747717362 0.07578338698276994 0.11124356458913981
0 0.9161661053644704 0.4135772660831477 0.07058138153911037 0.10054424268459439
0 0.8870219710428551 0.46935068567995536 0.06481968199285766 0.1023488297428936
0 0.9677193733172302 0.44922345316513385 0.05196777435040689 0.09900235146554791
0 0.9394371859007289 0.4896656668519206 0.06546899910034763 0.103543550917035
0 0.7939392227708605 0.5084182982213967 0.07841799833143624 0.12173021184278252
0 0.8380732152647902 0.39056476214644503 0.06240165957269208 0.12496720532030126
0 0.5645978728706714 0.5076753414795928 0.08878466630004857 0.13742109309479625
0 0.49197689345314505 0.5079908675799086 0.06482670089858793 0.13470319634703196
0 0.47368421052631576 0.4954337899543379 0.028241335044929396 0.14383561643835616
0 0.797909361575202 0.42888180306139 0.0706411302090415 0.10967666277591859
0 0.7718085871569792 0.11638569510415196 0.05702040811923877 0.08687062314178297
0 0.9067321110075094 0.34433975412005574 0.07258161294776926 0.11211927378692674
0 0.9169865253809956 0.29384717404133187 0.05201258585285547 0.10585166653404106
0 0.9333235635626086 0.2415765912356714 0.053408311656472966 0.12308129153072543
0 0.6587253235104383 0.43218438589830616 0.07300732222102868 0.17718776693761168
0 0.7231440872390984 0.17909911432344103 0.05520689130411459 0.1038344048248386
0 0.9143132220795892 0.023401826484018264 0.045571245186136075 0.04680365296803653
0 0.8976251604621309 0.028538812785388126 0.0417201540436457 0.05707762557077625
0 0.885870909790659 0.09731090428394565 0.04407140888815016 0.06868396221603532
0 0.9897304236200257 0.04337899543378995 0.02053915275994865 0.08447488584474885
0 0.9595128367907002 0.3224704610323723 0.05775934823162531 0.10176397445291054
0 0.9524006726212894 0.41201508548148985 0.069327558826579 0.10500411540480499
0 0.9246579339749885 0.09367829331035979 0.05246771978306886 0.07736602241137855
0 0.618421052631579 0.015410958904109588 0.04813863928112965 0.030821917808219176
0 0.5231065468549422 0.017123287671232876 0.04878048780487805 0.03424657534246575
0 0.6760317037053931 0.18489441396013104 0.06666307314294756 0.08995125810550013
0 0.6514211365825832 0.14919820568979492 0.0739175900814559 0.12021647869228691
0 0.5714328000856288 0.17965257947008192 0.06864836738412389 0.09924318418500155
0 0.5738587407675471 0.2562961037230993 0.06273729616304319 0.07821672101499047
0 0.7243764035564276 0.3674552787070027 0.059737173889060066 0.10991434802099645
0 0.7645365229541451 0.3285674615363499 0.07317118138532809 0.10418157486974394
0 0.692309892573097 0.3197321057011653 0.06749910484397209 0.11968479206502945
0 0.7941950901978941 0.15532047058919457 0.060177370651791184 0.07914559887550301
0 0.8158310005727993 0.07952921867697689 0.06543912476538191 0.0989773408713729
0 0.8368591207288034 0.10694213172241279 0.05889367360429439 0.07903926155005152
0 0.8264852090154552 0.1391698716184883 0.046056703129326484 0.07797588829553675
0 0.10609090962722138 0.8474325559791978 0.07194723300776243 0.11320765763561665
0 0.04726116866274 0.8762168380951875 0.06933502741032058 0.10614566791622052
0 0.3234759074169099 0.8346348148350046 0.0812990729435681 0.16988809197313756
0 0.3955454727003831 0.7704373942709584 0.06382725971127501 0.14676304036264784
0 0.44801026957637996 0.8002283105022832 0.023106546854942234 0.1050228310502283
0 0.43774069319640563 0.6929223744292238 0.043645699614890884 0.09360730593607305
0 0.41174582798459564 0.6643835616438356 0.05712451861360719 0.0502283105022831
0 0.334403080872914 0.6541095890410958 0.07573812580231065 0.02968036529680365
0 0.1286906290115533 0.6523972602739726 0.06354300385109114 0.026255707762557076
0 0.8758023106546855 0.9708904109589042 0.07637997432605904 0.05821917808219178
0 0.9746469833119383 0.9726027397260274 0.050706033376123234 0.0547945205479452
0 0.9736842105263158 0.9075342465753424 0.05263157894736842 0.14383561643835616
0 0.9858793324775353 0.8236301369863014 0.028241335044929396 0.09703196347031963
0 0.8879851935064887 0.9118930107841594 0.06037155382906718 0.10882596417230667
0 0.8223747409930661 0.8847803094692389 0.07981372413505375 0.1389598368394669
0 0.9412843113426894 0.8221810962613408 0.06859608729793404 0.09125231660509282
0 0.9887676508344031 0.771689497716895 0.022464698331193838 0.12100456621004566
0 0.9865211810012837 0.694634703196347 0.026957637997432605 0.11073059360730593
0 0.9447470361306275 0.7631393776440879 0.05519195413663173 0.10155129980200756
0 0.7718064267381475 0.8035783592560833 0.08478420348273034 0.11427103089013142
0 0.7860424076305926 0.7243217864439808 0.053318688651576254 0.10938266139373899
0 0.8376890328801196 0.7742373799186609 0.07773133830523957 0.11482772811156375
0 0.5041720154043645 0.6575342465753424 0.06482670089858793 0.0365296803652968
0 0.4733632862644416 0.9394977168949772 0.027599486521181 0.12100456621004566
0 0.5344797628878214 0.9059989041062946 0.08125426144111982 0.16303877690464438
0 0.5907976744573585 0.787443243856009 0.0835602551051647 0.123297113656004
0 0.5125257631868906 0.7860936533048383 0.07591035290637366 0.13064995728320386
0 0.7301026957637997 0.6872146118721462 0.07252888318356868 0.0958904109589041