0 0.28077373974208675 0.02244258872651357 0.10316529894490035 0.04488517745302714
0 0.06858147713950762 0.026096033402922755 0.07268464243845252 0.05219206680584551
0 0.4522274325908558 0.07515657620041753 0.08264947245017586 0.15031315240083507
0 0.5067409144196952 0.04384133611691023 0.08616647127784291 0.08768267223382047
0 0.5401524032825322 0.15970772442588727 0.019343493552168817 0.15866388308977036
0 0.4521385466980724 0.2101734895927656 0.07130962225194762 0.16531634061519002
0 0.40780794064827436 0.20351532462730015 0.06953747966205569 0.16423606069827226
0 0.369734651416947 0.22725002034522812 0.07809804273823112 0.14667295088828924
0 0.3343877919507493 0.25782434261911724 0.06531152577858548 0.15475646531801776
0 0.274679200639065 0.1282293851103079 0.1018994241668621 0.17429867337134078
0 0.23206714467338832 0.20822219723614635 0.066879020727602 0.1401791251931821
0 0.19586076511551412 0.17303451533467015 0.05713248153281235 0.15667410127984746
0 0.1628924344249579 0.1838305100935394 0.08082471755297654 0.17594909307396372
0 0.12843797774250387 0.1705938617345191 0.08687738673057199 0.1906843337156036
0 0.12470342324675028 0.221129070084187 0.10544321924741433 0.13158620194574952
0 0.029894490035169988 0.1873695198329854 0.059788980070339975 0.14509394572025053
0 0.014947245017584994 0.11325678496868476 0.029894490035169988 0.13465553235908143
0 0.05713080598671386 0.22964267741646321 0.07603988355034529 0.16854503417234315
0 0.5175849941383353 0.4337160751565762 0.06447831184056271 0.11795407098121086
0 0.5252051582649473 0.4707724425887265 0.0492379835873388 0.07724425887265135
0 0.27438052106347566 0.23988396949401644 0.07944724687031408 0.11539414938558279
0 0.2695623142695457 0.29717985414124365 0.05687277108847213 0.09196808463419939
0 0.5035236151672922 0.21854317088561007 0.08698604203980728 0.1541620331451121
0 0.108810427989267 0.3726375255843883 0.06918226698530683 0.09222315469980556
0 0.17266920056725324 0.43866140423566874 0.07557601556436112 0.1330544287443682
0 0.22362250879249707 0.453027139874739 0.0627198124267292 0.1127348643006263
0 0.33644791153556114 0.4154443843727707 0.06439743298267557 0.08481909579818478
0 0.4273153575615475 0.4859081419624217 0.05275498241500586 0.04697286012526096
0 0.3921453692848769 0.48434237995824636 0.053927315357561546 0.05010438413361169
0 0.007327080890973036 0.34916492693110646 0.014654161781946073 0.09498956158663883
0 0.4864780165824934 0.30428354911364586 0.07089983687096543 0.08912806927225568
0 0.06037514654161782 0.4859081419624217 0.05275498241500586 0.04697286012526096
0 0.8849566805514134 0.14102840484296322 0.08795372734148754 0.13852870549055893
0 0.7485584792805133 0.2639508572521809 0.07020550518968352 0.17051125490857383
0 0.7757954905796928 0.3302594401395596 0.07351736627724381 0.1100534807689951
0 0.6601231147347273 0.33516745625631933 0.07637998275334117 0.10489500505641212
0 0.6348182883939039 0.02348643006263048 0.07151230949589683 0.04697286012526096
0 0.5697538100820633 0.1336116910229645 0.03985932004689332 0.1440501043841336
0 0.5865713954677219 0.2000678565173184 0.05627345154036737 0.13578512836390907
0 0.5800117233294255 0.34916492693110646 0.06037514654161782 0.09916492693110647
0 0.570926143024619 0.39979123173277664 0.04220398593200469 0.08559498956158663
0 0.761430246189918 0.45563674321503134 0.06213364595545135 0.10751565762004175
0 0.7226460813070732 0.41107746211670965 0.06374354073033743 0.12446077418342688
0 0.6661560542970825 0.41564648178292396 0.06570619768581483 0.0952818015465546
0 0.5779601406799532 0.4812108559498956 0.05627198124267292 0.05636743215031315
0 0.6280773739742087 0.46450939457202506 0.05216881594372802 0.08977035490605428
0 0.667936694021102 0.48434237995824636 0.053341148886283704 0.05010438413361169
0 0.5589097303634232 0.1931106471816284 0.01817116060961313 0.14613778705636743
0 0.5164126611957796 0.6377870563674322 0.0668229777256741 0.1524008350730689
0 0.1406799531066823 0.5485386221294363 0.07268464243845252 0.07828810020876827
0 0.24551339527493832 0.6254661260662404 0.05920428389675672 0.1358458593319106
0 0.21364211500900113 0.6081087702339537 0.06666072991066832 0.12347766381531154
0 0.21692158350372567 0.7020970021620767 0.07060017709691285 0.11103659113711067
0 0.4461679816264429 0.7783310760934007 0.07845227521651703 0.12893979436790215
0 0.023153575615474795 0.7635699373695198 0.04630715123094959 0.07620041753653445
0 0.007913247362250879 0.8569937369519833 0.015826494724501757 0.07306889352818371
0 0.09759671746776084 0.545929018789144 0.0627198124267292 0.07306889352818371
0 0.05582057098588013 0.6387541413856731 0.06321145686406149 0.08375096207486737
0 0.06700499495713189 0.597765332481061 0.06611500286833405 0.08172401037063513
0 0.05715123094958968 0.5250521920668059 0.07444314185228605 0.031315240083507306
0 0.4000057990914163 0.9453874702361987 0.05215615296613259 0.0897832324131634
0 0.3638045257742611 0.753666099594787 0.06269399637230698 0.13383105382127858
0 0.3256154747948417 0.9859081419624217 0.04630715123094959 0.028183716075156576
0 0.23739742086752638 0.9639874739039666 0.04337631887456037 0.0720250521920668
0 0.1551107576321874 0.9272684177066134 0.06854152780979553 0.0880356431617378
0 0.1706833833019151 0.7736662064373779 0.06885532085913772 0.11204399389242674
0 0.07729338020161557 0.8917402767275745 0.0645611510953758 0.09734519183158793
0 0.15142710009643115 0.6454312569550475 0.05604151754737529 0.11803982564992166
0 0.01963657678780774 0.6811064718162839 0.03927315357561548 0.09290187891440502
0 0.17222967833799685 0.6902135574192265 0.05685912791241373 0.09092424329808248
0 0.1022439342629415 0.6710228576668037 0.06676938521990368 0.08695536324482005
0 0.4001134742021886 0.8191191071468535 0.06668801626278498 0.12556534648754536
0 0.23673674682837076 0.8282564151657735 0.07658463039421659 0.12055262509816578
0 0.26992966002344665 0.9796450939457203 0.05216881594372802 0.0407098121085595
0 0.9909144196951934 0.7760960334029228 0.01817116060961313 0.10334029227557412
0 0.8537768311725806 0.5700210733160411 0.05657311131441982 0.11387660649905415
0 0.8799375018608443 0.6884852844284645 0.06929141239377373 0.10057388538874085
0 0.7637749120750293 0.5297494780793319 0.059788980070339975 0.0407098121085595
0 0.7863423212192263 0.5558455114822547 0.0697538100820633 0.09290187891440502
0 0.6395076201641267 0.5391440501043842 0.04689331770222743 0.059498956158663886
0 0.7733363279957799 0.6252281783207715 0.04707165918944903 0.10428769537639736
0 0.8234742711037387 0.6502689555074858 0.06327967274435321 0.08897016875545193
0 0.7186320867517392 0.6319213192400206 0.04868008366664066 0.09284187925991219
0 0.6765099598760845 0.6373098413175006 0.05800417450285276 0.08886085301304927
0 0.6419327146091054 0.6146786209334283 0.03938327918254532 0.09891058817900893
0 0.5720984759671747 0.5882045929018789 0.044548651817116064 0.08872651356993737
0 0.6003368302101606 0.750001096970263 0.03984665706929796 0.08952816234755698
0 0.718022064622965 0.9439327091901745 0.05392829555602451 0.09086351233008115
0 0.6732212590983853 0.9461350493881023 0.03547062824918592 0.06856631227001672
0 0.6335938730444839 0.9630544109372697 0.03821045614075811 0.054013264532381304
0 0.6204177904183278 0.8740789003985262 0.0483799337933568 0.06987736986533992
0 0.727952296595311 0.8966565598816604 0.04942947815138731 0.06050709022748846
0 0.8212616658873392 0.8845020197233294 0.06535147510829759 0.06814192680751494
0 0.8862993479462945 0.9286355958001554 0.03846967648586692 0.0738462499186026
0 0.9018171160609613 0.9665970772442589 0.04630715123094959 0.06680584551148225
0 0.8725087924970691 0.9749478079331941 0.041617819460726846 0.05010438413361169
0 0.8092372063900355 0.7715485239378979 0.05207429390978248 0.08352018439646193
0 0.7590527374139511 0.8550368802233415 0.04369060202313405 0.06978020031653774
0 0.7744353388173247 0.7765669527673231 0.04114177859637888 0.09894702675980965
0 0.6486275932599066 0.7682204668914163 0.04677150931616523 0.08132318598182532
0 0.7126500839505929 0.8467704415760996 0.04589883614766185 0.05939037172976985
0 0.6799543717315881 0.8560067474275936 0.04021453272364205 0.07283884716328677
0 0.6637933741440409 0.807668171835808 0.039219561069845026 0.08638449214560612
0 0.5960641054089492 0.8266141194324531 0.04647135944288137 0.058358676587253064
0 0.7764045723112156 0.7254733851687959 0.05529114286416574 0.0606285521634916
0 0.9827080890973037 0.8543841336116911 0.03458382180539273 0.08663883089770355