0 0.1510754750689716 0.526163138513547 0.0903772515648176 0.12964272040433622
0 0.3327737655156079 0.5143706487729358 0.06734543645236334 0.10991499606317516
0 0.016927083333333332 0.3537037037037037 0.033854166666666664 0.09259259259259259
0 0.0911500693030014 0.3658559994615878 0.07404354445151475 0.09943471933232302
0 0.11119112643221267 0.130541625539873 0.05043635200509063 0.07132513593627036
0 0.012239583333333333 0.014814814814814815 0.024479166666666666 0.02962962962962963
0 0.10673943642584938 0.21351101596151859 0.046318168894545174 0.07834433757121077
0 0.4317708333333333 0.5777777777777777 0.015625 0.1037037037037037
0 0.3531140848583802 0.3925792522202635 0.04607611600890872 0.1208884044422449
0 0.26002430841556196 0.36259685176501877 0.0537977093411816 0.10772740137673162
0 0.30176673063866793 0.35490483541561446 0.06873824400593899 0.08413464730192446
0 0.3155442072989712 0.4395726260918029 0.05626248578399971 0.08667373368822719
0 0.2712534395422279 0.1598151367709241 0.04999430445045429 0.08331364725174903
0 0.21794377843200058 0.14326717623711693 0.058333698228302686 0.08501598472260884
0 0.23895552998356137 0.197571545635825 0.04368370000530272 0.07347207933378928
0 0.2137956579938488 0.060423037335684195 0.05461513956078766 0.07356519356058916
0 0.28659432843995475 0.04543311623381777 0.042635972894120994 0.0724491019647466
0 0.3613515457643795 0.1691360125264483 0.050036727562060436 0.08979512873323041
0 0.3470924462126065 0.11824025528577685 0.04467082267133312 0.06523579744357269
0 0.1655271206503341 0.18934053000720574 0.04230907378527249 0.10203020587281786
0 0.9152167608476686 0.4559462197404855 0.058043161786545026 0.12015264418623575
0 0.8704947892929262 0.44112485953831737 0.06895035956396925 0.11654205470933186
0 0.5991603746021847 0.7313148392704171 0.06603747512199949 0.14865830778738903
0 0.5250414394892 0.7489612238461654 0.052828768008696576 0.11874146104472608
0 0.55859375 0.8180555555555555 0.0890625 0.023148148148148147
0 0.4825520833333333 0.7865740740740741 0.06614583333333333 0.08611111111111111
0 0.47090259216530567 0.6202306491106461 0.05706816000954499 0.13024077792830396
0 0.705217717510093 0.4919701723687964 0.06533482845321169 0.12083200428805277
0 0.6598273439688196 0.3005900832522852 0.05630490889560586 0.09315521516970877
0 0.8617926810815922 0.2976345410968949 0.05788559022915128 0.09607857011216157
0 0.9178729886351681 0.32880124495112495 0.05452459778802989 0.13925740857977148
0 0.975 0.35324074074074074 0.05 0.11388888888888889
0 0.9825520833333333 0.29444444444444445 0.034895833333333334 0.09814814814814815
0 0.9739583333333334 0.025925925925925925 0.04375 0.05185185185185185
0 0.8221354166666667 0.03564814814814815 0.049479166666666664 0.0712962962962963
0 0.7721354166666666 0.02546296296296296 0.050520833333333334 0.05092592592592592
0 0.6588541666666666 0.008796296296296297 0.05 0.017592592592592594
0 0.578125 0.02175925925925926 0.051041666666666666 0.04351851851851852
0 0.6816699237614098 0.1085253677723594 0.05829733556121184 0.07946042916705327
0 0.7437129075429703 0.06473862873998937 0.048516650673666346 0.09613103305003687
0 0.7590167039836674 0.1152684744608146 0.05522081911733304 0.08657668224511043
0 0.7213712533153038 0.13399684473083412 0.05519657733927244 0.08287297854140674
0 0.6686428475360767 0.14807722833492 0.047898850228090595 0.08126769251366368
0 0.6507439750954855 0.09591586511741407 0.03900226044981802 0.07396127376568984
0 0.6621612735121081 0.4615536485905628 0.06192535245596922 0.15660343534825538
0 0.619822444846714 0.44093213561688877 0.06602535423296914 0.14680645593553718
0 0.6010449903989112 0.4831909539830482 0.0575708120093329 0.1275115258720849
0 0.47764973106303255 0.5050479541678266 0.05594770756418145 0.1181066894481504
0 0.5499703561823807 0.40384987051173227 0.05591740534160567 0.11347705981852077
0 0.589229820629123 0.3773967070360175 0.048013998673878434 0.09886028510625616
0 0.6163648501883198 0.3322105965110886 0.05839430267345425 0.0942752439818681
0 0.6004432533020468 0.2964470398835197 0.05457877689369681 0.06800963800503365
0 0.45260416666666664 0.3365740740740741 0.026041666666666668 0.08981481481481482
0 0.4709915632956836 0.3677702571311561 0.04388369467430267 0.10402763488934473
0 0.5095362601846077 0.37089819756351267 0.056843923562484494 0.09598151866904493
0 0.512812406402517 0.42771935909590275 0.05106021289518156 0.08711440239856959
0 0.4596354166666667 0.45046296296296295 0.04010416666666667 0.08611111111111111
0 0.4698720230877435 0.18051485434710637 0.03221930622745432 0.07147858753357923
0 0.5147578090918796 0.13049713687368053 0.04256930800445436 0.06226391677956152
0 0.6042504182049704 0.11289337219501529 0.03960187956184823 0.08604683652428526
0 0.5750201168708948 0.11989815400996873 0.04416817067154521 0.0679650494997921
0 0.5933761879774101 0.18183026517125528 0.04165491067260577 0.08161130978088911
0 0.5065907730877435 0.1839359177169716 0.03269771644918163 0.06504563177365602
0 0.48714721708572845 0.20852935490820076 0.0353261248939089 0.0689919640851516
0 0.4620381290844558 0.22286678694006556 0.035265520448757394 0.059732704825892435
0 0.48119363152451655 0.28209390890591196 0.04992157911627248 0.0722025361406378
0 0.4466145833333333 0.05694444444444444 0.0140625 0.05092592592592592
0 0.4578125 0.8185185185185185 0.036458333333333336 0.022222222222222223
0 0.8598610413086224 0.23445321238691924 0.06412346934012092 0.0948090269190102
0 0.9628502286494857 0.14537740556202816 0.03699165245066638 0.08487828199056745
0 0.7582101175206986 0.3579338556357447 0.056565508009757084 0.13297002998452348
0 0.7944568826384558 0.27422083052545615 0.04705111778590876 0.11080027070017645
0 0.18802083333333333 0.9694444444444444 0.06041666666666667 0.06111111111111111
0 0.1234375 0.9842592592592593 0.09583333333333334 0.03148148148148148
0 0.3143229166666667 0.9828703703703704 0.0640625 0.03425925925925926
0 0.41171875 0.8481481481481481 0.05260416666666667 0.037037037037037035
0 0.00625 0.8944444444444445 0.0125 0.09444444444444444
0 0.3015977679821827 0.8831180655616616 0.06885945289624212 0.10265316582044298
0 0.34140625 0.9648148148148148 0.05260416666666667 0.07037037037037037
0 0.1295015617573797 0.9009008737436953 0.045609826676211655 0.12917321205401996
0 0.09652542975547072 0.9228437532855179 0.049273841343090416 0.13229066988270635
0 0.9646826008778945 0.9370368872784636 0.03938370355930279 0.052713503190951916
0 0.8738246386590307 0.884563404524267 0.04468900400487854 0.06801357522135047
0 0.9383746395475306 0.8956731865900978 0.03258256800339379 0.04745303918106348
0 0.9260712390993036 0.9440941320312922 0.0410189288934846 0.06397019146673814
0 0.8510416666666667 0.975462962962963 0.034375 0.049074074074074076
0 0.8145833333333333 0.9773148148148149 0.041666666666666664 0.04537037037037037
0 0.6846354166666667 0.9847222222222223 0.049479166666666664 0.030555555555555555
0 0.6896341173217733 0.9188227137030508 0.047807943560363476 0.06737880362477479
0 0.744903055100258 0.914707180928979 0.037893928893484724 0.0636790371373879
0 0.7638020833333333 0.8564814814814815 0.03177083333333333 0.053703703703703705
0 0.6609375 0.975 0.04375 0.05
0 0.5940104166666667 0.9935185185185185 0.04010416666666667 0.012962962962962963
0 0.6067708333333334 0.9745370370370371 0.025 0.05092592592592592
0 0.5440761693189098 0.9427840373882652 0.025848097337151335 0.05237776035636022
0 0.5135416666666667 0.9888888888888889 0.027083333333333334 0.022222222222222223
0 0.7669270833333334 0.975 0.03802083333333333 0.05
0 0.78984375 0.975462962962963 0.0390625 0.049074074074074076
0 0.7403645833333333 0.986574074074074 0.044270833333333336 0.026851851851851852