0 0.5342801149683707 0.23594370608367865 0.06972515437124459 0.08391568660064984
0 0.5501245330012453 0.33647450110864746 0.05292652552926526 0.08536585365853659
0 0.33701400894674344 0.16159569148481223 0.06079522324396911 0.14586820434888012
0 0.2622875450364754 0.18990927879615951 0.06000949892631866 0.13581285311612673
0 0.200186799501868 0.3093126385809313 0.05790784557907846 0.13968957871396895
0 0.25093399750934 0.32926829268292684 0.0722291407222914 0.09977827050997783
0 0.3116438356164384 0.3436807095343681 0.06911581569115816 0.07095343680709534
0 0.33854401881002993 0.3122554584272564 0.058601109602441706 0.12567997770161823
0 0.06167883503593745 0.27225272238635806 0.05391633593600741 0.10518165432733366
0 0.024283935242839352 0.25997782705099776 0.048567870485678705 0.12971175166297116
0 0.10305105853051058 0.360310421286031 0.055417185554171855 0.037694013303769404
0 0.9065029973965859 0.10773685326488099 0.09445057760761762 0.07593017936976335
0 0.9906600249066002 0.2965631929046563 0.0186799501867995 0.14301552106430154
0 0.5476338729763387 0.4090909090909091 0.06413449564134496 0.0598669623059867
0 0.5675591531755916 0.6391352549889135 0.024283935242839352 0.12084257206208426
0 0.5340297987321353 0.6438557827528455 0.06407827074959627 0.11861716318664192
0 0.5039540382574929 0.6666646366494839 0.054466530137156896 0.10082458870864555
0 0.46632237236485424 0.6453834739924877 0.04838482168504501 0.10891852649197713
0 0.4926817202970003 0.7183679927105722 0.05597217113045031 0.07888421225169484
0 0.4892775761515876 0.7572210700080968 0.030811923063614303 0.060262180679920854
0 0.4719392717526877 0.779956198455558 0.05878894977820479 0.09914996308071283
0 0.4479814551326959 0.7968884094690868 0.0349283848276295 0.08400892222278217
0 0.4219687392122313 0.7831390051501781 0.04878341111296963 0.1333087703944159
0 0.4005592673024892 0.784899010680055 0.03995739481818057 0.12557154714917318
0 0.504269750141389 0.9521530095057983 0.040296839767168385 0.07029422300714117
0 0.14099615252475806 0.7199438512914736 0.07758906071081947 0.1468527098061692
0 0.2536827966380771 0.7710378935861874 0.06865433820841445 0.13246360186026132
0 0.2442389067121907 0.8395647718533275 0.052707241326092766 0.10724390086404416
0 0.4217914176806972 0.9053732137512842 0.05947263105130953 0.06493694049078726
0 0.33181871996851087 0.9323417823346758 0.04203134771389322 0.10038275252364548
0 0.2982186546026407 0.9486266922560491 0.053021905410741005 0.08847441839391482
0 0.24968866749688667 0.9689578713968958 0.0460772104607721 0.06208425720620843
0 0.03309112175294341 0.8663828655708826 0.04094907701286358 0.11020553121113204
0 0.14479035114708483 0.8570556218345544 0.04509031964121849 0.09744443108209043
0 0.16251556662515568 0.9839246119733924 0.033623910336239106 0.03215077605321508
0 0.1382316313823163 0.9866962305986696 0.039850560398505604 0.026607538802660754
0 0.11083437110834371 0.9822616407982262 0.04234122042341221 0.03547671840354767
0 0.5681818181818182 0.9728381374722838 0.02303860523038605 0.05432372505543237
0 0.00560398505603985 0.917960088691796 0.0112079701120797 0.07317073170731707
0 0.07347447073474471 0.9950110864745011 0.034869240348692404 0.009977827050997782
0 0.0273972602739726 0.9750554323725056 0.0547945205479452 0.04988913525498891
0 0.9766500622665006 0.5997782705099778 0.046699875466998754 0.164079822616408
0 0.9424002672477773 0.48783751711179074 0.06745669813669918 0.17325098496909647
0 0.8847823048890078 0.49836612741029795 0.08767852471933102 0.15585362886503426
0 0.9121662388368403 0.57701016965157 0.0879207179989021 0.13264955659446173
0 0.6843088418430884 0.44401330376940135 0.08468244084682441 0.12971175166297116
0 0.7924309849410658 0.5128682394063256 0.09227937304248865 0.13319222586675047
0 0.7960772104607721 0.43458980044345896 0.08655043586550436 0.11086474501108648
0 0.6102117061021171 0.5232815964523282 0.06102117061021171 0.1729490022172949
0 0.6341058106785971 0.6159656295665762 0.06360054735352409 0.12740881860577336
0 0.8181896410494133 0.7202045644949802 0.08440214037677397 0.1454881809052587
0 0.7408013348461506 0.6806968468951757 0.09483584070940244 0.17555340151623017
0 0.941119749632033 0.7897230291745013 0.06425278459921943 0.1673201268097646
0 0.8942658737042452 0.7744852122168923 0.06713057951385157 0.1532953308671009
0 0.8219032459099985 0.7953483641044858 0.06496124673666331 0.09659926254793584
0 0.7734679266023047 0.8164245783643908 0.07184013404462508 0.13728581256948255
0 0.7021794465524233 0.769931570431366 0.08124112540490278 0.1041581285241345
0 0.5877957658779577 0.885809312638581 0.0161892901618929 0.09312638580931264
0 0.6027397260273972 0.7893569844789357 0.0460772104607721 0.08647450110864745
0 0.6224792616493824 0.7030294177585789 0.07985085378229496 0.09513390055973638
0 0.6649182576418351 0.8283567379097186 0.08477782072830023 0.09242815166344841
0 0.726649350183085 0.8603831137150798 0.06686547715788185 0.09904912999342415
0 0.6459284347455165 0.9211421206213198 0.059393497083162085 0.09811883981235733
0 0.6142564447712339 0.9603481137243546 0.05967192576527179 0.07713206244200677
0 0.7850949995311431 0.88148971783561 0.05540385922803178 0.08213263042027207
0 0.7848692403486924 0.9368070953436807 0.08779576587795766 0.12638580931263857
0 0.875103932645868 0.8567384441524402 0.09601536307984855 0.1336573709572839
0 0.9747820672478207 0.8004434589800443 0.050435865504358655 0.16851441241685144