0 0.4363425925925926 0.04835390946502058 0.07291666666666667 0.09670781893004116
0 0.4759837962962963 0.06584362139917696 0.027199074074074073 0.13168724279835392
0 0.06076388888888889 0.01440329218106996 0.08796296296296297 0.02880658436213992
0 0.15480324074074073 0.073559670781893 0.07233796296296297 0.147119341563786
0 0.11631944444444445 0.05452674897119342 0.07291666666666667 0.10905349794238683
0 0.04774305555555555 0.03652263374485597 0.06655092592592593 0.07304526748971193
0 0.019097222222222224 0.045781893004115226 0.03819444444444445 0.09156378600823045
0 0.01099537037037037 0.3410493827160494 0.02199074074074074 0.09979423868312758
0 0.01244212962962963 0.08847736625514403 0.02488425925925926 0.07818930041152264
0 0.014467592592592593 0.14094650205761317 0.028935185185185185 0.12757201646090535
0 0.08190542293908062 0.10235752598791342 0.09782430673668435 0.1274948919135203
0 0.19347122299527356 0.09760450928152561 0.08178589237141291 0.15612191362717395
0 0.05947807804150087 0.3010548614669792 0.06623189439004754 0.08192214569915963
0 0.14380787037037038 0.3868312757201646 0.05613425925925926 0.10493827160493827
0 0.1527777777777778 0.4212962962962963 0.04282407407407408 0.0360082304526749
0 0.19039351851851852 0.41872427983539096 0.06712962962962964 0.0411522633744856
0 0.109837229443091 0.3632614043243784 0.05391373176424207 0.10338941927359181
0 0.23621895127339962 0.3192790654258646 0.060657385860937 0.11168571158626724
0 0.27396462360764845 0.3286576901506353 0.05771662817292412 0.11062697789382389
0 0.28935185185185186 0.4038065843621399 0.04050925925925926 0.07098765432098765
0 0.2439236111111111 0.4182098765432099 0.05844907407407408 0.04218106995884774
0 0.20345701132079644 0.20136134605088837 0.06593662570330955 0.08808899978371633
0 0.26124445049316436 0.06399736780688113 0.07656582087790259 0.11802015747607766
0 0.46846064814814814 0.15689300411522633 0.04224537037037037 0.1183127572016461
0 0.42559052877452314 0.13170903269343298 0.10613868709646271 0.15740210791941703
0 0.3726851851851852 0.0874485596707819 0.07175925925925926 0.1748971193415638
0 0.3430838331525418 0.0893730277061897 0.06429489742159136 0.14051623763487198
0 0.2922053851700989 0.21483989059225403 0.08495110774672002 0.12427679288487749
0 0.3605044946508971 0.3524422568004709 0.06986940595070189 0.11075267174776438
0 0.4351097944851919 0.226729991628142 0.06262969281951945 0.11684770077292637
0 0.47337962962962965 0.41872427983539096 0.032407407407407406 0.0411522633744856
0 0.4200104854489083 0.29732594380008076 0.0496384436606171 0.08586379480973831
0 0.3420138888888889 0.42335390946502055 0.08217592592592593 0.03189300411522634
0 0.07547517007216434 0.33688053656035977 0.05798832502971284 0.07875193004344647
0 0.22673494779805953 0.13530823489514418 0.057008040630510105 0.0951948791283918
0 0.5069444444444444 0.03137860082304527 0.034722222222222224 0.06275720164609054
0 0.6177662037037037 0.037037037037037035 0.05497685185185185 0.07407407407407407
0 0.6177202061589505 0.09767633434092006 0.044630900675033405 0.07758545876191132
0 0.6501039939816109 0.09785555402259344 0.048988833447874316 0.10950838998521863
0 0.6979120869661171 0.14003628101462828 0.05479953782445632 0.08488885701992196
0 0.7994791666666666 0.048868312757201646 0.0642361111111111 0.09773662551440329
0 0.7429389857853473 0.24908644327939414 0.0661255823812865 0.09220422612116465
0 0.6230175307895658 0.3161391198450453 0.06294862884580242 0.08600145950691085
0 0.6044560185185185 0.4074074074074074 0.045717592592592594 0.06378600823045268
0 0.8484989691781064 0.09169032078159325 0.06815696217913587 0.08605532830145687
0 0.8478009259259259 0.035493827160493825 0.07291666666666667 0.07098765432098765
0 0.9364737180560441 0.07792643981301894 0.0630666790147403 0.11376726644145634
0 0.9768518518518519 0.07973251028806584 0.046296296296296294 0.10802469135802469
0 0.9933449074074074 0.06893004115226338 0.013310185185185185 0.11728395061728394
0 0.9201638933627702 0.1685871130908276 0.053547652078060434 0.08281927300796516
0 0.9398284631669012 0.4079818199015472 0.05135098294177893 0.06017355730876555
0 0.8771807810687343 0.3803510279201793 0.049697516499883757 0.07455290780337093
0 0.8788579148501744 0.4194097655962435 0.043993219641658206 0.038502779399382535
0 0.49710648148148145 0.3966049382716049 0.015046296296296295 0.03806584362139918
0 0.5262617356726024 0.2754929675639423 0.04909514545663535 0.09922630956321338
0 0.5575176047526909 0.2561458111183918 0.054279906960019275 0.07357198459193842
0 0.5057870370370371 0.2330246913580247 0.032407407407407406 0.056584362139917695
0 0.4945023148148148 0.28600823045267487 0.009837962962962963 0.06790123456790123
0 0.4982638888888889 0.21965020576131689 0.017361111111111112 0.08950617283950617
0 0.9017932479616095 0.29783102599302475 0.0404382572406245 0.07445714105751165
0 0.3984375 0.49691358024691357 0.06655092592592593 0.11522633744855967
0 0.31221064814814814 0.4742798353909465 0.08043981481481481 0.06995884773662552
0 0.08998842592592593 0.4835390946502058 0.08506944444444445 0.08847736625514403
0 0.2815993320322755 0.6593498317076638 0.06839315802660695 0.09119936122326756
0 0.3304468777648466 0.7796719757382916 0.06153135825137897 0.10552484292332669
0 0.2587703109296013 0.7912106517328878 0.06057474119172081 0.09728840482681342
0 0.22605594443007657 0.8486206590890294 0.05451610280749061 0.07871601751374913
0 0.1959988528468012 0.8859509817852608 0.04797323905854519 0.062195257947792716
0 0.17420875918941678 0.8188215236390376 0.05804739786897949 0.06744104303707907
0 0.46672453703703703 0.7536008230452675 0.045717592592592594 0.09156378600823045
0 0.4119851704121955 0.8430985157049589 0.0568781567917998 0.07976876578457584
0 0.46238425925925924 0.8420781893004116 0.05439814814814815 0.0874485596707819
0 0.027199074074074073 0.625 0.05439814814814815 0.1183127572016461
0 0.009548611111111112 0.4984567901234568 0.019097222222222224 0.1183127572016461
0 0.005787037037037037 0.698559670781893 0.011574074074074073 0.08436213991769548
0 0.037935679617776136 0.7317956221258243 0.07532576880127911 0.10361087987339156
0 0.02546296296296296 0.7998971193415638 0.05092592592592592 0.09156378600823045
0 0.06770833333333333 0.9897119341563786 0.04398148148148148 0.0205761316872428
0 0.03761574074074074 0.9727366255144033 0.056712962962962965 0.05452674897119342
0 0.030381944444444444 0.9850823045267489 0.06076388888888889 0.029835390946502057
0 0.01099537037037037 0.9691358024691358 0.02199074074074074 0.059670781893004114
0 0.4600694444444444 0.9753086419753086 0.059027777777777776 0.04938271604938271
0 0.39525462962962965 0.9886831275720165 0.05439814814814815 0.02263374485596708
0 0.28125 0.9742798353909465 0.06481481481481481 0.051440329218107
0 0.34577546296296297 0.970164609053498 0.04918981481481482 0.059670781893004114
0 0.9351851851851852 0.49588477366255146 0.08912037037037036 0.11316872427983539
0 0.8394097222222222 0.4984567901234568 0.11168981481481481 0.1183127572016461
0 0.765625 0.5 0.09722222222222222 0.12139917695473251
0 0.5222800925925926 0.5195473251028807 0.06539351851851852 0.12757201646090535
0 0.5083912037037037 0.5900205761316872 0.03761574074074074 0.11008230452674897
0 0.569516353804236 0.5685984421956813 0.08626206633238269 0.1150354898904669
0 0.5517777113755526 0.7785587813081849 0.07171182907057404 0.1004885475906078
0 0.6022785802856255 0.8376789044124977 0.06862935387407842 0.09634339414507827
0 0.5678811631697748 0.8498603272972106 0.06604293771207044 0.07780691936171108
0 0.5370387084549577 0.8979961118400523 0.07219605443528926 0.09843691984349989
0 0.5109953703703703 0.8878600823045267 0.04282407407407408 0.11728395061728394
0 0.5247915478477869 0.9505669998099971 0.0682751078576692 0.06343355428872208
0 0.8229886715360537 0.6163644084750618 0.0859194629665549 0.17056111833794124
0 0.9352335704698252 0.6157176399736982 0.0786207725057011 0.13757945342219086
0 0.8903190437586351 0.5987007763472224 0.07050708698407696 0.14983535111029317
0 0.9238604300078938 0.6996431870802234 0.07005836262867886 0.11486789808521293
0 0.8413304968395472 0.8593719091742813 0.06690507643273973 0.0839857442895003
0 0.9047516606446855 0.8386637552446689 0.08048686296511808 0.1026359420835752
0 0.7568515897685789 0.8725854743209772 0.06514529798208378 0.10864717520611046
0 0.9751157407407407 0.6970164609053497 0.04976851851851852 0.1779835390946502
0 0.9762731481481481 0.8184156378600823 0.047453703703703706 0.07098765432098765
0 0.6773678189558491 0.5628555241454368 0.08811622761243182 0.14281925308986082
0 0.7226190321979807 0.6292281694240226 0.07214871975619946 0.14779569420641755
0 0.760211201108772 0.65454731078479 0.0778294447844756 0.15813762884458474
0 0.7650462962962963 0.9711934156378601 0.05555555555555555 0.05761316872427984
0 0.6550925925925926 0.9789094650205762 0.05324074074074074 0.04218106995884774
0 0.6099537037037037 0.9614197530864198 0.05439814814814815 0.07716049382716049
0 0.6961805555555556 0.98559670781893 0.047453703703703706 0.02880658436213992
0 0.9904513888888888 0.9418724279835391 0.019097222222222224 0.08950617283950617
0 0.9835069444444444 0.9943415637860082 0.03298611111111111 0.01131687242798354
0 0.8744212962962963 0.9789094650205762 0.06018518518518518 0.04218106995884774
0 0.706811135619283 0.7152562203613936 0.07340070101219077 0.09947769727109433
0 0.6652747348297086 0.9018113811630648 0.05527192951939899 0.09517692286354336
0 0.6410694789384324 0.855787421550306 0.062121895624854956 0.09319113475421353
0 0.8858849084542394 0.9283225563353884 0.05086666206746842 0.11261276600315372
0 0.5078125 0.6584362139917695 0.036458333333333336 0.12551440329218108