0 0.03629579375848033 0.3176328502415459 0.07259158751696065 0.06280193236714976
0 0.11329715061058344 0.2783816425120773 0.05970149253731343 0.14130434782608695
0 0.1597370438035731 0.2693022301745368 0.07167241793917425 0.14407389578211002
0 0.023744911804613297 0.17028985507246377 0.04748982360922659 0.14009661835748793
0 0.07398123255777918 0.19019768351862243 0.07257430262021847 0.09474687082782167
0 0.05675509496795476 0.07349868924979945 0.07056666820879673 0.09576471703814873
0 0.12313432835820895 0.03743961352657005 0.07666214382632293 0.0748792270531401
0 0.1765767612730276 0.17687157536768308 0.06644082441291561 0.0929694915844068
0 0.16938764139860754 0.08460942760847684 0.05519668649890904 0.13410072343574173
0 0.1375407739067505 0.14249833922095384 0.058327355537450415 0.09341768801991839
0 0.3380997577143252 0.13529895100527956 0.06887578250315445 0.14019752969861707
0 0.2818860244233379 0.05676328502415459 0.05359565807327001 0.11352657004830918
0 0.3246038090663787 0.04847415360454082 0.04934195440760889 0.08534848375581269
0 0.3860244233378562 0.2832125603864734 0.06919945725915876 0.1316425120772947
0 0.48100407055630934 0.28804347826086957 0.07598371777476255 0.12198067632850242
0 0.3939817963150197 0.09230650349293107 0.06793589523233362 0.0991347277662499
0 0.44389391048455945 0.11383520867126687 0.07530067435638539 0.1251299908010693
0 0.5784572405112199 0.13663320420030325 0.08387141933733554 0.11508325303618953
0 0.5279168083533801 0.07286561483071334 0.05551574388809665 0.11846353476337826
0 0.6440134651398336 0.19095535278954112 0.0617321533251778 0.12386410241259009
0 0.673337856173677 0.161231884057971 0.05223880597014925 0.08333333333333333
0 0.6872455902306649 0.12439613526570048 0.024423337856173677 0.10869565217391304
0 0.6702849389416553 0.0821256038647343 0.05834464043419267 0.09178743961352658
0 0.6602991534023952 0.10389618617195909 0.062342624360293836 0.09138199559926412
0 0.6763907734056988 0.03140096618357488 0.037991858887381276 0.06280193236714976
0 0.600067842605156 0.04468599033816425 0.056309362279511534 0.0893719806763285
0 0.9837177747625508 0.23973429951690822 0.032564450474898234 0.1461352657004831
0 0.9449783502366403 0.13628855196811612 0.09522382354097153 0.13783509418175546
0 0.8710990502035278 0.04528985507246377 0.06105834464043419 0.09057971014492754
0 0.9325893056607755 0.06824685575008642 0.0672851129240326 0.10027916281542511
0 0.9609905020352781 0.03321256038647343 0.0780189959294437 0.06642512077294686
0 0.7150610583446404 0.24214975845410627 0.031207598371777476 0.13405797101449277
0 0.7323609226594301 0.10929951690821256 0.06580732700135686 0.11956521739130435
0 0.49420164927928234 0.801191512352677 0.09238225946494988 0.22072536657912117
0 0.5780448628169165 0.7523716769662298 0.10747349505883498 0.22936422061804262
0 0.4346331960350075 0.7570692020773352 0.0867613448496509 0.2117649049435362
0 0.3958258467214728 0.7178966952659217 0.09826694398291784 0.21163318060514447
0 0.352071983762645 0.5957098949680667 0.10437277844696126 0.2122028303799603
0 0.26062727265628727 0.8300162809131453 0.09198027084598397 0.2327393668456874
0 0.19528932723389889 0.6817127642411667 0.10064892327004618 0.19739360465965192
0 0.2591955697153174 0.6195839607397337 0.11383043189562159 0.18175128048774478
0 0.27920742183820246 0.48828186471995516 0.07028792209279407 0.14273957747466307
0 0.35759442887838994 0.46727402207076957 0.10444304214681399 0.18569607649020536
0 0.13802566352667456 0.8270140972776013 0.10110389069212272 0.24684721845278848
0 0.06751830788595112 0.8077819654469313 0.09169116588346404 0.19053212986414533
0 0.023405698778833108 0.7071256038647343 0.046811397557666216 0.14855072463768115
0 0.05664857530529172 0.9770531400966184 0.07259158751696065 0.04589371980676329
0 0.016282225237449117 0.6099033816425121 0.032564450474898234 0.1111111111111111
0 0.0896403192301868 0.5320586885506604 0.0855024001896423 0.18633929168353267
0 0.029172320217096336 0.5060386473429952 0.05834464043419267 0.1497584541062802
0 0.004409769335142469 0.5271739130434783 0.008819538670284939 0.11231884057971014
0 0.06718661319565816 0.438372416354415 0.07060697948198172 0.1271023888022997
0 0.19221684665054692 0.47353766695639327 0.11046594538107919 0.18264253785922396
0 0.17537313432835822 0.41304347826086957 0.10379918588873813 0.1280193236714976
0 0.49666484339804284 0.6574058434201961 0.1296703572409198 0.16394667505633542
0 0.44420719616522636 0.583818182253254 0.11941103523773573 0.15937407035917883
0 0.457960018894437 0.47483000194261754 0.1017443141539065 0.15652068598555666
0 0.4335142469470828 0.41002415458937197 0.1112618724559023 0.12198067632850242
0 0.5108069872162939 0.5062737205474414 0.06615976961350453 0.19899650714342607
0 0.5593346055394536 0.5264681074183303 0.08237173115110091 0.22702232709935588
0 0.6156468385588153 0.6353647480620521 0.08926656663974245 0.23248618916799169
0 0.6599063692882422 0.5726081358659232 0.06776772408936849 0.15094050607716042
0 0.6036419356487324 0.48058806057287584 0.0888519104908509 0.21437024713900618
0 0.6801221166892809 0.4148550724637681 0.03867028493894165 0.1316425120772947
0 0.9850746268656716 0.9190821256038647 0.029850746268656716 0.16183574879227053
0 0.8155273660860094 0.8487129779284835 0.11805187445120666 0.21829963664283575
0 0.8754857327045871 0.6584699091264169 0.1312207155468565 0.1725273701753766
0 0.9443690637720489 0.5295893719806763 0.1112618724559023 0.14371980676328502
0 0.9776119402985075 0.41002415458937197 0.04477611940298507 0.12198067632850242
0 0.9525101763907734 0.40096618357487923 0.09497964721845319 0.10386473429951691
0 0.8110583446404342 0.4305555555555556 0.0780189959294437 0.16304347826086957
0 0.7635685210312076 0.4257246376811594 0.08480325644504749 0.15338164251207728
0 0.7310040705563093 0.40519323671497587 0.06309362279511534 0.11231884057971014
0 0.8459972862957937 0.40217391304347827 0.08819538670284939 0.10628019323671498