0 0.09076608374650898 0.47407755234337695 0.06113345558702064 0.13067939301736942
0 0.2606707317073171 0.008676789587852495 0.04451219512195122 0.01735357917570499
0 0.31067073170731707 0.0070498915401301515 0.057926829268292686 0.014099783080260303
0 0.5701219512195121 0.021149674620390455 0.05975609756097561 0.04229934924078091
0 0.551229409316897 0.053377895873128724 0.039656580473595056 0.08189998460101215
0 0.5335633080867276 0.11321347530647001 0.04333285914935026 0.08355392384304641
0 0.13893252686508392 0.18604309529891666 0.06011563141050482 0.10563873286170146
0 0.15327810771857547 0.09138506357258905 0.055581207371737974 0.08870552175033325
0 0.18622410860683825 0.18085831067499136 0.05799596464726913 0.1247819490720011
0 0.37024676847581767 0.2941211938303868 0.05160800520110634 0.1432609346481561
0 0.4127401408438362 0.2945762240743655 0.06122216603896726 0.1361023865097772
0 0.40070326817654006 0.2127227008766471 0.07791153580643262 0.07811667202198092
0 0.40283833100929395 0.15639141745188612 0.05464556862284525 0.10586932074485407
0 0.45126958553941815 0.14613615850360961 0.0673439941292899 0.10135442045639893
0 0.481086966533124 0.2312031619158054 0.08126193183085623 0.09702930034912809
0 0.47938097638187593 0.29507919118464127 0.06280957009052306 0.08442120934503071
0 0.5307625134113731 0.33438335704944416 0.06972979224836574 0.09848018472332258
0 0.5789634146341464 0.3096529284164859 0.04207317073170732 0.10303687635574837
0 0.5911585365853659 0.14045553145336226 0.01768292682926829 0.10954446854663774
0 0.5923780487804878 0.03524945770065076 0.01524390243902439 0.07049891540130152
0 0.5899390243902439 0.07863340563991324 0.020121951219512196 0.07483731019522777
0 0.5911585365853659 0.4235357917570499 0.01768292682926829 0.10737527114967461
0 0.5569591880213629 0.4597024435903617 0.05372767196434203 0.12411771843785632
0 0.538777136640322 0.39457194747184315 0.069031325698858 0.09296230114032275
0 0.5810975609756097 0.4967462039045553 0.03780487804878049 0.10629067245119306
0 0.4175420161827341 0.06493973677570718 0.040893834759106365 0.08317436348067789
0 0.6932816850313432 0.43489949600180017 0.06156579078068818 0.11992829612314605
0 0.8755842786238474 0.38695713729679554 0.06353699579648583 0.12888975598277488
0 0.9595153689817186 0.3233335752250997 0.06106248722546322 0.12634099822344316
0 0.9685975609756098 0.1681127982646421 0.06280487804878049 0.10845986984815618
0 0.8977301480920349 0.24595979831519355 0.0680069764980188 0.10470310664243564
0 0.7962291084715547 0.28187151936598454 0.045925037328774884 0.13047633814952994
0 0.6705829517019247 0.35524884873868434 0.051075742489426236 0.11072297369370923
0 0.7514091762416617 0.10182051443271535 0.05143710932153648 0.09563348200555939
0 0.700079948992042 0.12176931277104572 0.05465209364716885 0.06908785508707299
0 0.6109756097560975 0.04392624728850325 0.02195121951219512 0.08568329718004339
0 0.9401697811505952 0.09364915106014432 0.044676565977197685 0.09133589491360146
0 0.8910900238299696 0.1203157256215324 0.055474754829401854 0.08219792955944376
0 0.9762195121951219 0.04880694143167028 0.0475609756097561 0.06290672451193059
0 0.6922068590332073 0.275768561447771 0.06083184005040184 0.11224121514318286
0 0.6377915341324232 0.4060209490574759 0.05396484416372704 0.1014360358603358
0 0.6213414634146341 0.4642082429501085 0.042682926829268296 0.09327548806941431
0 0.21371951219512195 0.9723427331887202 0.07378048780487804 0.055314533622559656
0 0.29024390243902437 0.9772234273318872 0.09024390243902439 0.0455531453362256
0 0.27517804352747344 0.9375606012570763 0.10724427182659334 0.12379125682210936
0 0.5564024390243902 0.9815618221258134 0.08475609756097562 0.0368763557483731
0 0.4396341463414634 0.9457700650759219 0.09024390243902439 0.10845986984815618
0 0.48384146341463413 0.9625813449023861 0.061585365853658536 0.07483731019522777
0 0.3746951219512195 0.9495661605206074 0.07621951219512195 0.10086767895878525
0 0.36288299405824137 0.880417590181958 0.08084733872757813 0.10886499594183312
0 0.42354485472036374 0.8704337268188025 0.07505791831291035 0.08957280725231762
0 0.4109958074526481 0.7946403865533248 0.07132188834166356 0.12144653757261968
0 0.30498787342027545 0.7605750877010709 0.07172995642061866 0.1463923076376956
0 0.3551942534806241 0.8027805304932619 0.06553246792699632 0.10215434888310417
0 0.47224499008019954 0.7084499440246835 0.06162554207617953 0.0864006265608096
0 0.19750785892387798 0.7859999782784305 0.10138857509211084 0.1748082033527111
0 0.14147382479421164 0.8920386753534846 0.06560812833029603 0.18114027369107388
0 0.0860037620065522 0.901758272295848 0.05996064463874321 0.17052487458941087
0 0.623780487804878 0.7738611713665944 0.0475609756097561 0.18112798264642083
0 0.6463414634146342 0.8790672451193059 0.09268292682926829 0.21149674620390455
0 0.684386995345541 0.7657043144733691 0.08727547439626178 0.16720273777668473
0 0.6390243902439025 0.6827548806941431 0.07804878048780488 0.14642082429501085
0 0.6185975609756098 0.6073752711496746 0.03719512195121951 0.11496746203904555
0 0.6579268292682927 0.5911062906724512 0.08658536585365853 0.0824295010845987
0 0.6972560975609756 0.6350325379609545 0.07378048780487804 0.1702819956616052
0 0.7560975609756098 0.6431670281995662 0.08536585365853659 0.18655097613882862
0 0.8167682926829268 0.6171366594360087 0.10670731707317073 0.13449023861171366
0 0.851738944028735 0.887541967961696 0.1142644215024486 0.18113929004907178
0 0.7948170731707317 0.9755965292841648 0.09573170731707317 0.04880694143167028
0 0.8908716197975545 0.7759782581393133 0.09461028965738284 0.16942601756227182
0 0.9072294983806554 0.7109094653947484 0.094202221578428 0.14448024749719576
0 0.9164634146341464 0.6133405639913232 0.08170731707317073 0.12689804772234273
0 0.9792682926829268 0.6453362255965293 0.041463414634146344 0.11279826464208242
0 0.9567073170731707 0.8210412147505423 0.08658536585365853 0.14099783080260303
0 0.9692073170731708 0.7185466377440347 0.061585365853658536 0.1052060737527115
0 0.9820121951219513 0.7836225596529284 0.03597560975609756 0.11822125813449023
0 0.9768292682926829 0.886117136659436 0.046341463414634146 0.16268980477223427
0 0.7798780487804878 0.5639913232104121 0.07804878048780488 0.028199566160520606
0 0.7134146341463414 0.5732104121475055 0.08414634146341464 0.046637744034707156