0 0.12910177316526453 0.21525183646061197 0.03452497044887151 0.05256017053783158
0 0.14978565398917526 0.30488480344380997 0.03517024079488975 0.0537142734790196
0 0.13528153689396755 0.34790666429648315 0.03861569188951181 0.04762370674437024
0 0.15813235586803726 0.39156946048721547 0.04668457815163376 0.052865656693483705
0 0.21829268292682927 0.4002169197396963 0.03170731707317073 0.05856832971800434
0 0.0951219512195122 0.39913232104121477 0.02926829268292683 0.06073752711496746
0 0.0676829268292683 0.40130151843817785 0.03048780487804878 0.05639913232104121
0 0.28536585365853656 0.4078091106290672 0.041463414634146344 0.04338394793926247
0 0.43743945423344643 0.2955019292676672 0.04151038763591398 0.08037018042693722
0 0.40404764830118367 0.35047456205193517 0.04194858636497515 0.05664801754575628
0 0.4384455964406929 0.344920674291285 0.04044496018219467 0.04783221947249037
0 0.48154624243503197 0.2687013934590946 0.052101354532767874 0.05132199748088047
0 0.45867465939984026 0.23375013897756802 0.045926751186456796 0.06682643128833059
0 0.4972226142264624 0.2054059439563923 0.042658871334121405 0.07833999151538752
0 0.5277439024390244 0.17299349240780912 0.02378048780487805 0.0596529284164859
0 0.5353658536585366 0.21529284164859003 0.00853658536585366 0.04229934924078091
0 0.5253048780487805 0.24023861171366595 0.028658536585365855 0.044468546637744036
0 0.3516130533334913 0.06687135736666124 0.057180461056425956 0.09512297087638319
0 0.3782169238907252 0.15038628843038448 0.05363448109021882 0.07959106788410779
0 0.3975609756097561 0.05151843817787419 0.054878048780487805 0.10303687635574837
0 0.13820414856380492 0.12875550589702903 0.05432127955848112 0.06346109589229777
0 0.1854394820636585 0.1320804687964664 0.04528749471422521 0.047303654715662474
0 0.16676829268292684 0.03524945770065076 0.04085365853658537 0.07049891540130152
0 0.11097560975609756 0.028741865509761388 0.05365853658536585 0.057483731019522775
0 0.09207317073170732 0.039045553145336226 0.04390243902439024 0.07809110629067245
0 0.14372775218744266 0.0731492207112299 0.04789807647296892 0.07137333881037697
0 0.1448170731707317 0.015184381778741865 0.06280487804878049 0.03036876355748373
0 0.005792682926829268 0.24078091106290672 0.011585365853658536 0.0737527114967462
0 0.004573170731707317 0.28470715835141 0.009146341463414634 0.07266811279826464
0 0.9923780487804879 0.06344902386117136 0.01524390243902439 0.08568329718004339
0 0.9774390243902439 0.12039045553145336 0.045121951219512194 0.08676789587852494
0 0.9225609756097561 0.02928416485900217 0.0524390243902439 0.05856832971800434
0 0.9536571140997079 0.11997505571289654 0.039065349371883426 0.09846083708759042
0 0.9185431516143973 0.06627930592088824 0.07669867005216396 0.07897843301151736
0 0.9165832850811955 0.13726475102113656 0.06109361125477973 0.08476351359051441
0 0.8727515900565882 0.20050359959290165 0.06299390804437746 0.0871412237155976
0 0.8846740567734596 0.26555205231696993 0.07913769444240787 0.07925644998234413
0 0.9945121951219512 0.2809110629067245 0.01097560975609756 0.09978308026030369
0 0.9557841085788579 0.36250085577999835 0.039965233330889444 0.08883845728666984
0 0.9853658536585366 0.3530368763557484 0.02926829268292683 0.10086767895878525
0 0.8084280511405604 0.24539396078148437 0.05097034346165734 0.1095428059853515
0 0.7714962791158774 0.2670220508836506 0.04724077837937696 0.10695658313214826
0 0.8050680942330567 0.3203492619331849 0.07279153372759671 0.07096921666590636
0 0.8667449681476203 0.3628523348074873 0.05072775759624342 0.08358194146450074
0 0.9701219512195122 0.39642082429501085 0.03414634146341464 0.06616052060737528
0 0.8338414634146342 0.40563991323210413 0.06280487804878049 0.04772234273318872
0 0.552439024390244 0.3633405639913232 0.025609756097560974 0.09761388286334056
0 0.6060975609756097 0.41052060737527113 0.03414634146341464 0.03796095444685466
0 0.42317073170731706 0.4750542299349241 0.06463414634146342 0.0911062906724512
0 0.1652439024390244 0.48590021691973967 0.06585365853658537 0.11279826464208242
0 0.2097560975609756 0.46475054229934926 0.05 0.07049891540130152
0 0.250609756097561 0.47396963123644253 0.06219512195121951 0.08893709327548807
0 0.2847560975609756 0.4864425162689805 0.06951219512195123 0.113882863340564
0 0.34578213371844296 0.5334298412570274 0.07640854219071878 0.08867031705514465
0 0.3646341463414634 0.4837310195227766 0.042682926829268296 0.10845986984815618
0 0.5210365853658536 0.4609544468546638 0.03719512195121951 0.06290672451193059
0 0.3146148442000223 0.8619435933791817 0.03225750342712728 0.0760738206908924
0 0.42130741108585773 0.839984210497824 0.051775712422865425 0.0599292828260265
0 0.4072980555264221 0.7953136027878448 0.05306625311490191 0.062237488708402795
0 0.5219512195121951 0.8617136659436009 0.03536585365853658 0.0596529284164859
0 0.5323170731707317 0.9067245119305857 0.014634146341463415 0.07158351409978309
0 0.4645031410722584 0.6919033985950236 0.061164639751694255 0.08693271098747767
0 0.4255112581399199 0.7066901098851798 0.04883347468043234 0.06283555770793764
0 0.4647514563143279 0.7555609351843151 0.05456987929768225 0.07105328678166871
0 0.03902439024390244 0.4734273318872017 0.06707317073170732 0.0878524945770065
0 0.2426584643054352 0.7204567390357025 0.07633751369380412 0.08650111965818177
0 0.22565660656777414 0.6685067095285324 0.03975816171393237 0.06396219146430038
0 0.30396243861119704 0.7515715255759485 0.06231913732368847 0.06653384844444811
0 0.2945672129114497 0.8010872440270983 0.04610432242874339 0.0722494247807384
0 0.3496047913128637 0.855777902026584 0.04672009240009102 0.05395025539196527
0 0.5182926829268293 0.6914316702819957 0.042682926829268296 0.06832971800433839
0 0.334153248262619 0.9446309251863096 0.049620802020279915 0.06832805544305216
0 0.39066223003238115 0.9414555788313858 0.057334545797828734 0.06272401840734976
0 0.09068226313366277 0.5276711999929525 0.0627392944313894 0.09791770645770657
0 0.019817073170731708 0.8801518438177874 0.039634146341463415 0.07483731019522777
0 0.17414883545957385 0.8991835001861701 0.0382840359058225 0.07459966572099587
0 0.13368282671912549 0.9250247111892619 0.040652031799151736 0.07270848529485958
0 0.1344543884146657 0.537378481190279 0.03505167030194437 0.0871978246465346
0 0.5695722113282644 0.5442643889020996 0.0580388168931882 0.10278466600846084
0 0.6283838898710963 0.57403029436545 0.05398360970100523 0.10880572850040349
0 0.760363293184352 0.6047095317624445 0.06172083997943773 0.14102363742614232
0 0.7003869582703193 0.8477824202733858 0.05915178634293808 0.09966987839842957
0 0.932905373681353 0.8087589145268932 0.04904656017117648 0.069343149898827
0 0.6053950362970629 0.8999788411633417 0.05048517173082867 0.057621076943649714
0 0.9375807802674353 0.49360703671940803 0.048347733955340186 0.12221046915359683
0 0.8846081886589368 0.6515114582147212 0.06754631471496268 0.096304543002397
0 0.6347560975609756 0.9907809110629068 0.0475609756097561 0.01843817787418655
0 0.5466463414634146 0.8552060737527115 0.01402439024390244 0.06182212581344902
0 0.9878048780487805 0.7922993492407809 0.024390243902439025 0.10086767895878525
0 0.9603747519376622 0.6570274673207056 0.05510259302454204 0.08732226725889226
0 0.7371477419207658 0.6900929631620775 0.05853601637159045 0.1179690477872027
0 0.6580007421705462 0.7121784512170788 0.05997462793124292 0.10624697483202553