0 0.1168379990219935 0.25328179423253233 0.10332244833149899 0.185565627361557
0 0.24539701092406643 0.2951963403343786 0.08080915959180326 0.14705920152955357
0 0.1774769172622234 0.23684348336576427 0.0837419235376249 0.13829929043130265
0 0.3855109961190168 0.32471264367816094 0.07891332470892626 0.12988505747126436
0 0.4230271668822768 0.3425287356321839 0.03363518758085381 0.09425287356321839
0 0.3929187267686821 0.23781692514564956 0.06644095262941037 0.10163907580761473
0 0.2677384841370916 0.161454595460275 0.07293417246217214 0.14256574678604544
0 0.24118075880237627 0.15673414232800179 0.06627749921679696 0.13594763794806453
0 0.2877589365210117 0.14355208397169883 0.0765137669383945 0.13389293392791446
0 0.38421733505821476 0.0367816091954023 0.06338939197930142 0.0735632183908046
0 0.36261597096083475 0.050067982520462705 0.05350434202138967 0.09989711100521625
0 0.11351875808538163 0.04482758620689655 0.08473479948253558 0.0896551724137931
0 0.16235446313065977 0.029310344827586206 0.06727037516170763 0.05862068965517241
0 0.17103124210752207 0.10895243262879285 0.09473166302468175 0.15923309215827888
0 0.3504009344694688 0.16858018168987837 0.06422398686077484 0.1322380673656359
0 0.6727037516170763 0.32873563218390806 0.12677878395860284 0.12183908045977011
0 0.9275549805950841 0.3017241379310345 0.12160413971539456 0.17586206896551723
0 0.8639930395170935 0.16121495075521067 0.09578014396656356 0.21087013184919357
0 0.5029107373868047 0.05172413793103448 0.09508408796895214 0.10344827586206896
0 0.8049805950840879 0.07586206896551724 0.10025873221216042 0.15172413793103448
0 0.7360931435963778 0.05 0.11772315653298836 0.1
0 0.6128719275549805 0.03333333333333333 0.09120310478654592 0.06666666666666667
0 0.92496765847348 0.054022988505747126 0.09055627425614489 0.10804597701149425
0 0.9857697283311773 0.2442528735632184 0.028460543337645538 0.16436781609195403
0 0.4094437257438551 0.46379310344827585 0.06080206985769728 0.1482758620689655
0 0.3237742414879683 0.5622968917010424 0.08819439007388634 0.13661012753742952
0 0.14249763597277285 0.6900861617648945 0.07452284269939694 0.17138847721007341
0 0.06925129832919147 0.803241140461368 0.09907748832588502 0.13464252175739938
0 0.015944591748661602 0.7388455660040179 0.016974064082987395 0.1052773389045875
0 0.0473509598867965 0.6360776066026778 0.09010936354604596 0.21468394883753933
0 0.03169469598965071 0.4850574712643678 0.06338939197930142 0.12643678160919541
0 0.021345407503234153 0.42931034482758623 0.037516170763260026 0.07931034482758621
0 0.24741267787839585 0.40344827586206894 0.06791720569210867 0.027586206896551724
0 0.2835644091631922 0.47506128572810963 0.07567218893686804 0.14751184089595046
0 0.3014230271668823 0.4011494252873563 0.055627425614489 0.022988505747126436
0 0.5530401034928849 0.9459770114942528 0.08667529107373868 0.10804597701149425
0 0.5731520236911724 0.7378787307531712 0.08450177483284495 0.14183466453349156
0 0.9802716688227684 0.9137931034482759 0.03945666235446313 0.10114942528735632
0 0.8851280525199459 0.8548425949723949 0.06985071416325858 0.14672795673487107
0 0.6581067869687309 0.7167041759994662 0.060236362443310806 0.10881407041790982
0 0.8525448374410005 0.8332898527761138 0.06022998291354991 0.12826720206284722
0 0.9851228978007762 0.8419540229885057 0.029754204398447608 0.11379310344827587
0 0.8047805452820593 0.6923967994237108 0.08363528230256692 0.11539788292429615
0 0.9925614489003881 0.6879310344827586 0.014877102199223804 0.09770114942528736
0 0.9243082406969767 0.8910158738980912 0.061115614033110464 0.09634458873723
0 0.6875808538163001 0.43275862068965515 0.07373868046571798 0.08620689655172414
0 0.5730918499353169 0.4068965517241379 0.05821474773609314 0.034482758620689655
0 0.5206985769728332 0.45459770114942527 0.07373868046571798 0.12988505747126436
0 0.6341430650805266 0.6339448766042443 0.0818014319464218 0.13803799571094286
0 0.6089137864251519 0.5813405034835453 0.08857750548637673 0.1286512487660552
0 0.596316539906734 0.5310092586888628 0.08770463342633797 0.1216675988017972
0 0.45666235446313064 0.5551724137931034 0.03363518758085381 0.14482758620689656
0 0.47121604139715395 0.7293103448275862 0.06274256144890039 0.1781609195402299
0 0.9915912031047865 0.5770114942528736 0.016817593790426907 0.08275862068965517