0 0.2375796178343949 0.026018099547511313 0.07261146496815286 0.05203619909502263
0 0.2592356687898089 0.10350678733031674 0.04076433121019108 0.09841628959276018
0 0.2535031847133758 0.16515837104072398 0.05222929936305733 0.11764705882352941
0 0.19882826014320254 0.12870111622903996 0.06328657063655543 0.12291655109522702
0 0.1569917245068715 0.12231728506071614 0.06446853524092012 0.14669195275238547
0 0.15 0.4309954751131222 0.0643312101910828 0.07692307692307693
0 0.0929936305732484 0.43608597285067874 0.049681528662420385 0.0667420814479638
0 0.20554858582365804 0.2967763965369324 0.07211401485833666 0.09153852617885047
0 0.25636942675159236 0.24377828054298642 0.0464968152866242 0.09615384615384616
0 0.20165826724778396 0.2243090970717189 0.06531527283318697 0.10037109890033219
0 0.2323812897292051 0.21791381500047288 0.06149361678223156 0.10025262560896417
0 0.04936305732484077 0.02319004524886878 0.09872611464968153 0.04638009049773756
0 0.13797806020221334 0.1952049664971788 0.07912038428508811 0.09175572721302537
0 0.16292047071871893 0.2558903029251696 0.043880909749728095 0.0816199482864958
0 0.13588230692707534 0.2703127375497022 0.07138515143722364 0.11525469119032541
0 0.12477257273408343 0.32705439618533527 0.04477738667689004 0.0929519110296271
0 0.1588479220973497 0.3558059696115021 0.058023415729232634 0.08771045895213014
0 0.2010559196794138 0.33676693041488515 0.07073631580721716 0.08697414820390008
0 0.008917197452229299 0.4276018099547511 0.017834394904458598 0.083710407239819
0 0.050955414012738856 0.4485294117647059 0.05222929936305733 0.0418552036199095
0 0.027070063694267517 0.41798642533936653 0.054140127388535034 0.08257918552036199
0 0.02388535031847134 0.457579185520362 0.04777070063694268 0.023755656108597284
0 0.06178343949044586 0.4236425339366516 0.05732484076433121 0.0916289592760181
0 0.31401273885350317 0.0418552036199095 0.06878980891719745 0.083710407239819
0 0.3260491816690008 0.09058729005907117 0.08417591179080885 0.11791204560046588
0 0.33386496999663134 0.16769794969348073 0.08327943486364707 0.10658008285733457
0 0.409025289423174 0.14233273784558248 0.06280534851259759 0.12968413586340768
0 0.4790889836906899 0.144504748187329 0.07213780076803128 0.14806012105457855
0 0.5735668789808918 0.057126696832579184 0.06942675159235669 0.11425339366515837
0 0.6129129127948829 0.12378418110571583 0.06691249224075589 0.14224604806880287
0 0.6304774919389039 0.20967518686447292 0.07242545596073958 0.10511318681233463
0 0.6828673745728336 0.25990723746031186 0.06066093966031765 0.11944390374261055
0 0.8802931227583369 0.11229080418525822 0.05730644526296699 0.13968742140146875
0 0.9061941985608399 0.08992019920168469 0.06712011964235823 0.15129582182445897
0 0.9402187248314585 0.08871414261080192 0.06550883976443622 0.1365504483743951
0 0.9663841976056348 0.11948134011886609 0.0620905455618378 0.12627072515647547
0 0.9703821656050955 0.03506787330316742 0.05923566878980892 0.07013574660633484
0 0.6352383340167396 0.29234322735336093 0.06138980308143053 0.0957277387311361
0 0.5831539460077894 0.24155543867207435 0.06844807935858278 0.09820738320422452
0 0.8298605562115213 0.20285636656469488 0.05318740857996131 0.09886471175820966
0 0.7725605851146377 0.2299056754917676 0.06398948063246813 0.09806916436429532
0 0.7227281986206864 0.2634037776843091 0.05960874218195432 0.10132461068273715
0 0.5926751592356688 0.4343891402714932 0.05923566878980892 0.07013574660633484
0 0.5277070063694268 0.43778280542986425 0.0464968152866242 0.06334841628959276
0 0.4639542726957181 0.41420526326075074 0.06291132972890433 0.07881864958496493
0 0.40905338198344615 0.420981436206123 0.06617390338030134 0.08231104248614257
0 0.5009554140127389 0.45644796380090497 0.06178343949044586 0.026018099547511313
0 0.8472683310465879 0.30965522858484545 0.05238068488324759 0.11918721161131332
0 0.8143760300454391 0.2769838702377019 0.06324872425650788 0.0935245319379061
0 0.7867966232865082 0.3371714206288399 0.057242645457718955 0.10916418052469082
0 0.746670318509229 0.30823226449134056 0.05725670592807204 0.08203460480628391
0 0.8095497483355096 0.3717892936379164 0.05966064903235469 0.10358705412165119
0 0.8321656050955414 0.4332579185520362 0.04904458598726115 0.07239819004524888
0 0.8723524016439421 0.40425747104798554 0.07349171390945601 0.09610290415380138
0 0.6213375796178344 0.4513574660633484 0.04777070063694268 0.03619909502262444
0 0.021337579617834394 0.7081447963800905 0.04267515923566879 0.12669683257918551
0 0.04092863668211385 0.8777128477354368 0.054864655778636785 0.08874295292878082
0 0.1627388535031847 0.955316742081448 0.07070063694267516 0.08936651583710407
0 0.18393741148346807 0.8273209610909134 0.07958754593869286 0.11211771816325161
0 0.06337579617834395 0.9626696832579186 0.05031847133757962 0.0746606334841629
0 0.11751592356687898 0.959841628959276 0.0464968152866242 0.08031674208144797
0 0.21019108280254778 0.9824660633484162 0.062420382165605096 0.03506787330316742
0 0.21452094139954633 0.7316183998282473 0.08453925974361244 0.13374914967286405
0 0.15727234946440355 0.6083238205846244 0.07822173984242074 0.13581413762616487
0 0.09337045454687792 0.597299491972835 0.0750110730414241 0.134584188163901
0 0.26019108280254777 0.5152714932126696 0.038853503184713374 0.0916289592760181
0 0.19670710951195766 0.53776482928131 0.059920183284357394 0.11489927131622132
0 0.07802547770700637 0.48925339366515835 0.09872611464968153 0.03959276018099547
0 0.25987261146496815 0.6940045248868778 0.03949044585987261 0.16402714932126697
0 0.26560509554140127 0.7313348416289592 0.02802547770700637 0.1436651583710407
0 0.5717090131831336 0.7157057633504392 0.07829960011802144 0.1392078027845358
0 0.6553339565673132 0.7957317541233758 0.06718608696311154 0.1264286895449661
0 0.5932725873235005 0.9204145407493055 0.083994237814407 0.10999349356426678
0 0.5837579617834395 0.9807692307692307 0.06687898089171974 0.038461538461538464
0 0.30095541401273884 0.5831447963800905 0.04267515923566879 0.08936651583710407
0 0.3795788758766702 0.7334883910192335 0.055487537983443 0.115892274195749
0 0.34203224170265206 0.7198898375143684 0.05579897908584611 0.12946693482923305
0 0.36141572812619704 0.8295759904788456 0.053109548304360536 0.09547104659983875
0 0.4286624203821656 0.9785067873303167 0.061146496815286625 0.042986425339366516
0 0.3700636942675159 0.9660633484162896 0.06496815286624204 0.06787330316742081
0 0.9859872611464968 0.7121040723981901 0.02802547770700637 0.15271493212669685
0 0.8719512356915247 0.8465332693702102 0.11486486685410044 0.15164551624710185
0 0.8971337579617834 0.9451357466063348 0.06815286624203822 0.10972850678733032
0 0.7101910828025477 0.9360859728506787 0.06751592356687898 0.12782805429864252
0 0.6614649681528663 0.9445701357466063 0.06942675159235669 0.11085972850678733
0 0.8557324840764331 0.9462669683257918 0.06815286624203822 0.1074660633484163