0 0.018131868131868133 0.6142578125 0.03626373626373627 0.05078125
0 0.17912087912087912 0.609375 0.056043956043956046 0.060546875
0 0.05826746408981088 0.3955614427605266 0.062382000188246 0.09885166913293908
0 0.11517235697048449 0.37608035781354254 0.06180378015071935 0.08998289053441733
0 0.2508241758241758 0.62353515625 0.057692307692307696 0.0322265625
0 0.2642857142857143 0.6005859375 0.05054945054945055 0.078125
0 0.18468903961023084 0.36257830260056223 0.05146970783410495 0.12069484716250733
0 0.27912087912087913 0.48779296875 0.020879120879120878 0.0751953125
0 0.2576984675478603 0.5403729078986699 0.04862016357369262 0.08904626666989945
0 0.24606429088270285 0.4873993040168839 0.05353325242088501 0.07999808655659368
0 0.2629120879120879 0.4228515625 0.053296703296703295 0.109375
0 0.2317100326534758 0.42652349937770584 0.048077106243814484 0.09091967557137792
0 0.07589641568102022 0.2949058544070967 0.0525110699568536 0.10327615435955062
0 0.14269781167137624 0.2720367546867242 0.05423294363028872 0.12597624015511533
0 0.20048743279527292 0.317825925042697 0.043691091677568704 0.09321163428320522
0 0.06457212699823671 0.23115020497605 0.050837145430212054 0.0952245060639858
0 0.23017214720964066 0.3091267244725314 0.04324393264127773 0.12438191818468369
0 0.25584946215054083 0.26635742589127775 0.04422136256830177 0.08743197538172676
0 0.27692307692307694 0.24365234375 0.025274725274725275 0.0732421875
0 0.2131425599533511 0.22667684407596134 0.03871407063465145 0.082728564396511
0 0.24085145338316902 0.23436993110062132 0.049687098574731164 0.07944007386694252
0 0.24700729076964337 0.19931336651688392 0.04580258541114235 0.06716331117729157
0 0.2854395604395604 0.20068359375 0.008241758241758242 0.0849609375
0 0.14709359923387194 0.18745450894781235 0.05635402719322123 0.10285760454920156
0 0.1356590275134632 0.15739026576676562 0.058535846342092156 0.09829365644328791
0 0.08722906222205193 0.18833106368666502 0.045285100959554354 0.07684922007876993
0 0.11086324420599991 0.2664063821509761 0.037097685084162106 0.09225504110094618
0 0.10730656671239208 0.09464097163988794 0.049172810732929124 0.09010254526842099
0 0.09258241758241759 0.0302734375 0.0543956043956044 0.060546875
0 0.009615384615384616 0.02099609375 0.019230769230769232 0.0419921875
0 0.27994505494505495 0.15869140625 0.019230769230769232 0.0888671875
0 0.7648351648351648 0.580078125 0.08351648351648351 0.119140625
0 0.8736263736263736 0.5859375 0.08461538461538462 0.107421875
0 0.917617713259829 0.5003332007089004 0.07137459539598799 0.16165056420928448
0 0.8586398691299078 0.3981026955992315 0.07416979729003408 0.17669758220189236
0 0.8168287001433018 0.5042189172876113 0.09604872436468292 0.14961278864275585
0 0.7582612540371296 0.44438916482942076 0.08673044129252727 0.1550935524678888
0 0.7445155836383985 0.36536723784172115 0.08552924868046635 0.12368412027084563
0 0.8033851093693702 0.3329118340499116 0.09503293512022393 0.17484398144571256
0 0.9876373626373627 0.529296875 0.024725274725274724 0.17578125
0 0.9892857142857143 0.3212890625 0.02142857142857143 0.158203125
0 0.912603065567042 0.18675695279263785 0.07532304075530141 0.19345857689893547
0 0.890794097573908 0.30607681813497967 0.06134383467528356 0.1172469244358958
0 0.9366172777817697 0.3165103676584273 0.06362155211774165 0.14197985132998214
0 0.9596972143015877 0.39613024597126 0.05646910514552589 0.13801385454920156
0 0.9868131868131869 0.4541015625 0.026373626373626374 0.130859375
0 0.6558764501668325 0.5163452654044355 0.09010705983388646 0.17998591155901833
0 0.6151212112139047 0.5515411316950327 0.06809067853842965 0.16507851761815484
0 0.5758241758241758 0.56396484375 0.07252747252747253 0.1513671875
0 0.5181318681318682 0.55615234375 0.08461538461538462 0.1669921875
0 0.5797042102097392 0.4659023655989357 0.10269008010488298 0.16521781932501467
0 0.6139907103509239 0.3935771549905975 0.08996640900329192 0.13701716155901822
0 0.5649315624322973 0.3650672145582793 0.07297180128775985 0.14626471250484907
0 0.5084210845264416 0.4318318646567417 0.10310846965309772 0.12525847292353642
0 0.4922568626877665 0.5044561315138677 0.07901575733171577 0.14714158958858659
0 0.41543767558274236 0.4838781040568896 0.10061374907895797 0.20200832993092854
0 0.3484114681031304 0.3237613091750444 0.0636471249960316 0.14979235132998225
0 0.3994512319209861 0.3344141182625371 0.0817406338104649 0.14070423258119447
0 0.4202793902104184 0.26306538956797765 0.07070367367466032 0.12446147311076283
0 0.3958529985001571 0.17534402025144896 0.06346172162842974 0.09315172632998225
0 0.45054945054945056 0.03173828125 0.051648351648351645 0.0634765625
0 0.3577686599933948 0.06568977214795987 0.0470773000482867 0.12103368087433469
0 0.3565934065934066 0.0244140625 0.05384615384615385 0.048828125
0 0.31043956043956045 0.05712890625 0.041758241758241756 0.1025390625
0 0.2945054945054945 0.13134765625 0.00989010989010989 0.1025390625
0 0.3151098901098901 0.14599609375 0.0510989010989011 0.1142578125
0 0.8419397158484921 0.13112236075192224 0.07172265952890534 0.10020684280780601
0 0.9291208791208792 0.048828125 0.056043956043956046 0.09765625
0 0.9659340659340659 0.02587890625 0.054945054945054944 0.0517578125
0 0.7653846153846153 0.0078125 0.06703296703296703 0.015625
0 0.7087912087912088 0.0146484375 0.06263736263736264 0.029296875
0 0.5110523936840619 0.13129974761117696 0.07892625225770114 0.11979783958858659
0 0.4583461473633563 0.37809073142146676 0.07186331035950001 0.143175592807806
0 0.48059588117320867 0.2918942749806034 0.08172784737131988 0.13679798258119447
0 0.49340659340659343 0.0390625 0.054945054945054944 0.078125
0 0.9947802197802198 0.095703125 0.010439560439560439 0.111328125
0 0.5925824175824176 0.04638671875 0.05549450549450549 0.0927734375
0 0.5351648351648352 0.0244140625 0.04395604395604396 0.048828125
0 0.6276058692490931 0.26080459362607944 0.0922633061044675 0.16760946345310468
0 0.4909269400469283 0.23963827715795405 0.08164153890709146 0.11043079508119447
0 0.317032967032967 0.35009765625 0.054945054945054944 0.1416015625
0 0.7606258294444902 0.14145549958311676 0.0717258561386918 0.10118340530780601
0 0.6248382048720124 0.09966179646720896 0.05797360935349678 0.09430769034476638
0 0.6973585515123472 0.4268704642653166 0.0784822898311965 0.15194468599006505
0 0.699099788011391 0.31436648651901267 0.07135861234705672 0.15676775170928448
0 0.8354674140931801 0.2628586128356597 0.07565512183928774 0.12713204299745706
0 0.6658378013066962 0.07370341587735091 0.07178019850505779 0.11778496780780601
0 0.7912689772940559 0.09162109986516884 0.08054583441797669 0.11124792538415135
0 0.5587912087912088 0.0546875 0.04725274725274725 0.109375
0 0.0239010989010989 0.82373046875 0.0478021978021978 0.1982421875
0 0.07274620693381004 0.7460969734488472 0.10540856336405975 0.15682733731762255
0 0.10801776219270165 0.8761693332949441 0.11598877463421449 0.20131069318953276
0 0.2681318681318681 0.88232421875 0.04285714285714286 0.1318359375
0 0.25686813186813184 0.77392578125 0.06538461538461539 0.1513671875
0 0.23543956043956044 0.71142578125 0.10494505494505495 0.1435546875
0 0.25851648351648354 0.68017578125 0.06208791208791209 0.0810546875
0 0.7005494505494505 0.94970703125 0.07142857142857142 0.1005859375
0 0.7777472527472528 0.9619140625 0.05989010989010989 0.076171875
0 0.8476343255912917 0.8975457305304557 0.05645631870638081 0.13410760454920156
0 0.6431128214429134 0.7978853040290068 0.07907649291765455 0.16569627708858659
0 0.5859285915397264 0.7349265738245123 0.06411985691061241 0.1264345674285039
0 0.41578432457765807 0.7029979393662036 0.06956960986811052 0.11355985341371966
0 0.3657379737357576 0.7244122605816679 0.06197959368896266 0.14369382803441733
0 0.5763736263736263 0.6591796875 0.06153846153846154 0.0390625
0 0.7087912087912088 0.65283203125 0.04725274725274725 0.0263671875
0 0.765934065934066 0.66943359375 0.06373626373626373 0.0595703125
0 0.7716764416567677 0.6977286262742168 0.06463094814262799 0.11479553352702543
0 0.8104395604395604 0.66455078125 0.051648351648351645 0.0498046875
0 0.8252747252747252 0.68017578125 0.04395604395604396 0.0810546875
0 0.8318075292519561 0.7831981366868426 0.07084432450525492 0.16743022311076272
0 0.8483931540817409 0.8335011706819342 0.05309248660416645 0.11312149545807215
0 0.8832417582417582 0.97265625 0.07087912087912088 0.0546875
0 0.9461538461538461 0.98779296875 0.035164835164835165 0.0244140625
0 0.34697802197802197 0.658203125 0.057692307692307696 0.037109375
0 0.6335164835164835 0.6953125 0.051648351648351645 0.111328125
0 0.7010240969055785 0.7226205824342404 0.05528709219218269 0.1124637973521585
0 0.9016465199794387 0.9228968198260796 0.04691427294918852 0.07122899337433486
0 0.9313186813186813 0.98046875 0.04945054945054945 0.0390625