0 0.1839869752268904 0.29494272829524204 0.0775988338236288 0.1173473861916898
0 0.0812647258331072 0.2689682151801123 0.0698062140086676 0.13071314672606738
0 0.2097820210266283 0.06780149749532215 0.08290094704361213 0.1247920193556875
0 0.7933639947437582 0.4871495327102804 0.1176084099868594 0.12383177570093458
0 0.6054938786196136 0.41907698507627705 0.09595026895998013 0.21227442498934102
0 0.5361366622864652 0.4655373831775701 0.10906701708278581 0.16705607476635514
0 0.42936925098554535 0.4871495327102804 0.0795006570302234 0.12383177570093458
0 0.4021024967148489 0.37383177570093457 0.024967148488830485 0.1425233644859813
0 0.40867279894875164 0.29614485981308414 0.03810775295663601 0.12266355140186916
0 0.47822427840013243 0.3086398724541294 0.08857003172648369 0.1883114188748255
0 0.6116279419270516 0.2514223901767148 0.08335201613341225 0.19371725300054743
0 0.6613063535617142 0.2584124964671879 0.08071625000104109 0.19233138501667943
0 0.7048459586409641 0.23142968422603685 0.08979999454635218 0.1755697734275071
0 0.7457077487743868 0.19707105772576317 0.07604823128801752 0.18143648987668612
0 0.8074578123862843 0.340986645645545 0.11694465515322824 0.20934267727149972
0 0.8584727598698734 0.25085090234998625 0.07725525839145553 0.16519017153217153
0 0.4211563731931669 0.22780373831775702 0.06307490144546649 0.15186915887850466
0 0.45716062474330804 0.204018199796396 0.07423723031857571 0.1053930885950325
0 0.4761034151017362 0.1352401804247154 0.09604155151141751 0.1258802377797004
0 0.8975127716470659 0.28969673276550356 0.06751448362275415 0.1818973722001433
0 0.9349061550892354 0.2778336280140764 0.09329156711117831 0.2073838841082766
0 0.9612352168199737 0.29205607476635514 0.07752956636005257 0.22429906542056074
0 0.959592641261498 0.23481308411214954 0.08081471747700394 0.16355140186915887
0 0.5321944809461235 0.036799065420560745 0.1038107752956636 0.07359813084112149
0 0.8122283513518183 0.21610826496487226 0.09022766760543721 0.14057745537674513
0 0.8200245636290422 0.1517599041507988 0.06508467862397284 0.11164068149261612
0 0.5547069073574759 0.24269435542131795 0.09971660980768789 0.18573173163804008
0 0.9816031537450722 0.06483644859813084 0.03679369250985545 0.1133177570093458
0 0.9316688567674113 0.035630841121495324 0.08278580814717477 0.07126168224299065
0 0.8741787122207622 0.02102803738317757 0.06636005256241786 0.04205607476635514
0 0.7493429697766097 0.035630841121495324 0.07293035479632064 0.07126168224299065
0 0.5770875234519165 0.14674791710452914 0.08018108328432891 0.1105556840821
0 0.006570302233902759 0.945677570093458 0.013140604467805518 0.10864485981308411
0 0.37844940867279897 0.883177570093458 0.022339027595269383 0.1378504672897196
0 0.01445466491458607 0.6915887850467289 0.02890932982917214 0.10046728971962617
0 0.10778874115350508 0.7220665205675252 0.06661280575743828 0.14445978370884918
0 0.3386397595043446 0.7888599786680089 0.05782676521143909 0.10636926416314735
0 0.1410413972034107 0.7304168998880143 0.05729970404782187 0.12617466632605884
0 0.018396846254927726 0.6121495327102804 0.03679369250985545 0.11214953271028037
0 0.21472006477455896 0.6378198676615008 0.0815027889699196 0.11183273022356671
0 0.0650626635361117 0.7226826696979033 0.059713758254698046 0.09368202963702965
0 0.3639947437582129 0.7301401869158879 0.051248357424441525 0.13317757009345793
0 0.37943495400788435 0.701518691588785 0.020367936925098553 0.125
0 0.687901477602827 0.8191889759859385 0.07713293457049299 0.1464985827471248
0 0.7834802620090868 0.8083516262035817 0.06653635336933665 0.13277754071819486
0 0.7560828482071904 0.639967315388056 0.08416149081872133 0.11672327110463097
0 0.7703679369250985 0.5730140186915887 0.06636005256241786 0.04789719626168224
0 0.4096583442838371 0.7301401869158879 0.04007884362680683 0.09813084112149532
0 0.5158771396475631 0.6505087126943668 0.05464100219902006 0.12128412544499458
0 0.4783002704739495 0.6343344342682239 0.05408336008016197 0.1364166304116444
0 0.5216819973718791 0.5712616822429907 0.052562417871222074 0.04439252336448598
0 0.990473061760841 0.6717289719626168 0.019053876478318004 0.10514018691588785
0 0.9681340341655716 0.9246495327102804 0.06373193166885677 0.15070093457943926
0 0.8686263775343241 0.7101295056597952 0.06662045099624857 0.14562800800791462
0 0.8256174260809545 0.6675213557247527 0.06908802187479592 0.12131294141234322
0 0.985873850197109 0.8089953271028038 0.028252299605781867 0.1366822429906542