0 0.06668946648426813 0.072992700729927 0.06703146374829001 0.0948905109489051
0 0.3283173734610123 0.22931873479318735 0.06292749658002736 0.10340632603406326
0 0.2705198358413133 0.3442822384428224 0.06634746922024624 0.11435523114355231
0 0.053009575923392616 0.3911192214111922 0.10465116279069768 0.12530413625304138
0 0.17099863201094392 0.2889294403892944 0.06361149110807114 0.16058394160583941
0 0.13372093023255813 0.29014598540145986 0.049247606019151846 0.15815085158150852
0 0.8912448700410397 0.031630170316301706 0.07523939808481532 0.06326034063260341
0 0.9551983584131327 0.011557177615571776 0.08960328317373462 0.023114355231143552
0 0.9038987688098495 0.3351581508515815 0.05540355677154583 0.1435523114355231
0 0.8211354309165527 0.30413625304136255 0.09849521203830369 0.10583941605839416
0 0.4168946648426813 0.04866180048661801 0.0759233926128591 0.09732360097323602
0 0.4829001367989056 0.05291970802919708 0.06703146374829001 0.10583941605839416
0 0.5259917920656635 0.12165450121654502 0.06634746922024624 0.13746958637469586
0 0.5383036935704515 0.024330900243309004 0.06155950752393981 0.04866180048661801
0 0.5848153214774282 0.015206812652068127 0.06976744186046512 0.030413625304136254
0 0.7017783857729138 0.040145985401459854 0.09439124487004104 0.08029197080291971
0 0.771545827633379 0.05900243309002433 0.09302325581395349 0.11800486618004866
0 0.7995896032831737 0.07785888077858881 0.09370725034199727 0.1362530413625304
0 0.8115595075239398 0.11678832116788321 0.11012311901504789 0.12043795620437957
0 0.8142954856361149 0.15936739659367397 0.10601915184678523 0.10948905109489052
0 0.5742134062927496 0.12408759124087591 0.058823529411764705 0.13017031630170317
0 0.6200410396716827 0.10036496350364964 0.09028727770177838 0.13138686131386862
0 0.6361149110807114 0.054136253041362534 0.08891928864569083 0.10827250608272507
0 0.6658686730506156 0.05291970802919708 0.09781121751025992 0.10583941605839416
0 0.39466484268125857 0.10523114355231143 0.0506155950752394 0.08880778588807786
0 0.8601231190150479 0.3746958637469586 0.05471956224350205 0.07907542579075426
0 0.707250341997264 0.4324817518248175 0.07113543091655267 0.05474452554744526
0 0.643296853625171 0.41545012165450124 0.06839945280437756 0.08029197080291971
0 0.5311217510259918 0.39720194647201945 0.05950752393980848 0.11070559610705596
0 0.5502735978112175 0.2846715328467153 0.06087551299589603 0.10097323600973236
0 0.7458960328317373 0.3661800486618005 0.049247606019151846 0.0948905109489051
0 0.679890560875513 0.3309002433090024 0.06497948016415869 0.0851581508515815
0 0.9073187414500684 0.4349148418491484 0.04445964432284542 0.049878345498783457
0 0.9616963064295485 0.3083941605839416 0.06634746922024624 0.09854014598540146
0 0.9846101231190151 0.27007299270072993 0.030779753761969904 0.09002433090024331
0 0.7448700410396717 0.26520681265206814 0.0533515731874145 0.0827250608272506
0 0.46135430916552667 0.3789537712895377 0.0560875512995896 0.07664233576642336
0 0.5889192886456909 0.4099756690997567 0.05540355677154583 0.07907542579075426
0 0.4015047879616963 0.3102189781021898 0.03967168262653899 0.11678832116788321
0 0.4852941176470588 0.25790754257907544 0.06566347469220246 0.10340632603406326
0 0.48187414500683995 0.3108272506082725 0.054035567715458276 0.09975669099756691
0 0.18707250341997264 0.6879562043795621 0.06908344733242135 0.16180048661800486
0 0.08789329685362517 0.7043795620437956 0.06566347469220246 0.1362530413625304
0 0.04035567715458276 0.8175182481751825 0.08071135430916553 0.10218978102189781
0 0.13166894664842682 0.933698296836983 0.08549931600547196 0.13260340632603407
0 0.2961696306429549 0.8290754257907542 0.08549931600547196 0.09732360097323602
0 0.3081395348837209 0.9318734793187348 0.049247606019151846 0.12408759124087591
0 0.3488372093023256 0.8108272506082725 0.04103967168262654 0.10827250608272507
0 0.36080711354309164 0.851581508515815 0.01709986320109439 0.09975669099756691
0 0.362859097127223 0.9057177615571776 0.012995896032831737 0.09124087591240876
0 0.3478112175102599 0.9555961070559611 0.04035567715458276 0.08880778588807786
0 0.0560875512995896 0.9805352798053528 0.03283173734610123 0.038929440389294405
0 0.029411764705882353 0.9562043795620438 0.04514363885088919 0.08759124087591241
0 0.9080027359781122 0.6021897810218978 0.0786593707250342 0.1435523114355231
0 0.8734610123119015 0.5237226277372263 0.09302325581395349 0.12773722627737227
0 0.7503419972640218 0.5188564476885644 0.08481532147742818 0.11800486618004866
0 0.7482900136798906 0.7092457420924574 0.06087551299589603 0.15450121654501217
0 0.8077975376196991 0.8874695863746959 0.07523939808481532 0.16666666666666666
0 0.8632010943912448 0.9409975669099757 0.06703146374829001 0.11800486618004866
0 0.9292065663474692 0.9562043795620438 0.073187414500684 0.08759124087591241
0 0.957250341997264 0.9209245742092458 0.08549931600547196 0.1192214111922141
0 0.8129274965800274 0.9635036496350365 0.06224350205198358 0.072992700729927
0 0.9873461012311902 0.8941605839416058 0.0253077975376197 0.1411192214111922
0 0.9521203830369357 0.8059610705596107 0.08139534883720931 0.15450121654501217
0 0.47640218878248974 0.6046228710462287 0.09028727770177838 0.15085158150851583
0 0.46716826265389877 0.49878345498783455 0.06155950752393981 0.07785888077858881
0 0.40389876880984954 0.5188564476885644 0.06361149110807114 0.11800486618004866
0 0.41997264021887826 0.5772506082725061 0.0786593707250342 0.10462287104622871
0 0.40389876880984954 0.6502433090024331 0.06908344733242135 0.09367396593673966
0 0.37756497948016415 0.5444038929440389 0.016415868673050615 0.12773722627737227
0 0.6289329685362517 0.49452554744525545 0.05813953488372093 0.06934306569343066
0 0.6467168262653898 0.7725060827250608 0.07797537619699042 0.15085158150851583
0 0.5957592339261286 0.6818734793187348 0.060191518467852256 0.13381995133819952
0 0.5827633378932968 0.7846715328467153 0.057455540355677154 0.11313868613138686
0 0.6822845417236663 0.9221411192214112 0.07113543091655267 0.09975669099756691
0 0.6562927496580028 0.9708029197080292 0.052667578659370724 0.058394160583941604
0 0.612859097127223 0.9020681265206812 0.06429548563611491 0.12287104622871046
0 0.5266757865937073 0.898418491484185 0.04035567715458276 0.11678832116788321
0 0.5345417236662107 0.8077858880778589 0.057455540355677154 0.0948905109489051
0 0.4887140902872777 0.7706812652068127 0.052667578659370724 0.09610705596107055
0 0.40253077975376195 0.7615571776155717 0.047879616963064295 0.10097323600973236
0 0.40321477428180574 0.9708029197080292 0.04719562243502052 0.058394160583941604
0 0.4326265389876881 0.9190997566909975 0.06429548563611491 0.12652068126520682