0 0.101587038643196 0.20587261204648324 0.0995344669113914 0.13203952840968572
0 0.179617248348523 0.1882118671938624 0.09202047236081665 0.1664816423912528
0 0.2597560975609756 0.26409978308026033 0.1024390243902439 0.031453362255965296
0 0.2329268292682927 0.21258134490238612 0.08048780487804878 0.13449023861171366
0 0.2929200366244434 0.19552926640931628 0.09019379686912278 0.14583640363869707
0 0.32926829268292684 0.23752711496746204 0.07926829268292683 0.08459869848156182
0 0.388109756097561 0.23644251626898047 0.09085365853658536 0.08676789587852494
0 0.4496951219512195 0.22017353579175705 0.11158536585365854 0.1193058568329718
0 0.5484756097560975 0.25 0.08475609756097562 0.0596529284164859
0 0.5865853658536585 0.034164859002169194 0.026829268292682926 0.06832971800433839
0 0.5585983585402065 0.08544865677714011 0.06940077042708387 0.12243508352738335
0 0.526219512195122 0.06778741865509762 0.07439024390243902 0.13557483731019523
0 0.5277439024390244 0.01843817787418655 0.06280487804878049 0.0368763557483731
0 0.48404833482288 0.08856197790377508 0.069749693218847 0.15495411274112716
0 0.4483469435530801 0.09885222327705423 0.05701391269799942 0.11554885652243294
0 0.40648019018023174 0.08018288812248686 0.07299798788748398 0.09979103304419194
0 0.3543512294407467 0.11981683831608105 0.07633437204208626 0.10964708003404135
0 0.41555701294015934 0.16568358902664754 0.08172371623021324 0.12715211313537075
0 0.34901500479906394 0.17664467954214466 0.087821277205823 0.12734143054240132
0 0.036280487804878046 0.25108459869848154 0.07256097560975609 0.057483731019522775
0 0.09271922604311646 0.12363517310811875 0.08862536188223796 0.11327951094354707
0 0.03376073115608289 0.08435174155125383 0.05730410916578588 0.10472180127832034
0 0.09359756097560976 0.03850325379609545 0.08475609756097562 0.0770065075921909
0 0.16432926829268293 0.01789587852494577 0.08353658536585366 0.03579175704989154
0 0.3539634146341463 0.03796095444685466 0.06524390243902439 0.07592190889370933
0 0.31067073170731707 0.01735357917570499 0.05304878048780488 0.03470715835140998
0 0.19146341463414634 0.03633405639913232 0.05365853658536585 0.07266811279826464
0 0.05853658536585366 0.01789587852494577 0.07073170731707316 0.03579175704989154
0 0.09359756097560976 0.033622559652928416 0.08353658536585366 0.06724511930585683
0 0.6435975609756097 0.0878524945770065 0.0871951219512195 0.175704989154013
0 0.7969512195121952 0.039587852494577004 0.08658536585365853 0.07917570498915401
0 0.8603658536585366 0.0227765726681128 0.07682926829268293 0.0455531453362256
0 0.8920731707317073 0.061279826464208244 0.08902439024390243 0.12255965292841649
0 0.9582317073170732 0.021691973969631236 0.06646341463414634 0.04338394793926247
0 0.9820121951219513 0.015726681127982648 0.03597560975609756 0.031453362255965296
0 0.9786585365853658 0.07049891540130152 0.042682926829268296 0.14099783080260303
0 0.9719512195121951 0.2418655097613883 0.04878048780487805 0.07592190889370933
0 0.9439024390243902 0.2651843817787419 0.05975609756097561 0.02928416485900217
0 0.17515465996057547 0.8305474118889573 0.11519379686912277 0.14661260500752218
0 0.029573170731707316 0.908351409978308 0.05914634146341463 0.1702819956616052
0 0.0475609756097561 0.8156182212581344 0.0951219512195122 0.13232104121475055
0 0.0475609756097561 0.7066160520607375 0.0951219512195122 0.13557483731019523
0 0.015548780487804878 0.5542299349240781 0.031097560975609756 0.10845986984815618
0 0.30711892113806044 0.8362730317988913 0.0976628714517743 0.21325190861088134
0 0.4506339994052374 0.822816646468812 0.11002295881985946 0.17787664985645701
0 0.5685975609756098 0.7022776572668112 0.06280487804878049 0.1702819956616052
0 0.5490853658536585 0.584056399132321 0.10182926829268292 0.15509761388286333
0 0.5335379146401814 0.515454458677396 0.10873953469878271 0.17566958897808785
0 0.5129875718970164 0.4257979592551918 0.07408708342970674 0.11607894526211851
0 0.5499978612483979 0.36072601373824226 0.05659329957731432 0.14262596050306586
0 0.5875 0.3318872017353579 0.025 0.10412147505422993
0 0.30678422587790466 0.5990610352922333 0.10321718105676721 0.19500304814372538
0 0.201839251194919 0.7016478076967753 0.10026686125888384 0.17757374200520817
0 0.06939736814882035 0.598204180349634 0.07613485786125375 0.1649048184344918
0 0.043292682926829265 0.5645336225596529 0.08658536585365853 0.1420824295010846
0 0.10975570925925503 0.616283886803203 0.07292111195658321 0.20056405329946198
0 0.15240279092406214 0.5877542468331193 0.07744505234332977 0.20937336507223586
0 0.20482755490886562 0.4759376879683921 0.10322495945973464 0.13323771755238553
0 0.26513510341897945 0.39693360029830604 0.09960097163833552 0.11362028227620219
0 0.29308111283982524 0.4737926303568167 0.08120723522059554 0.15097542102055908
0 0.33855846885357327 0.49420245400332474 0.07305412141047148 0.16372556103249503
0 0.370908794387777 0.5044343910680315 0.06869255363960136 0.1397507992216823
0 0.03536585365853658 0.4403470715835141 0.07073170731707316 0.12147505422993492
0 0.018597560975609755 0.40726681127982645 0.03719512195121951 0.08351409978308026
0 0.03758034395683067 0.3627286959429726 0.06327643909047496 0.07998428036097802
0 0.10365853658536585 0.3123644251626898 0.07195121951219512 0.0650759219088937
0 0.075 0.31182212581344904 0.054878048780487805 0.06399132321041215
0 0.05304878048780488 0.306941431670282 0.03902439024390244 0.05422993492407809
0 0.027439024390243903 0.31616052060737526 0.05121951219512195 0.07266811279826464
0 0.39437403293991796 0.4226580350376882 0.07003988968663319 0.1441270574970147
0 0.44264063253616737 0.42089984645778494 0.0845168490141984 0.11856998225103349
0 0.4219650587420817 0.3562080488413597 0.07861361661744262 0.10429981350444575
0 0.49573170731707317 0.3329718004338395 0.08780487804878048 0.10629067245119306
0 0.4121951219512195 0.3129067245119306 0.09390243902439024 0.06616052060737528
0 0.8167682926829268 0.9544468546637744 0.0774390243902439 0.0911062906724512
0 0.6710365853658536 0.9739696312364425 0.1225609756097561 0.052060737527114966
0 0.6155487804878049 0.9197396963123644 0.031097560975609756 0.15184381778741865
0 0.7552831708429046 0.8457556520193641 0.06150330432077952 0.14386201312717178
0 0.7076345269227373 0.7851115519551713 0.07585243979643487 0.11396654308726445
0 0.9871951219512195 0.8725596529284165 0.025609756097560974 0.12255965292841649
0 0.9765243902439025 0.9560737527114967 0.04695121951219512 0.0878524945770065
0 0.8292186740362455 0.6770706437079635 0.07052700753426268 0.09863070738289817
0 0.8877008434551601 0.6289492213335474 0.07023940386746556 0.08886931909656412
0 0.9608331371970268 0.5807398613867638 0.0579112724623578 0.12532917654947
0 0.8298301477098549 0.5631025875342357 0.059133377458468805 0.10477859650042952
0 0.898035162326273 0.5060555182036237 0.06172958886261091 0.1308657604860962
0 0.9697799644796091 0.5256525086526408 0.04973138829123444 0.09581783080203123
0 0.805400169441471 0.5015509955690369 0.0576901735225048 0.09714854212965254
0 0.9875 0.5016268980477223 0.025 0.13123644251626898
0 0.966686264023881 0.4235109135883435 0.04392402378341114 0.0848014581508881
0 0.9850609756097561 0.4175704989154013 0.029878048780487804 0.08026030368763558
0 0.9859756097560975 0.3779826464208243 0.02804878048780488 0.06616052060737528
0 0.8872888510885498 0.41507502858494605 0.0640114262389566 0.10493005042605394
0 0.8691213992126411 0.38954237455807544 0.06625871485133558 0.09849818519797685
0 0.8223057819553234 0.4456251567655721 0.05098544925032312 0.07635184945147216
0 0.8623497490379618 0.515803464227662 0.04180455902294176 0.09557171817289145
0 0.826704912466703 0.3377454497480627 0.055669169451956935 0.09058415471665393
0 0.7963414634146342 0.2928416485900217 0.06219512195121951 0.026030368763557483
0 0.6487804878048781 0.2960954446854664 0.05 0.03253796095444685
0 0.6914634146341463 0.30748373101952275 0.045121951219512194 0.055314533622559656
0 0.6228658536585366 0.6035791757049892 0.04573170731707317 0.15075921908893708
0 0.6189024390243902 0.44685466377440347 0.03780487804878049 0.08459869848156182