0 0.353612781487544 0.11011370922846314 0.06443263486402685 0.1400028520723474
0 0.2717547773382304 0.10811907476919708 0.061467595141330995 0.1309618556206557
0 0.19447513812154696 0.04960707269155206 0.07845303867403315 0.09921414538310412
0 0.14613259668508288 0.05992141453831041 0.06685082872928177 0.11984282907662082
0 0.08839779005524862 0.023084479371316306 0.045303867403314914 0.04616895874263261
0 0.09101488171826826 0.14668220324814257 0.06556011932676956 0.1410652231481122
0 0.051693156038813665 0.16006859335787652 0.06602255716640623 0.13717597646595553
0 0.009668508287292817 0.23035363457760313 0.019337016574585635 0.11886051080550099
0 0.022375690607734807 0.10461689587426326 0.044751381215469614 0.08546168958742632
0 0.027348066298342542 0.4356581532416503 0.054696132596685085 0.14833005893909626
0 0.3751381215469613 0.03831041257367387 0.028729281767955802 0.07662082514734773
0 0.014917127071823204 0.0618860510805501 0.02983425414364641 0.10019646365422397
0 0.07175383728316302 0.06952269308365583 0.062259278408426086 0.069235910149396
0 0.050459666908999334 0.04485717082059673 0.05434437508217459 0.06081699434792092
0 0.49762736187958906 0.31874217823836504 0.05878489656185432 0.11017306631784864
0 0.6205405224113736 0.2317119157116693 0.07516718940220263 0.12705092432312148
0 0.6889578213009152 0.21649763863939273 0.07419728954882508 0.13286478114519537
0 0.7106436153694646 0.3085920548822902 0.08474986728044882 0.16010784970723807
0 0.8273537312460292 0.17831060433168744 0.05867233612659335 0.10526147496224943
0 0.8706676167742552 0.18390847259181148 0.06309222562935579 0.10558168618083018
0 0.9696132596685083 0.14980353634577603 0.06077348066298342 0.12671905697445973
0 0.6060773480662983 0.007858546168958742 0.04088397790055249 0.015717092337917484
0 0.5781767955801105 0.02111984282907662 0.04143646408839779 0.04223968565815324
0 0.5279005524861878 0.032907662082514735 0.03591160220994475 0.06581532416502947
0 0.41936659138328425 0.039042500176130465 0.0447823291808457 0.07679592971515131
0 0.5033149171270718 0.03880157170923379 0.0430939226519337 0.07760314341846758
0 0.9350796196613644 0.10198744819571953 0.05249462372362786 0.07637398107654791
0 0.9101154967615237 0.08049986826648291 0.037847641696430526 0.08708108746727573
0 0.8823110906728413 0.08635709431931143 0.04578505710973437 0.09648232153987077
0 0.745725065906399 0.13008697152630497 0.08092936824977079 0.11373875895299247
0 0.7272088004541499 0.06872460650438084 0.06511175769586122 0.07336531524548846
0 0.661758421397439 0.12351179923770927 0.04783741725175031 0.08976619925132236
0 0.6260841361566093 0.13470256528474042 0.05966474806702337 0.1004299364112954
0 0.47854547408583376 0.20961729786016073 0.04603269006730802 0.10728782252218892
0 0.5012611838283783 0.1118841293629929 0.0608597687909226 0.10443926230041996
0 0.4506552375881046 0.18299798136255055 0.04079016933207442 0.09513976564784746
0 0.44679253454852436 0.30325191677008617 0.05231264691707583 0.11656897738781617
0 0.4198914321071304 0.34213688411239723 0.05814236202580039 0.10620376683104656
0 0.4058011049723757 0.3418467583497053 0.03259668508287293 0.0962671905697446
0 0.406353591160221 0.2843811394891945 0.03370165745856354 0.0893909626719057
0 0.4 0.4582514734774067 0.020994475138121547 0.1031434184675835
0 0.36629834254143645 0.9685658153241651 0.04640883977900553 0.06286836935166994
0 0.3812154696132597 0.8447937131630648 0.016574585635359115 0.11198428290766209
0 0.30027624309392265 0.518172888015717 0.049171270718232046 0.01669941060903733
0 0.3516574585635359 0.9243614931237721 0.07458563535911603 0.1512770137524558
0 0.35828729281767957 0.8835952848722987 0.062430939226519336 0.14243614931237722
0 0.32044198895027626 0.9356581532416502 0.07292817679558011 0.12868369351669942
0 0.27983425414364643 0.9332023575638507 0.07790055248618785 0.13359528487229863
0 0.2170079802370368 0.8999476540964356 0.09691675951163907 0.13745281845378174
0 0.15303120282717497 0.8662861760266556 0.09264413862978302 0.11949090475736629
0 0.1419889502762431 0.9366404715127702 0.07845303867403315 0.12671905697445973
0 0.106353591160221 0.956286836935167 0.07237569060773481 0.08742632612966601
0 0.08093922651933702 0.9754420432220039 0.06685082872928177 0.04911591355599214
0 0.3552486187845304 0.7711198428290766 0.06850828729281767 0.12180746561886051
0 0.3671270718232044 0.730844793713163 0.044751381215469614 0.08447937131630648
0 0.34067247551986646 0.7076892573529489 0.05925953050008457 0.08274820753113822
0 0.2735843298214697 0.6890535804739134 0.06790701671059862 0.09906569590389476
0 0.2960378726788198 0.6631297117743007 0.05385754504535103 0.11177746523918486
0 0.31263403034616366 0.6392413615281001 0.040710436972324446 0.11572842293904156
0 0.3693370165745856 0.6296660117878192 0.04033149171270718 0.09823182711198428
0 0.33868577152887214 0.6494923209429425 0.05029499496070543 0.10073180584293095
0 0.3329840908380965 0.5964379634089984 0.04690222558401829 0.07302676223996232
0 0.23362334749005587 0.6458165775861273 0.07396185268984475 0.09852366805832358
0 0.23602886292054243 0.6012211622559809 0.068054285331505 0.08142399342606017
0 0.26464088397790053 0.5383104125736738 0.061878453038674036 0.05697445972495088
0 0.22209944751381216 0.537819253438114 0.03425414364640884 0.055992141453831044
0 0.20666736260499136 0.5784310528370435 0.05921450632598013 0.08078357098889855
0 0.18246631283589684 0.6081641154141678 0.07292441657531067 0.10139057006703785
0 0.17023470450875236 0.6589352966015074 0.06755713930622266 0.10786653394165074
0 0.04779005524861878 0.9454813359528488 0.06906077348066299 0.10903732809430255
0 0.02292817679558011 0.9631630648330058 0.04585635359116022 0.07367387033398821
0 0.024861878453038673 0.9199410609037328 0.049723756906077346 0.10707269155206287
0 0.02569060773480663 0.8182711198428291 0.05138121546961326 0.10805500982318271
0 0.027900552486187846 0.8664047151277013 0.05580110497237569 0.10216110019646366
0 0.08500316518570925 0.7437757631305412 0.06509956159726767 0.09690092735004198
0 0.1146484044184395 0.6696674304360448 0.053857545045350896 0.11177746523918486
0 0.10858559027976188 0.6082233411952594 0.07137951844703547 0.10618208221566929
0 0.1204190191443316 0.6110485453874351 0.06040952704987936 0.0847928968780231
0 0.1298342541436464 0.5353634577603144 0.06850828729281767 0.05108055009823183
0 0.17044198895027624 0.5343811394891945 0.06132596685082873 0.04911591355599214
0 0.05899784595106486 0.6228338794042648 0.047374979412113626 0.09365544593347902
0 0.014640883977900553 0.6615913555992141 0.029281767955801105 0.10510805500982318
0 0.034530386740331494 0.7342829076620825 0.06906077348066299 0.09724950884086445
0 0.01685082872928177 0.769155206286837 0.03370165745856354 0.09037328094302555
0 0.03725015595176333 0.6783273622432793 0.06199944935225874 0.08196602127163141
0 0.07484172881229609 0.6800668393300965 0.054907177258478414 0.08537495112591688
0 0.9436624143932067 0.8079390749537925 0.06469246392019394 0.12727274095011193
0 0.8630064690721564 0.8380098767140506 0.07314953744583222 0.11121375277823611
0 0.852447310955061 0.6950642264791682 0.0888667836630745 0.1231399930255875
0 0.8406734401922162 0.6292705869295161 0.07170688376435921 0.0963989259067935
0 0.8779005524861878 0.575147347740668 0.06298342541436464 0.13064833005893908
0 0.7399961974705168 0.6032817081532026 0.06852515904946567 0.1501062195998041
0 0.666637013136851 0.6771749098775728 0.07578721185120446 0.13003790553880373
0 0.5392265193370166 0.9744597249508841 0.08839779005524862 0.05108055009823183
0 0.42596685082872926 0.9896856581532416 0.07292817679558011 0.0206286836935167
0 0.5027179383358619 0.8148596172130724 0.055210150378615284 0.12266301902614854
0 0.5902424326541307 0.6903353267094917 0.06354246737039915 0.12522805160322703
0 0.5589148849417851 0.8499253621925756 0.059145089954688944 0.1258901586557661
0 0.5417681211967306 0.9219873341259711 0.06246000708176076 0.12613031706970168
0 0.4193370165745856 0.906188605108055 0.05966850828729282 0.09724950884086445
0 0.43066298342541437 0.9572691552062869 0.06022099447513812 0.08546168958742632
0 0.42679558011049723 0.8305500982318271 0.07458563535911603 0.11100196463654224
0 0.730110497237569 0.5279960707269156 0.06353591160220995 0.036345776031434185
0 0.592817679558011 0.5412573673870335 0.06077348066298342 0.06286836935166994
0 0.6072358297289819 0.5887437670390172 0.07469443557410742 0.1064222406296048
0 0.47771534703010593 0.6743113944667218 0.06693711685722095 0.10487955272596862
0 0.5348606214574221 0.740440244193468 0.051252698715489535 0.11845356112541089
0 0.5268251795364782 0.6926285315413925 0.05974448042677328 0.07984127912010118
0 0.5620698550131822 0.6518881645561208 0.06188688891699803 0.07705442991603204
0 0.5578005120154207 0.6087770689403429 0.04637225148322508 0.07396905410875969
0 0.4995755974646683 0.6139063202721081 0.0643219545389008 0.08703771823652084
0 0.5615698888226978 0.5529650462969636 0.043429723847581314 0.06591037592818785
0 0.5411602209944751 0.5338899803536346 0.0569060773480663 0.0481335952848723
0 0.5092422256418264 0.5663931342232361 0.05406203393895515 0.07256478719903633
0 0.5077348066298343 0.5324165029469549 0.0430939226519337 0.04518664047151277
0 0.3980662983425414 0.7406679764243614 0.01712707182320442 0.10019646365422397
0 0.41408839779005524 0.7647347740667977 0.049171270718232046 0.09921414538310412
0 0.40138121546961325 0.631139489194499 0.023756906077348067 0.12082514734774066
0 0.39779005524861877 0.5486247544204322 0.016574585635359115 0.07760314341846758
0 0.46829307392642705 0.7715317192129524 0.06539221872894581 0.10967106487460015