0 0.32167241936098084 0.18101659751037344 0.07754497259317517 0.09024896265560166
0 0.11161095061712069 0.24273858921161826 0.06057157545567501 0.10580912863070539
0 0.1563046893166723 0.274896265560166 0.061912530927912914 0.09336099585062241
0 0.0910990311332373 0.3086099585062241 0.04874685701899091 0.10062240663900415
0 0.06964168550597574 0.26089211618257263 0.05059693283624614 0.1037344398340249
0 0.04656090229972303 0.28060165975103735 0.05456861532143247 0.11825726141078838
0 0.24845578539152977 0.2992738589211618 0.06083735878128676 0.13174273858921162
0 0.2846993687441723 0.27800829875518673 0.048531713830855486 0.12966804979253113
0 0.3318764568764569 0.3433609958506224 0.07517482517482517 0.08921161825726141
0 0.3377039627039627 0.383298755186722 0.06351981351981352 0.07987551867219916
0 0.3207904878903352 0.31483402489626555 0.06708940345999913 0.0912863070539419
0 0.22377622377622378 0.47147302904564314 0.05710955710955711 0.05705394190871369
0 0.12031046240552523 0.3775933609958506 0.06777397811175319 0.09439834024896265
0 0.5553613053613053 0.03993775933609958 0.08508158508158509 0.07987551867219916
0 0.9258158825827394 0.262448132780083 0.059276056389900016 0.08402489626556017
0 0.6666440655681841 0.15093360995850622 0.06386443081417162 0.0995850622406639
0 0.5537095191587673 0.20072614107883818 0.06176527045244638 0.12448132780082988
0 0.6203379953379954 0.07261410788381743 0.060023310023310024 0.14522821576763487
0 0.7473294293133761 0.125 0.04795471077316894 0.11203319502074689
0 0.8586829836829837 0.050311203319502076 0.07051282051282051 0.10062240663900415
0 0.8545414396238483 0.13433609958506224 0.05395192338234754 0.11721991701244813
0 0.42045454545454547 0.4828838174273859 0.051864801864801864 0.03423236514522822
0 0.4557109557109557 0.4574688796680498 0.055944055944055944 0.08506224066390042
0 0.5683248077220971 0.4486514522821577 0.049199589701467865 0.07883817427385892
0 0.5891197531067851 0.40975103734439833 0.0518360642394805 0.08817427385892117
0 0.7301864801864801 0.48651452282157676 0.04079254079254079 0.026970954356846474
0 0.7587412587412588 0.4808091286307054 0.039627039627039624 0.038381742738589214
0 0.796037296037296 0.49221991701244816 0.03263403263403263 0.015560165975103735
0 0.40355516755655313 0.22147302904564314 0.053674645006607256 0.12655601659751037
0 0.8344988344988346 0.014004149377593362 0.07342657342657342 0.028008298755186723
0 0.7857058424870529 0.0741701244813278 0.06194647228424736 0.09439834024896265
0 0.8586829836829837 0.4766597510373444 0.035547785547785545 0.046680497925311204
0 0.9596956098361473 0.4559128630705394 0.03889128104375822 0.0487551867219917
0 0.8818245049041857 0.3869294605809129 0.047309825002813895 0.09232365145228216
0 0.9802670626421289 0.4149377593360996 0.02099571976016266 0.05394190871369295
0 0.752137180173443 0.4144190871369295 0.03525326459685276 0.06224066390041494
0 0.686079298628037 0.3049792531120332 0.05341460920605974 0.08298755186721991
0 0.8898691501495108 0.2479253112033195 0.04134655374997001 0.08817427385892117
0 0.7961405966961762 0.4320539419087137 0.047836187923023916 0.054979253112033194
0 0.6484047026813071 0.40560165975103735 0.0400792285154655 0.08506224066390042
0 0.48863636363636365 0.4901452282157676 0.04603729603729604 0.01970954356846473
0 0.7155841632631558 0.2225103734439834 0.04014711122813413 0.08713692946058091
0 0.5173275685152803 0.27074688796680496 0.05944576317157252 0.08921161825726141
0 0.4385460663843772 0.3008298755186722 0.05851785150041276 0.09647302904564316
0 0.4159352584357942 0.39522821576763484 0.05667927073328627 0.058091286307053944
0 0.8089568762690291 0.15612033195020747 0.05310913699904944 0.07365145228215768
0 0.9158239973881176 0.21161825726141079 0.0523906209909608 0.06950207468879668
0 0.8295454545454546 0.48184647302904565 0.03787878787878788 0.03630705394190872
0 0.7174204140618013 0.2821576763485477 0.049199589701467865 0.07883817427385892
0 0.9529837254647658 0.10892116182572614 0.051943635833548274 0.07365145228215768
0 0.9392648542894915 0.350103734439834 0.037720032353192885 0.06639004149377593
0 0.11334498834498835 0.5176348547717843 0.06468531468531469 0.035269709543568464
0 0.1168891034241593 0.6514522821576764 0.07757891394950962 0.0912863070539419
0 0.19986865438148707 0.6177385892116183 0.07289966671231218 0.1441908713692946
0 0.25445191041260573 0.5969917012448133 0.0627271234799406 0.11825726141078838
0 0.11666902840203627 0.7650414937759336 0.07398058638400264 0.08817427385892117
0 0.0685921053251132 0.7650414937759336 0.05154729081361188 0.13278008298755187
0 0.03336703455953085 0.8086099585062241 0.04069017292948623 0.1037344398340249
0 0.02768065268065268 0.7370331950207469 0.05536130536130536 0.09647302904564316
0 0.01282051282051282 0.6986514522821576 0.02564102564102564 0.08402489626556017
0 0.010198135198135198 0.641597510373444 0.020396270396270396 0.09232365145228216
0 0.3557692307692308 0.529045643153527 0.027389277389277388 0.058091286307053944
0 0.34003496503496505 0.549792531120332 0.058857808857808856 0.0995850622406639
0 0.33185618574645537 0.6535269709543569 0.047405901546753074 0.11307053941908714
0 0.3012735470992039 0.7422199170124482 0.06092248406914842 0.08091286307053942
0 0.2773787151349746 0.8936721991701245 0.04936354895807594 0.1016597510373444
0 0.3072856723150939 0.8879668049792531 0.04466760293973683 0.10062240663900415
0 0.1975332640105483 0.8672199170124482 0.04052621367287802 0.08091286307053942
0 0.23523659758259943 0.8547717842323651 0.04327025980495843 0.07572614107883817
0 0.2656526751077362 0.8335062240663901 0.04985597052195165 0.06327800829875518
0 0.16869860521452298 0.9024896265560166 0.06791549106215541 0.08091286307053942
0 0.15330922867164082 0.8563278008298755 0.06325923392521506 0.06327800829875518
0 0.10634141909767847 0.8936721991701245 0.061165821088554125 0.07053941908713693
0 0.055718622398643114 0.9180497925311203 0.0534824919187289 0.08506224066390042
0 0.2974941724941725 0.9797717842323651 0.06818181818181818 0.04045643153526971
0 0.3318764568764569 0.9642116182572614 0.04836829836829837 0.07157676348547717
0 0.3569347319347319 0.9683609958506224 0.02505827505827506 0.06327800829875518
0 0.36217948717948717 0.8070539419087137 0.014568764568764568 0.0954356846473029
0 0.3575174825174825 0.870850622406639 0.023892773892773892 0.10062240663900415
0 0.41679831594909367 0.7759336099585062 0.06822096326916584 0.09024896265560166
0 0.42424242424242425 0.9652489626556017 0.07342657342657342 0.06950207468879668
0 0.6891025641025641 0.9595435684647303 0.050699300699300696 0.08091286307053942
0 0.7547153637697365 0.9564315352697096 0.06603147388856587 0.07676348547717843
0 0.7759324009324009 0.9766597510373444 0.05303030303030303 0.046680497925311204
0 0.8275058275058275 0.9688796680497925 0.0675990675990676 0.06224066390041494
0 0.7808200733493164 0.9066390041493776 0.06149948712683457 0.09854771784232365
0 0.7389408653600208 0.83298755186722 0.04945962550201512 0.12240663900414937
0 0.8162401709653091 0.8303941908713693 0.0648205363166014 0.11099585062240663
0 0.771146669689238 0.6234439834024896 0.08000599282445099 0.11203319502074689
0 0.8006327774717595 0.7463692946058091 0.05202821732735885 0.12966804979253113
0 0.7546463934689651 0.7448132780082988 0.059739740328454485 0.1338174273858921
0 0.949009324009324 0.5134854771784232 0.06351981351981352 0.026970954356846474
0 0.885122718785972 0.6664937759336099 0.06893373175218992 0.11203319502074689
0 0.9142579179550201 0.7645228215767634 0.04277783824108259 0.11410788381742738
0 0.8797766832662645 0.7764522821576764 0.05008781249122875 0.08817427385892117
0 0.9554603568890814 0.7074688796680498 0.053408861680995574 0.10062240663900415
0 0.950849536158604 0.7593360995850622 0.05331853266212056 0.06224066390041494
0 0.9787296037296037 0.7214730290456431 0.042540792540792544 0.11099585062240663
0 0.9886363636363636 0.7007261410788381 0.022727272727272728 0.06535269709543569
0 0.9089191442377813 0.6338174273858921 0.059790924259981705 0.08195020746887967
0 0.9921328671328671 0.6478215767634855 0.015734265734265736 0.10477178423236515
0 0.8899359452740775 0.9201244813278008 0.06473020729772665 0.07261410788381743