0 0.18070650450808115 0.6797154382025021 0.060962022669898794 0.0972552584037108
0 0.23478055248383078 0.6477481602876564 0.07547957130019432 0.10149412653782913
0 0.14113292191869148 0.560959417694748 0.0756409602896973 0.1558357883636767
0 0.3341149839190922 0.5346396082208054 0.06991733616562709 0.1464839001795494
0 0.3308989943243066 0.5987483406326585 0.07203893245272845 0.12229562012005313
0 0.36038200662319503 0.6450052016301256 0.06671612403633834 0.14069359351527697
0 0.39495244085343617 0.7011492827175017 0.07238595183057431 0.13193159442412164
0 0.3870462659575261 0.7527378342711837 0.07716895232587016 0.09854432766701345
0 0.2854421330760453 0.34944787420894413 0.07442235223409627 0.1386177698573746
0 0.37718820504988704 0.07756432827967959 0.0975948331572035 0.1505041861589505
0 0.01684717208182912 0.47055674518201285 0.03369434416365824 0.11884368308351177
0 0.007521058965102286 0.565845824411135 0.015042117930204572 0.10171306209850108
0 0.038496382693689726 0.6230038916871538 0.07371307485721934 0.10230259778551824
0 0.45878459687123946 0.7483940042826552 0.06197352587244284 0.12205567451820129
0 0.07611311672683514 0.7906852248394004 0.04151624548736462 0.03747323340471092
0 0.017448856799037304 0.797644539614561 0.03489771359807461 0.023554603854389723
0 0.9704131944549935 0.6907388260691985 0.05907177263469514 0.12786752133258586
0 0.9130172986794911 0.6302029753611886 0.0674720395881448 0.1450636462828209
0 0.8600595796318279 0.463223472923935 0.0653970814759734 0.13730680703800466
0 0.8087316705921646 0.49451337587302857 0.06306745802443994 0.13909854457596565
0 0.7734412217526897 0.5507343494611061 0.06897671253685302 0.10374474523831391
0 0.7185529605064715 0.546528498364066 0.056881141396575026 0.11689869065308034
0 0.750785119495162 0.16375515060071077 0.07546341036763426 0.16752569276958018
0 0.710589651022864 0.028907922912205567 0.1022864019253911 0.057815845824411134
0 0.5770156438026474 0.014453961456102784 0.06257521058965103 0.028907922912205567
0 0.5938391458093732 0.24750819877682095 0.05400362955766752 0.13671691794503255
0 0.5783993300932531 0.20598183905860798 0.06341447740228587 0.1487345188800342
0 0.5553549939831528 0.1745182012847966 0.05174488567990373 0.13276231263383298
0 0.5400120336943441 0.1771948608137045 0.0210589651022864 0.1252676659528908
0 0.5511432009626955 0.07762312633832977 0.04332129963898917 0.10385438972162742
0 0.7493128785796234 0.616110522634661 0.05847816838376706 0.09476434069541913
0 0.804540539893095 0.6192894086807834 0.06513525798170663 0.09679637724118702
0 0.612762659470437 0.3686460226184857 0.05077194018600932 0.09684016435332136
0 0.6527715752430163 0.4417240360922226 0.060360337952690676 0.0971678608824194
0 0.6852594320504937 0.5137095805498179 0.05686590277539029 0.0998554671893609
0 0.7463898916967509 0.7730192719486081 0.05595667870036101 0.0728051391862955
0 0.6179302045728039 0.7944325481798715 0.05054151624548736 0.029978586723768737
0 0.5478339350180506 0.7392933618843683 0.036702767749699154 0.10171306209850108
0 0.5723040942048582 0.4424127995934521 0.049699482498726404 0.11692058420914751
0 0.6070166385702773 0.44422616563301415 0.05960442240088428 0.09279780811487533
0 0.6149241969332506 0.5185607614419079 0.0541273831498963 0.10691312626384648
0 0.6547241632300222 0.5302613475713788 0.054366809868073684 0.0803213260173498
0 0.587968098017971 0.528098568149629 0.05634133347548121 0.10190939729119597
0 0.5531865187015328 0.5617919029342341 0.04642923541841863 0.07597316680587303
0 0.54632972322503 0.4994646680942184 0.03369434416365824 0.09528907922912205
0 0.7157039711191335 0.7751605995717344 0.04512635379061372 0.06852248394004283
0 0.6153085007207323 0.7430177314509073 0.04508687377058875 0.08855893998075699
0 0.5622324517810434 0.6884906812103984 0.04450850814084541 0.07249898280730946
0 0.4756317689530686 0.8961456102783726 0.10770156438026474 0.1734475374732334
0 0.3712394705174489 0.8329764453961456 0.09626955475330927 0.047109207708779445
0 0.26594464500601683 0.9759100642398287 0.1095066185318893 0.048179871520342615
0 0.011432009626955475 0.8270877944325482 0.02286401925391095 0.035331905781584586
0 0.01444043321299639 0.8501070663811563 0.02888086642599278 0.08137044967880086
0 0.04271961492178099 0.8581370449678801 0.06257521058965103 0.0974304068522484
0 0.03489771359807461 0.9288008565310493 0.06618531889290012 0.1423982869379015
0 0.07821901323706378 0.936830835117773 0.08062575210589651 0.12633832976445397
0 0.15012033694344162 0.978051391862955 0.08724428399518652 0.043897216274089934
0 0.7082315051197609 0.9165170872151802 0.08641748886961036 0.13929505647163798
0 0.6432009626955475 0.9603854389721628 0.08784596871239471 0.07922912205567452
0 0.717208182912154 0.9850107066381156 0.05896510228640193 0.029978586723768737
0 0.7512033694344163 0.9850107066381156 0.048736462093862815 0.029978586723768737