0 0.06302228412256268 0.017945544554455444 0.06337047353760446 0.03589108910891089
0 0.027158774373259052 0.019801980198019802 0.04178272980501393 0.039603960396039604
0 0.1535515320334262 0.017945544554455444 0.07172701949860724 0.03589108910891089
0 0.22110027855153203 0.009282178217821782 0.056406685236768804 0.018564356435643563
0 0.18488857938718664 0.03032178217821782 0.057799442896935935 0.06064356435643564
0 0.108983286908078 0.04641089108910891 0.059192200557103065 0.09282178217821782
0 0.048071698825700455 0.0694553882596042 0.06321373170093976 0.08191046993171862
0 0.023328690807799445 0.13613861386138615 0.04665738161559889 0.0891089108910891
0 0.12313831382528949 0.28731436701495905 0.044127827525912544 0.06263748611774621
0 0.17547653752083245 0.18209919253609308 0.04850127407361087 0.11745334854020911
0 0.19813551734145396 0.20268856412144037 0.056391781281489424 0.08985300251253539
0 0.23278432051095618 0.06087309571066157 0.041233547455520284 0.09816815834874894
0 0.2681034205888037 0.06651506346160942 0.050496549769082945 0.06947435530986243
0 0.07339415787170386 0.3166380334231755 0.04612310322138462 0.01465849288739953
0 0.04258125763491602 0.3092898999685705 0.03811102068660377 0.034833096340815536
0 0.015668523676880222 0.30383663366336633 0.031337047353760444 0.053217821782178217
0 0.005222841225626741 0.28589108910891087 0.010445682451253482 0.07178217821782178
0 0.5548918914816493 0.1340167738391118 0.14129456948743818 0.18018617589916672
0 0.802924791086351 0.08663366336633663 0.0947075208913649 0.17326732673267325
0 0.9724930362116991 0.0655940594059406 0.05501392757660167 0.1311881188118812
0 0.9714484679665738 0.2271039603960396 0.057103064066852366 0.14975247524752475
0 0.9770194986072424 0.34777227722772275 0.04596100278551532 0.06435643564356436
0 0.06406220484276726 0.5471668603460302 0.07415852603664479 0.1559394391700598
0 0.14257123557302437 0.6983444258729754 0.06641730868779093 0.15019602698915654
0 0.06913634213053597 0.7505757608179671 0.054707895880911815 0.11438922763331515
0 0.018802228412256268 0.7660891089108911 0.037604456824512536 0.11386138613861387
0 0.25513295672590114 0.7778124740023538 0.053889941723926436 0.10689140168347613
0 0.29333189368691187 0.5971981687044218 0.06379389380332597 0.15980868358583972
0 0.30954038997214484 0.49504950495049505 0.03969359331476323 0.15841584158415842
0 0.32172701949860727 0.619430693069307 0.01532033426183844 0.1373762376237624
0 0.30919220055710306 0.7506188118811881 0.0403899721448468 0.07054455445544554
0 0.2479108635097493 0.9696782178217822 0.06963788300835655 0.06064356435643564
0 0.13126740947075208 0.9882425742574258 0.03690807799442897 0.023514851485148515
0 0.16364902506963788 0.9826732673267327 0.036211699164345405 0.034653465346534656
0 0.19707520891364902 0.974009900990099 0.034818941504178275 0.05198019801980198
0 0.4833889319246964 0.7283778745488667 0.06867599759155045 0.1183061426697011
0 0.3502785515320334 0.8038366336633663 0.04178272980501393 0.11262376237623763
0 0.43394394161032807 0.8611872918666622 0.056837557480129836 0.11708072528481263
0 0.3737807710483947 0.9145242902003548 0.05454579544504268 0.10448823753430551
0 0.4750670917054059 0.8804852658802833 0.053132775230391886 0.10310644702076585
0 0.6260047542104418 0.7049374162179921 0.05793918739988633 0.14190528390791923
0 0.6771784669443419 0.6990204762315518 0.053355663329712005 0.11672030840690446
0 0.6652035475507403 0.7771227336349302 0.07861511618071285 0.08844679924401992
0 0.751794993835304 0.740265777033757 0.082238848212516 0.09747058245856202
0 0.7499436493996526 0.6697933059538931 0.07597143874176407 0.096821832078327
0 0.6686641324574569 0.8393704418203944 0.03623732031803351 0.09023783214541993
0 0.7009039101749572 0.8273551985192132 0.045513133208439985 0.10478877741412015
0 0.6956800222601129 0.8917415726618245 0.05977236265948926 0.08402530057856265
0 0.7544605664391211 0.8391675529604836 0.08160325704588342 0.10111137037010916
0 0.6997458045017366 0.9483478905410141 0.05225403340995552 0.09189574978379786
0 0.8095560050017077 0.604116111684229 0.06923053854024853 0.10971485970864901
0 0.8444181509144555 0.6457572936074603 0.058243125717141096 0.16046964034356279
0 0.9899025069637883 0.44616336633663367 0.0201949860724234 0.1051980198019802
0 0.9937325905292479 0.5247524752475248 0.012534818941504178 0.13366336633663367
0 0.9623955431754875 0.4084158415841584 0.05988857938718663 0.05693069306930693
0 0.9139972144846796 0.3978960396039604 0.04387186629526462 0.03589108910891089
0 0.917033457589574 0.47955644746048226 0.05976491068184989 0.12603242512377302
0 0.9745821727019499 0.5185643564356436 0.05083565459610028 0.09158415841584158
0 0.9241471216706016 0.6158092895739848 0.05664774251213735 0.147949235968637
0 0.8673398328690808 0.4566831683168317 0.05362116991643454 0.15346534653465346
0 0.8180186364131661 0.5245178355151946 0.08355055565474848 0.09266425416022037
0 0.8311293055470695 0.4518767599791369 0.05948123491907862 0.10870569245050568
0 0.8016495471493321 0.7815947901443587 0.049035552467825136 0.10762444181678078
0 0.8521167497759069 0.7751311216523119 0.06443693694759822 0.11416077112908236
0 0.8942908734045321 0.8160154281319357 0.04776437013455998 0.11490601763987492
0 0.9190379430261868 0.9002342984162864 0.05000279648383568 0.08177850955804322
0 0.9028551532033426 0.9554455445544554 0.04665738161559889 0.0891089108910891
0 0.8662952646239555 0.9641089108910891 0.052924791086350974 0.07178217821782178
0 0.8263358291075358 0.8621007891415808 0.04004341534018977 0.11040022922134789
0 0.8463980618865979 0.9158115656200159 0.04479649182387276 0.10347907027616206