0 0.18953298828105622 0.18304819710133988 0.09103998380270413 0.17764774929966354
0 0.25945121951219513 0.03579175704989154 0.08841463414634146 0.07158351409978309
0 0.37103658536585366 0.04880694143167028 0.08231707317073171 0.09761388286334056
0 0.5451219512195122 0.04609544468546638 0.07195121951219512 0.09219088937093275
0 0.4789634146341463 0.028741865509761388 0.056707317073170734 0.057483731019522775
0 0.488170338229675 0.1967770367297004 0.07715254740872396 0.14064519333847156
0 0.5630831080167011 0.2605660780337212 0.08017659187118026 0.06045429976788643
0 0.7939024390243903 0.26898047722342733 0.07195121951219512 0.1019522776572668
0 0.6975346797496484 0.09203277753902812 0.07346917416350894 0.11350498583386873
0 0.6726775660196562 0.20839718380328226 0.052040631487651964 0.09810606369333462
0 0.6680172153922256 0.24642439336186694 0.03653539063045851 0.10553419430604087
0 0.654808263607019 0.05829384425512297 0.044424914591727205 0.09152275137475391
0 0.6365853658536585 0.022234273318872018 0.013414634146341463 0.044468546637744036
0 0.5267725052561422 0.7116466411081566 0.057055533483561446 0.11441921424504473
0 0.5920476799476044 0.6252471577203653 0.05022383184214382 0.08507825929027399
0 0.5908532559985831 0.5194609245545674 0.04970115500580577 0.10025002104773396
0 0.5295914711644671 0.5005628390353534 0.054218317459726786 0.10571718461462838
0 0.4943748387340266 0.5573531920161334 0.05521389717820423 0.07428906240122693
0 0.4176947413521893 0.6411579138545782 0.04891713975129855 0.12300766368392387
0 0.44212239119615293 0.6018410302516811 0.05123177957329556 0.09376135888876737
0 0.5397890987206437 0.6230751668839627 0.06487044683078222 0.07222082517451893
0 0.5628048780487804 0.3481561822125813 0.03902439024390244 0.05639913232104121
0 0.4707813303195211 0.3888621546789152 0.06412383751779965 0.05595184469729556
0 0.4205884688263132 0.378530433561337 0.047324373216935514 0.08830050533251392
0 0.4509146341463415 0.33676789587852496 0.061585365853658536 0.033622559652928416
0 0.39451219512195124 0.34164859002169196 0.06097560975609756 0.04338394793926247
0 0.34651552130257923 0.39286089359587284 0.04682663367494714 0.0774545183476983
0 0.36341463414634145 0.3286334056399132 0.036585365853658534 0.01735357917570499
0 0.2939019861691376 0.54911918787079 0.05201579482780278 0.07100371625257747
0 0.34955771524604456 0.5854371076774391 0.044325366683329585 0.08935355397779067
0 0.25228869618264144 0.8387326419738116 0.06597784183583102 0.13619321835300818
0 0.593609928988284 0.3468993063097825 0.042682826194767605 0.05356179692789919
0 0.5722184400331995 0.47896199865413497 0.03888733575947975 0.09038136258050372
0 0.12335710729068611 0.46190472750028105 0.03848914412588886 0.0817045729926513
0 0.06099396050610777 0.47882679407884277 0.04556981617280122 0.06334842525679708
0 0.040517508235367164 0.3981977163345925 0.0494896911763361 0.05580040444191277
0 0.016432192698958903 0.37186167362082984 0.03219258796798427 0.024182981909282787
0 0.02347560975609756 0.8199566160520607 0.04695121951219512 0.1019522776572668
0 0.04329172689907363 0.8175654835850218 0.06281714542695417 0.0938812490909455
0 0.12427113763002402 0.7809187200932817 0.05764045292127329 0.08732317681492845
0 0.08359792225672204 0.7786268390547008 0.06539302303261972 0.11016915960009183
0 0.08160078008243118 0.715168350177568 0.04454939979447464 0.06767420002944131
0 0.0785334475756149 0.6549762774171618 0.05927062539716084 0.0830037120529251
0 0.17046348045106283 0.6708442106528041 0.05584848993561434 0.10139771985262509
0 0.6698170731707317 0.9685466377440347 0.0774390243902439 0.06290672451193059
0 0.7664997135961644 0.6811607807879343 0.08215508139195907 0.11684712207828676
0 0.9646266540866186 0.8044411221053352 0.04739898383098346 0.11648745147175249
0 0.9765243902439025 0.7640997830802603 0.04695121951219512 0.11605206073752712
0 0.975609756097561 0.6437093275488069 0.04878048780487805 0.0878524945770065
0 0.8835046086719117 0.5920557490986994 0.07369320727465403 0.09182563188551951
0 0.912051279653456 0.5228556111917909 0.061585164584657445 0.10687750344080135
0 0.8322042515391544 0.5708843510069465 0.060054540017167375 0.11336616559976782
0 0.7813705126476986 0.5665273877469783 0.06519392721582434 0.10583076480616557
0 0.7272454081382814 0.5236829457175171 0.06775743680881555 0.08200745350341676
0 0.8859689225772575 0.3798905033327351 0.04853141676488277 0.10132199972493364
0 0.9129038221501745 0.4550271774675271 0.04544533097005392 0.08719697660210943
0 0.9424273195621836 0.40046596698479914 0.04844433750365957 0.08614392795683265
0 0.7940325044264712 0.45028918169554316 0.0690889655595101 0.07118039655052404
0 0.9082317073170731 0.3351409978308026 0.043292682926829265 0.03036876355748373
0 0.6628048780487805 0.4311279826464208 0.06585365853658537 0.09869848156182212
0 0.698780487804878 0.3644251626898048 0.0524390243902439 0.08893709327548807
0 0.7518784887571285 0.429023133444176 0.0585115474370033 0.07974360594683941
0 0.7871261921710057 0.392849620750507 0.07121687757738616 0.07770691877333631
0 0.7475609756097561 0.3552060737527115 0.045121951219512194 0.07049891540130152
0 0.7260510345065105 0.39131142441763883 0.04392717504973883 0.08067676438993818