0 0.14513513513513512 0.051923076923076926 0.06864864864864866 0.10384615384615385
0 0.1281394827642801 0.23967232715809847 0.06699324984163899 0.11219446281040898
0 0.05702702702702703 0.2610576923076923 0.047027027027027025 0.07788461538461539
0 0.07675675675675675 0.28894230769230766 0.06486486486486487 0.022115384615384617
0 0.40078434678740305 0.0912465506080816 0.0670188195149864 0.16984198612911308
0 0.436250326709735 0.21043651217806433 0.07223552151576253 0.15105906063437982
0 0.40405405405405403 0.26634615384615384 0.07081081081081081 0.0673076923076923
0 0.46955230298261846 0.08157194285792581 0.06725743460811999 0.13911753973348592
0 0.33 0.28894230769230766 0.04810810810810811 0.022115384615384617
0 0.22945945945945945 0.23173076923076924 0.08054054054054054 0.13653846153846153
0 0.49675675675675673 0.28509615384615383 0.07351351351351351 0.02980769230769231
0 0.5083783783783784 0.020673076923076922 0.0718918918918919 0.041346153846153845
0 0.5756756756756757 0.014423076923076924 0.043243243243243246 0.028846153846153848
0 0.6267567567567568 0.05961538461538462 0.026486486486486487 0.1
0 0.577027027027027 0.2533653846153846 0.04810810810810811 0.09326923076923077
0 0.6108108108108108 0.2456730769230769 0.05837837837837838 0.10865384615384616
0 0.9756756756756757 0.25721153846153844 0.04864864864864865 0.08557692307692308
0 0.8164864864864865 0.24086538461538462 0.05675675675675676 0.11826923076923077
0 0.7578121279040079 0.12090376916495194 0.06842343222128444 0.14786095463453927
0 0.6678378378378378 0.08557692307692308 0.055675675675675676 0.11538461538461539
0 0.6594594594594595 0.27692307692307694 0.03891891891891892 0.046153846153846156
0 0.03027027027027027 0.6288461538461538 0.06054054054054054 0.18269230769230768
0 0.1022279278328177 0.7072711178942142 0.09838904120680089 0.17436255672119916
0 0.1651745770428652 0.7648475591992767 0.0848849628635189 0.1742044858426473
0 0.41189496103736956 0.754064017936124 0.07443542435885074 0.1550843519749481
0 0.5534263347126965 0.6740377773037507 0.06907719480460278 0.15944420054660444
0 0.5768448826947999 0.5837453818082206 0.08343591014341041 0.1366149170954402
0 0.36675675675675673 0.9620192307692308 0.06432432432432432 0.07596153846153846
0 0.42 0.9831730769230769 0.05621621621621622 0.03365384615384615
0 0.4178623729006428 0.8943485312656008 0.05977478357263567 0.14714440465688156
0 0.6067793100717928 0.8547569926752026 0.0654471095818691 0.11975241738190597
0 0.6178378378378379 0.8274038461538461 0.04432432432432432 0.10480769230769231
0 0.6229729729729729 0.7466346153846154 0.03405405405405405 0.1528846153846154
0 0.632972972972973 0.64375 0.014054054054054054 0.18173076923076922
0 0.46753685952765717 0.8653180089008572 0.06882914454123755 0.18920710848069314
0 0.5167718566493302 0.9015825331735219 0.08022097241086158 0.13923082623843383
0 0.47297297297297297 0.9610576923076923 0.05621621621621622 0.07788461538461539
0 0.3108108108108108 0.9653846153846154 0.07675675675675675 0.06923076923076923
0 0.08057116110713466 0.8395023974006763 0.07452977606116538 0.1646997365903327
0 0.00891891891891892 0.7552884615384615 0.01783783783783784 0.13365384615384615
0 0.028648648648648647 0.775 0.057297297297297295 0.14423076923076922
0 0.2191982035779736 0.9038294202410128 0.077518269708159 0.1390069043704159
0 0.16402867742835484 0.9232774834851049 0.06243031042418118 0.14256063421720738
0 0.1253422880987804 0.9162292469262933 0.06738952699136068 0.15257907819502436
0 0.1564864864864865 0.9774038461538461 0.0654054054054054 0.04519230769230769
0 0.9813513513513513 0.35384615384615387 0.0372972972972973 0.1076923076923077
0 0.6524324324324324 0.42740384615384613 0.024864864864864864 0.1125
0 0.7014352332728919 0.5265597134292346 0.04300189231276289 0.08907010421800429
0 0.7409324334132773 0.5336751265484516 0.048093201263182964 0.11255008665735973
0 0.8742423366772363 0.6340703750044117 0.044082973393843976 0.08915967296521152
0 0.8708683689694259 0.5929586763342073 0.0555569819582045 0.10260014481088717
0 0.8946784765161352 0.5425701269925233 0.05021762274441932 0.10888307030562032
0 0.9611284499798869 0.7094827133634174 0.04353299768307192 0.08815335013006934
0 0.8565439043846192 0.7844036066645607 0.03869643832890147 0.09063490615225235
0 0.8862142872556132 0.8358604243776169 0.058070981256277805 0.08359329744813587
0 0.9079261568235295 0.9294115458382788 0.05030527511384945 0.06277400852537766
0 0.9042306392382712 0.9656141245747132 0.050229793751997584 0.05508170083306997
0 0.6713629613170001 0.7368758124305894 0.04267166135466147 0.05541625806415814
0 0.6591891891891892 0.6951923076923077 0.038378378378378375 0.06153846153846154
0 0.6513513513513514 0.78125 0.022702702702702703 0.06057692307692308
0 0.9716216216216216 0.9725961538461538 0.042702702702702704 0.05480769230769231
0 0.98 0.8822115384615384 0.04 0.08942307692307692
0 0.9535074807968904 0.9235804407923986 0.04190194089121891 0.08705745854772015
0 0.9910810810810811 0.9110576923076923 0.01783783783783784 0.06634615384615385
0 0.9360053455918477 0.8462305867491484 0.0430113274829944 0.09003164267954275
0 0.7185747282531189 0.6495154678351563 0.06893840308847733 0.0902582156894388