0 0.12589712918660287 0.0425531914893617 0.10227272727272728 0.0851063829787234
0 0.34898325358851673 0.07180851063829788 0.08074162679425838 0.14361702127659576
0 0.49491626794258375 0.04202127659574468 0.10825358851674641 0.08404255319148936
0 0.5337918660287081 0.08351063829787234 0.031698564593301434 0.16702127659574467
0 0.13490225958016494 0.12027029308543771 0.10097149326973587 0.11041900756591033
0 0.2568890710118913 0.21746660052832203 0.07914402006471746 0.15519801280435008
0 0.34024679654260037 0.25980005697227015 0.08657079418271996 0.14488160680288434
0 0.299472715485714 0.3161693210221519 0.09111754010420352 0.11957254012756513
0 0.2640232589478376 0.3562473106750596 0.06567851315429907 0.1270184591602365
0 0.2101518250381573 0.32791785733513046 0.07835462296795369 0.09460923675829797
0 0.18332152832259396 0.20536607456352285 0.0990668324710395 0.12521358093461005
0 0.09612582447250431 0.2070825106372107 0.08067139958999299 0.1106409663062412
0 0.15480526342808487 0.25318800368479943 0.08556649101069892 0.09597019750326254
0 0.11662396505696421 0.3309700485016551 0.06215966550773211 0.12899755325583936
0 0.050671837122379736 0.3149237148022224 0.0665145423524328 0.15255037405385352
0 0.028409090909090908 0.35212765957446807 0.056818181818181816 0.12340425531914893
0 0.037679425837320576 0.4329787234042553 0.07535885167464115 0.1
0 0.01555023923444976 0.6191489361702127 0.03110047846889952 0.14042553191489363
0 0.09604870247012624 0.45635295317742347 0.07437702739667375 0.10081888908969273
0 0.040265154859216085 0.6601736221293857 0.04349145500303149 0.08785395485976377
0 0.06818181818181818 0.6941489361702128 0.06578947368421052 0.07127659574468086
0 0.1223086124401914 0.7281914893617021 0.05442583732057416 0.0031914893617021275
0 0.11752392344497607 0.7 0.05203349282296651 0.059574468085106386
0 0.08003732402752246 0.5520971892895039 0.04796853182467051 0.06041722860997647
0 0.10324666073019313 0.5748961364535701 0.07354689697426388 0.05722662872624127
0 0.09723419337632414 0.6396288075394093 0.04067519713063311 0.09304929923021281
0 0.23143780859257124 0.6563702257628138 0.04759659122255272 0.12202031261697405
0 0.30529554618048377 0.6413183312400007 0.08641431776028037 0.08538142145721056
0 0.5254186602870813 0.3728723404255319 0.04844497607655503 0.12446808510638298
0 0.42874963317140535 0.38277455422326323 0.08223895433649375 0.15851330673177313
0 0.36530910032350494 0.40891044305501245 0.08139702636263606 0.15104173730799078
0 0.33830251862709976 0.44720742591747115 0.08137398936416164 0.11385721658108762
0 0.3252609250914721 0.4796909310588423 0.0964017103497779 0.09854355351432637
0 0.3204706163727433 0.5162444932395515 0.09249968265406609 0.08882051995035478
0 0.527511961722488 0.5191489361702127 0.04425837320574163 0.11063829787234042
0 0.4928150756866755 0.49301934591919716 0.07884230666686491 0.10950285377957457
0 0.48210444760797594 0.4451713216678259 0.07729778891883884 0.09881503408094558
0 0.4568744279576049 0.42921298538134833 0.08517151341010656 0.12038876078335708
0 0.2669486441711272 0.6967228091552251 0.047544618449879714 0.0657116166330024
0 0.5379784688995215 0.7239361702127659 0.02332535885167464 0.011702127659574468
0 0.5325956937799043 0.6632978723404256 0.03409090909090909 0.08404255319148936
0 0.3663277511961722 0.6978723404255319 0.042464114832535885 0.06382978723404255
0 0.42633269754851344 0.6852117252120339 0.05665524851559749 0.07033834947910159
0 0.21949760765550239 0.725531914893617 0.034688995215311005 0.00851063829787234
0 0.18307107072723602 0.6245402163858633 0.05763651468914397 0.08206523805182034
0 0.1516945861946101 0.5859567040663125 0.05383899064319903 0.07553369384955087
0 0.3740317677731958 0.6180648650946343 0.04645294985084275 0.06885358416841621
0 0.6799092965570243 0.06008036008359382 0.07940555824134464 0.1084637849054848
0 0.68813838153208 0.26601853184836927 0.06519082945538776 0.1121248421389599
0 0.8904281594439644 0.3159389844761 0.05220710746815677 0.11689925098595762
0 0.9423541992293022 0.31222973963328704 0.05041284909495117 0.11682496824652476
0 0.9826555023923444 0.2 0.034688995215311005 0.09574468085106383
0 0.9883373205741627 0.33085106382978724 0.02332535885167464 0.08936170212765958
0 0.7991798502514473 0.404839941276691 0.07683904099412586 0.1030455923167377
0 0.7283329099483674 0.42853865911966954 0.06139330540944282 0.1055932979366902
0 0.6955515249196147 0.45115012047922026 0.062235233383300385 0.11306486736047278
0 0.8946386364698837 0.44341329683458713 0.05800199841111702 0.14794840212089838
0 0.9793660287081339 0.6505319148936171 0.04126794258373206 0.08191489361702127
0 0.9381229176225919 0.6609311259101663 0.05880375116374949 0.06299058462104018
0 0.9192583732057417 0.6925531914893617 0.06339712918660287 0.07446808510638298
0 0.8421052631578947 0.6962765957446808 0.05980861244019139 0.06702127659574468
0 0.836157802523441 0.6290126743812774 0.0554998095924396 0.05329231197021263
0 0.5705741626794258 0.6771276595744681 0.041866028708133975 0.07765957446808511
0 0.6310056927422092 0.6482163970106151 0.05795592441416804 0.07357936066709228
0 0.962585460965832 0.48084765038784955 0.05059881939600993 0.0860234262430261
0 0.9859449760765551 0.502127659574468 0.028110047846889953 0.07446808510638298
0 0.938380669254726 0.534174435293878 0.05738677406396443 0.09267877501101672
0 0.5574162679425837 0.6212765957446809 0.01555023923444976 0.07021276595744681
0 0.5382775119617225 0.8776595744680851 0.022727272727272728 0.09574468085106383
0 0.5011961722488039 0.972872340425532 0.07057416267942583 0.05425531914893617
0 0.2750999288529311 0.9461771795880856 0.06484248395616539 0.10148654426661947
0 0.3974282296650718 0.9638297872340426 0.04844497607655503 0.07234042553191489
0 0.13337320574162678 0.9601063829787234 0.05741626794258373 0.0797872340425532
0 0.1431927235959003 0.9050295785411588 0.05449494831599777 0.11380680527683212
0 0.9712918660287081 0.8654255319148936 0.05741626794258373 0.1372340425531915