0 0.05361111111111111 0.6714426877470355 0.09833333333333333 0.07608695652173914
0 0.3819444444444444 0.658102766798419 0.09277777777777778 0.10276679841897234
0 0.30666666666666664 0.6600790513833992 0.11444444444444445 0.09881422924901186
0 0.2955777515284615 0.6152379647822415 0.10656535067691847 0.1732072514906269
0 0.2903953201501905 0.5257075672442224 0.07212877940981849 0.11488175284386676
0 0.33185225814681313 0.49476774436958265 0.057944592215826055 0.13470106037718985
0 0.39194444444444443 0.508893280632411 0.07611111111111112 0.12055335968379446
0 0.4022222222222222 0.6151185770750988 0.05555555555555555 0.13537549407114624
0 0.0868638090838974 0.5362304494843775 0.1022257705674959 0.18969511025996913
0 0.015277777777777777 0.5533596837944664 0.030555555555555555 0.17391304347826086
0 0.0325 0.3641304347826087 0.065 0.13537549407114624
0 0.07933309286131665 0.33763110203847413 0.09438984986089811 0.11725016270520068
0 0.09259634408534705 0.42125617501362383 0.08003858939992521 0.1469163864742037
0 0.12938336261279246 0.46888464188909823 0.07379925325069103 0.15737187142094186
0 0.1560460926907869 0.498634004929237 0.06846129954252421 0.13436854517990038
0 0.015277777777777777 0.10820158102766798 0.030555555555555555 0.0958498023715415
0 0.011666666666666667 0.06274703557312253 0.023333333333333334 0.0800395256916996
0 0.0075 0.0133399209486166 0.015 0.0266798418972332
0 0.02388888888888889 0.04298418972332016 0.04777777777777778 0.07806324110671936
0 0.04296604933182392 0.07513972242769142 0.07484054108143179 0.09927851629935149
0 0.05667224801350964 0.12774183325706562 0.0690402158011807 0.1068040810578404
0 0.1880178344270045 0.44492612679064253 0.07032220735347841 0.1394127767100143
0 0.22993891816834788 0.47513035263811637 0.08117306121413725 0.11938642904136476
0 0.22114727926606886 0.4065689608748661 0.0756291860101323 0.10524187674351329
0 0.29014103248997974 0.42761170262139275 0.08485602860718801 0.12848674980910238
0 0.22325702280485693 0.30516987832981596 0.0867402971212434 0.1059320105279352
0 0.22099391935220802 0.3533300504926735 0.08869058174146302 0.09915304123738874
0 0.14489081083290734 0.22193690968739324 0.06639066306152573 0.09579648908356471
0 0.11301060832199053 0.14405560532615716 0.05534556805657909 0.11088212528976367
0 0.1172881089139206 0.083698934608668 0.0728125600034971 0.1040812010049177
0 0.105699138704969 0.08495057872000526 0.06203559542634694 0.08369723474913562
0 0.04888888888888889 0.012845849802371542 0.052222222222222225 0.025691699604743084
0 0.16765132691229181 0.10309163112004295 0.04853518882603314 0.09271599044350944
0 0.22763570997206897 0.1487108809190879 0.05896251934346563 0.10420667606688044
0 0.2677211501926624 0.16746520367987255 0.058096177957049806 0.09626703103773845
0 0.30925375164543073 0.18778800660244516 0.06560201813282522 0.08983312863940296
0 0.33787070293231714 0.18266535839451126 0.052280365151042486 0.07520548269245605
0 0.37871355420116565 0.29116809632579127 0.046068196879115376 0.10044859533732496
0 0.3352054038379735 0.28402993425034034 0.06211329188406176 0.08567351933411581
0 0.1954327824498095 0.21768320455744747 0.07135181483266832 0.0951189069940645
0 0.23077847992085482 0.25684344856831365 0.0688576550084435 0.08806388418974918
0 0.2773887778313383 0.27945309627885634 0.07314670653745806 0.08438736853355747
0 0.25593590583785397 0.21306247754099134 0.04770769566847498 0.08576448770685756
0 0.2783989611960995 0.23466515541666147 0.046068196879115376 0.10044859533732496
0 0.4186111111111111 0.5014822134387352 0.02277777777777778 0.1373517786561265
0 0.42027777777777775 0.2816205533596838 0.019444444444444445 0.08498023715415019
0 0.19099621118270937 0.16122106712862633 0.06299131362202792 0.07981367895761739
0 0.1532184334049316 0.1588746122615919 0.05596333254409324 0.08430580346019369
0 0.6625 0.6768774703557312 0.11388888888888889 0.06521739130434782
0 0.6744995190559665 0.5823625141975428 0.09029884665037735 0.16825398833325497
0 0.8533333333333334 0.6348814229249012 0.10888888888888888 0.1492094861660079
0 0.9167101903411043 0.5407272756366427 0.1046772749886572 0.15337539226238248
0 0.955 0.6585968379446641 0.09 0.10177865612648221
0 0.7552476709976387 0.43015411540847026 0.08794839939003218 0.17895102010454064
0 0.6977767424620489 0.46256360002692365 0.09777751894884558 0.14703245823678862
0 0.5914751973808562 0.4934187094326558 0.10712090623247403 0.17324175817984797
0 0.5952589631057909 0.6178556249079684 0.10056697707817383 0.13340550627725342
0 0.4914188286246731 0.5069185911888295 0.09844961919097364 0.15003139180348024
0 0.4583333333333333 0.4550395256916996 0.056666666666666664 0.14130434782608695
0 0.48013899948841066 0.3539227934515058 0.09123907732030188 0.1357833194379652
0 0.5206285389378017 0.34066601177402484 0.07416056766195918 0.1524656666477124
0 0.5626389994884107 0.3590470368008382 0.06458409100518565 0.12032751294971225
0 0.5605917237105134 0.29287600989322143 0.08610704510797278 0.10392121925373392
0 0.6452575771765524 0.3178493658154091 0.08106032370177091 0.15880860067330616
0 0.4469444444444444 0.31719367588932806 0.03388888888888889 0.09486166007905138
0 0.4692184517618471 0.24530713215318464 0.06064086636168276 0.09051071072890317
0 0.7572117983854442 0.28980967903311317 0.07681012040161402 0.1634732586219881
0 0.7992863714551148 0.30277317479584154 0.07454904995053425 0.1623470895726136
0 0.8360676792212508 0.2868217439071982 0.08174410429544954 0.14800804883435714
0 0.8697798474931778 0.26328671237877355 0.07031052700192782 0.15321226211565492
0 0.9250884709080027 0.394373994630753 0.10560963248123749 0.17709080728214532
0 0.9652777777777778 0.32460474308300397 0.06944444444444445 0.13932806324110672
0 0.5862522730155569 0.24074758941356475 0.07596713971829937 0.127934642781565
0 0.625036297569424 0.22639914537593042 0.0655631699039677 0.08884498634691285
0 0.640063594861197 0.17163881321609264 0.08511247868343415 0.10681663275276197
0 0.9841666666666666 0.3641304347826087 0.03166666666666667 0.15316205533596838
0 0.6852735823601733 0.06700239867534713 0.09184516145626541 0.12300648301403597
0 0.6716666666666666 0.03557312252964427 0.09111111111111111 0.07114624505928854
0 0.5669444444444445 0.0291501976284585 0.051666666666666666 0.058300395256917
0 0.47991226794890535 0.059175635125992734 0.04819723511786593 0.07002322440545786
0 0.9265066900902338 0.2894819073727663 0.08061750565858196 0.11935192235214372
0 0.9319088857319285 0.23658806388278467 0.058574037054890546 0.09432525314197926
0 0.7086317917403124 0.27348492946687186 0.09038822345964288 0.1564307875125946
0 0.5306851665229172 0.1806167654301578 0.05715214011291936 0.08635110142361613
0 0.4928238521116491 0.1831937686809634 0.06329041910133754 0.10151830270317885
0 0.44333333333333336 0.22430830039525693 0.02666666666666667 0.10869565217391304
0 0.45111111111111113 0.2692687747035573 0.042222222222222223 0.08596837944664032
0 0.4766506614830457 0.13832426274540466 0.056208102268788786 0.0764351718094939
0 0.44305555555555554 0.050889328063241104 0.026111111111111113 0.10177865612648221
0 0.5102777777777778 0.02816205533596838 0.05611111111111111 0.05632411067193676
0 0.5461111111111111 0.041501976284584984 0.06 0.08300395256916997
0 0.9716666666666667 0.0825098814229249 0.056666666666666664 0.14130434782608695
0 0.8697470982690279 0.11443954644958713 0.06500761434841214 0.08881047965769169
0 0.7841666666666667 0.029644268774703556 0.055 0.05928853754940711
0 0.8175 0.03359683794466403 0.05722222222222222 0.06719367588932806
0 0.7258017112094897 0.19569304022423234 0.07127411837495326 0.09314262240908415
0 0.25555555555555554 0.9688735177865613 0.06555555555555556 0.06225296442687747
0 0.3446299065101248 0.8978810833491295 0.09121190944299491 0.12099569173983447
0 0.3548242770688784 0.8329632747506218 0.07353518882603301 0.09426879145845865
0 0.31472222222222224 0.7742094861660079 0.065 0.12944664031620554
0 0.019166666666666665 0.8606719367588933 0.03833333333333333 0.1324110671936759
0 0.16722222222222222 0.75 0.07 0.08102766798418973
0 0.15138888888888888 0.724802371541502 0.058333333333333334 0.030632411067193676
0 0.11416666666666667 0.7361660079051383 0.055 0.0533596837944664
0 0.4461111111111111 0.7653162055335968 0.03222222222222222 0.11166007905138339
0 0.5094444444444445 0.7648221343873518 0.10888888888888888 0.11067193675889328
0 0.5805555555555556 0.7677865612648221 0.09444444444444444 0.116600790513834
0 0.8097222222222222 0.9481225296442688 0.08277777777777778 0.10375494071146245
0 0.8161111111111111 0.7475296442687747 0.07111111111111111 0.07608695652173914
0 0.8736111111111111 0.7529644268774703 0.06277777777777778 0.08695652173913043
0 0.8448511861172532 0.854219395310816 0.0680494565508482 0.15208609306628043
0 0.8847222222222222 0.9145256916996047 0.07944444444444444 0.17094861660079053
0 0.9386111111111111 0.933300395256917 0.08833333333333333 0.13339920948616601
0 0.9153970943228275 0.8231148890353035 0.063228210169379 0.12812913122196987
0 0.9280555555555555 0.7460474308300395 0.07611111111111112 0.07312252964426877
0 0.9647222222222223 0.8087944664031621 0.07055555555555555 0.10968379446640317