0 0.24717514124293785 0.3888329979879276 0.07288135593220339 0.08148893360160966
0 0.29380683134059715 0.2934362205956766 0.07434540025639921 0.14636986256400597
0 0.13946007066192972 0.2523187697520965 0.05548229413037451 0.12833052161467742
0 0.09378531073446328 0.39436619718309857 0.05423728813559322 0.07042253521126761
0 0.07488009118174864 0.38045043119091493 0.026322894629608764 0.09470300211398602
0 0.1553672316384181 0.42052313883299797 0.06666666666666667 0.018108651911468814
0 0.3722170658595541 0.1780649013737647 0.07763144141394777 0.1565765880581636
0 0.13898179206336547 0.13737644051671155 0.05074348178966047 0.1110229972709455
0 0.2141001157460934 0.06699866076334507 0.06011741036342863 0.10649045147623191
0 0.15028248587570622 0.05080482897384306 0.0655367231638418 0.10160965794768612
0 0.31517816457345527 0.07725401241382301 0.0718895806629923 0.10509310499032534
0 0.25480225988700567 0.01659959758551308 0.05649717514124294 0.03319919517102616
0 0.4053672316384181 0.03219315895372234 0.06271186440677966 0.06438631790744467
0 0.4480225988700565 0.1966800804828974 0.04293785310734463 0.1096579476861167
0 0.3042372881355932 0.02464788732394366 0.05593220338983051 0.04929577464788732
0 0.2861581920903955 0.04124748490945674 0.05367231638418079 0.08249496981891348
0 0.11864406779661017 0.02716297786720322 0.05310734463276836 0.05432595573440644
0 0.11256079127497898 0.0958616309308208 0.06516759075692048 0.09370470729352082
0 0.06411744505233641 0.04116202549677756 0.052611410376529756 0.07799943808526263
0 0.8327683615819209 0.37525150905432597 0.10282485875706214 0.10865191146881288
0 0.5437853107344632 0.4134808853118712 0.07401129943502825 0.03219315895372234
0 0.48192090395480225 0.3319919517102616 0.024858757062146894 0.10462776659959759
0 0.4929378531073446 0.23843058350100604 0.04689265536723164 0.10663983903420524
0 0.49830508474576274 0.07344064386317907 0.0576271186440678 0.0744466800804829
0 0.5440728270994551 0.16298512374789995 0.06642433610906258 0.10882452321730204
0 0.6710415169546441 0.20318586848527476 0.05857240270016585 0.09737758019204974
0 0.7612179122295851 0.215385493726647 0.08361563272250733 0.10268972228711494
0 0.7710994677953197 0.04979395235380397 0.05279588333672438 0.08202358295447769
0 0.9435769860864827 0.20977929367562 0.061570181546593925 0.11359125032580644
0 0.9748587570621469 0.20020120724346077 0.05028248587570622 0.08651911468812877
0 0.9875706214689266 0.2917505030181087 0.024858757062146894 0.09054325955734406
0 0.946045197740113 0.01659959758551308 0.05706214689265537 0.03319919517102616
0 0.9129943502824859 0.03470824949698189 0.04971751412429379 0.06941649899396378
0 0.8333333333333334 0.03822937625754527 0.04971751412429379 0.07645875251509054
0 0.5 0.16348088531187122 0.061016949152542375 0.09959758551307847
0 0.4901129943502825 0.39134808853118713 0.04124293785310734 0.07645875251509054
0 0.5369065645044425 0.3447756989223877 0.07033302012890097 0.10802339564956516
0 0.511864406779661 0.3797786720321932 0.04971751412429379 0.09959758551307847
0 0.0635593220338983 0.920020120724346 0.08305084745762711 0.15995975855130784
0 0.1948105790753344 0.6061173441907061 0.06725446442993817 0.12693317512877084
0 0.3822830011422171 0.7182027452321145 0.05982914805230789 0.11249739611583097
0 0.4610169491525424 0.6091549295774648 0.01694915254237288 0.08148893360160966
0 0.426281900122112 0.5714409067426439 0.05723488049548895 0.1173812138812308
0 0.375567114022991 0.5286673725951273 0.04731908591196575 0.09779816312487638
0 0.2965690351191294 0.5451490330621795 0.06600927194862466 0.09977019726156763
0 0.3201423045169615 0.4876570932363154 0.06843061941607768 0.07881907268353042
0 0.36889706541401507 0.4876740881484197 0.052622963247358455 0.06595627614184041
0 0.9394201018303598 0.6892647196762448 0.06335733328092857 0.11569114075308573
0 0.8982523508809049 0.559668578564668 0.06431435669438737 0.09968237926889599
0 0.8362956143778805 0.6036298333885397 0.06368016096126913 0.1227333942742125
0 0.9697740112994351 0.5835010060362174 0.060451977401129946 0.096579476861167
0 0.9062197663764555 0.4752732441511961 0.0461545770399212 0.08469041963570292
0 0.9524609899475918 0.4696399492112338 0.05534403265349458 0.07613372897177416
0 0.8663841807909605 0.45875251509054327 0.0480225988700565 0.05835010060362173
0 0.7599147222859631 0.689498720185332 0.05709652577534323 0.11436310522931921
0 0.7162677196500128 0.7148375393553904 0.05661223763319937 0.12838906694312496
0 0.7165619915047128 0.5798623037666005 0.045289790106559494 0.1027112535545002
0 0.6927984727112718 0.6393516796949603 0.048760397467568745 0.06776343992688111
0 0.6721656374004216 0.5519690214122277 0.05227693658209452 0.13217903049854954
0 0.6920435312940486 0.4937837911602566 0.04322592893193303 0.09457514582339797
0 0.6606584838054219 0.6452137731318671 0.0457740782487033 0.08868529184069444
0 0.6482983758776875 0.5969001448539062 0.035143404322793094 0.07809802171162657
0 0.6153916129539876 0.6167735636725068 0.05178118881238804 0.10906947016478562
0 0.5548531755081748 0.6056077351942352 0.04428674169631799 0.0685352948303941
0 0.5446492584784303 0.5182636030909922 0.06042877841620651 0.07639718294978888
0 0.5176573230166848 0.5810984697945721 0.04361798059397953 0.07853711167498457
0 0.48926553672316386 0.579979879275654 0.03954802259887006 0.07344064386317907
0 0.47401129943502823 0.46579476861167 0.00903954802259887 0.05835010060362173
0 0.6940677966101695 0.9647887323943662 0.07062146892655367 0.07042253521126761
0 0.5590395480225989 0.9451710261569416 0.061581920903954805 0.1096579476861167
0 0.5911262902256275 0.8067110122117893 0.05620872634359024 0.10729157904396856
0 0.5503792400071257 0.7539156420707238 0.04904856653542325 0.11093517927827384
0 0.5382786520783392 0.6559349480252309 0.0459239858396779 0.07966023854918369
0 0.506011768079906 0.695914454857796 0.06273478366190484 0.07752030982398822
0 0.5302705218050902 0.9300174012136557 0.05318784175550481 0.11516423279705632
0 0.5377190371676438 0.8711881723487596 0.04033193943643098 0.06833038618082715
0 0.5713117506350259 0.8970162197569231 0.05767305039758426 0.1023492159501211
0 0.5086459112250289 0.9439516742363706 0.05239227880384915 0.11010477904631331