0 0.0994822762769547 0.3537893543696451 0.059497517765767144 0.13773724876091878
0 0.18460533276113342 0.33497061808859463 0.05646929078318145 0.12935712001483576
0 0.2594282357552411 0.23534015746361098 0.07510567920775874 0.13751669296095992
0 0.3115253112808737 0.25117947430790394 0.06230684349424372 0.13274289191029398
0 0.36809601631888816 0.1864725254295785 0.042502401835668654 0.08854515329725789
0 0.37520933325475697 0.33798201490909696 0.06009306002747939 0.1387959905595181
0 0.4170107083854908 0.34405713215891875 0.06118311320285314 0.13474063465054392
0 0.48461404418694165 0.4049149940442796 0.05279500586485826 0.11683182971706749
0 0.4452165126630196 0.2803026054860329 0.04527805044812828 0.08149318327790868
0 0.4661458333333333 0.5704732510288066 0.06076388888888889 0.03806584362139918
0 0.5214120370370371 0.559156378600823 0.061342592592592594 0.060699588477366256
0 0.5532342691070975 0.29788280378607 0.05807069343022525 0.12121647298265019
0 0.004340277777777778 0.257201646090535 0.008680555555555556 0.07407407407407407
0 0.054165225799514403 0.2567696276536039 0.055396076165816106 0.13444128250817233
0 0.02228009259259259 0.04989711934156379 0.04456018518518518 0.07098765432098765
0 0.18095668858660566 0.1297386721154663 0.06383024608266362 0.0845087233022219
0 0.25318287037037035 0.027777777777777776 0.06539351851851852 0.05555555555555555
0 0.36863425925925924 0.02417695473251029 0.05439814814814815 0.04835390946502058
0 0.3255208333333333 0.016975308641975308 0.03761574074074074 0.033950617283950615
0 0.3695023148148148 0.006172839506172839 0.0642361111111111 0.012345679012345678
0 0.3951767335755634 0.036283278063154345 0.042232984907534035 0.07208424794746364
0 0.4451388955111784 0.04554012535892354 0.04659319760902931 0.05586282431156661
0 0.4615162037037037 0.018518518518518517 0.031828703703703706 0.037037037037037035
0 0.5743634259259259 0.047839506172839504 0.030671296296296297 0.07098765432098765
0 0.44189002763823765 0.13014174699051623 0.040530550912439754 0.07405205547347639
0 0.4718975576226654 0.17646952484437936 0.04398593457665356 0.0732028601745372
0 0.46816037156748086 0.23123575552947004 0.06684163450724104 0.09186004546394277
0 0.5645254629629629 0.2088477366255144 0.050347222222222224 0.08641975308641975
0 0.5723379629629629 0.1404320987654321 0.034722222222222224 0.060699588477366256
0 0.22798323560868125 0.13657317902151586 0.03496241512951209 0.08712718892781264
0 0.3900491137597802 0.25381049557712315 0.06284741698675826 0.05978743006329336
0 0.4107003193207301 0.2239112758953271 0.05520639893255148 0.05219662618767551
0 0.5234185388989631 0.033253451154891714 0.05243075032009159 0.05924859620702459
0 0.6085069444444444 0.448559670781893 0.03761574074074074 0.13786008230452676
0 0.6501932671326034 0.3231340226152718 0.08825812463945022 0.16389543228323078
0 0.7027250488007455 0.3832269901942553 0.06611583687663396 0.15349863488295964
0 0.7911581346584805 0.3189312177016107 0.0713746858839924 0.15685447156418045
0 0.8590920488886814 0.4353745703567641 0.07860538581457975 0.17470340606918275
0 0.9632523148148148 0.3662551440329218 0.07349537037037036 0.13991769547325103
0 0.9661458333333334 0.4742798353909465 0.06770833333333333 0.16049382716049382
0 0.776090163802221 0.4422422900607014 0.10526562603238485 0.14318855043874054
0 0.7965856481481481 0.5195473251028807 0.0943287037037037 0.13991769547325103
0 0.8634259259259259 0.5555555555555556 0.08680555555555555 0.06790123456790123
0 0.9864004629629629 0.30349794238683125 0.027199074074074073 0.1419753086419753
0 0.9176478601308836 0.2619339479356914 0.0653350704768293 0.14112302065637677
0 0.8659043943234274 0.2676995693630033 0.06196387960265755 0.14711624887712677
0 0.6073495370370371 0.2752057613168724 0.03530092592592592 0.09773662551440329
0 0.6128543887763208 0.05889382776917652 0.0462103638700084 0.10312805676375074
0 0.6478587962962963 0.014917695473251029 0.041087962962962965 0.029835390946502057
0 0.6996527777777778 0.05452674897119342 0.0798611111111111 0.10905349794238683
0 0.5975115740740741 0.10596707818930041 0.015625 0.08847736625514403
0 0.6200810185185185 0.1697530864197531 0.06076388888888889 0.09670781893004116
0 0.6255787037037037 0.227880658436214 0.07175925925925926 0.11213991769547325
0 0.6926486325667385 0.19222818807374323 0.09978787577091716 0.12645822816081193
0 0.8362619897018894 0.22598645353165125 0.06541926326687136 0.14626705357818748
0 0.8911187451000963 0.18041719971385542 0.10135560130194426 0.11625996795990207
0 0.905424144844023 0.13437139443175516 0.08961314164778618 0.10537319783153754
0 0.8226894501381109 0.12217625711075572 0.06253193747977101 0.11116788885292611
0 0.7812593931016847 0.08570644280089501 0.05640812928256596 0.09029240502331175
0 0.7743055555555556 0.032407407407407406 0.052083333333333336 0.06481481481481481
0 0.8246527777777778 0.02880658436213992 0.05324074074074074 0.05761316872427984
0 0.8761574074074074 0.021604938271604937 0.041666666666666664 0.043209876543209874
0 0.9241898148148148 0.02263374485596708 0.05555555555555555 0.04526748971193416
0 0.9733796296296297 0.02726337448559671 0.04513888888888889 0.05452674897119342
0 0.9936342592592593 0.0684156378600823 0.01273148148148148 0.09567901234567901
0 0.44675925925925924 0.9624485596707819 0.05092592592592592 0.07510288065843622
0 0.5610532407407407 0.9465020576131687 0.05150462962962963 0.10699588477366255
0 0.4557288877644415 0.908752206116785 0.06098724323817035 0.08744546698412266
0 0.49359498032772214 0.8867147535820709 0.04028861836890432 0.094598251946482
0 0.5249123345597558 0.8892134783507131 0.05485724230954713 0.10151947180858387
0 0.4226931307974282 0.8543436516592106 0.043316845351489885 0.10297838069256501
0 0.4641324769309814 0.8382994273452463 0.056290259376507064 0.08309075893277677
0 0.48487939092668664 0.7965539643361671 0.06126285289772287 0.0689568836798412
0 0.5760995370370371 0.6790123456790124 0.027199074074074073 0.07818930041152264
0 0.37008101851851855 0.9891975308641975 0.07581018518518519 0.021604938271604937
0 0.4140625 0.9583333333333334 0.048032407407407406 0.08333333333333333
0 0.30395474382440946 0.8718122106129296 0.047670865321566995 0.12170644571074356
0 0.29592730875413226 0.7883087289511426 0.03998552432475288 0.07607973342796348
0 0.26357883629975415 0.7935859239936908 0.04224363073412455 0.10806254318590136
0 0.21177420899168242 0.7602269600010042 0.04990768007775791 0.08173266499180601
0 0.19618055555555555 0.9629629629629629 0.059027777777777776 0.07407407407407407
0 0.13657407407407407 0.9670781893004116 0.05555555555555555 0.06584362139917696
0 0.12043831551830177 0.8771864471886597 0.05742463549448802 0.11707131143096457
0 0.15597313761554188 0.6596308408037832 0.061004081796178763 0.08847427356848468
0 0.26851851851851855 0.6018518518518519 0.05787037037037037 0.024691358024691357
0 0.0664230011091746 0.8326153840178195 0.0637965689666468 0.08245111013349762
0 0.07390008667846978 0.9001873312291121 0.06743717676895303 0.09291878726254198
0 0.005497685185185185 0.7685185185185185 0.01099537037037037 0.08024691358024691
0 0.36863425925925924 0.617798353909465 0.04282407407407408 0.056584362139917695
0 0.3394097222222222 0.6234567901234568 0.050347222222222224 0.06790123456790123
0 0.39565217938363056 0.6353914187823174 0.034440419831251796 0.05523418481258636
0 0.41203703703703703 0.6003086419753086 0.03125 0.021604938271604937
0 0.5593171296296297 0.6234567901234568 0.041087962962962965 0.06790123456790123
0 0.4513194121138267 0.6747286433886354 0.046166040927401335 0.06509214835658869
0 0.4181174961143154 0.6455557854621705 0.04365980924307606 0.08860502372573212
0 0.49247685185185186 0.6141975308641975 0.04861111111111111 0.04938271604938271
0 0.5804398148148148 0.897119341563786 0.018518518518518517 0.09670781893004116
0 0.004918981481481482 0.6368312757201646 0.009837962962962963 0.07407407407407407