0 0.4476615309068674 0.29364022294563535 0.07904964871641117 0.10625607713268514
0 0.21528662420382166 0.37895927601809953 0.08280254777070063 0.08144796380090498
0 0.010828025477707006 0.16063348416289594 0.02165605095541401 0.11085972850678733
0 0.05784149244524583 0.2648652353105457 0.09109292260608343 0.13649752939078402
0 0.029936305732484077 0.3998868778280543 0.05987261146496815 0.03959276018099547
0 0.08057324840764331 0.36538461538461536 0.05796178343949045 0.1085972850678733
0 0.7840764331210192 0.07805429864253394 0.06496815286624204 0.15610859728506787
0 0.7388262411271234 0.2677690409349752 0.0710666374544069 0.153122076809267
0 0.9420443182954277 0.28416978068955323 0.06731777022348075 0.09185172894698451
0 0.8704196152208401 0.36144818462630984 0.06385199462594443 0.10967471394089116
0 0.9211637252143613 0.35438907852354146 0.04228491378388504 0.11263241322008812
0 0.9613204322185698 0.3426101494798086 0.06070367566016259 0.07894735250394817
0 0.37238806547884595 0.9107072603111341 0.07027399708087678 0.14515743102016687
0 0.08280254777070063 0.9745475113122172 0.05222929936305733 0.05090497737556561
0 0.035668789808917196 0.9773755656108597 0.048407643312101914 0.04524886877828054
0 0.837569538275987 0.6385591112339154 0.0796218932182044 0.20005529234181546
0 0.739714927554846 0.6919118946487731 0.1066323052682935 0.18280655448578562
0 0.6628531372622896 0.7292748821342276 0.08954606568068771 0.18721813175474594
0 0.5060509554140128 0.918552036199095 0.03248407643312102 0.11312217194570136
0 0.7575564119001109 0.8553023677075755 0.07792539982945058 0.17846989216633014
0 0.8751673668153576 0.8039441014923748 0.07339198287165699 0.1419942346263005
0 0.824015815370902 0.8064552738408646 0.06289759531903041 0.1581789666188399
0 0.8833606808907227 0.8971652200168592 0.06655546302495197 0.1177776409886939
0 0.9840764331210191 0.7664027149321267 0.03184713375796178 0.1436651583710407
0 0.95828025477707 0.8602941176470589 0.08343949044585987 0.18438914027149322
0 0.9697452229299363 0.9807692307692307 0.05286624203821656 0.038461538461538464
0 0.5920554530595651 0.8647881577465699 0.08362755073088207 0.14499417811162904
0 0.6553544150945486 0.9139886034494119 0.064741695759492 0.1549235827191717
0 0.7006369426751592 0.919683257918552 0.07006369426751592 0.16063348416289594
0 0.6589171974522293 0.9807692307692307 0.07197452229299363 0.038461538461538464