0 0.045744680851063826 0.028409090909090908 0.09148936170212765 0.056818181818181816
0 0.09645390070921986 0.019570707070707072 0.10638297872340426 0.039141414141414144
0 0.35709219858156027 0.13636363636363635 0.024822695035460994 0.10101010101010101
0 0.3574468085106383 0.04292929292929293 0.024113475177304965 0.08585858585858586
0 0.33404255319148934 0.09659090909090909 0.07092198581560284 0.12247474747474747
0 0.30732876614407095 0.09278894005971662 0.06780557870453635 0.12238173137955291
0 0.3180851063829787 0.039141414141414144 0.06453900709219858 0.07828282828282829
0 0.3404255319148936 0.020202020202020204 0.05531914893617021 0.04040404040404041
0 0.2946808510638298 0.017045454545454544 0.0574468085106383 0.03409090909090909
0 0.23074979589431668 0.06208975325695145 0.07630383752373597 0.12191316237879095
0 0.17644594823900195 0.2166407375455709 0.07631621700240852 0.12317578864141722
0 0.15369000479295797 0.3695097190840699 0.06368643382099745 0.13587359163750964
0 0.1067115869973581 0.21053236161044406 0.08168927880569303 0.16530565537750458
0 0.18016616560979748 0.09014651124823422 0.06214419931796051 0.12311498613426963
0 0.35106382978723405 0.23232323232323232 0.03687943262411347 0.16161616161616163
0 0.21797962752479477 0.35278888066852043 0.05194277277298125 0.09441080821765017
0 0.1492817369475275 0.42164133876343457 0.06283224979259534 0.048752379516297524
0 0.11774002247759299 0.42269202838224174 0.0424629455648304 0.0670354280021458
0 0.08021407276728641 0.31139938188088545 0.06292769604815153 0.13075691514851576
0 0.02375886524822695 0.30176767676767674 0.0475177304964539 0.13383838383838384
0 0.022340425531914895 0.2297979797979798 0.04468085106382979 0.1388888888888889
0 0.04521551552279166 0.23140770619123072 0.07547082287885507 0.10922072831403977
0 0.031914893617021274 0.3541666666666667 0.06382978723404255 0.11994949494949494
0 0.28391671032838467 0.3125771135174075 0.04771221258138986 0.09653903211197055
0 0.4495069836994339 0.3516647702733311 0.07079101188123028 0.13779793228502282
0 0.5536251391746612 0.21138809351065307 0.06887380344419462 0.1590640644342032
0 0.49614917675425363 0.25585630845040663 0.0824851550145566 0.1742102106543771
0 0.5055972498871226 0.3401240953195933 0.07059294022247024 0.11759591208300263
0 0.46418439716312054 0.4412878787878788 0.0673758865248227 0.056818181818181816
0 0.41312056737588654 0.4305555555555556 0.07163120567375887 0.07828282828282829
0 0.5808510638297872 0.45075757575757575 0.06808510638297872 0.03787878787878788
0 0.6556737588652483 0.4255050505050505 0.05035460992907802 0.08838383838383838
0 0.7069677824459457 0.10940870898305984 0.07059294022247024 0.11759591208300256
0 0.6124903874016115 0.20589586411609195 0.068102686192676 0.15268476168258321
0 0.7612726195095718 0.09929608888817011 0.07370216818588939 0.14563837561473517
0 0.7483740773711898 0.18627958920106366 0.051382106658895046 0.10949615193067677
0 0.729152659115854 0.23159373838161998 0.05781460329698935 0.11514219992757992
0 0.705636183110052 0.35362763364350863 0.06397475140428863 0.09301047014670527
0 0.8145390070921986 0.022095959595959596 0.05602836879432624 0.04419191919191919
0 0.8882978723404256 0.012626262626262626 0.05035460992907802 0.025252525252525252
0 0.924822695035461 0.012626262626262626 0.0425531914893617 0.025252525252525252
0 0.8421985815602837 0.44191919191919193 0.05319148936170213 0.05555555555555555
0 0.9303820011079657 0.41276188388087337 0.0433702370817463 0.0873036196426547
0 0.980008637931168 0.15709885695874934 0.03630279745753113 0.08916715778302031
0 0.9656147790389263 0.3243252963868993 0.03329260532349224 0.07122570435229772
0 0.9904255319148936 0.28914141414141414 0.019148936170212766 0.06313131313131314
0 0.869222775723069 0.3270114807082296 0.05489106751365785 0.1060391303352413
0 0.8695933547046434 0.3976192942575672 0.04893258063894204 0.07646935478692773
0 0.908375821500208 0.38075537510235796 0.04472677940469608 0.08112283120650063
0 0.1365984782181808 0.593145633633511 0.08683950999287271 0.18470824938631936
0 0.0421891703065454 0.6826883443220988 0.07599076098309986 0.16225103134434252
0 0.32642800036988273 0.6000329002397546 0.06291531656947898 0.12949428888588965
0 0.3414893617021277 0.5353535353535354 0.05602836879432624 0.13131313131313133
0 0.3620567375886525 0.6186868686868687 0.014893617021276596 0.09595959595959595
0 0.3365248226950355 0.7329545454545454 0.06595744680851064 0.10227272727272728
0 0.33156028368794327 0.6755050505050505 0.07588652482269503 0.09848484848484848
0 0.2970486677746323 0.9225570010395938 0.05999178078614732 0.12039121929355104
0 0.34184397163120567 0.8484848484848485 0.05531914893617021 0.08838383838383838
0 0.225429657549835 0.6750527244424698 0.09396884701045048 0.18915784255908494
0 0.129640843144817 0.7968916619857602 0.09081010113234146 0.15606487397684748
0 0.14277917436011178 0.9022601524079056 0.08415477387814217 0.12769155325267148
0 0.034870735564767295 0.8870987715249053 0.06751726112124501 0.165244852870357
0 0.08900709219858156 0.9513888888888888 0.06312056737588652 0.09722222222222222
0 0.21595744680851064 0.9513888888888888 0.07588652482269503 0.09722222222222222
0 0.44658505867330334 0.6150296565856517 0.09527587141871005 0.17792654907242608
0 0.4191077708411928 0.7796923888379635 0.08453853771698969 0.1668329673940856
0 0.47748483503918004 0.7155872953890142 0.09161835681987743 0.16623205551634626
0 0.5524994119940647 0.6890355015577506 0.08542107027656065 0.18457590650934197
0 0.4908893250459335 0.793809321164695 0.0949292460158802 0.14257301371889058
0 0.47687564041871544 0.8499908209202226 0.09199333075387614 0.13220731786392587
0 0.40638297872340423 0.9419191919191919 0.07375886524822695 0.11616161616161616
0 0.45780141843971633 0.9880050505050505 0.06312056737588652 0.023989898989898988
0 0.5336879432624113 0.9753787878787878 0.07163120567375887 0.04924242424242424
0 0.5819148936170213 0.976010101010101 0.07588652482269503 0.047979797979797977
0 0.6815602836879433 0.9583333333333334 0.06808510638297872 0.08333333333333333
0 0.70063190550143 0.9016485707395626 0.06036675472014604 0.08636648164113064
0 0.8236496127865083 0.7488860276246112 0.06990847932165932 0.12005499316976631
0 0.6919196059709738 0.8507411226722389 0.060515308464215864 0.1015179967926458
0 0.7004212703342866 0.670188251582354 0.08638146928199035 0.13799107766914764
0 0.8414893617021276 0.5025252525252525 0.08014184397163121 0.06565656565656566
0 0.7801418439716312 0.4880050505050505 0.07943262411347518 0.036616161616161616
0 0.7436170212765958 0.5208333333333334 0.07730496453900709 0.10227272727272728
0 0.700709219858156 0.5359848484848485 0.07943262411347518 0.13257575757575757
0 0.7169587578534926 0.5734041971073199 0.06636238003087919 0.119724135977323
0 0.9762411347517731 0.8731060606060606 0.0475177304964539 0.11237373737373738
0 0.9801418439716312 0.7815656565656566 0.03971631205673759 0.08333333333333333
0 0.9822695035460993 0.7310606060606061 0.03546099290780142 0.09848484848484848
0 0.9939716312056738 0.6679292929292929 0.012056737588652482 0.10353535353535354
0 0.8897388389079921 0.7654262708531916 0.06214419931796051 0.12311498613426963
0 0.9296506224579771 0.8140534887583263 0.05188087537961864 0.08809767690451886
0 0.9663120567375887 0.6376262626262627 0.0673758865248227 0.1111111111111111
0 0.9532068370653087 0.6156968760460374 0.05764129059557458 0.09746543225081224
0 0.8613475177304964 0.9766414141414141 0.05460992907801419 0.04671717171717172
0 0.9249037137359648 0.9368590934255173 0.061459738417149266 0.12557406722103362