0 0.07171266253522106 0.34345429058935545 0.06981542736013521 0.13577177896712805
0 0.17902543016161407 0.4126829925357373 0.05724139626171397 0.11792564099782073
0 0.3790322580645161 0.512906309751434 0.021505376344086023 0.052581261950286805
0 0.14962053433423902 0.19636168936227275 0.04915498114227698 0.09308330725426786
0 0.041764502271526144 0.20368013465946885 0.06195943966316996 0.10430972769862702
0 0.007258064516129033 0.10325047801147227 0.014516129032258065 0.10325047801147227
0 0.03522533777242951 0.08480016423672374 0.05524450648611794 0.0977042729884434
0 0.011021505376344085 0.035850860420650096 0.02204301075268817 0.07170172084130019
0 0.19309737260334384 0.3126693656932903 0.052293014169281234 0.09160591988660621
0 0.22248622129676981 0.3106332633459803 0.058689746499252855 0.10291904623263655
0 0.23568034076091746 0.23863407424312919 0.05883240049711569 0.09438728281858716
0 0.2902499670395503 0.3726857908139341 0.057976565241433395 0.09902251136752724
0 0.2581126575308795 0.34431026665288933 0.05506895963690064 0.09388018121024072
0 0.3341439509042842 0.38023844354165987 0.057406037981476775 0.08659421308836854
0 0.3758064516129032 0.24665391969407266 0.02795698924731183 0.06883365200764818
0 0.24450227978605404 0.053715513052939236 0.04899042815400941 0.07785938322836378
0 0.37016129032258066 0.10325047801147227 0.03924731182795699 0.06500956022944551
0 0.38467741935483873 0.1959847036328872 0.01021505376344086 0.0745697896749522
0 0.1874798734283863 0.19029842879080464 0.0431203363716902 0.07801853221694158
0 0.7322580645161291 0.46606118546845127 0.07419354838709677 0.1462715105162524
0 0.43302510593500865 0.42077112235012704 0.06551435209131813 0.135192234271875
0 0.4129032258064516 0.3178776290630975 0.046236559139784944 0.121414913957935
0 0.4549970115175032 0.30430203900436326 0.04940730755515333 0.11021927716927327
0 0.49150127072919525 0.3099646045716764 0.051327417767090315 0.11712876704184785
0 0.9096774193548387 0.502868068833652 0.06666666666666667 0.07265774378585087
0 0.8413364071806947 0.4124074830028753 0.07095657061154367 0.1140730235900891
0 0.8723118279569892 0.0248565965583174 0.0478494623655914 0.0497131931166348
0 0.660483870967742 0.040152963671128104 0.0532258064516129 0.08030592734225621
0 0.6419354838709678 0.010038240917782026 0.04408602150537634 0.020076481835564052
0 0.6236559139784946 0.03537284894837476 0.041935483870967745 0.07074569789674952
0 0.5919354838709677 0.024378585086042064 0.04946236559139785 0.04875717017208413
0 0.5411290322580645 0.035850860420650096 0.056451612903225805 0.07170172084130019
0 0.5777262512646072 0.037661523237984995 0.03859982754135124 0.07265887279893511
0 0.8468555383618218 0.3323040576000324 0.045676848277787854 0.07551267881782264
0 0.8776984560519994 0.19107221500500451 0.050954425078250966 0.08572489604548893
0 0.9057267722982427 0.18296684969192836 0.045314760718403256 0.07926432750911869
0 0.8505533266165707 0.23609312831364135 0.03215920849907517 0.06038972350835416
0 0.8947545174674353 0.25033794165322165 0.033190590603975265 0.059578586737616755
0 0.8632260362690555 0.2882539945572528 0.04089301917362268 0.0644168817325122
0 0.9545698924731183 0.49904397705544934 0.0543010752688172 0.08030592734225621
0 0.881455956324264 0.432011955760462 0.05041679066964882 0.0856524529585823
0 0.6657607822819913 0.2172247338848402 0.0651632583928834 0.12754405071546962
0 0.5208464545390546 0.18913523770329246 0.06900356754825235 0.09480767852526255
0 0.5356314895071089 0.14000815618275078 0.0758611547231672 0.09288136982139668
0 0.5510473848731015 0.11051576656895117 0.05504706064649615 0.07012449377028732
0 0.4615591397849462 0.013862332695984704 0.04139784946236559 0.027724665391969407
0 0.3967741935483871 0.18403441682600383 0.013978494623655914 0.09082217973231357
0 0.41236559139784945 0.17973231357552583 0.04516129032258064 0.08030592734225621
0 0.4163978494623656 0.23852772466539196 0.0532258064516129 0.08891013384321224
0 0.4632976294624724 0.19640863653002655 0.061213365553996035 0.08805733764126565
0 0.4527151243064146 0.13675160431120517 0.052786761865579054 0.09072234002896223
0 0.3967741935483871 0.30975143403441685 0.013978494623655914 0.07265774378585087
0 0.9179053349627015 0.44826321680473913 0.0593151543324639 0.10490353520864452
0 0.9015899394574601 0.3638873427940314 0.06443917200560893 0.08849199616270546
0 0.7420830136788396 0.15932490744121403 0.055749248043365875 0.08542086088309803
0 0.4303763440860215 0.014818355640535373 0.037096774193548385 0.029636711281070746
0 0.4438172043010753 0.021032504780114723 0.03602150537634408 0.04206500956022945
0 0.44818920727709577 0.09118849686385289 0.03569222193681873 0.06751654264164865
0 0.031720430107526884 0.8962715105162524 0.06344086021505377 0.19789674952198852
0 0.04059139784946236 0.5999043977055449 0.07688172043010753 0.121414913957935
0 0.1 0.5573613766730402 0.08172043010752689 0.036328871892925434
0 0.1262885843277851 0.6480326108107883 0.07173553757207207 0.14268126883970264
0 0.07013868148021482 0.6681036547585965 0.08663574188561494 0.11808591899948272
0 0.30349462365591395 0.5745697896749522 0.0543010752688172 0.07074569789674952
0 0.3518817204301075 0.5740917782026769 0.07580645161290323 0.06978967495219886
0 0.23629032258064517 0.5688336520076482 0.08870967741935484 0.05927342256214149
0 0.16844886559350686 0.7120921504899812 0.0600063478683834 0.13159973456915663
0 0.196455238483598 0.7035087737046297 0.05727428911306844 0.1302814961900728
0 0.2331021960589005 0.6769272413687755 0.07560873957879574 0.12230075184174763
0 0.2660240581900698 0.6811486411118804 0.06296883404617035 0.12629825542329243
0 0.36935483870967745 0.7069789674952199 0.04086021505376344 0.11950286806883365
0 0.35316458599867995 0.7410712289234709 0.05617712130545941 0.10638092257630606
0 0.3191235239722544 0.7596061407249333 0.06113649725884213 0.12130081143981918
0 0.29067278702864463 0.7644016472755354 0.05219424688372284 0.10109370624520628
0 0.25448672866403305 0.7538865238985623 0.05318174227631824 0.0993265465299183
0 0.11988068067387339 0.7441277440594373 0.07727652337785638 0.1120742717993167
0 0.10343331447148577 0.82185593942221 0.08681128873483225 0.12191001077768539
0 0.13960824587790485 0.9146181261666118 0.09886958441505607 0.16343939310003955
0 0.07223389488389359 0.9140770610409806 0.08253211245641978 0.145086153522386
0 0.05698924731182796 0.9603250478011472 0.0967741935483871 0.07934990439770555
0 0.15161290322580645 0.9674952198852772 0.0913978494623656 0.06500956022944551
0 0.2053763440860215 0.9603250478011472 0.0913978494623656 0.07934990439770555
0 0.33145161290322583 0.97131931166348 0.06827956989247312 0.05736137667304015
0 0.3631720430107527 0.9775334608030593 0.0532258064516129 0.044933078393881457
0 0.3421591721220324 0.9373462694105268 0.06552534595226799 0.12379240202417359
0 0.27646364315377914 0.8908870128103924 0.10953449916249018 0.1629762089490707
0 0.34510029169838546 0.6243206336505471 0.06438429143235475 0.09893580546585619
0 0.324549473529793 0.6362281320131371 0.07093467162113895 0.09031733615013562
0 0.7169724539488749 0.7121049269627847 0.06598620079721135 0.11055296697427748
0 0.7362903225806452 0.5764818355640535 0.07688172043010753 0.0745697896749522
0 0.6588709677419354 0.5812619502868069 0.07688172043010753 0.0841300191204589
0 0.6080645161290322 0.5697896749521989 0.06559139784946237 0.06118546845124283
0 0.835752688172043 0.5659655831739961 0.07688172043010753 0.05353728489483748
0 0.8545698924731183 0.5869980879541109 0.07150537634408602 0.09560229445506692
0 0.8519023328138325 0.6405364448355785 0.07159297230570447 0.10465768031839577
0 0.8807426863349491 0.5794151590507758 0.046752117094992156 0.0756575649916358
0 0.9182795698924732 0.6051625239005736 0.06451612903225806 0.13193116634799235
0 0.9588709677419355 0.5922562141491395 0.056451612903225805 0.10611854684512428
0 0.9068231415223954 0.7351014483321795 0.0718452987185807 0.12179365023340119
0 0.8578981885108619 0.8595310108172061 0.06829029755893766 0.1374664955955095
0 0.868563014526801 0.9033049998205814 0.07081400534517607 0.07604943506878234
0 0.9045461301213156 0.8917229308425293 0.07411659136044764 0.08979597172702487
0 0.9517208010109167 0.8882522295718511 0.06471348614038488 0.08282830158230808
0 0.933095723081979 0.8301598551289046 0.07219639241701556 0.12944183378980653
0 0.9529773354365514 0.76832183438896 0.060489190435226596 0.09556063502385774
0 0.9741935483870968 0.8283938814531548 0.05161290322580645 0.121414913957935
0 0.9870967741935484 0.7906309751434034 0.025806451612903226 0.13766730401529637
0 0.9811827956989247 0.739961759082218 0.03763440860215054 0.12237093690248566
0 0.9522203561979227 0.7164792661225038 0.07557584672744128 0.10994489664949557
0 0.9518474078748307 0.6612181744632138 0.06191555295086575 0.10335370475407636
0 0.9723118279569892 0.6486615678776291 0.0553763440860215 0.1118546845124283
0 0.9849462365591398 0.6381453154875717 0.030107526881720432 0.12906309751434034
0 0.5113713568338468 0.6465006373879028 0.06989229565528936 0.10252830516857453
0 0.4942547404516916 0.6978657586886257 0.07817624534584337 0.10839506619492739
0 0.4515183462640432 0.6742851765716408 0.06980452223068058 0.1006162592794732
0 0.4161290322580645 0.6830783938814532 0.05268817204301075 0.12332695984703633
0 0.4013440860215054 0.6644359464627151 0.023118279569892472 0.11663479923518165
0 0.42553763440860215 0.6046845124282982 0.06397849462365592 0.13097514340344169
0 0.44892357767335883 0.6000847337386039 0.0678844120187436 0.09370676940689861
0 0.460752688172043 0.5678776290630975 0.05913978494623656 0.05736137667304015
0 0.49274193548387096 0.5807839388145315 0.06075268817204301 0.08317399617590822
0 0.521505376344086 0.5693116634799236 0.06881720430107527 0.06022944550669216