0 0.17577675489067895 0.016905737704918034 0.06386651323360185 0.03381147540983607
0 0.2349479400102092 0.09132467371116011 0.08511911930153138 0.1171401655207045
0 0.0857307249712313 0.04405737704918033 0.06444188722669736 0.08811475409836066
0 0.10108678817712989 0.09754465795348187 0.07116195865090455 0.08810369272171927
0 0.07255138536304927 0.12451679250501287 0.048027198999185144 0.10307502667021384
0 0.03186062269980791 0.12260621780252187 0.049245736378440645 0.1277248661860643
0 0.11966347019681074 0.1661228961243996 0.06396427392911402 0.12005511982768245
0 0.1473807263339737 0.1923697745160346 0.04002556004469477 0.10428874885814438
0 0.1759429276224776 0.16437304980056922 0.04516452147792539 0.12525795678822632
0 0.23154061036436172 0.14481222677073483 0.08557310695271562 0.0906201724212576
0 0.24159466959230932 0.18821822506411118 0.07644751848645749 0.09273913361027449
0 0.2199077781255099 0.28243047179591896 0.06333371657315963 0.0740082380320576
0 0.1681367247771194 0.3092579919852925 0.04822739435035413 0.08879043995655586
0 0.33043472552176106 0.4114660164242062 0.05006071022733399 0.0930678273565663
0 0.2833266067230301 0.2600148480889894 0.04050634617030254 0.0787933459226319
0 0.317206676129607 0.25905546419479986 0.04258084831709234 0.09229204479805218
0 0.33660309124021776 0.23047666353621948 0.04853478359921631 0.07860421389863592
0 0.3824643304122038 0.2650598249616256 0.039971963095847975 0.10223956853027552
0 0.4137757123091714 0.2526160320893109 0.04751961439915411 0.12754583944179176
0 0.40267884955878613 0.3697424738358067 0.0690480519994859 0.09503712154356364
0 0.38440559075293707 0.42119552643863917 0.054636903697674696 0.09252064184402507
0 0.40040728224790584 0.4675609967008323 0.061634393068296364 0.07485380145171952
0 0.3970080552359033 0.4948770491803279 0.05063291139240506 0.04918032786885246
0 0.45310701956271576 0.49436475409836067 0.05005753739930955 0.050204918032786885
0 0.4902186421173763 0.4661885245901639 0.039125431530494824 0.05737704918032787
0 0.4795748032473854 0.45730642392714094 0.04807920953401959 0.06118618111175067
0 0.4729146744280736 0.36092516765615706 0.0452701289616065 0.08541829155763189
0 0.4433436069546104 0.35070862575906603 0.044533964121970866 0.07921107499260124
0 0.4831066920631683 0.2893631504140313 0.05058248727158271 0.09107832261012154
0 0.34896432681242806 0.02920081967213115 0.056962025316455694 0.0584016393442623
0 0.4836018411967779 0.02920081967213115 0.0523590333716916 0.0584016393442623
0 0.4896432681242808 0.07223360655737705 0.04027617951668585 0.09938524590163934
0 0.4815880322209436 0.1762295081967213 0.05638665132336018 0.11065573770491803
0 0.47898765907203644 0.22745990622827292 0.04498953818716772 0.09662910777948648
0 0.44425083169091906 0.2392371624251981 0.047010443385110984 0.10807862632703767
0 0.5031645569620253 0.14241803278688525 0.013233601841196778 0.0860655737704918
0 0.05607120208159902 0.35970980542966413 0.04441416419407214 0.09656943219806216
0 0.049769850402761794 0.4728483606557377 0.0523590333716916 0.0932377049180328
0 0.04660529344073648 0.507172131147541 0.04372842347525892 0.02459016393442623
0 0.022151898734177215 0.45491803278688525 0.04430379746835443 0.08401639344262295
0 0.01611047180667434 0.4912909836065574 0.03222094361334868 0.05635245901639344
0 0.03135788262370541 0.020491803278688523 0.06271576524741082 0.040983606557377046
0 0.008342922899884924 0.03790983606557377 0.01668584579976985 0.07581967213114754
0 0.008918296892980437 0.08913934426229508 0.017836593785960874 0.10450819672131148
0 0.010644418872266973 0.2848360655737705 0.021288837744533946 0.07377049180327869
0 0.5031645569620253 0.25563524590163933 0.013233601841196778 0.11577868852459017
0 0.49856156501726123 0.33094262295081966 0.02243958573072497 0.06762295081967214
0 0.36301118816566796 0.1970833952448115 0.042981239019430045 0.06372287137073643
0 0.5887706374814292 0.28638374004104034 0.0678720919528837 0.13783120610311295
0 0.7431221826344392 0.3413908360778227 0.05887890944472981 0.10113509222546958
0 0.6218017957016344 0.4495130239697812 0.07085456940204236 0.09828991877963943
0 0.7106694859534618 0.4632867497468484 0.04964612708077835 0.09915569275874853
0 0.6642692750287686 0.4994877049180328 0.047756041426927506 0.039959016393442626
0 0.745880796445084 0.4662765375548361 0.04589909990354868 0.08752714746692483
0 0.8592358187409488 0.278768344468948 0.05075747056234052 0.11970717161886127
0 0.9008038348380512 0.25810809777416943 0.04676925711530079 0.09885731485162784
0 0.8958973770385094 0.32503467412774006 0.06626418348748372 0.07635579626704726
0 0.9647901479995519 0.26884246544154844 0.0699040167670202 0.08388598090313326
0 0.9590852884163528 0.21272365611098984 0.06472565082916058 0.08334890067031585
0 0.9023518006985555 0.37443397181130084 0.032397513318118576 0.07590870745482484
0 0.9281238304599546 0.3543902134417523 0.04019895692144049 0.08897957198055206
0 0.9278676585389208 0.4080618458854613 0.05122406424373061 0.07173046065821562
0 0.9689298043728424 0.3473360655737705 0.06214039125431531 0.08811475409836066
0 0.9347437615676314 0.4523083549586378 0.04508253964064337 0.0782461604100909
0 0.9867663981588032 0.1408811475409836 0.026467203682393557 0.0932377049180328
0 0.9853279631760644 0.07377049180327869 0.029344073647871116 0.07991803278688525
0 0.9933831990794016 0.2858606557377049 0.013233601841196778 0.09016393442622951
0 0.3459320478856692 0.5959844217021065 0.061850367277695245 0.12698854864952708
0 0.34029017581255205 0.8336296641534694 0.049270948438851825 0.08481143046366657
0 0.4095927706781135 0.9153393985284561 0.04474835191735766 0.08740779630407665
0 0.167433831990794 0.53125 0.05523590333716916 0.0235655737704918
0 0.025891829689298044 0.5676229508196722 0.05178365937859609 0.09016393442622951
0 0.057463178978546005 0.6008689423513551 0.04801300655496743 0.08059371864508044
0 0.10610749345552792 0.6387397914434111 0.05242999559278039 0.1178370180352648
0 0.20431511732805396 0.8329162195739468 0.053834535878987 0.10572096281232443
0 0.3123695514961959 0.8809742508208405 0.061219809921740975 0.08094166685390199
0 0.28883774453394706 0.9789959016393442 0.04257767548906789 0.042008196721311473
0 0.46394353115230663 0.9653910310647384 0.06305153938470849 0.041281028367580054
0 0.45645106321185935 0.9447100957620539 0.055666265341954575 0.06606032432600249
0 0.15293189129274162 0.6803757328535098 0.043317013156727785 0.09849926136308283
0 0.11050707458015271 0.8983343143269514 0.03966298743297363 0.06848776870186354
0 0.16944764096662832 0.983094262295082 0.03855005753739931 0.03381147540983607
0 0.23245109321058688 0.9677254098360656 0.05753739930955121 0.06454918032786885
0 0.058400460299194476 0.9677254098360656 0.04660529344073648 0.06454918032786885
0 0.06271713845669301 0.9155526317616579 0.0379368654536871 0.06830874195759128
0 0.012658227848101266 0.7443647540983607 0.02531645569620253 0.07889344262295082
0 0.02977188546785432 0.7820469492148793 0.04446776114291881 0.09861861252593102
0 0.23520406929029708 0.6611137657792551 0.06285293044755186 0.09950364096756983
0 0.20466036730847884 0.7209921367395359 0.06683955748057936 0.07641547184847147
0 0.4873417721518987 0.8073770491803278 0.04487917146144994 0.0778688524590164
0 0.4982738780207135 0.8447745901639344 0.023014959723820484 0.07684426229508197
0 0.009205983889528193 0.96875 0.018411967779056387 0.0625
0 0.15498431156619874 0.7225680089589556 0.0504611009296717 0.06449865392925055
0 0.5284810126582279 0.7771516393442623 0.037399309551208286 0.11577868852459017
0 0.5992069289324662 0.8299117518948326 0.04370479782885996 0.09138680579696594
0 0.6403067649341665 0.8052128201257405 0.048924154685360655 0.11542978421885093
0 0.7911414495635634 0.7972324062314058 0.04485554581505112 0.09150615695981412
0 0.7809533979634992 0.7589493587577015 0.05723318288871334 0.10402983597300058
0 0.7971064471028269 0.6898345184024254 0.05111845676004937 0.11157012588881006
0 0.992807825086306 0.5947745901639344 0.014384349827387802 0.13831967213114754
0 0.9859033371691599 0.7704918032786885 0.02819332566168009 0.08811475409836066
0 0.8905534610120732 0.8027598403952971 0.04425337334753208 0.0904218912144556
0 0.7966052934407365 0.9569672131147541 0.039700805523590336 0.0860655737704918
0 0.8345799769850403 0.9733606557377049 0.06041426927502877 0.05327868852459016
0 0.9395857307249712 0.9554303278688525 0.04487917146144994 0.08913934426229508
0 0.9165707710011507 0.9882172131147541 0.04257767548906789 0.0235655737704918
0 0.9666283084004603 0.9682377049180327 0.047180667433831994 0.06352459016393443
0 0.8866513233601842 0.9564549180327869 0.04372842347525892 0.08709016393442623
0 0.636247589266038 0.9384692170186402 0.07231270663709558 0.08822304388456767