0 0.5751953125 0.5526620370370371 0.068359375 0.07291666666666667
0 0.4409230672553092 0.4849591047476346 0.11838745384272602 0.20023535235781903
0 0.5921223958333334 0.4236111111111111 0.034505208333333336 0.16898148148148148
0 0.5716145833333334 0.4965277777777778 0.07552083333333333 0.13657407407407407
0 0.5568924344349812 0.21855722974704314 0.07608900869886585 0.13953735928137873
0 0.5050967030759512 0.21757299011826223 0.07448357449329308 0.13022422210925935
0 0.5567594146684182 0.16292085732219744 0.08709372144045495 0.09838253278688279
0 0.4337501547674898 0.0969846887987405 0.07649969508503747 0.17191782773235603
0 0.3694661458333333 0.030671296296296297 0.08919270833333333 0.061342592592592594
0 0.3249127436170249 0.15564540364791735 0.07256194728916536 0.1509497996168726
0 0.3901435089870969 0.1942728068334112 0.09593645169742082 0.11030681329454739
0 0.470703125 0.02662037037037037 0.08723958333333333 0.05324074074074074
0 0.1220703125 0.027777777777777776 0.055338541666666664 0.05555555555555555
0 0.057942708333333336 0.016203703703703703 0.09765625 0.032407407407407406
0 0.20475260416666666 0.026041666666666668 0.09700520833333333 0.052083333333333336
0 0.2679880309342586 0.22166956834483076 0.059275681942622484 0.1423091686364199
0 0.2353347293901927 0.20351327415949125 0.056020473609289 0.14217447385426957
0 0.19430626226387723 0.16241039013968664 0.08130376309535696 0.12010388396332311
0 0.15464959888575547 0.159031002686343 0.06418066440371624 0.13326542102860084
0 0.0234375 0.16030092592592593 0.046875 0.1261574074074074
0 0.04450689387037835 0.2077864071814817 0.057562912223117456 0.10987482227258238
0 0.08325350463178165 0.2389435724126031 0.062075863967596456 0.1285549745296811
0 0.11670952327863393 0.25249717592474313 0.053542905646027705 0.10624096631177996
0 0.161150991477602 0.24912069162865264 0.054731232402271214 0.10282262200241771
0 0.32272950245118287 0.2720321954834368 0.08475498678699782 0.10637662881301442
0 0.3345182766260015 0.3698740137035501 0.09608812713354069 0.11493644292417729
0 0.2816264126466405 0.4719933196815335 0.105455300353768 0.1627134141050414
0 0.3622450332677962 0.4886574049422589 0.0867711073787422 0.14807023443611123
0 0.3717447916666667 0.5538194444444444 0.10546875 0.07060185185185185
0 0.2561848958333333 0.5486111111111112 0.095703125 0.08101851851851852
0 0.193359375 0.5324074074074074 0.09505208333333333 0.11342592592592593
0 0.042317708333333336 0.5271990740740741 0.0703125 0.12384259259259259
0 0.013671875 0.5289351851851852 0.02734375 0.12037037037037036
0 0.03734665057687799 0.44623927206383773 0.06789732010856657 0.127640017730144
0 0.12076193893147069 0.4073882102036527 0.1195507038662551 0.15636162670205778
0 0.06629080169112252 0.07019010434169262 0.07009080038906161 0.09536730510488693
0 0.08944712077997685 0.08969189476990767 0.08001452188833909 0.08075203211147126
0 0.810546875 0.5497685185185185 0.06640625 0.0787037037037037
0 0.6207682291666666 0.3599537037037037 0.022786458333333332 0.1111111111111111
0 0.6725260416666666 0.022569444444444444 0.0625 0.04513888888888889
0 0.9189453125 0.034722222222222224 0.064453125 0.06944444444444445
0 0.7509765625 0.029513888888888888 0.06575520833333333 0.059027777777777776
0 0.6201171875 0.21296296296296297 0.021484375 0.09490740740740741
0 0.6570705923204302 0.16939669459740278 0.05362516442724526 0.08890679415709883
0 0.6204427083333334 0.11458333333333333 0.022135416666666668 0.09027777777777778
0 0.7055793137902965 0.13141921338302523 0.06285992540082619 0.07310717479984577
0 0.7377107753827632 0.07595891189405929 0.054807070120331 0.10513743681723253
0 0.6447602819539708 0.05762557905375561 0.04688723460639895 0.08169296014835396
0 0.6599302556456116 0.0721610028969655 0.048992035042518735 0.0864034066472737
0 0.6968815341463341 0.05862328816075159 0.053125798196698305 0.09350948483029847
0 0.71875 0.02025462962962963 0.045572916666666664 0.04050925925925926
0 0.9710286458333334 0.33564814814814814 0.057942708333333336 0.12268518518518519
0 0.8013020057397279 0.254175132976081 0.10275021923632692 0.11983546211810708
0 0.6969874816884367 0.38372055871962507 0.06356112053292184 0.1540448764490742
0 0.7322542777339477 0.37185160770344716 0.05050236834055847 0.15234868991306594
0 0.9899088541666666 0.2760416666666667 0.020182291666666668 0.09606481481481481
0 0.025716145833333332 0.9409722222222222 0.051432291666666664 0.11805555555555555
0 0.22632930413054084 0.8765683443764155 0.11598572359752464 0.16661665963014424
0 0.3235677083333333 0.9189814814814815 0.11197916666666667 0.16203703703703703
0 0.4055672876054646 0.7385333550700371 0.08703653939195159 0.15617208628796306
0 0.361328125 0.6637731481481481 0.059895833333333336 0.14930555555555555
0 0.3238932291666667 0.6741898148148148 0.06966145833333333 0.1701388888888889
0 0.2674166450371471 0.6870373563232005 0.07274512052115718 0.17638582362340546
0 0.1837105441766722 0.7148661088565852 0.10048090123777209 0.14979335992854959
0 0.14658190598719903 0.6542219936930048 0.09072169730092987 0.129740288612603
0 0.06054379529638284 0.753231301781945 0.07546304376491382 0.1799658016713479
0 0.021158854166666668 0.7563657407407407 0.042317708333333336 0.16087962962962962
0 0.14615885416666666 0.6116898148148148 0.10481770833333333 0.04513888888888889
0 0.3795572916666667 0.6128472222222222 0.11067708333333333 0.047453703703703706
0 0.5400390625 0.6284722222222222 0.06705729166666667 0.0787037037037037
0 0.5787760416666666 0.6116898148148148 0.061197916666666664 0.04513888888888889
0 0.556640625 0.7326388888888888 0.10546875 0.14351851851851852
0 0.4958319631062893 0.8587454787186227 0.11250300211001167 0.15953752040354946
0 0.5524088541666666 0.9456018518518519 0.11393229166666667 0.1087962962962963
0 0.5810546875 0.9699074074074074 0.056640625 0.06018518518518518
0 0.5852864583333334 0.8657407407407407 0.048177083333333336 0.13425925925925927
0 0.8524037434817329 0.6911801492989206 0.049036374964706475 0.06791182708518527
0 0.87890625 0.6047453703703703 0.036458333333333336 0.03125
0 0.962890625 0.6151620370370371 0.0546875 0.052083333333333336
0 0.6311848958333334 0.9299768518518519 0.043619791666666664 0.09606481481481481
0 0.6298828125 0.9259259259259259 0.041015625 0.09259259259259259
0 0.8528645833333334 0.9681712962962963 0.044270833333333336 0.06365740740740741
0 0.9056377884722381 0.7577060717065853 0.04416931136264246 0.0781129821004116
0 0.9441408334215673 0.7465505191762613 0.04658388373415937 0.0724337008890947
0 0.9892578125 0.7471064814814815 0.021484375 0.08680555555555555
0 0.9661458333333334 0.8350694444444444 0.06770833333333333 0.09375
0 0.9143323575846214 0.820650564487681 0.05700055040082619 0.07286472419197533
0 0.9048887391264175 0.7507212188274958 0.04176116005428332 0.06414327634223253
0 0.693572961815993 0.9326289660705511 0.042715552593189564 0.07342947455792191
0 0.8551432291666666 0.9699074074074074 0.046223958333333336 0.06018518518518518