0 0.4824175824175824 0.0244140625 0.054945054945054944 0.048828125
0 0.37252747252747254 0.0400390625 0.04725274725274725 0.080078125
0 0.22884615384615384 0.02685546875 0.0478021978021978 0.0537109375
0 0.32774725274725275 0.0244140625 0.046703296703296704 0.048828125
0 0.34917582417582416 0.01318359375 0.043406593406593405 0.0263671875
0 0.31858797658049043 0.07812655967593973 0.05484150250106842 0.07234722127974136
0 0.36505945501773474 0.12370894073956196 0.04526483013068483 0.08509786578453138
0 0.33428415970497266 0.1383193309050812 0.04597099943999827 0.09198498275648759
0 0.5068592136907665 0.05227121954499914 0.042584742566230356 0.087771655924751
0 0.5181318681318682 0.14990234375 0.023076923076923078 0.0693359375
0 0.4 0.34912109375 0.035164835164835165 0.0400390625
0 0.35192307692307695 0.34130859375 0.03461538461538462 0.0556640625
0 0.36922463124117005 0.28137260501760575 0.03348009625529552 0.07328090937345344
0 0.43741760001230534 0.2897003777310281 0.049145501458167345 0.06304636406018016
0 0.4397427331422435 0.3310763353011379 0.03182148529974036 0.04876448792954147
0 0.4197802197802198 0.34326171875 0.027472527472527472 0.0517578125
0 0.5077696587362419 0.2841259678206479 0.03632903166667547 0.054056736205190026
0 0.46671432641357136 0.23461382328746483 0.03178696781841144 0.07117424595758504
0 0.3967326110849561 0.2323245537258889 0.0353299434520425 0.08222351028932184
0 0.36495264270000577 0.13105874922553995 0.04058843591682349 0.09635600053692661
0 0.22157076267149123 0.22955665705792705 0.04247280059489965 0.082888843424751
0 0.19568268153825943 0.2892189471697537 0.03789808904516589 0.07466690764910222
0 0.22898041076568315 0.28856399536641 0.030889562267905672 0.07986094951367306
0 0.2592244491595888 0.23877176546491263 0.053103597275651906 0.06828743286387295
0 0.12774725274725274 0.03125 0.0543956043956044 0.0625
0 0.1351671111846028 0.08738241357329735 0.06392376041773717 0.0858614053310387
0 0.18531870029086422 0.07732839813931469 0.04546632567908016 0.09388692828453138
0 0.13505142965355346 0.17840744396112174 0.05818298258630391 0.07460742311147772
0 0.06905626308022042 0.16987495335987512 0.05141046883876808 0.06618076944800455
0 0.024725274725274724 0.0126953125 0.03956043956043956 0.025390625
0 0.07197802197802197 0.03369140625 0.054945054945054944 0.0673828125
0 0.06791538986257593 0.09609330513791903 0.06358793450374478 0.0712129678310387
0 0.9115384615384615 0.33447265625 0.05714285714285714 0.0693359375
0 0.9826923076923076 0.35302734375 0.03461538461538462 0.0322265625
0 0.5340659340659341 0.2001953125 0.008791208791208791 0.060546875
0 0.5343406593406593 0.2509765625 0.00934065934065934 0.046875
0 0.6686813186813186 0.34521484375 0.038461538461538464 0.0478515625
0 0.6164835164835165 0.3349609375 0.041758241758241756 0.068359375
0 0.05957242864266638 0.6241902133523407 0.039566959307924435 0.12354621212105843
0 0.23179207298999052 0.45058621982639036 0.07068414507821029 0.11767437952255577
0 0.22299199498546152 0.5350803132795342 0.07003488164449174 0.08935406702255577
0 0.2654484717296262 0.5976736926188051 0.055545802030522805 0.12698354180778515
0 0.36624419461600455 0.5990500367508398 0.061500204497414224 0.12364026599930211
0 0.4329170775608538 0.6251350626161084 0.057419907401395194 0.08915350166756553
0 0.5129120879120879 0.60205078125 0.033516483516483515 0.0927734375
0 0.389010989010989 0.9833984375 0.03956043956043956 0.033203125
0 0.12197802197802197 0.97265625 0.04285714285714286 0.0546875
0 0.03296703296703297 0.9755859375 0.041758241758241756 0.048828125
0 0.007417582417582417 0.95703125 0.014835164835164835 0.078125
0 0.08820867293105808 0.8285068750722506 0.0625561985876422 0.0740402963871265
0 0.10139596580384735 0.6711841824275897 0.06270078826044252 0.10426255441517052
0 0.1099147743041437 0.7545544037641165 0.0699229396731609 0.08447125452255566
0 0.00989010989010989 0.67138671875 0.01978021978021978 0.1005859375
0 0.004395604395604396 0.8427734375 0.008791208791208791 0.095703125
0 0.2520358803382697 0.9253021063031368 0.03849231638314875 0.07667121212105821
0 0.3182115686416377 0.7615757508647127 0.05840686652896558 0.08437304811147772
0 0.37143410732208154 0.7894029550429056 0.04665478035504588 0.0978955372284438
0 0.3962321565697326 0.6461678019731448 0.04184405577558799 0.1032942969808388
0 0.3703734632642279 0.6710853541270374 0.04510811137082143 0.07826192828453138
0 0.4947283945941813 0.6673312934649599 0.0556148369931804 0.08216402575169734
0 0.4316208511952067 0.9408697506814279 0.036664857580667856 0.06870517370519003
0 0.44435105176539913 0.7155736053428547 0.03808745550649851 0.10684229067714623
0 0.2241953589362563 0.7316764526112707 0.044188317426049825 0.0859720693406194
0 0.2867011713957884 0.9362635455558808 0.0372917326201202 0.09604892370519025
0 0.2445054945054945 0.9755859375 0.04285714285714286 0.048828125
0 0.4727279597398706 0.9566137197566769 0.05651224254368616 0.07347732219560932
0 0.5151098901098901 0.794921875 0.02912087912087912 0.080078125
0 0.389972226424483 0.8654786998982447 0.05967461547479241 0.06792502402734613
0 0.19450777052526216 0.7456962025828779 0.03982536073191491 0.11090207909301442
0 0.3184065934065934 0.97607421875 0.03241758241758242 0.0478515625
0 0.3363298931105374 0.9634468538017884 0.03648575042653862 0.06089267370519025
0 0.5071609773273834 0.8853903705935526 0.036642469186401766 0.06772861120519025
0 0.4021748851535148 0.7973046818493423 0.031988463366806774 0.07996330845758526
0 0.535989010989011 0.46240234375 0.012637362637362638 0.1259765625
0 0.5654503415094856 0.5031020176126191 0.04806711897367315 0.11166977117235588
0 0.6679130648787631 0.6012092287166099 0.05690310455341425 0.11444176772365333
0 0.7366722877360599 0.4661123388763395 0.06570644243168587 0.0918743187469071
0 0.6171009936596275 0.8706664603140657 0.051253750078904925 0.05934483194800455
0 0.609065934065934 0.97314453125 0.03791208791208791 0.0537109375
0 0.7302197802197802 0.9912109375 0.041758241758241756 0.017578125
0 0.7901098901098901 0.98486328125 0.02967032967032967 0.0302734375
0 0.8258548802997183 0.9456612601085741 0.031550954788686934 0.08479494148562905
0 0.8656807207176095 0.8935085456978449 0.041845925555447055 0.055545093424751
0 0.9052239015373845 0.9010796822029841 0.049863799854543873 0.04654716050409258
0 0.8995857412600083 0.8472898992286328 0.04007350284870187 0.07389506303692661
0 0.7706388396396567 0.8548969541523372 0.04073489536948338 0.0788290550088826
0 0.7405879072668023 0.8410590831379663 0.0431015454142113 0.0624833898686632
0 0.6835346037010098 0.8502879982214002 0.054224886768819223 0.06936635430778493
0 0.5736958148289397 0.6946382925589265 0.042942956874488965 0.103396655924751
0 0.9793956043956044 0.3984375 0.04120879120879121 0.05859375
0 0.990934065934066 0.42578125 0.018131868131868133 0.064453125
0 0.9782967032967033 0.53173828125 0.043406593406593405 0.0595703125
0 0.9469565195096403 0.5478151274909575 0.03782905408250817 0.11948642370519014
0 0.9173472904785778 0.5652528462125648 0.03844753959461656 0.07471808712105832
0 0.8578858199532673 0.6495726385856693 0.05044589810546403 0.07193778550409258
0 0.8160795415327508 0.5913226110244423 0.05086101828931752 0.06612958997604856
0 0.7772565288892113 0.5190936316314787 0.05235078139794695 0.10719639444800466
0 0.7730362920880177 0.6232234102949519 0.039501663904985225 0.07286732106497062
0 0.805014496147621 0.6730917348654106 0.04154274734292453 0.06623610145279502
0 0.8332034522366657 0.7017827612676057 0.04573685619013334 0.057856474728443796
0 0.8055723362244157 0.7454597188093227 0.04411089293604779 0.05867949881257539
0 0.8534999951788902 0.8305417016509888 0.050311567739866975 0.06607841050409258
0 0.8811856676008998 0.9693774963989426 0.032393324243457006 0.04979222990149745
0 0.8578349541391812 0.9475756632351204 0.030789749383637793 0.05159181648562905
0 0.964065951660657 0.885812263967704 0.03213492281946666 0.062436362929541245
0 0.993956043956044 0.8212890625 0.012087912087912088 0.05859375
0 0.9344833057875327 0.9404361268972453 0.04072463606227987 0.05446617198083881
0 0.7547252923199976 0.9053116427829762 0.029611554014875335 0.07194609056976087
0 0.7739653859680408 0.951962563958425 0.037393415284247646 0.07656885317714623
0 0.7325560341007838 0.923035001133176 0.03332337749543213 0.06644497187345344
0 0.7116839126551238 0.8892585206095736 0.03713688364011662 0.04146378264910222
0 0.9826923076923076 0.60400390625 0.03461538461538462 0.0693359375
0 0.9453552696336338 0.6340852940586722 0.02855742970450642 0.07379685662584867
0 0.9727251795521042 0.6750857106547796 0.04413328133031388 0.05965606131257539