0 0.22225400457665903 0.6578411405295316 0.08981693363844394 0.12423625254582485
0 0.20142965876067143 0.5362885165589903 0.07715869828862862 0.16789196003637727
0 0.25220146897352796 0.42948478187616584 0.08606571546348195 0.13068783829688277
0 0.31141532367989794 0.43306069065690556 0.07018720123170331 0.1512431165141145
0 0.18985740233084886 0.34074498650981166 0.08947158261801506 0.12679230079121168
0 0.4044725065437876 0.5834523622927519 0.09718158158382313 0.16892902316096808
0 0.47454233409610985 0.6522403258655805 0.05091533180778032 0.1354378818737271
0 0.48140732265446223 0.5498981670061099 0.03718535469107551 0.11812627291242363
0 0.45497531831958127 0.566726381640113 0.05417555137670842 0.151431795953342
0 0.4276580840811625 0.4996514729565996 0.05950362508684813 0.09164663330811326
0 0.378415730335425 0.49048411610475395 0.07227582731632999 0.12081173984706149
0 0.3554519525670378 0.3457588252827755 0.08158225136083158 0.1447074144415792
0 0.44035313212734567 0.3857856686425518 0.062470545484734276 0.10808806420545793
0 0.4498220461103373 0.3033103101844806 0.04413728220448477 0.10306657245023129
0 0.4799771167048055 0.3243380855397149 0.04004576659038902 0.11303462321792261
0 0.37527160363684453 0.2719634530856954 0.056244207117852704 0.11794542946958858
0 0.33066229116989243 0.22791557152919334 0.08628538924178847 0.16429272628058947
0 0.25645447252619785 0.205239334098554 0.06406697056342806 0.08984701643021925
0 0.23796184729805545 0.26332466818015177 0.06654834673654228 0.11949710615827824
0 0.17749731933338717 0.24339621962703217 0.047816077386610846 0.1409225624394688
0 0.14033526337637453 0.24503440003894303 0.05426208953179894 0.16467008515904485
0 0.11813095986026846 0.3477188388072316 0.09080879403140361 0.15638312976929425
0 0.08500050848690428 0.44118449597009063 0.07198332974522097 0.16355196690588195
0 0.04781202580523158 0.48252272881161523 0.0645928562751316 0.17029508160333534
0 0.01887871853546911 0.5147657841140529 0.03775743707093822 0.16395112016293278
0 0.015446224256292907 0.3940936863543788 0.030892448512585814 0.1364562118126273
0 0.04433638443935927 0.32331975560081466 0.08867276887871854 0.1354378818737271
0 0.02717391304347826 0.2556008146639511 0.05434782608695652 0.09164969450101833
0 0.039473684210526314 0.18533604887983707 0.07894736842105263 0.12423625254582485
0 0.020881006864988557 0.03411405295315682 0.041762013729977114 0.06822810590631365
0 0.1061212814645309 0.037169042769857434 0.055491990846681924 0.07433808553971487
0 0.10128348316962642 0.13256036654405448 0.057162041318110875 0.08338147229695832
0 0.24770288770870727 0.04750734847613045 0.04916620156235449 0.08500330692492247
0 0.32780320366132726 0.03767820773930754 0.05148741418764302 0.07535641547861507
0 0.07465675057208238 0.010692464358452138 0.06922196796338673 0.021384928716904276
0 0.3824370709382151 0.010692464358452138 0.05320366132723112 0.021384928716904276
0 0.4545194508009153 0.034623217922606926 0.039473684210526314 0.06924643584521385
0 0.42224126781611715 0.0646912523587652 0.049119604094229004 0.07787499735262104
0 0.24057222910387224 0.13773870297590643 0.07665278292040746 0.09049888467996191
0 0.5537390094198602 0.6011767168650497 0.07832908937303078 0.08447779617152555
0 0.7237968530152339 0.5453426174914018 0.06618928135382512 0.15205403382809643
0 0.7596420687023068 0.6047153422885383 0.07320031829774887 0.08726611261333167
0 0.8256576725460013 0.5989726811495857 0.06243726157893034 0.10299641451095691
0 0.8597361140348304 0.5192989237243618 0.057740780479134286 0.08442943261084684
0 0.7097336360405225 0.406168247176243 0.0635082017458869 0.09185404593303133
0 0.609576150886988 0.43813715913565293 0.08076386807801926 0.10699957632728334
0 0.6051455402336576 0.3727566304211217 0.05945702761872239 0.08451832373581183
0 0.631533953100161 0.25400114044284217 0.04306634203752821 0.11420894102815699
0 0.7329652098460736 0.19817555085674837 0.06069438731469901 0.09883420363039122
0 0.7182102888305881 0.08441498345161225 0.05176074301520232 0.13196500561428504
0 0.5706935173998907 0.22031042252707572 0.0641867926243225 0.10817695533042292
0 0.5867020392642883 0.2633859503036125 0.05324400281416236 0.09641234887774289
0 0.5137299771167048 0.24236252545824846 0.02745995423340961 0.06517311608961303
0 0.5068649885583524 0.4923625254582485 0.013729977116704805 0.10285132382892057
0 0.5183066361556065 0.4786150712830957 0.036613272311212815 0.0814663951120163
0 0.5544870957005179 0.5406453462504642 0.06741292668751381 0.07678650947444635
0 0.5629616224999023 0.4810231506676709 0.06920239841987068 0.08807702992731357
0 0.5140160183066361 0.5972505091649695 0.02803203661327231 0.10692464358452139
0 0.9756864988558352 0.6802443991853361 0.04862700228832952 0.07942973523421588
0 0.9396453089244852 0.6705702647657841 0.06350114416475973 0.09877800407331976
0 0.9301858573224189 0.6232193284546053 0.06361471024445968 0.10814732495543436
0 0.9731121281464531 0.5453156822810591 0.05377574370709382 0.11303462321792261
0 0.9404361414918724 0.4853042490764495 0.05045681550761757 0.10746582633070371
0 0.8993292195062849 0.4521266141283294 0.05945702761872239 0.08451832373581183
0 0.8615980087600233 0.36669758476427283 0.04891324387824417 0.04630676924671473
0 0.8856219399236933 0.32365952335911696 0.03672018160975205 0.10573636739208397
0 0.8528601383048209 0.2985490033900789 0.04015933267008896 0.10693247958091404
0 0.8133334002449912 0.33213124018989876 0.04407071439287664 0.09288327306122926
0 0.7500317591150725 0.31561879454798836 0.050795910546852334 0.07185390884418469
0 0.9939931350114416 0.3864562118126273 0.012013729977116704 0.08859470468431772
0 0.9693935926773455 0.35386965376782076 0.06121281464530892 0.09266802443991853
0 0.9842677345537757 0.3080448065173116 0.031464530892448515 0.07841140529531568
0 0.9447557128561502 0.2712421006878396 0.04966505934944861 0.07383130797200856
0 0.9481684371918272 0.31213826530628347 0.059470341181044065 0.08655498361361212
0 0.9031963301516112 0.21259140207972033 0.04635238713116673 0.09198346462228237
0 0.8741464072206856 0.18665514960920598 0.05655667503244411 0.07826019222746897
0 0.8607521967526349 0.14982293815351777 0.05939711658827523 0.07535335428570988
0 0.8684917504337002 0.10899540087789578 0.057660899105204604 0.0722094733440444
0 0.871514852671487 0.04654589188546311 0.0468312745747782 0.07775647585266784
0 0.5217391304347826 0.11710794297352342 0.043478260869565216 0.09775967413441955
0 0.5217391304347826 0.06822810590631365 0.043478260869565216 0.06517311608961303
0 0.9339323443069181 0.19026068876493402 0.04631910322536293 0.08689181492778135
0 0.9236213475070848 0.1439173099521295 0.04619262438330764 0.06754354608867748
0 0.9054343330123896 0.1175257046674928 0.04858746240133134 0.08395534661103393
0 0.9437336965479837 0.07115508288144375 0.05143456073832291 0.08206683860817506
0 0.9690717407909626 0.09791706785343426 0.03654044851841031 0.07824145904177848
0 0.9931350114416476 0.12219959266802444 0.013729977116704805 0.0835030549898167
0 0.9859839816933639 0.2713849287169043 0.02803203661327231 0.08859470468431772
0 0.9862700228832952 0.21537678207739308 0.02745995423340961 0.07841140529531568
0 0.9782608695652174 0.18584521384928718 0.043478260869565216 0.07637474541751528
0 0.2574370709382151 0.9495926680244399 0.05034324942791762 0.10081466395112017
0 0.21252860411899313 0.9658859470468432 0.06578947368421052 0.06822810590631365
0 0.248135177684193 0.8865379989977187 0.04636570069348815 0.09402012450008278
0 0.2811462077966292 0.8622891473050852 0.05915787326645266 0.1262402208557318
0 0.36180962295728675 0.8226936579932216 0.06054128134800037 0.07541261503568654
0 0.32684975916460074 0.8987588150698123 0.04862074630713514 0.08904699630553495
0 0.29737380223938364 0.807649446509685 0.06249051582821666 0.1111430540221586
0 0.4343082520425203 0.9338460786082255 0.03882877803786111 0.0783599805417318
0 0.3332379862700229 0.9704684317718941 0.05434782608695652 0.059063136456211814
0 0.4193363844393593 0.980142566191446 0.04004576659038902 0.03971486761710794
0 0.44136155606407323 0.9786150712830958 0.04977116704805492 0.04276985743380855
0 0.08924485125858124 0.9852342158859471 0.06407322654462243 0.029531568228105907
0 0.04433638443935927 0.9796334012219959 0.062356979405034325 0.04073319755600815
0 0.09153318077803203 0.969959266802444 0.07437070938215103 0.06008146639511202
0 0.010011441647597255 0.8915478615071283 0.02002288329519451 0.15173116089613034
0 0.032036613272311214 0.7958248472505092 0.06407322654462243 0.1395112016293279
0 0.13608984019564746 0.8059128253658342 0.0625371132963424 0.11827136359445997
0 0.18946657783305948 0.8351450286511518 0.047030978009602334 0.1083063740196739
0 0.07763092895107913 0.7865972480946237 0.056703124217981786 0.10066345088327344
0 0.06893592677345538 0.7438900203665988 0.04977116704805492 0.04786150712830957
0 0.10812356979405034 0.7443991853360489 0.041189931350114416 0.048879837067209775
0 0.18300372333498607 0.7650783088991108 0.06344829071543961 0.08268907648292949
0 0.6485057042330431 0.818029752111339 0.04513499777867249 0.08072257454440349
0 0.6172768878718535 0.980142566191446 0.04691075514874142 0.03971486761710794
0 0.6866560917924519 0.9238401954408938 0.0411370779007943 0.0815334918583856
0 0.7036020174006238 0.8478600114910717 0.03934094938727665 0.06922464146661818
0 0.712639042208096 0.8742866957453456 0.04680464745013498 0.07368315609706697
0 0.7740883729845967 0.957381230885266 0.03827000922032009 0.08036701004454379
0 0.8555491990846682 0.975050916496945 0.06350114416475973 0.04989816700610998
0 0.9324942791762014 0.984725050916497 0.059496567505720827 0.03054989816700611
0 0.7395797675109629 0.7962792185105684 0.0468246177936175 0.07673814591376761
0 0.77752006566384 0.7824655243943375 0.0490130955956561 0.061581718330217784
0 0.9470796526720694 0.8691235405292473 0.03650050783144554 0.07213147940837726
0 0.6417734504979404 0.7504940420190541 0.04899312525217372 0.05852672851351716
0 0.5102974828375286 0.7464358452138493 0.020594965675057208 0.05295315682281059
0 0.7413498700997871 0.9358348657023786 0.04792218508521715 0.06966909709144281