0 0.03944444444444444 0.11610671936758893 0.07888888888888888 0.09189723320158102
0 0.05177760028515163 0.0680918584839221 0.08086027976967886 0.13274602638377586
0 0.09722222222222222 0.053853754940711464 0.06333333333333334 0.10770750988142293
0 0.13982270453481407 0.07080144320856804 0.06305479979061702 0.1203536281498087
0 0.18333333333333332 0.026185770750988144 0.09666666666666666 0.05237154150197629
0 0.17528785005372774 0.09048304990268916 0.0714994457723785 0.08904354037185219
0 0.18598556833209814 0.1213249386662112 0.06900649728352265 0.07219337713589896
0 0.034722222222222224 0.31373517786561267 0.06944444444444445 0.09189723320158102
0 0.042777777777777776 0.18379446640316205 0.08555555555555555 0.09486166007905138
0 0.2697222222222222 0.07213438735177866 0.020555555555555556 0.1383399209486166
0 0.18703031989145605 0.1821560579619115 0.06106200245474889 0.07983979415771383
0 0.10218243007687154 0.28969333120140883 0.06024252022205751 0.08573415173690714
0 0.042222222222222223 0.35523715415019763 0.051111111111111114 0.04841897233201581
0 0.1463888888888889 0.35968379446640314 0.050555555555555555 0.039525691699604744
0 0.17694444444444443 0.3675889328063241 0.05611111111111111 0.023715415019762844
0 0.26722222222222225 0.3547430830039526 0.025555555555555557 0.04940711462450593
0 0.2452777777777778 0.35820158102766797 0.049444444444444444 0.042490118577075096
0 0.1521722306926247 0.2539983499382425 0.06520801843127579 0.05135614855423763
0 0.2725 0.2450592885375494 0.015 0.0691699604743083
0 0.25527777777777777 0.20108695652173914 0.049444444444444444 0.09782608695652174
0 0.9777777777777777 0.016304347826086956 0.044444444444444446 0.03260869565217391
0 0.9475910386932835 0.05263568041555569 0.06106200245474889 0.07983979415771383
0 0.9610628830330364 0.11159650429536193 0.07511760839463376 0.07238310610251002
0 0.8909241201049707 0.09398104538583928 0.05041603686255131 0.10022857245465792
0 0.8582365004421888 0.11379925825951241 0.0475410494586337 0.09816604743030907
0 0.8909202164669294 0.16177228094865476 0.06922181914758842 0.06529362917634172
0 0.9489998225073739 0.20004998691925752 0.04924952134887235 0.07651315743489497
0 0.9708333333333333 0.3730237154150198 0.04055555555555555 0.012845849802371542
0 0.9215515751935467 0.2528588540201704 0.06052734951097945 0.06897022894032254
0 0.5909659253285428 0.08152138622712492 0.06254784904813152 0.12132452235442512
0 0.473243803874979 0.06934183204470379 0.05070766574097105 0.10615742620959864
0 0.5456105809281804 0.2679943075344029 0.04454115022729209 0.08228677839897226
0 0.6482012428864685 0.2044404909964964 0.05765916169655965 0.08960048046749901
0 0.7152285420131187 0.27757302320813987 0.035825777978896994 0.09681569529247055
0 0.6785616234248057 0.31829745701496914 0.05074947096454316 0.08445279195056354
0 0.7188888888888889 0.34782608695652173 0.03 0.06324110671936758
0 0.47988201257542323 0.17601807941395223 0.04823561986390107 0.07845494584412781
0 0.4520728808799665 0.19321070376553642 0.054277223550156274 0.08850884964776645
0 0.4537147412968059 0.27183700836999575 0.055457842086123414 0.07867917098648648
0 0.37374319926302824 0.16743750860008008 0.05352724874232093 0.08453903238993217
0 0.41073964831529164 0.17865953750047706 0.050555051712263245 0.08050022278060308
0 0.3297257468303204 0.18315404291502227 0.05451344802600817 0.07075678455869172
0 0.3128879556313243 0.33855722755617 0.03028432544562956 0.06309812073269051
0 0.3038888888888889 0.37203557312252966 0.034444444444444444 0.014822134387351778
0 0.5101590345882626 0.29383623864632213 0.03941623839986833 0.06831480160112077
0 0.05793907966085565 0.5952477542244307 0.08856175053310274 0.12015889789951029
0 0.17055555555555554 0.3977272727272727 0.07 0.036561264822134384
0 0.25166666666666665 0.7465415019762845 0.056666666666666664 0.10968379446640317
0 0.065458722664411 0.7820583917686843 0.05995089134363778 0.07980529798196644
0 0.14403822793619692 0.8355340672996114 0.04668706543516047 0.06952716903596934
0 0.07397917181723399 0.8421625907318442 0.04931902877372832 0.0666489825978676
0 0.11665268845772782 0.8556824944847292 0.04620781689395875 0.08233852266259326
0 0.03593066777282249 0.8265197936470523 0.05052734951097932 0.06865976335859546
0 0.17145071385101168 0.9460187757337373 0.04072176876325911 0.07230186694682865
0 0.11974249388241907 0.9298104145093619 0.05176337244951431 0.08251100354133072
0 0.1036138799542709 0.9525783068144751 0.043548151354106925 0.07337624967868737
0 0.15138888888888888 0.9752964426877471 0.04611111111111111 0.04940711462450593
0 0.14967663817395815 0.9105725132213025 0.060624559137119276 0.07094651352530278
0 0.5005555555555555 0.43873517786561267 0.08555555555555555 0.11857707509881422
0 0.4998526740309133 0.5809864390980072 0.07635992707937425 0.18785776962086395
0 0.5622612563076869 0.7581757535589034 0.07888788120230426 0.16031052204625676
0 0.7239733799143205 0.7031777578214644 0.1100894023500574 0.1405599230006407
0 0.7389811871904032 0.5671295883232426 0.1137143645618106 0.14659226528282387
0 0.8383979294335635 0.5521672249960893 0.08618641043888045 0.17336334890311314
0 0.7513888888888889 0.3908102766798419 0.0661111111111111 0.022727272727272728
0 0.9711111111111111 0.4599802371541502 0.057777777777777775 0.16106719367588934
0 0.9454079776648228 0.6067395326304363 0.08050594305590089 0.15937412401738785
0 0.9442545574868473 0.7077197754310395 0.07649214233958851 0.14543664339528375
0 0.975 0.6551383399209486 0.05 0.12648221343873517
0 0.2927777777777778 0.7386363636363636 0.025555555555555557 0.10375494071146245
0 0.31083333333333335 0.7989130434782609 0.06166666666666667 0.08596837944664032
0 0.29194444444444445 0.8344861660079052 0.02388888888888889 0.10770750988142293
0 0.2877777777777778 0.9234189723320159 0.015555555555555555 0.10177865612648221
0 0.31734385906824636 0.8805791471188107 0.04822151684161308 0.11200003952517085
0 0.441997329630551 0.7678474423824442 0.08264505867427147 0.12392173810285971
0 0.6668894167768719 0.8039151488683974 0.09377707239716856 0.1134143827308168
0 0.6009865760186827 0.8158577182942098 0.0779575901644772 0.11884304193741929
0 0.5575346266041311 0.9052857178829714 0.07195728785850179 0.166015150658839
0 0.5304825212276537 0.9095893722124996 0.06791578494090522 0.1402372106147271
0 0.5205555555555555 0.9407114624505929 0.07888888888888888 0.11857707509881422
0 0.6542705487740076 0.9319719395873297 0.10172836681544015 0.12846074226052703
0 0.6245313275780405 0.8759902900310239 0.07270776650962944 0.09105432113257984
0 0.6819444444444445 0.9614624505928854 0.07722222222222222 0.07707509881422925
0 0.4494444444444444 0.9515810276679841 0.07777777777777778 0.09683794466403162
0 0.4288124547662381 0.9013648878418826 0.0717283668154402 0.12752934551534562
0 0.3966388373570858 0.9033534192310493 0.06714490752128376 0.1471197104864105
0 0.363947817899555 0.9117907476532123 0.05267276087555539 0.1348308007796858
0 0.34296501841061666 0.9376782996266596 0.06051324648869127 0.10251532262136535
0 0.30666666666666664 0.9510869565217391 0.04555555555555556 0.09782608695652174
0 0.782631836230271 0.9002765268790898 0.0733255260572509 0.13744526461599418
0 0.8535242256825673 0.8936221313150464 0.10011710455134158 0.15208991684092127
0 0.8672222222222222 0.9431818181818182 0.08444444444444445 0.11363636363636363
0 0.875 0.9713438735177866 0.08444444444444445 0.05731225296442688
0 0.7508333333333334 0.9337944664031621 0.085 0.1324110671936759
0 0.7394444444444445 0.9861660079051383 0.07111111111111111 0.02766798418972332
0 0.9844444444444445 0.8962450592885376 0.03111111111111111 0.1482213438735178
0 0.9661111111111111 0.9318181818181818 0.06777777777777778 0.12648221343873517
0 0.9547222222222222 0.9693675889328063 0.06055555555555556 0.06126482213438735
0 0.9224789702799171 0.9097898729615813 0.06938803235529223 0.13633638570838805