0 0.49479213174248854 0.25737724781560906 0.04733136794903909 0.10209971737650804
0 0.542458432304038 0.2558139534883721 0.03503562945368171 0.10782241014799154
0 0.5439429928741093 0.35095137420718814 0.032066508313539195 0.0824524312896406
0 0.398674929590191 0.34314725073509195 0.06904368658111888 0.08806515363048978
0 0.39673616513319604 0.44280840770262525 0.05426719496173299 0.09106262327774803
0 0.22642220752760658 0.20923674765333303 0.06463230862677194 0.14470449640329142
0 0.15150532293419092 0.2096263293837943 0.06327187496739846 0.13403520306598116
0 0.07388306445243527 0.2991554779639747 0.06154223784430797 0.13705874720377886
0 0.11707583387056887 0.34056122212764905 0.07307315199824484 0.11690178628512668
0 0.1700494245308411 0.3800975161316639 0.06987941009379069 0.10291354237102651
0 0.20281978273115084 0.3477420806996619 0.061352174120659554 0.1254308402270348
0 0.16564350856828405 0.4561466383422386 0.06079926147004653 0.0916042017492334
0 0.29651949093748375 0.5506178589456897 0.04405123344292672 0.0828260612002513
0 0.2859452499385403 0.5948936932188473 0.048438978340190134 0.06102120495118366
0 0.07630641330166271 0.6997885835095138 0.05641330166270784 0.05919661733615222
0 0.4352731591448931 0.6945031712473573 0.0498812351543943 0.06976744186046512
0 0.49409156584611036 0.6146841539826547 0.041151226384110895 0.08680821897748317
0 0.02345605700712589 0.5766384778012685 0.04691211401425178 0.10253699788583509
0 0.0543310604953024 0.5945144691801032 0.0420969755555246 0.07210753345644272
0 0.5280345787055593 0.6176917463006023 0.02967850232792091 0.07424485827726415
0 0.5534441805225653 0.5813953488372093 0.013064133016627079 0.0507399577167019
0 0.3625517526225933 0.5705474358859366 0.04419581614233224 0.0553911518435368
0 0.6291567695961995 0.06342494714587738 0.07422802850356294 0.12684989429175475
0 0.5757125890736342 0.3361522198731501 0.03147268408551069 0.1543340380549683
0 0.6605454525254819 0.24687322348562074 0.06722130231961804 0.12169485448229632
0 0.6590741006624041 0.32056200875883945 0.06654108548993129 0.11636020781364119
0 0.6936791592862458 0.38226229438997283 0.07285945521751289 0.1401083658321164
0 0.6348159846383075 0.3643846107028198 0.056988062280480214 0.11240120995236855
0 0.6191974149694978 0.39108391853663504 0.05819934379362089 0.0776651922416319
0 0.5995489869720892 0.589596779339054 0.06078198294971486 0.0905471192968021
0 0.7002249341350419 0.6008321900107564 0.05679799855683207 0.10077330297562435
0 0.6127585952330838 0.5064666463164114 0.050093146845201796 0.08966089997982608
0 0.8871733966745843 0.01744186046511628 0.09738717339667459 0.03488372093023256
0 0.7894893111638955 0.05866807610993657 0.08254156769596199 0.11733615221987315
0 0.8909883794880322 0.3029215966997529 0.06653473095317916 0.15225177678980636
0 0.9937648456057007 0.3250528541226216 0.012470308788598575 0.13002114164904863
0 0.9175186209357422 0.398105337250487 0.05066333801614649 0.12454462091005865
0 0.9394437438035915 0.41163597697353904 0.0543645115469709 0.13329668696850105
0 0.873249620898745 0.4181826957505729 0.05793381145189406 0.09770052443132785
0 0.8553044126104403 0.4662452074622579 0.05168455580563889 0.07818069622257783
0 0.8217069701576246 0.4843792641929362 0.040188198692365645 0.1004518220460928
0 0.798551002532889 0.46830438715180345 0.042194292140762646 0.11434159714719526
0 0.7709609164416851 0.4901744296272201 0.05092887035787346 0.1045092887203627
0 0.7412133000324375 0.4164277445641038 0.07333232980321967 0.13275802307159604
0 0.8156428158767175 0.6044942458054042 0.04623011209464045 0.10728666082566712
0 0.8687750904883507 0.6355492629867194 0.056359681011788364 0.11023781064100716
0 0.6922128765034847 0.6745340125292448 0.059276966590935856 0.10731273531620682
0 0.7209026128266033 0.7135306553911205 0.04513064133016627 0.03171247357293869
0 0.9469179893034699 0.6142511669948559 0.0343081465098275 0.06723915636223458
0 0.9729826032471872 0.6263800834199859 0.032613066427400084 0.0723768654048951
0 0.9893111638954869 0.6368921775898521 0.021377672209026127 0.08350951374207188
0 0.9783254156769596 0.4682875264270613 0.04334916864608076 0.11627906976744186
0 0.9907957244655582 0.6929175475687104 0.01840855106888361 0.07293868921775898
0 0.9804038004750594 0.7156448202959831 0.035629453681710214 0.02748414376321353
0 0.9548693586698337 0.7198731501057083 0.04156769596199525 0.019027484143763214
0 0.16085657261346817 0.781337073013667 0.06130669309641667 0.08636802389357551
0 0.15201900237529692 0.7579281183932347 0.052256532066508314 0.05708245243128964
0 0.09761429232843252 0.786580537305776 0.048888219868813115 0.08850534871439719
0 0.045123607692484594 0.8311561498797967 0.06142764273873838 0.09376760106059477
0 0.014251781472684086 0.828752642706131 0.028503562945368172 0.09090909090909091
0 0.019299287410926364 0.7753699788583509 0.03859857482185273 0.0919661733615222
0 0.17461959315856526 0.8775793533041227 0.05515475403539968 0.10908225937557875
0 0.1609843764260311 0.8982923872268205 0.039387032220357054 0.08771759821041854
0 0.13969945135541528 0.8693602003337667 0.05152269458590197 0.10455852312686126
0 0.21014080627145795 0.795245636168858 0.059225131029940835 0.10414148795891295
0 0.24772134057219422 0.8207097119783355 0.06251162007280535 0.0875235751590044
0 0.314077824330267 0.9332324723193177 0.06310544430083385 0.08757280956550297
0 0.32007125890736343 0.9756871035940803 0.052256532066508314 0.048625792811839326
0 0.22743467933491687 0.9714587737843552 0.055819477434679333 0.05708245243128964
0 0.3275120533555732 0.8638444111782819 0.056048667645818506 0.09121032649724395
0 0.3556473053821867 0.8207588680444915 0.05034140066659709 0.06856848533769885
0 0.4761104083386906 0.7874838523685223 0.057899254411230706 0.09558635952646527
0 0.3590610986041248 0.7749596817444554 0.0499549186825484 0.08120424036037577
0 0.5522565320665083 0.9714587737843552 0.015439429928741092 0.05708245243128964
0 0.5219549309942447 0.8456059781451026 0.050842477756215365 0.09922387645820625
0 0.540083135391924 0.9101479915433404 0.03978622327790974 0.07188160676532769
0 0.45338479809976245 0.983615221987315 0.04453681710213777 0.03276955602536998
0 0.5136579572446556 0.9751585623678647 0.0498812351543943 0.049682875264270614
0 0.01811163895486936 0.9741014799154334 0.03622327790973872 0.05179704016913319
0 0.26573634204275537 0.9778012684989429 0.04334916864608076 0.04439746300211417
0 0.6847168897584636 0.8595813414946182 0.03435998207082252 0.07041040371952845
0 0.7130176799066793 0.9175702585842627 0.047106747184727606 0.08835764549490127
0 0.7740606257512936 0.9050995375478798 0.04406851196325839 0.08388314365268282
0 0.5816508313539193 0.9608879492600423 0.04334916864608076 0.06976744186046512
0 0.8705579553508876 0.8425853485818853 0.04640925183470906 0.08196591637381473
0 0.8907363420427553 0.7637420718816068 0.04156769596199525 0.06871035940803383