0 0.13590425531914893 0.030718336483931945 0.06223404255319149 0.06143667296786389
0 0.1702127659574468 0.03166351606805293 0.05106382978723404 0.06332703213610585
0 0.2266902587026706 0.2528024590381478 0.054970323545628155 0.09410617154221422
0 0.11947052620186577 0.37824834208191016 0.05156084266314814 0.07328472622174644
0 0.13539153766091072 0.2811667250799254 0.05465007205925093 0.07048218083315079
0 0.2614652672997035 0.30964764189885313 0.05087196608311155 0.08367070385915494
0 0.3261567130840473 0.39927716992988777 0.03766288211870615 0.07125139581051333
0 0.3022177864957639 0.3404289005747358 0.06428556997871564 0.10176108941252246
0 0.376063829787234 0.46928166351606804 0.07021276595744681 0.01984877126654064
0 0.33478032656158074 0.35805737903536206 0.058250601283350294 0.0818573292063699
0 0.3920360867305997 0.366920793222723 0.058523294524948526 0.08941876587933777
0 0.4867021276595745 0.44376181474480153 0.05531914893617021 0.07088846880907372
0 0.4432359528506249 0.08982339206179679 0.05620458660886122 0.09884306725074143
0 0.40166729494278425 0.16920504498165953 0.07691518080472527 0.09811234453110756
0 0.5295212765957447 0.16493383742911152 0.0601063829787234 0.08223062381852551
0 0.49404372504260896 0.11908240237623507 0.062383045401066796 0.09323797647355017
0 0.510904255319149 0.036862003780718335 0.07180851063829788 0.07372400756143667
0 0.5016875023271532 0.19086381127679825 0.06672715292602285 0.08100013192562815
0 0.4891323929250813 0.24110679937216292 0.05835286124894963 0.08469286795873286
0 0.41642691403752763 0.2612418282132894 0.061871745573070104 0.07906028271173542
0 0.41686881751137 0.38415641585372634 0.05342928058559732 0.08086265957659816
0 0.20734874085907573 0.09273474132565182 0.08322998621772984 0.09628797209040002
0 0.20821437882864924 0.1314926031685734 0.07434439471266005 0.08580301436168998
0 0.19646193654877825 0.05644430742829571 0.06560862141796858 0.09421614942143847
0 0.09003374827486085 0.13744200499554643 0.05528424691846729 0.07332321847947489
0 0.0956021216182478 0.4172619024940278 0.06882072584529116 0.08007694791735218
0 0.023936170212765957 0.0165406427221172 0.047872340425531915 0.0330812854442344
0 0.6742021276595744 0.47117202268431 0.04414893617021277 0.01606805293005671
0 0.6388297872340426 0.46833648393194705 0.04680851063829787 0.021739130434782608
0 0.657433142134572 0.4278681509784875 0.040274898342012144 0.05521633624422372
0 0.6733533382311139 0.40453803600774546 0.05531833357366707 0.07426839806359609
0 0.7891590258162318 0.2515829649331728 0.0635760783330586 0.12631926191778456
0 0.7692134403493482 0.141161920409854 0.050230647747854074 0.11011923553265891
0 0.8407829367199962 0.17067906365186572 0.06896340057962837 0.12826461002563855
0 0.858887027443589 0.30381191266389423 0.07282315145574664 0.13208382061985083
0 0.9078834121282103 0.4082594405146209 0.07325994985980556 0.09996421144162107
0 0.8426830152101357 0.4004236893207991 0.06764749261641666 0.10651998069689468
0 0.7241433491262386 0.18984998186861024 0.05690693477847689 0.10357446406530771
0 0.661755916624648 0.18624004433352678 0.05900765117378644 0.07336171073720346
0 0.6329956693386117 0.1264960854399047 0.0606303390337961 0.10361295632303617
0 0.7273371871822065 0.2857884591038706 0.05174474752872637 0.09312799859432613
0 0.5784574468085106 0.305765595463138 0.03776595744680851 0.07088846880907372
0 0.6635942473111698 0.14130827127703227 0.06358322180909984 0.0970296925979564
0 0.7128684303071724 0.40838442598316066 0.0471485618277924 0.08363221160142649
0 0.13085106382978723 0.5070888468809074 0.07234042553191489 0.055765595463137994
0 0.4937953159978955 0.6672123260979289 0.0826021394720517 0.1378538782158785
0 0.34878145982736874 0.873419139180007 0.08264336960329259 0.10950948848017149
0 0.1938134849760065 0.8773850157300008 0.06598357462516603 0.10461312484676917
0 0.12708908842550107 0.8568003379384682 0.05271978893994028 0.10542083208186007
0 0.044025963745749484 0.7815437144048711 0.06332400015708099 0.10458563037696311
0 0.023138297872340424 0.7986767485822306 0.04627659574468085 0.09073724007561437
0 0.036806638926196185 0.8690800543683056 0.049617087954258225 0.09310600301848122
0 0.08473286571004518 0.9290986428713848 0.04632333862695682 0.09023747090235107
0 0.056381250605154504 0.9175725900028359 0.046514386968576044 0.08079117395510238
0 0.21462765957446808 0.975897920604915 0.0601063829787234 0.048204158790170135
0 0.4720744680851064 0.9839319470699432 0.0601063829787234 0.03213610586011342
0 0.5704787234042553 0.527882797731569 0.021808510638297873 0.09735349716446125
0 0.781986541272198 0.6450116036590082 0.0858071004233328 0.15300424603162024
0 0.8113821864612053 0.596958349364168 0.08754633520102434 0.12751189173015978
0 0.8741231417418696 0.6988999570116009 0.07254331473810705 0.15381195326671115
0 0.9121871048844286 0.8838307207556024 0.07197731318929049 0.15286127478862901
0 0.9768617021276595 0.8199432892249527 0.04627659574468085 0.1275992438563327
0 0.9575976549782844 0.8814702061536773 0.06589478624914591 0.1168949605463809
0 0.9199468085106383 0.9541587901701323 0.06861702127659575 0.09168241965973535
0 0.9321808510638298 0.9806238185255198 0.052659574468085106 0.038752362948960305