0 0.38118527042577677 0.3401639344262295 0.037399309551208286 0.11270491803278689
0 0.30563953492080076 0.3787492985329964 0.06056913604181153 0.14057629265387445
0 0.34711441962124734 0.22213053477267466 0.05839107049418779 0.0942547963056875
0 0.10937528806285185 0.3801632393923291 0.040363656090484666 0.07256654715584246
0 0.06520707366499853 0.3718480391050856 0.04614752559266226 0.07635678088477191
0 0.21151486841311362 0.27841414215661414 0.0674564497180112 0.08105687519000747
0 0.09157449882871806 0.2907909252408579 0.03424544916499132 0.09329483103762656
0 0.02016997399776478 0.24698032226231162 0.029996881024357974 0.07025232316508101
0 0.038015957588732274 0.33174198067607796 0.041775527027270436 0.09934918406556263
0 0.38636363636363635 0.11577868852459017 0.02704257767548907 0.0860655737704918
0 0.24732574851087163 0.2012978147708005 0.03531585162792248 0.08524140237357648
0 0.05724971231300345 0.03432377049180328 0.039700805523590336 0.06864754098360656
0 0.03193325661680092 0.03278688524590164 0.03164556962025317 0.06557377049180328
0 0.01093210586881473 0.056864754098360656 0.02186421173762946 0.05225409836065574
0 0.7138108387040236 0.35791872659910484 0.07036766816538165 0.20217345350540752
0 0.6597141840927038 0.3365130746817501 0.06268694244699004 0.18075024801845482
0 0.5988586678251462 0.3011106212718974 0.09152885657448667 0.13317470233107706
0 0.573653340608827 0.204985283099182 0.0739634289295281 0.15861760072221562
0 0.6268524364494783 0.14207718546308443 0.07247834352002128 0.18299282568550385
0 0.4692495249079445 0.24459261195346005 0.05899366191863726 0.1557302061417531
0 0.42491369390103567 0.2551229508196721 0.05005753739930955 0.1557377049180328
0 0.41196777905638665 0.22387295081967212 0.024165707710011506 0.11372950819672131
0 0.8132685886172205 0.11937607166216499 0.07905140615372028 0.15004110616021918
0 0.9000590194755745 0.20578607286976208 0.06069969751710885 0.153895964785022
0 0.9475625250723805 0.19628918558970088 0.04233794569008976 0.15672623324589074
0 0.916283084004603 0.06762295081967214 0.061565017261219795 0.13524590163934427
0 0.9781357882623706 0.27459016393442626 0.04372842347525892 0.12704918032786885
0 0.9844649021864211 0.32786885245901637 0.031070195627157654 0.13114754098360656
0 0.9718066743383199 0.4031762295081967 0.05638665132336018 0.13217213114754098
0 0.41369390103567316 0.09170081967213115 0.02761795166858458 0.17520491803278687
0 0.47100853929918957 0.09445432977521027 0.055420899675174266 0.1430052462322642
0 0.5051192080782132 0.132163747073765 0.06580776112211596 0.14736865055089463
0 0.5043153049482163 0.039959016393442626 0.0903337169159954 0.07991803278688525
0 0.5768124280782508 0.042008196721311473 0.07422324510932106 0.08401639344262295
0 0.5995397008055235 0.06659836065573771 0.0805523590333717 0.13319672131147542
0 0.69102416570771 0.038422131147540985 0.09205983889528194 0.07684426229508197
0 0.6573647871116226 0.06557377049180328 0.07882623705408516 0.13114754098360656
0 0.7462600690448792 0.06096311475409836 0.05293440736478711 0.12192622950819672
0 0.8118527042577676 0.021004098360655737 0.06559263521288838 0.042008196721311473
0 0.869102416570771 0.018954918032786885 0.05466052934407365 0.03790983606557377
0 0.9620253164556962 0.01485655737704918 0.047180667433831994 0.02971311475409836
0 0.9456368460557458 0.04098135861394379 0.05480826506031739 0.08050524623226434
0 0.3849252013808976 0.9390368852459017 0.02991944764096663 0.09528688524590163
0 0.17035794957956973 0.9288849569842735 0.06847372408903603 0.12621048872683488
0 0.17782405347500196 0.7534758707963277 0.07061161687502988 0.1684336244192841
0 0.2731783574222057 0.8163060167035345 0.05774248202837126 0.1453410118549835
0 0.3069360584670328 0.8607110932295192 0.04788077862248752 0.13592630304039371
0 0.3132593481113464 0.7432629976275811 0.060338142662439094 0.11701071888338264
0 0.06127733026467204 0.9513319672131147 0.07192174913693901 0.09733606557377049
0 0.023014959723820484 0.9354508196721312 0.04602991944764097 0.125
0 0.10914720682334805 0.7538408851685097 0.0754886871006647 0.1383407364146646
0 0.19907940161104717 0.9825819672131147 0.07019562715765247 0.03483606557377049
0 0.2201177567919241 0.923712140147067 0.06610192578380163 0.11875177228444324
0 0.27963176064441886 0.9600409836065574 0.06904487917146145 0.07991803278688525
0 0.3410869000076864 0.8943221498723362 0.04024022566572632 0.11860145820917897
0 0.3637918275996766 0.7472040227802155 0.05042331116464941 0.16080305226967037
0 0.37197928653624857 0.8401639344262295 0.05581127733026467 0.0942622950819672
0 0.28377030158796757 0.6737662329011819 0.06614209854543177 0.12285013294018095
0 0.22417892054095206 0.6852799880611751 0.059204568917194486 0.17724659958437602
0 0.09730604292352313 0.6427480094192566 0.09838312853959526 0.1289115073959562
0 0.1832566168009206 0.5020491803278688 0.039700805523590336 0.06557377049180328
0 0.14873417721518986 0.5066598360655737 0.045454545454545456 0.07479508196721311
0 0.21375143843498273 0.4918032786885246 0.05466052934407365 0.045081967213114756
0 0.03624856156501726 0.795594262295082 0.07249712313003452 0.11782786885245902
0 0.01524741081703107 0.6639344262295082 0.03049482163406214 0.14959016393442623
0 0.04430379746835443 0.5307377049180327 0.06329113924050633 0.12295081967213115
0 0.4298043728423475 0.5117827868852459 0.05178365937859609 0.08504098360655737
0 0.41196777905638665 0.9195696721311475 0.024165707710011506 0.1260245901639344
0 0.5752574882332893 0.8286921385584354 0.08603915173399485 0.10076759033569634
0 0.5315133465870183 0.9236814290192874 0.07868985129905053 0.11315586025857993
0 0.512945914844649 0.9682377049180327 0.09723820483314154 0.06352459016393443
0 0.45490178231691725 0.9127544099562327 0.062445905877210335 0.1561600840840286
0 0.5126170469139346 0.8288171616136021 0.059649381434992675 0.16399857377694116
0 0.6112541673535858 0.7326208931398349 0.09432538101670432 0.1253362126381646
0 0.6671342909467687 0.6893340720818956 0.061970963788189795 0.16633433939966044
0 0.546972168488875 0.6070795576496301 0.05006175630997991 0.12391780636803115
0 0.48323410727523536 0.6605549155530995 0.08458419589571063 0.12821658579078785
0 0.7664530415633276 0.6994802416861708 0.05398894235757365 0.11417342899467518
0 0.8627965997656691 0.6613882564458367 0.049335734460771996 0.1084773075853022
0 0.791174839570153 0.8156209112174639 0.06799878200001563 0.13638474404246637
0 0.7733026467203682 0.9385245901639344 0.06329113924050633 0.12295081967213115
0 0.8476432924867074 0.8295678466924272 0.049921151644274915 0.10957354407294907
0 0.894653879069013 0.7531035963220865 0.05609961771221341 0.0949928011747715
0 0.9049560267828918 0.669441923784107 0.05205191337972975 0.09244209658091447
0 0.8964365453663424 0.5712388422237259 0.0529285830850498 0.12325144782265969
0 0.9477904570127516 0.5500057620362542 0.048114684141728606 0.1011618837903359
0 0.49397313377184 0.5323235708839725 0.08260699415623685 0.10238689272128944
0 0.41743383199079404 0.8114754098360656 0.035097813578826235 0.125
0 0.7691454192770683 0.5420623588748112 0.068069084332868 0.14355687519000734
0 0.7913719885539009 0.6196268337951591 0.06618227130706192 0.12694849359591864
0 0.6947363751452087 0.5702596526665251 0.05137610748255939 0.08212454861785755
0 0.9729574223245109 0.9328893442622951 0.04833141542002301 0.13422131147540983
0 0.9088032220943614 0.9492827868852459 0.053509781357882626 0.1014344262295082
0 0.8835016256957668 0.8941781412022503 0.04642873492407196 0.10504530547493585