0 0.47115384615384615 0.1123046875 0.057692307692307696 0.158203125
0 0.3982558228299145 0.10113219553127317 0.07802455431704647 0.1695255266848288
0 0.3506126729599523 0.16018513426954073 0.09793855281473818 0.1445553450230671
0 0.23110212461150498 0.14062944715743975 0.07190066138232533 0.16451771751670385
0 0.2635369825547747 0.22623241299826324 0.06906336405840191 0.12540976418284022
0 0.1767574221964834 0.12583828381104833 0.05830828404943893 0.1730226966800562
0 0.10464479565169496 0.2000048725433503 0.0529214622083466 0.11238491501232906
0 0.06600657018117842 0.2387431754505382 0.05716730050832621 0.13687852084659025
0 0.013461538461538462 0.09521484375 0.026923076923076925 0.1337890625
0 0.03812728916222771 0.4817364458595158 0.05147671848232634 0.05768605167886309
0 0.016483516483516484 0.46142578125 0.03296703296703297 0.0869140625
0 0.006043956043956044 0.39501953125 0.012087912087912088 0.0732421875
0 0.14563115046106231 0.5898809188017021 0.04575251000143088 0.07709230501073816
0 0.49148351648351646 0.31396484375 0.01703296703296703 0.1416015625
0 0.46153846153846156 0.28271484375 0.07692307692307693 0.0986328125
0 0.3576243276804062 0.35362405260380203 0.07894759425626434 0.1588060658517605
0 0.31268212012182706 0.30925227300979685 0.0701942399136091 0.12738561584977193
0 0.300593018633565 0.5437860175892857 0.061169100142352356 0.07936360334778336
0 0.1877023354936381 0.3750037629793721 0.0506277357416262 0.10648008667846542
0 0.14864926404043755 0.3380755171367589 0.06218806435048824 0.07450351751471507
0 0.12370604571326785 0.29070053046425914 0.07582252412558639 0.10211998751789686
0 0.09093406593406593 0.65087890625 0.046703296703296704 0.0380859375
0 0.032692307692307694 0.6474609375 0.05989010989010989 0.044921875
0 0.006868131868131868 0.63232421875 0.013736263736263736 0.0751953125
0 0.2094452370912622 0.5624018350672129 0.05934488733431735 0.06858732584738592
0 0.20091194034733093 0.6115250646482924 0.0522819670822253 0.07332241501232906
0 0.23461538461538461 0.63525390625 0.03406593406593406 0.0693359375
0 0.438280820953271 0.39873444887309084 0.06513727332148297 0.12044740834857892
0 0.4868131868131868 0.40087890625 0.026373626373626374 0.1220703125
0 0.4697543222105299 0.3920636217973803 0.04734701982307607 0.10738846917766987
0 0.4209163469727483 0.44523445886871604 0.07949281681205687 0.09145734335215838
0 0.42111830319649024 0.4911215330352502 0.07810614290640112 0.07385649168522646
0 0.2980769230769231 0.63232421875 0.046703296703296704 0.0751953125
0 0.3669267690214567 0.569563680105194 0.04740086164978253 0.07712639501113583
0 0.39478021978021977 0.65234375 0.06208791208791209 0.03515625
0 0.4461538461538462 0.6337890625 0.04065934065934066 0.072265625
0 0.4782967032967033 0.6201171875 0.043406593406593405 0.0859375
0 0.2674143840551242 0.5972807096643997 0.03708920023544631 0.08472299167528385
0 0.21485805524922874 0.33944479881940026 0.06453986063757329 0.11750635751511296
0 0.23296171432020932 0.2709948592407068 0.048819510311744245 0.09668037167806764
0 0.18884368258580603 0.22664012464690053 0.059984382460438586 0.1076498258473857
0 0.007692307692307693 0.30615234375 0.015384615384615385 0.0888671875
0 0.5494505494505495 0.0302734375 0.0956043956043956 0.060546875
0 0.6810439560439561 0.0361328125 0.09835164835164835 0.072265625
0 0.7760989010989011 0.04443359375 0.07417582417582418 0.0888671875
0 0.9664835164835165 0.0556640625 0.06703296703296703 0.111328125
0 0.8928571428571429 0.068359375 0.08131868131868132 0.13671875
0 0.8834299398313604 0.15312671934669625 0.09329303006093266 0.0956476766888058
0 0.883391259533512 0.2346412797630315 0.06709526484698952 0.10584442418244255
0 0.8033692075438158 0.21150922141047557 0.06310945259111667 0.16433590418124933
0 0.8417462175698759 0.32456957058595814 0.052937449586499576 0.11336147751232906
0 0.8951977408051567 0.3183532768488837 0.07885166998734608 0.1529466908517605
0 0.95991006045805 0.3289658122811273 0.05668179947148783 0.1407734075131244
0 0.9637385752274614 0.42862064061499083 0.07067974095044759 0.12349072918323789
0 0.9687867222812163 0.4853464906159852 0.0605077379458305 0.0725163025143174
0 0.9619926476116021 0.5232790231141955 0.051444743726020224 0.05573292667886309
0 0.9263519567975944 0.42638309018930953 0.048525857812742136 0.11229400834460179
0 0.8973379354808337 0.41553260893234956 0.04106325310682438 0.09261503500954493
0 0.8444539641699855 0.456416871419424 0.07830809913014311 0.11974356585176049
0 0.8534282019606595 0.5181050772546796 0.07323091716620593 0.04446871001749919
0 0.510989010989011 0.12939453125 0.02197802197802198 0.1552734375
0 0.6553629395210471 0.12888536762507952 0.10043000751154248 0.1289871616903966
0 0.6545850741327408 0.2323498576244829 0.06395843533181665 0.115541869181647
0 0.5805909908088476 0.2083662334400519 0.08138097913270405 0.10613987085255605
0 0.5285714285714286 0.185546875 0.05714285714285714 0.1171875
0 0.5439797602194026 0.2534919642643705 0.07873553034661689 0.07875066751869242
0 0.556362612953851 0.3220842876004215 0.09409827866083179 0.11128404002227166
0 0.562053194979851 0.4012767567681488 0.07908137297373602 0.13342680418522646
0 0.6787163383184691 0.347556166379852 0.06466775966279752 0.12531885751511296
0 0.7190189028154903 0.3098285159730617 0.05978077453810728 0.162314599180454
0 0.7618941470476154 0.34537146139993635 0.08186060047729485 0.13543674585255605
0 0.7790171586572531 0.38477486140391337 0.06894134472542526 0.08440550251630596
0 0.7729483956967728 0.4334609447355895 0.09549083225873486 0.09569313002266933
0 0.506043956043956 0.27294921875 0.012087912087912088 0.1357421875
0 0.5737040304636232 0.542583214687069 0.058869493983384445 0.10665053668045399
0 0.6141925638062333 0.549766075946813 0.046445846954258824 0.08589273084420412
0 0.6662885620428698 0.5781779792926078 0.042034255180501384 0.08482526167647686
0 0.7187371084481677 0.5777983338886016 0.06958671954379382 0.09027624084977193
0 0.7773036680959393 0.6156182593192543 0.06859973009196403 0.09708945168284
0 0.7412087912087912 0.646484375 0.05274725274725275 0.046875
0 0.717032967032967 0.65966796875 0.05824175824175824 0.0205078125
0 0.9296703296703297 0.63134765625 0.046153846153846156 0.0771484375
0 0.987912087912088 0.62939453125 0.024175824175824177 0.0556640625
0 0.8620879120879121 0.63427734375 0.03956043956043956 0.0712890625
0 0.5206043956043956 0.5390625 0.04120879120879121 0.115234375
0 0.6258241758241758 0.6591796875 0.04285714285714286 0.021484375
0 0.6565934065934066 0.64501953125 0.045054945054945054 0.0498046875
0 0.9598901098901099 0.63818359375 0.041758241758241756 0.0634765625
0 0.061813186813186816 0.70703125 0.0543956043956044 0.07421875
0 0.16703811962310405 0.8743925375954502 0.05621816550504983 0.1124530950131244
0 0.21565934065934067 0.98291015625 0.07747252747252747 0.0341796875
0 0.0783119635727459 0.9067256834072409 0.05835789788248743 0.07540053668045388
0 0.08956043956043956 0.96435546875 0.06483516483516484 0.0712890625
0 0.06126373626373626 0.966796875 0.04230769230769231 0.06640625
0 0.023076923076923078 0.951171875 0.041758241758241756 0.09765625
0 0.32664835164835165 0.703125 0.04120879120879121 0.06640625
0 0.3796254061291786 0.8421804172302205 0.04847201598603568 0.14255608251113583
0 0.3291208791208791 0.9423828125 0.04725274725274725 0.115234375
0 0.48736263736263735 0.962890625 0.025274725274725275 0.07421875
0 0.42704730900006704 0.9373675368246234 0.061137125386046265 0.07741047834778336
0 0.4468733769179168 0.9070262614128618 0.05943493191098791 0.10763846251391973
0 0.48131868131868133 0.90380859375 0.03736263736263736 0.1044921875
0 0.4936813186813187 0.8388671875 0.012637362637362638 0.09765625
0 0.4796703296703297 0.78515625 0.04065934065934066 0.09375
0 0.4731519048719197 0.851436402669424 0.04289334560710683 0.07019955084340856
0 0.4478918788278133 0.7679342851636572 0.061478740019507504 0.06472652918124933
0 0.42754245542457137 0.833409083908487 0.05530100525807979 0.08998079417965843
0 0.023351648351648352 0.73388671875 0.043406593406593405 0.1279296875
0 0.02912087912087912 0.82421875 0.05824175824175824 0.099609375
0 0.007417582417582417 0.72314453125 0.014835164835164835 0.1064453125
0 0.006318681318681319 0.853515625 0.012637362637362638 0.07421875
0 0.0052197802197802195 0.9111328125 0.010439560439560439 0.08984375
0 0.5576372764652512 0.8852387055418124 0.07996067877215264 0.18713774168522646
0 0.6911806808950879 0.8728689584907598 0.10167279501382072 0.1377989508573284
0 0.7508241758241758 0.9384765625 0.07197802197802197 0.123046875
0 0.84539831013418 0.8316398247781445 0.09191481214259306 0.21276699668801036
0 0.939010989010989 0.7109375 0.1021978021978022 0.08203125
0 0.978021978021978 0.896484375 0.04395604395604396 0.111328125
0 0.9319780282655584 0.9198269227153594 0.07790253498406995 0.12852126501829453
0 0.8832417582417582 0.95947265625 0.07527472527472527 0.0810546875
0 0.9928571428571429 0.7783203125 0.014285714285714285 0.103515625