0 0.4181081081081081 0.02548076923076923 0.0718918918918919 0.05096153846153846
0 0.44432432432432434 0.12163461538461538 0.04540540540540541 0.05673076923076923
0 0.46459459459459457 0.038461538461538464 0.038378378378378375 0.07692307692307693
0 0.3233996762635564 0.07428588583977627 0.039160327239207274 0.07618125707153747
0 0.26281470498958515 0.07039065966942377 0.06476714128698134 0.08729803307009897
0 0.4937837837837838 0.02548076923076923 0.049189189189189186 0.05096153846153846
0 0.005135135135135135 0.10336538461538461 0.01027027027027027 0.07788461538461539
0 0.13891891891891892 0.12067307692307692 0.03891891891891892 0.058653846153846154
0 0.17482655585579593 0.09720728386736495 0.051718640073120055 0.08266475301846037
0 0.09378378378378378 0.009134615384615385 0.04162162162162162 0.01826923076923077
0 0.12558552413436425 0.06042268457167819 0.05864496277896276 0.07976579253361077
0 0.34864864864864864 0.012980769230769231 0.04540540540540541 0.025961538461538463
0 0.7613513513513513 0.04471153846153846 0.05891891891891892 0.08942307692307692
0 0.9316216216216217 0.10240384615384615 0.08162162162162162 0.09519230769230769
0 0.98 0.04519230769230769 0.04 0.09038461538461538
0 0.9648648648648649 0.11971153846153847 0.07027027027027027 0.06057692307692308
0 0.12942028508624512 0.36230592440099496 0.0662258635725036 0.10186683204876117
0 0.046442135871935915 0.4043686144780834 0.060556854509814496 0.11164228381996526
0 0.15856582878726883 0.543161793534942 0.07013552775776773 0.10718455155100191
0 0.06672950535674539 0.7026928108388528 0.0671943974780776 0.11828584692270765
0 0.01027027027027027 0.7524038461538461 0.02054054054054054 0.09326923076923077
0 0.037208596068196154 0.7457517666014442 0.054572399257599255 0.08879828892665431
0 0.0249887100060701 0.8902088592290192 0.04934322641426636 0.0948004478794972
0 0.21731008563464574 0.9221812241105283 0.039776396020636 0.0791387334839455
0 0.18489690785534796 0.9376470085996748 0.03738764913580916 0.07019344321892902
0 0.059401150611430684 0.8889475685795717 0.040379131576091576 0.06101522477029999
0 0.0602859992914794 0.850231016520759 0.035250663053943136 0.07086353756929695
0 0.0927258435227236 0.8772186463948902 0.049355069268589236 0.07468100121498214
0 0.17167068370776375 0.8882884127495743 0.05229619954827949 0.06357970584327641
0 0.15207201062085066 0.8648770102607778 0.0542199341334541 0.07533675046511584
0 0.11757290404666412 0.7281647042295731 0.044402833308513315 0.09126008324474832
0 0.1765717822619823 0.6714830073230025 0.05463608464416469 0.11180235097578475
0 0.21053328897948903 0.7151518382184714 0.0739948397824397 0.11057919413016573
0 0.27212232272200276 0.6745248510468842 0.04083230102142106 0.0783229170779923
0 0.2560712413993615 0.7244525577824024 0.054597575337895395 0.08975982738819277
0 0.3714796275480677 0.791880480152154 0.04181267778131793 0.07462248528742393
0 0.362474827905588 0.8519551163479563 0.0354520716963118 0.07855584526160442
0 0.2951982355736356 0.73751222506446 0.041347665481665456 0.07743423964424669
0 0.4193685627323228 0.8081012940664526 0.03771493817965829 0.0826934432189288
0 0.39317752259640265 0.8125965923759336 0.04276787846091867 0.06996051503531668
0 0.4507991281942484 0.7343895716264366 0.055225486973646876 0.07259785713608573
0 0.5216216216216216 0.7230769230769231 0.016216216216216217 0.06538461538461539
0 0.48627935671415673 0.8878559397067718 0.031139590226310344 0.05785351037474851
0 0.3081081081081081 0.9778846153846154 0.04108108108108108 0.04423076923076923
0 0.4549938461879663 0.6252693013420555 0.04847539682987681 0.08222758685170456
0 0.40452216727532736 0.6243530692344625 0.05658350493798492 0.08332050226859407
0 0.3872603985409987 0.5658891159635255 0.06268050736570749 0.08989120434354382
0 0.43223706539554546 0.5226766978319214 0.05096484803588799 0.0950190309628752
0 0.40061912964360974 0.4545686697451313 0.0500599995168793 0.10160407813805916
0 0.4595247153365554 0.42540011053409593 0.06319587182595175 0.08900252690979799
0 0.48402009598161605 0.45973065582511646 0.05273752613928623 0.10100684481548376
0 0.512972972972973 0.4216346153846154 0.03351351351351351 0.08942307692307692
0 0.47793270085074085 0.37225991378889567 0.05986525748749733 0.10580019202294186
0 0.4314943309673711 0.3182112252495301 0.0506390493636895 0.12371946275344378
0 0.49972972972972973 0.2923076923076923 0.06 0.11923076923076924
0 0.43783783783783786 0.16538461538461538 0.07783783783783783 0.03076923076923077
0 0.47859982691914693 0.2216405950526583 0.05354316070876062 0.1317760755847146
0 0.4363310390086391 0.23361018573437978 0.0601555275967277 0.13745810022591845
0 0.5067567567567568 0.49230769230769234 0.04594594594594595 0.08846153846153847
0 0.4838920200821001 0.5687852376318221 0.057236592654032664 0.0671200704780255
0 0.47586461645621647 0.5418842461224073 0.05492337401009413 0.06105939559762419
0 0.4888405701724902 0.6231193332588623 0.043711236286196276 0.08541799144772491
0 0.7781081081081082 0.19807692307692307 0.0654054054054054 0.09615384615384616
0 0.9164761740632541 0.23518593306235983 0.045421719374679356 0.10960217504177161
0 0.9318918918918919 0.20240384615384616 0.04972972972972973 0.10480769230769231
0 0.9518918918918919 0.18942307692307692 0.04108108108108108 0.07884615384615384
0 0.975945945945946 0.17740384615384616 0.04810810810810811 0.05480769230769231
0 0.9802702702702702 0.16634615384615384 0.03945945945945946 0.032692307692307694
0 0.7546287529642329 0.44516356013638625 0.05368088396456409 0.11646432122789178
0 0.9026539210326411 0.39095573159490127 0.05170679721879719 0.10278419968297542
0 0.8630952476236476 0.4339203086793485 0.054246600585400644 0.11749872071722288
0 0.7696091457479058 0.5097246188016206 0.06066940168532169 0.09536899100160405
0 0.8066806035083636 0.5167892996809526 0.042907092088372165 0.09584919246906273
0 0.8350900793941994 0.5037930498233277 0.05610664978400982 0.10625170328993189
0 0.7446332240791842 0.5709871168557671 0.04583637951373955 0.10486734376187194
0 0.7842437400204201 0.571437492596136 0.056194020879221 0.08901687201003232
0 0.8070293827628229 0.6026212363551499 0.05967569169945179 0.07798843766611911
0 0.9346273026520227 0.5555090499467079 0.04279305454121444 0.07092205349685525
0 0.9783783783783784 0.41009615384615383 0.043243243243243246 0.06826923076923076
0 0.8929020760847962 0.8264896193711214 0.04003999967791969 0.06863467143481505
0 0.9136492015090416 0.8005346856963895 0.03460941819221802 0.06694452269535046
0 0.9611945336801737 0.7000450406255713 0.04055536413816421 0.06774599400106944
0 0.951340413920614 0.7380407227198853 0.04035395549579531 0.060053686308761525
0 0.9047258114751715 0.6772612649497506 0.03442134277582276 0.0803332001290963
0 0.680140038932159 0.4281860135070033 0.07510109694381704 0.11168645464728935
0 0.7256350509902509 0.4669229476895461 0.05082712478008476 0.11033078531969785
0 0.6338164918412119 0.5960562119133066 0.050588697203097215 0.12179638583036681
0 0.634271896844017 0.6756017180736075 0.04137284156196148 0.07839577810578514
0 0.6040645667744868 0.6820857817838409 0.0448560027538428 0.10856777555244063
0 0.5594966386318386 0.7305502309400105 0.05022289885297879 0.08725386224277477
0 0.5421621621621622 0.5331730769230769 0.024864864864864864 0.1125
0 0.5386486486486487 0.8413461538461539 0.01783783783783784 0.09615384615384616
0 0.6293641316768118 0.8817937699093598 0.057815642500842375 0.0892354550934101
0 0.6456756756756756 0.9653846153846154 0.042702702702702704 0.06923076923076923
0 0.7608250895198095 0.9407858614453326 0.043647550899631085 0.062413929398594255
0 0.8465185294769696 0.8988396354600502 0.038379868750028655 0.04637356476384538
0 0.7192745250241251 0.824805148264763 0.045169958571718655 0.09998679042638689
0 0.6902104710505911 0.8128013981223878 0.04994596196972182 0.07667693916585169
0 0.7400964335034336 0.780988892023777 0.03438283346955359 0.05829067654150431
0 0.7605570147475748 0.8269600178448309 0.03249760819064815 0.06857615550725685
0 0.8925029446697448 0.7387346057738472 0.041938558182798284 0.07943017759511603
0 0.9838380221112623 0.7983107210587824 0.03087598656902653 0.06835757242387895
0 0.9875675675675676 0.7644230769230769 0.024864864864864864 0.0673076923076923
0 0.7877439603674004 0.7258372767008517 0.04601112170416191 0.07039768120207249
0 0.7599890625692626 0.7638335265584765 0.045483914389594274 0.09140580530033338
0 0.8328183908592709 0.7795873485789295 0.04904111345071362 0.08326198634103565
0 0.9832432432432432 0.6269230769230769 0.03351351351351351 0.06346153846153846
0 0.9717742886533687 0.5654583462106552 0.04100853358349357 0.08505368630876174
0 0.9603836828099229 0.5240542442002537 0.04648946722978729 0.08866691197130336
0 0.9740540540540541 0.46971153846153846 0.05189189189189189 0.09519230769230769
0 0.928773158856799 0.48730550765515257 0.03887154750162743 0.08572378065912967
0 0.9510278683555085 0.4360591298692501 0.04237839440215425 0.07565688477675492
0 0.9489834296101897 0.3890530367955544 0.04437765722821742 0.09029854478320976
0 0.8974588264400666 0.4722278170085633 0.04676640411304401 0.09924383504822644