0 0.14333333333333334 0.53125 0.0890909090909091 0.09698275862068965
0 0.3275757575757576 0.5463362068965517 0.08424242424242424 0.0668103448275862
0 0.3299344291632716 0.3840116227835662 0.06141533429059205 0.12495658490854272
0 0.3809090909090909 0.3620689655172414 0.038181818181818185 0.11853448275862069
0 0.34616624427889653 0.250798852356764 0.061901704837121846 0.09391374949402402
0 0.3415665391725559 0.1676793688534991 0.06376581118191263 0.09519850028640199
0 0.38242424242424244 0.22467672413793102 0.03515151515151515 0.0980603448275862
0 0.3076557019653457 0.07181430790722824 0.04553806847348548 0.09204926822469187
0 0.254414575548165 0.040348255661203085 0.04922939839660544 0.07960161777472304
0 0.2806060606060606 0.03502155172413793 0.05454545454545454 0.07004310344827586
0 0.2903030303030303 0.018318965517241378 0.04727272727272727 0.036637931034482756
0 0.37727272727272726 0.061422413793103446 0.045454545454545456 0.08405172413793104
0 0.23972884238233802 0.29295228467687245 0.062058277663113726 0.14004279180509444
0 0.14758609944956236 0.16243658608596903 0.04674114792545907 0.10612694377617406
0 0.17101128183611308 0.15762280149183186 0.04091016449789646 0.11082432619238577
0 0.21696969696969698 0.02586206896551724 0.05090909090909091 0.05172413793103448
0 0.02515151515151515 0.32273706896551724 0.0503030303030303 0.15625
0 0.006363636363636364 0.26239224137931033 0.012727272727272728 0.11530172413793104
0 0.04198890167218176 0.2061028154236816 0.0589632508600362 0.09572364759868154
0 0.07500076331925433 0.20984790147146595 0.07428038059769085 0.12963949562760183
0 0.07637433610037629 0.135162824677637 0.07508822283048149 0.10613976366135905
0 0.7605233484997588 0.4849747495258428 0.08628261838524244 0.17068411793383512
0 0.8448022976457088 0.4957466793701671 0.07181021364683975 0.1282856899733967
0 0.9254964021507834 0.40666201207341635 0.06900049148943226 0.14726791252657181
0 0.7073574190672408 0.2819235625182947 0.0952267121361781 0.18242674806838036
0 0.6483545538753457 0.20875604087269467 0.0771179437614115 0.13961399093697935
0 0.4636950037392398 0.16170179647025676 0.08192954584343529 0.12514927779687163
0 0.42272727272727273 0.18157327586206898 0.045454545454545456 0.1584051724137931
0 0.6448484848484849 0.07273706896551724 0.07393939393939394 0.14547413793103448
0 0.7821212121212121 0.022629310344827586 0.08060606060606061 0.04525862068965517
0 0.7896091523228074 0.07845576592711043 0.05782489518083711 0.12561984194447656
0 0.8498105760866023 0.13057582910731408 0.07443623769781219 0.10499312259263541
0 0.8534096990935697 0.18056635964409437 0.07652092491549851 0.12560537024732404
0 0.8989888133506548 0.11585742997161036 0.06226005928984374 0.11647400497702459
0 0.9134006573334219 0.15979036249538164 0.052526206826413256 0.10035197515306601
0 0.9143406786771594 0.279250675946076 0.08622765209848611 0.1835460975547666
0 0.9300196101588039 0.3359074783671245 0.06379365218822579 0.12415521814895449
0 0.9408305418199278 0.5067884187192074 0.04447276260133797 0.0812043512938992
0 0.43787878787878787 0.04849137931034483 0.06484848484848485 0.09698275862068965
0 0.41424242424242425 0.06357758620689655 0.028484848484848484 0.1271551724137931
0 0.7031759134433875 0.16068787839385637 0.06257248921595694 0.1379566742531285
0 0.7746538243291429 0.20294426440599952 0.06621789461246821 0.12443143759626304
0 0.9151515151515152 0.03879310344827586 0.04606060606060606 0.07758620689655173
0 0.9557575757575758 0.037176724137931036 0.05333333333333334 0.07435344827586207
0 0.5933333333333334 0.013469827586206896 0.052121212121212124 0.02693965517241379
0 0.9653996743545571 0.43267748836572406 0.018889485327114073 0.061131722648642625
0 0.9589248053037508 0.0822194532019661 0.0635361885488689 0.08981056925191912
0 0.2545454545454545 0.9466594827586207 0.06909090909090909 0.10668103448275862
0 0.34686974840705387 0.8721972627639648 0.07662181572886352 0.11382097683328912
0 0.3884848484848485 0.7543103448275862 0.02303030303030303 0.09913793103448276
0 0.38272727272727275 0.7219827586206896 0.034545454545454546 0.09482758620689655
0 0.24787878787878787 0.5894396551724138 0.04242424242424243 0.01939655172413793
0 0.0361367452959908 0.7478216655337885 0.050340628795361705 0.09152412091241219
0 0.05552235865565291 0.6608969287814558 0.04604323826618115 0.10390271650055392
0 0.07121212121212121 0.6115301724137931 0.051515151515151514 0.06357758620689655
0 0.04727272727272727 0.6088362068965517 0.04727272727272727 0.05818965517241379
0 0.006666666666666667 0.755926724137931 0.013333333333333334 0.10452586206896551
0 0.17446430522897713 0.8489470872633992 0.06288420341619967 0.08866392818319542
0 0.1411629759190958 0.8661458773882704 0.0676777219779282 0.10207834669874402
0 0.1253357976457366 0.9403330984521572 0.05821037491400189 0.10636139994399278
0 0.09454545454545454 0.9714439655172413 0.06181818181818182 0.057112068965517244
0 0.08685547004096196 0.9516878650920932 0.050854840348204935 0.08943800336044622
0 0.0496969696969697 0.9536637931034483 0.05696969696969697 0.09267241379310345
0 0.031212121212121212 0.9574353448275862 0.04787878787878788 0.08512931034482758
0 0.01787878787878788 0.9601293103448276 0.03575757575757576 0.07974137931034483
0 0.012727272727272728 0.9428879310344828 0.025454545454545455 0.08620689655172414
0 0.32462647252384835 0.686533626544976 0.05776017140806261 0.08164597204719924
0 0.3012423359208972 0.7186877496913209 0.044757351521137745 0.07373030270745048
0 0.28024663256453314 0.6594196824060268 0.0460703635466241 0.06208401901706974
0 0.25734506135390856 0.6448714427069395 0.06046900275210495 0.07444814290805898
0 0.2666464359687602 0.7167316801084491 0.051598674534091546 0.09273981684296301
0 0.22547119752310002 0.7064102586779685 0.04545526118041587 0.07595452998307066
0 0.194800413144265 0.7538713990975152 0.05132312737443954 0.0862742996015837
0 0.012727272727272728 0.625 0.025454545454545455 0.04741379310344827
0 0.007575757575757576 0.6961206896551724 0.015151515151515152 0.0625
0 0.9796969696969697 0.9752155172413793 0.040606060606060604 0.04956896551724138
0 0.9036363636363637 0.9450431034482759 0.0703030303030303 0.10991379310344827
0 0.9651515151515152 0.8760775862068966 0.0696969696969697 0.09482758620689655
0 0.967156353166381 0.8077744634105946 0.05797171052081081 0.11491303473733806
0 0.9098286596068975 0.8014381682323257 0.06123163618415729 0.12064624008095652
0 0.8740070758024178 0.7787108596313661 0.062150126716331106 0.14219796421888756
0 0.9576859166741218 0.654970796559358 0.06894480947680566 0.0893544768014667
0 0.9812121212121212 0.7419181034482759 0.037575757575757575 0.09590517241379311
0 0.9360232340931262 0.7174908522931192 0.06264553902300853 0.09721556297654069
0 0.9593287264201461 0.7437889579753277 0.05905509991325358 0.09787882001247465
0 0.7484189197851849 0.8385954652372016 0.09642003410213351 0.13966857410165398
0 0.5905958139190237 0.7986708210180605 0.07305921762542202 0.14344095173177557
0 0.7363636363636363 0.6363146551724138 0.07393939393939394 0.11314655172413793
0 0.8767305433754871 0.7006549144931933 0.07621753674953322 0.090183135143392
0 0.9127226205091152 0.6627748218518061 0.04200259565048713 0.0798505456396941
0 0.8942424242424243 0.6336206896551724 0.06848484848484848 0.10775862068965517
0 0.899090909090909 0.5991379310344828 0.04303030303030303 0.03879310344827586
0 0.9342424242424242 0.5959051724137931 0.05515151515151515 0.032327586206896554
0 0.963939393939394 0.619073275862069 0.06848484848484848 0.07866379310344827
0 0.4224242424242424 0.7408405172413793 0.044848484848484846 0.10021551724137931
0 0.47258032604921535 0.7091716272450694 0.08249872368303482 0.11020118062397408
0 0.41424242424242425 0.6783405172413793 0.028484848484848484 0.08081896551724138
0 0.5133333333333333 0.6142241379310345 0.05818181818181818 0.06896551724137931
0 0.5527272727272727 0.6174568965517241 0.05333333333333334 0.07543103448275862
0 0.44225017046574205 0.6708056728529412 0.051305043854144146 0.11415343125723977
0 0.4696969696969697 0.5910560344827587 0.0496969696969697 0.022629310344827586