0 0.017819148936170214 0.0222117202268431 0.03563829787234043 0.0444234404536862
0 0.0300531914893617 0.020321361058601134 0.04840425531914894 0.04064272211720227
0 0.011436170212765957 0.029773156899810964 0.022872340425531913 0.05954631379962193
0 0.0125 0.3761814744801512 0.025 0.0661625708884688
0 0.08069666373239816 0.2043289704541047 0.055679815191285315 0.07616025225938894
0 0.04170634307391547 0.22400462246939296 0.0477557935078501 0.06192503811509711
0 0.04536433039435254 0.2814028515872692 0.050599272841513436 0.08206029508638006
0 0.25422930683380185 0.33398149841297337 0.03416461286020601 0.06667913812311922
0 0.2603723404255319 0.3752362948960302 0.04414893617021277 0.06805293005671077
0 0.21711415989255795 0.3689590773396612 0.04653500203419661 0.0721071492618712
0 0.22232114901157016 0.3372098388017142 0.04583265386458069 0.0673096299150807
0 0.32512064183847494 0.3402348302643238 0.06787977108927679 0.07686236547753621
0 0.40797872340425534 0.38657844990548207 0.0425531914893617 0.045368620037807186
0 0.4529255319148936 0.3842155009451796 0.03351063829787234 0.0500945179584121
0 0.3096864331157774 0.1984790442117391 0.053933436937552655 0.1304793181551069
0 0.28554849934733023 0.2483722408314816 0.05454781209365147 0.07412665023877582
0 0.17703194061717142 0.15286994349924107 0.05239953745356306 0.08794623686966269
0 0.18161383936602285 0.22120935926069416 0.048867181539863254 0.07806471247133939
0 0.13415094648413975 0.18942263569819004 0.05286327903678052 0.0861274991276063
0 0.13990454513010298 0.06274741986041546 0.06671368133644365 0.0738835838728021
0 0.10394518040888218 0.10775681655965187 0.050046742882275966 0.09609474599582365
0 0.08909574468085106 0.036389413988657845 0.07180851063829788 0.07277882797731569
0 0.32420212765957446 0.048676748582230624 0.05053191489361702 0.09735349716446125
0 0.3858438460608067 0.07187768221543588 0.05874842952176754 0.08786051439976861
0 0.5224567776631096 0.13918305212776957 0.04368437922449204 0.08112921654596757
0 0.41808510638297874 0.04914933837429111 0.0574468085106383 0.09829867674858223
0 0.4822793445049215 0.2066689450892072 0.055127285232047726 0.09019470316883253
0 0.41716100016807744 0.16968317571021632 0.0439229858108905 0.08774547363481446
0 0.34608933203584663 0.12907403189082106 0.05111057266951001 0.0962379888481948
0 0.35941016813615867 0.21222868372790482 0.06480401328275344 0.09431942759253585
0 0.5356382978723404 0.2329867674858223 0.02872340425531915 0.07466918714555766
0 0.5292553191489362 0.39697542533081287 0.04148936170212766 0.024574669187145556
0 0.39826730623061135 0.21087660146369736 0.040424716552390355 0.07880912882061214
0 0.38317314869740815 0.15193851168283148 0.04928969299183994 0.10445811940054134
0 0.4852852982760392 0.33405332466698306 0.04842405502226624 0.06577737787776662
0 0.9178191489361702 0.3610586011342155 0.09521276595744681 0.09640831758034027
0 0.8605628836926562 0.2931270558123186 0.07580297741020897 0.1644634800523367
0 0.9302235273721171 0.2799325847630034 0.10295125205029738 0.1540101004521718
0 0.881732522083206 0.10221599707123147 0.10811343930004814 0.1650516687131727
0 0.6179970359762184 0.17205053312143878 0.09229948258837775 0.13752642000871015
0 0.5691489361702128 0.17344045368620037 0.03829787234042553 0.10869565217391304
0 0.6348404255319149 0.34262759924385633 0.07393617021276595 0.1332703213610586
0 0.698936170212766 0.3440453686200378 0.07021276595744681 0.13043478260869565
0 0.7912234042553191 0.3714555765595463 0.08563829787234042 0.07561436672967864
0 0.7404255319148936 0.3775992438563327 0.0797872340425532 0.06332703213610585
0 0.5675531914893617 0.35302457466918713 0.035106382978723406 0.10113421550094517
0 0.5897357425791103 0.31309603922637913 0.057779716224091594 0.11971013455513974
0 0.5640957446808511 0.09688090737240075 0.028191489361702127 0.15217391304347827
0 0.027659574468085105 0.5760869565217391 0.05531914893617021 0.14272211720226843
0 0.1006800049857456 0.6750219109283214 0.0661468644251237 0.14623268329300435
0 0.1714358087321228 0.6041286240126791 0.0730752296317243 0.16221501375316696
0 0.26168294853247326 0.7141015932295096 0.06879296730362948 0.13153953850418207
0 0.28390845787171276 0.6258570020266817 0.08642780369297019 0.1508446566562982
0 0.09675330384298261 0.5588006327945333 0.09748228490374884 0.13446191593408197
0 0.12159715751906612 0.4991262933938916 0.0868780736866082 0.13397466699449143
0 0.18776595744680852 0.47117202268431 0.0797872340425532 0.12381852551984877
0 0.25292553191489364 0.4659735349716446 0.08882978723404256 0.11342155009451796
0 0.22154255319148936 0.444234404536862 0.08563829787234042 0.06994328922495274
0 0.41648936170212764 0.4905482041587902 0.0851063829787234 0.16257088846880907
0 0.5146276595744681 0.44045368620037806 0.06223404255319149 0.062381852551984876
0 0.538563829787234 0.44281663516068054 0.022872340425531913 0.0671077504725898
0 0.5438829787234043 0.6833648393194707 0.01223404255319149 0.08506616257088846
0 0.5276595744680851 0.6063327032136105 0.04468085106382979 0.15784499054820417
0 0.5308510638297872 0.7140831758034026 0.03829787234042553 0.10491493383742911
0 0.4904341113294541 0.7016354098982971 0.07994970848000771 0.11799233653432901
0 0.5034632698475536 0.6446028965370245 0.05894580597692485 0.12268891615987383
0 0.3012927494168383 0.7923307001187831 0.07467811778861648 0.1332725537763444
0 0.31549667449557517 0.8779557330554475 0.07840152204393563 0.13377390375964343
0 0.4017687395458803 0.9290768930651276 0.07900875372399357 0.10657856009869142
0 0.45206245553435054 0.8925817212486558 0.05972979904651978 0.14442804659465644
0 0.4070649247221642 0.848428991144539 0.05179230577350536 0.11514158053061446
0 0.37045158543860984 0.8312713995703472 0.0531288288023374 0.12284626005595348
0 0.2110376507779436 0.7848809555878408 0.06031641566095691 0.13133877526933382
0 0.1644408035468855 0.755092023332857 0.05732944623045346 0.13658012421694626
0 0.01648936170212766 0.8695652173913043 0.03297872340425532 0.11342155009451796
0 0.023404255319148935 0.7400756143667296 0.04680851063829787 0.11909262759924386
0 0.1345782527178916 0.7783481885536022 0.060520935592155586 0.13700985277405972
0 0.18089169149328968 0.8443116705186872 0.09340454250685269 0.10945751818982297
0 0.18999170278111668 0.891155580315153 0.0829913796313315 0.09959009483520838
0 0.1138121414387041 0.8630269256985029 0.0577321579793126 0.10371370305126859
0 0.07351938440658898 0.8759430777725731 0.05226319083276406 0.08416551853317875
0 0.06160518565852315 0.9345366033623982 0.04834873823582556 0.09304434296490398
0 0.10718085106382978 0.9588846880907372 0.04946808510638298 0.08223062381852551
0 0.15345744680851064 0.9777882797731569 0.038829787234042554 0.0444234404536862
0 0.1973404255319149 0.9877126654064272 0.05106382978723404 0.024574669187145556
0 0.2827127659574468 0.9768431001890359 0.04734042553191489 0.046313799621928164
0 0.30877659574468086 0.9782608695652174 0.056914893617021275 0.043478260869565216
0 0.3476063829787234 0.972117202268431 0.04734042553191489 0.055765595463137994
0 0.5154255319148936 0.8974480151228733 0.06914893617021277 0.08790170132325142
0 0.5199468085106383 0.8331758034026465 0.0601063829787234 0.10491493383742911
0 0.527127659574468 0.94234404536862 0.045744680851063826 0.0888468809073724
0 0.014361702127659574 0.9489603024574669 0.02872340425531915 0.10207939508506617
0 0.07606382978723404 0.9853497164461248 0.04680851063829787 0.02930056710775047
0 0.9656914893617021 0.5756143667296786 0.06861702127659575 0.12287334593572778
0 0.9901595744680851 0.6611531190926276 0.019680851063829788 0.10302457466918714
0 0.9169263730009511 0.6987562469793415 0.058993364221704085 0.13868534766374496
0 0.7526927483675382 0.5040442297160261 0.0710228868436969 0.1346615629612873
0 0.9726063829787234 0.9286389413988658 0.054787234042553194 0.07655954631379962
0 0.8660987037126061 0.9185945484458999 0.046378040347777046 0.08243250326101643
0 0.9112536038924636 0.9157389743356169 0.0411476797876266 0.06950057583177346
0 0.8856382978723404 0.9806238185255198 0.039361702127659576 0.038752362948960305
0 0.9563829787234043 0.974952741020794 0.05319148936170213 0.0500945179584121
0 0.9322674062471049 0.9406723087575117 0.041045419822027744 0.06666503707941052
0 0.8515650349771849 0.7430987830697021 0.03959949335155477 0.08528214305708809
0 0.7819083707169963 0.7050316417760732 0.07357387323264457 0.08797555516472277
0 0.8081727410161567 0.7654737815068363 0.04538238387094244 0.08417961957688724
0 0.7282820239642495 0.8619438794724007 0.05362032892721679 0.0777641257228886
0 0.823936170212766 0.9754253308128544 0.03829787234042553 0.04914933837429111
0 0.6409763337558814 0.5473183787278147 0.057957292976131725 0.09527870822036533
0 0.5547872340425531 0.4853497164461248 0.009574468085106383 0.08412098298676748
0 0.573404255319149 0.505671077504726 0.04680851063829787 0.09829867674858223
0 0.6094371113153172 0.7956200579611022 0.03984524341399446 0.06274107589055543
0 0.5862537012857071 0.5564103931266324 0.044925785763766275 0.05684103306356431
0 0.5953196259183344 0.602309123338977 0.03992688831397323 0.07968268697854777
0 0.6487937083731933 0.646662616677942 0.055761460091264085 0.09310186334738106
0 0.5699782542918417 0.9417419604918997 0.028177202409619715 0.062110584098593956
0 0.663031914893617 0.9806238185255198 0.04414893617021277 0.038752362948960305
0 0.6327127659574469 0.972117202268431 0.032446808510638296 0.055765595463137994
0 0.9090425531914894 0.970226843100189 0.05106382978723404 0.05954631379962193
0 0.9683896530870317 0.9662290844495139 0.041427516505266195 0.04790468824936201