0 0.1295698924731183 0.028680688336520075 0.04946236559139785 0.05736137667304015
0 0.16451612903225807 0.02198852772466539 0.054838709677419356 0.04397705544933078
0 0.23225806451612904 0.021510516252390057 0.05053763440860215 0.043021032504780114
0 0.3188172043010753 0.02390057361376673 0.05698924731182796 0.04780114722753346
0 0.24977484280235765 0.201561570391366 0.05849616156661913 0.1379448218802659
0 0.3008968503740899 0.12836631074185986 0.07024592191862251 0.11526925217122162
0 0.31088254370748847 0.3037781090872473 0.0713368300632757 0.12016073088531344
0 0.3729165813634233 0.1959805654672492 0.04870926691963896 0.10348174289894699
0 0.4153225806451613 0.21749521988527726 0.0489247311827957 0.10038240917782026
0 0.42123655913978497 0.2638623326959847 0.037096774193548385 0.08795411089866156
0 0.368010752688172 0.04158699808795411 0.043548387096774194 0.08317399617590822
0 0.4064516129032258 0.03824091778202677 0.053763440860215055 0.07648183556405354
0 0.4204301075268817 0.04732313575525813 0.03870967741935484 0.09464627151051626
0 0.43172043010752686 0.05688336520076482 0.016129032258064516 0.10994263862332695
0 0.7467741935483871 0.02390057361376673 0.053763440860215055 0.04780114722753346
0 0.6774193548387096 0.058317399617590825 0.05913978494623656 0.11663479923518165
0 0.5752688172043011 0.011950286806883365 0.06559139784946237 0.02390057361376673
0 0.45268817204301076 0.12189292543021032 0.025806451612903226 0.08317399617590822
0 0.5344086021505376 0.04875717017208413 0.047311827956989246 0.09751434034416825
0 0.5067107371730413 0.04144237859080054 0.04106978204157742 0.06828536895575417
0 0.4868074957533659 0.12240234635382585 0.047549545734211086 0.07755775940474044
0 0.4771505376344086 0.036328871892925434 0.0467741935483871 0.07265774378585087
0 0.4935483870967742 0.010516252390057362 0.05161290322580645 0.021032504780114723
0 0.5075268817204301 0.014818355640535373 0.04838709677419355 0.029636711281070746
0 0.25564516129032255 0.9531548757170172 0.09193548387096774 0.09369024856596558
0 0.35768868370442625 0.7098550653492595 0.05136616030775207 0.09419992343178618
0 0.279663060644158 0.7791422641703709 0.075031457882716 0.0995180000748831
0 0.20960758006477415 0.5721761020323478 0.05075345712739559 0.07119969076690098
0 0.23190238398938812 0.6468529872462395 0.0464805326479863 0.0793584413025034
0 0.029838709677419355 0.9622370936902486 0.0456989247311828 0.07552581261950286
0 0.1143907050746513 0.8938066591806528 0.05356361592450708 0.10876299558272297
0 0.07170663510234092 0.9159198023105417 0.07014270235746044 0.08372049500104953
0 0.07634408602150537 0.9804015296367112 0.05698924731182796 0.03919694072657744
0 0.06001263864569823 0.7115163501433664 0.05079411937876254 0.08362798904605968
0 0.10824334214540372 0.6587038233056048 0.059399397781886736 0.08547492392131757
0 0.09931468811972605 0.7241819659891514 0.043776721277526784 0.07429991660140407
0 0.0948023027025316 0.5778500589681427 0.055063915992682094 0.07451321556590661
0 0.020967741935483872 0.614244741873805 0.041935483870967745 0.07361376673040153
0 0.16930707370585954 0.6652902265485847 0.04172627533879046 0.10466992284434873
0 0.6067204301075269 0.9340344168260039 0.06935483870967742 0.13193116634799235
0 0.6387729516404236 0.7573178521503787 0.0470494457114861 0.08897435274367933
0 0.592817900394717 0.8481485687874901 0.0739561890655117 0.09940663608354472
0 0.5298679358337374 0.9225688323417187 0.05033468160740433 0.10747288066415729
0 0.5331389171071335 0.8538512588344961 0.061006045276713675 0.08372992401922386
0 0.5308210386690226 0.8029267592837122 0.06312530425622463 0.07439242255639392
0 0.48782574608048107 0.7299156194308093 0.04443634244022955 0.1116404934345494
0 0.5474781425114017 0.7160867343551227 0.0707679169997759 0.11054481944413751
0 0.5265837261871088 0.6584790571539701 0.04111670002392383 0.0826257131240141
0 0.5932768004826201 0.5774548704904778 0.05413878471898633 0.12029095291300033
0 0.6338709677419355 0.5167304015296367 0.041935483870967745 0.07361376673040153
0 0.6605170720110212 0.5814888848941605 0.049099891650222424 0.058604346500734684
0 0.6644212668182754 0.6241201434292563 0.04802775069850785 0.05944900545394697
0 0.7005426846624736 0.5687363697158491 0.03621543303670918 0.06300411627197793
0 0.807258064516129 0.48852772466539196 0.0478494623655914 0.017208413001912046
0 0.7809139784946236 0.5033460803059273 0.05967741935483871 0.04684512428298279
0 0.7123133138236153 0.7965623840245157 0.0691518859084796 0.10942175051257923
0 0.7390310005433288 0.8258328938813377 0.05257279947552629 0.13446425109425278
0 0.7875287780867722 0.6902687003442741 0.05407622740919128 0.10117049402198694
0 0.7886448883831617 0.7848314488612868 0.0583616633505596 0.09683583526458724
0 0.7847612039294092 0.8306601536949624 0.06810164001519337 0.1169585700776462
0 0.8102004898029023 0.8801463503765214 0.06220330084801859 0.12112618284803833
0 0.8792912031065131 0.8744252483498552 0.07672568561125612 0.1245416426202081
0 0.8792128272414509 0.7682788605068964 0.05088795534345536 0.11230867738257977
0 0.8377101942851782 0.7405396055309774 0.04868424399572089 0.09583355934254165
0 0.8132837991469126 0.7540674001962587 0.04760897517851659 0.09572219535120316
0 0.9913978494623656 0.8465583173996176 0.017204301075268817 0.1367112810707457
0 0.9803763440860215 0.8934034416826003 0.03924731182795699 0.11950286806883365
0 0.9508935432807818 0.8966562542069224 0.044439470305719285 0.11259651637910008
0 0.9758064516129032 0.8355640535372849 0.04838709677419355 0.07839388145315487
0 0.9528703051526903 0.7611284385724914 0.04278590482854612 0.10000117211293365
0 0.778443551558788 0.6256998815710951 0.03839412146052582 0.07183105075561075
0 0.7623690777189759 0.5618549287416157 0.05233195383281478 0.060850484363851244
0 0.7266507960673204 0.576074033843675 0.03839412146052558 0.07183105075561075
0 0.9188172043010753 0.48422562141491393 0.03870967741935484 0.008604206500956023
0 0.9532258064516129 0.4890057361376673 0.030107526881720432 0.018164435946462717
0 0.9795698924731183 0.48565965583174 0.04086021505376344 0.011472275334608031
0 0.9356140358412037 0.5826442553904354 0.03626235101905584 0.07734446044023792
0 0.9734375010776665 0.5543400896097146 0.03781895266604645 0.0603030934253335
0 0.9707385607332599 0.6335182335113255 0.028175939831595238 0.06981706989334524
0 0.9441616279605857 0.6472687561592836 0.034111813384647235 0.07712173245756115
0 0.9160828311869915 0.6951251393257981 0.0426920688638533 0.0713204837764136
0 0.8848437339092512 0.6811462820726996 0.05566410771107942 0.09368935645258923