0 0.03656821378340366 0.251875 0.07313642756680731 0.20375
0 0.05309423347398031 0.4675 0.10618846694796062 0.085
0 0.13818565400843882 0.434375 0.13572433192686356 0.15125
0 0.16357511307479114 0.24225815648773633 0.10558531284575434 0.21022483220222085
0 0.19163150492264416 0.505 0.13572433192686356 0.01
0 0.38220815752461323 0.46 0.0949367088607595 0.1
0 0.34707662459212074 0.39869578199576283 0.13456151237634897 0.18554175033868434
0 0.3829113924050633 0.336875 0.09353023909985936 0.16125
0 0.37376330950430814 0.20974127996040978 0.07152875168878084 0.15477689461754976
0 0.41279887482419125 0.054375 0.03375527426160337 0.10875
0 0.3878340365682138 0.0525 0.06821378340365682 0.105
0 0.3322784810126582 0.040625 0.06118143459915612 0.08125
0 0.3171671076903106 0.12726519854953472 0.09368784050079439 0.1493732057888714
0 0.2570323488045007 0.0775 0.09071729957805907 0.155
0 0.2911392405063291 0.029375 0.06469760900140648 0.05875
0 0.20007032348804502 0.089375 0.08227848101265822 0.17875
0 0.14943741209563993 0.074375 0.08931082981715893 0.14875
0 0.08649789029535865 0.055 0.10829817158931083 0.11
0 0.029535864978902954 0.030625 0.05907172995780591 0.06125
0 0.023558368495077357 0.05375 0.047116736990154715 0.1075
0 0.9152893634351384 0.18452973586325838 0.12089876275242752 0.13199359475302344
0 0.9665963431786216 0.168125 0.06680731364275667 0.13875
0 0.909634317862166 0.063125 0.07524613220815753 0.12625
0 0.9653264268654668 0.056124093619745956 0.059329876386157436 0.1026097584800965
0 0.9630801687763713 0.016875 0.07383966244725738 0.03375
0 0.8582981715893109 0.031875 0.06540084388185655 0.06375
0 0.650492264416315 0.020625 0.08579465541490858 0.04125
0 0.7907876230661041 0.071875 0.07383966244725738 0.14375
0 0.6894145294252139 0.11264683039157479 0.07863288520935242 0.14174750158269156
0 0.4881457841843519 0.06628002984967991 0.09459204937378443 0.1233197349611828
0 0.990506329113924 0.35625 0.0189873417721519 0.13
0 0.9641350210970464 0.490625 0.07172995780590717 0.03875
0 0.9029184485447608 0.33088065807042794 0.06761074536374372 0.14569934599703074
0 0.8561031145122695 0.33530701627957704 0.07058163447335856 0.10365791406575738
0 0.6540084388185654 0.483125 0.09985935302390998 0.05375
0 0.45745428973277075 0.44875 0.05555555555555555 0.1225
0 0.570323488045007 0.4375 0.08438818565400844 0.145
0 0.537523449575008 0.3520776404328664 0.11500024106250928 0.11028502668429681
0 0.8076516344461389 0.3138463355923109 0.05661736582948063 0.11978220985957762
0 0.7708752565923589 0.27652605562865373 0.05185255519185153 0.13800813206674717
0 0.7228615008070505 0.25322312980343953 0.06895981056424563 0.14458036544523822
0 0.6863077252104663 0.2956381533223532 0.07530342070626242 0.06924750158269148
0 0.6491081773249767 0.36749368656537085 0.06716600509852487 0.05977689461754977
0 0.5330167273345839 0.20415448484720555 0.058009455434707966 0.13484771958368127
0 0.4836180139907381 0.1725627847117318 0.07045244519688962 0.11609240434165358
0 0.4525316455696203 0.129375 0.04571026722925457 0.06625
0 0.43952180028129395 0.1725 0.01969057665260197 0.095
0 0.09985935302390998 0.915 0.10267229254571027 0.17
0 0.044541766410715576 0.847984146086264 0.08433054896902387 0.12858708909962588
0 0.01617440225035162 0.709375 0.03234880450070324 0.13375
0 0.3836871083753437 0.6448271872427394 0.07145696697270981 0.16846138489344584
0 0.36104709678434277 0.5611205725888467 0.07223210263152394 0.09385444323806866
0 0.209643607510641 0.6053902659408927 0.06957699663524536 0.11227689461754978
0 0.22573839662447256 0.539375 0.06469760900140648 0.05875
0 0.16139240506329114 0.544375 0.06962025316455696 0.06875
0 0.1489646659239815 0.6963994880125887 0.08823429120068135 0.09161116689245617
0 0.11088218924327807 0.6106266594284125 0.06657746327657775 0.1231993459970306
0 0.078260916189697 0.7211967801883642 0.09503690570129646 0.14825422523707885
0 0.3776526135491463 0.8608124907253102 0.06679270136249736 0.14313383627292695
0 0.4068213783403657 0.7625 0.04571026722925457 0.1225
0 0.41736990154711673 0.663125 0.02461322081575246 0.11875
0 0.9947257383966245 0.91 0.010548523206751054 0.0625
0 0.9637834036568214 0.779375 0.07243319268635724 0.08875
0 0.9696896957360421 0.6968924703717796 0.053589188221760745 0.09958568068726606
0 0.979957805907173 0.878125 0.04008438818565401 0.09375
0 0.9514130690779098 0.8565020696481708 0.04549479701874861 0.1062995639980204
0 0.9194086919395952 0.8459886223393959 0.04642765014079126 0.11136507372212436
0 0.8807881780752395 0.8411355875136867 0.046140627338800456 0.10511507372212435
0 0.8523206751054853 0.969375 0.09142053445850915 0.06125
0 0.9890998593530239 0.551875 0.02180028129395218 0.08375
0 0.9518072466736872 0.594171159200458 0.050474845742297006 0.10800813206674711
0 0.8693567841044212 0.7132805992731437 0.05760762351192119 0.1260977195836813
0 0.8716888008472341 0.6394323346869879 0.057062338219285844 0.08372873903188889
0 0.8319990545065304 0.6194155255510193 0.06288907519313304 0.11912179737651173
0 0.7721518987341772 0.52125 0.08016877637130802 0.0225
0 0.5720815752461322 0.524375 0.05414908579465542 0.02875
0 0.44163150492264414 0.701875 0.02390998593530239 0.05375
0 0.4584952261469459 0.5865048620519008 0.05248412141852398 0.09077017096316226
0 0.4996135347623786 0.9060551302561011 0.08547864017698581 0.15358708909962587
0 0.7380450070323488 0.97875 0.08790436005625879 0.0425
0 0.7728987383308188 0.6760497476227152 0.05211093374478973 0.1131391515149548
0 0.8123803786322926 0.692908801896632 0.06039191878466903 0.09524077792830411
0 0.8112324615177704 0.8101768602412547 0.05399102014454736 0.10833568068726607
0 0.7410380466869392 0.7546793586585632 0.061999246475815964 0.1302407779283041
0 0.6567071495310356 0.6840561528696918 0.06052110806113797 0.08280628765240791
0 0.6177566464911107 0.7325246472162941 0.06155439014830394 0.10530628765240792
0 0.6753716922054548 0.7466791994548578 0.05668915054555151 0.10609771958368128
0 0.7082228736563613 0.7848891759359441 0.05571327301878377 0.08484771958368129
0 0.577004915783042 0.7356328380803255 0.050259607656377554 0.08807364179085084
0 0.7330013502000581 0.8989233392103556 0.09403238392547611 0.09588524468528661