0 0.23848167539267015 0.027932960893854747 0.08952879581151832 0.055865921787709494
0 0.08612565445026178 0.06238361266294227 0.10523560209424083 0.12476722532588454
0 0.032198952879581154 0.14385474860335196 0.06439790575916231 0.1610800744878957
0 0.06611668518679899 0.14679572568077878 0.08375524821302878 0.15192576711804345
0 0.1360155694686203 0.1791358699679077 0.10172279835955284 0.1446838927532494
0 0.09295556569567326 0.2951034827918346 0.08277966289028799 0.1657947035161112
0 0.16501303326388597 0.24001789366041165 0.1017306093041831 0.13261212438219894
0 0.18356663117687566 0.3438014003106566 0.07698082756625418 0.164505943307164
0 0.15026178010471203 0.3947858472998138 0.07853403141361257 0.148975791433892
0 0.15471204188481674 0.44180633147113596 0.07591623036649214 0.05493482309124767
0 0.08193717277486912 0.43109869646182497 0.0968586387434555 0.07635009310986965
0 0.24055144249104807 0.3360836130761551 0.06430417442360002 0.14886052645585113
0 0.300840830912773 0.26919228659189787 0.07981261560447896 0.1451804734621382
0 0.32521166837653714 0.12002583729258197 0.07732164456309498 0.1357394277657071
0 0.38821989528795814 0.2271880819366853 0.043455497382198956 0.1378026070763501
0 0.3716287618291855 0.24390185574725323 0.06846079402325408 0.1361177768519644
0 0.35641334453153944 0.2884926188962659 0.06195565527721303 0.1059974717356538
0 0.34683807047645215 0.33551901662217865 0.08567455678277186 0.11118502725439552
0 0.38717277486910995 0.4022346368715084 0.04554973821989529 0.1042830540037244
0 0.01806282722513089 0.43808193668528866 0.03612565445026178 0.06238361266294227
0 0.02774869109947644 0.3957169459962756 0.05549738219895288 0.14152700186219738
0 0.9769633507853404 0.038640595903165736 0.04607329842931937 0.07728119180633147
0 0.9002547831463076 0.22480108124208098 0.06524789767060245 0.12198872299027093
0 0.863497029248025 0.3705579387981957 0.08321544781712649 0.11474684862547682
0 0.9774869109947644 0.22439478584729983 0.04502617801047121 0.0893854748603352
0 0.9725130890052356 0.28258845437616387 0.0549738219895288 0.08845437616387337
0 0.9913612565445026 0.28584729981378026 0.017277486910994764 0.09683426443202979
0 0.9693717277486911 0.3542830540037244 0.0612565445026178 0.11452513966480447
0 0.9508916020528693 0.39670405571732864 0.04226654336557182 0.09734563889469046
0 0.9228772253763656 0.3924077070698001 0.04829560586718794 0.11629275965345907
0 0.8726073251784146 0.414102318538115 0.08173973511885207 0.09236796522743987
0 0.868848167539267 0.4408752327746741 0.07382198952879582 0.056797020484171325
0 0.7339466163564682 0.08376183909336289 0.05528463180228443 0.145514480756261
0 0.9073298429319372 0.006983240223463687 0.05968586387434555 0.013966480446927373
0 0.6953798345590917 0.2658478031529654 0.0616070273357422 0.14683575564816137
0 0.7513800130114575 0.3547691922527744 0.06104379410594947 0.14587214226874629
0 0.5795811518324607 0.42225325884543763 0.07539267015706806 0.09404096834264432
0 0.47721361016211494 0.30632700143446395 0.05439558516769348 0.08788390562448745
0 0.5246081438291577 0.2602021346320598 0.04970759441398513 0.11266590891647135
0 0.4243455497382199 0.18482309124767227 0.028795811518324606 0.11452513966480447
0 0.43586387434554974 0.43482309124767227 0.050785340314136125 0.06890130353817504
0 0.42670157068062825 0.441340782122905 0.033507853403141365 0.055865921787709494
0 0.6293193717277487 0.45251396648044695 0.07015706806282722 0.0335195530726257
0 0.657004225216147 0.3699165648074939 0.06603292883612956 0.09139252473884354
0 0.6360065219295544 0.34800471407998307 0.06827023986604065 0.11939051499860472
0 0.5992818667014461 0.3581788234651567 0.05381673004864028 0.11106382898717339
0 0.5674919787397157 0.3076852015070223 0.06046432068967831 0.10776212507971787
0 0.5531542008083244 0.2458927666918284 0.050588211806728095 0.12107831186758104
0 0.5863843430688844 0.25032951785805574 0.06775449060124672 0.10728623194460099
0 0.607020774551234 0.3052303429440549 0.04827936568070969 0.07914635584384576
0 0.6252907052686657 0.21958995044333893 0.06450973217285622 0.08015431101539523
0 0.6493699511326406 0.2733483313936804 0.06228085038479329 0.10137449293629794
0 0.0760922857692801 0.6897918649811511 0.08324730989286505 0.1277497156929892
0 0.19019469445633813 0.8795763528200068 0.073791364047493 0.11416158433231914
0 0.022774869109947644 0.8268156424581006 0.04554973821989529 0.1005586592178771
0 0.015183246073298429 0.86731843575419 0.030366492146596858 0.10148975791433892
0 0.09502617801047121 0.9720670391061452 0.06753926701570681 0.055865921787709494
0 0.017015706806282723 0.9604283054003724 0.034031413612565446 0.07914338919925512
0 0.01099476439790576 0.9134078212290503 0.02198952879581152 0.08379888268156424
0 0.1518324607329843 0.9650837988826816 0.06387434554973823 0.06983240223463687
0 0.2431937172774869 0.9585661080074488 0.07068062827225131 0.08286778398510242
0 0.3054973821989529 0.9599627560521415 0.08115183246073299 0.08007448789571694
0 0.17277486910994763 0.9888268156424581 0.05968586387434555 0.0223463687150838
0 0.9131546665081397 0.8342745587361848 0.0440830730606868 0.09095800675127053
0 0.9533663329077751 0.7667728501527027 0.0479144975527606 0.0828382359467398
0 0.9829842931937173 0.7462756052141527 0.034031413612565446 0.08659217877094973
0 0.8875606532227395 0.7425362193286278 0.04541571556674647 0.08546895862135927
0 0.8132818056624851 0.8191183651860559 0.045336369526008946 0.08360676122843562
0 0.8046658767436604 0.9171601031196498 0.06341512778900914 0.09122995132407745
0 0.7787958115183246 0.9748603351955307 0.04869109947643979 0.05027932960893855
0 0.8633507853403142 0.9557728119180633 0.04712041884816754 0.08845437616387337
0 0.7700640372538898 0.8468754619682585 0.05021491443693114 0.07555201978981119
0 0.7379997253246753 0.8702253556225965 0.05783027945607981 0.07045314785533846
0 0.7505369045988208 0.9191287247606142 0.06330391967253324 0.0763648868636414
0 0.7452879581151832 0.9674115456238361 0.042408376963350786 0.06517690875232775
0 0.7259162303664921 0.9869646182495344 0.042408376963350786 0.0260707635009311
0 0.6934554973821989 0.9650837988826816 0.06753926701570681 0.06983240223463687
0 0.8036649214659686 0.49394785847299816 0.0806282722513089 0.049348230912476726
0 0.7552165795702822 0.5887084024615934 0.08439001653892889 0.1668233462614326
0 0.6657068062827225 0.48417132216014896 0.08534031413612565 0.0297951582867784
0 0.6586756341383858 0.5566298589603854 0.09628883116346805 0.13970325244140816
0 0.47963273695878267 0.683828328100056 0.10264308877266468 0.1540273944008208
0 0.44947643979057594 0.5297951582867784 0.07905759162303665 0.12104283054003724
0 0.42905759162303664 0.6638733705772812 0.03821989528795811 0.17690875232774675
0 0.42774869109947644 0.8715083798882681 0.0356020942408377 0.148975791433892
0 0.45712200768281747 0.8444871950318552 0.06969846859931604 0.15291006807123042
0 0.5227618026389655 0.7990865117190123 0.08940320240021768 0.13741836417009284
0 0.5559122897101791 0.8360304305540205 0.08031212468279458 0.12013835270652862
0 0.619260097024005 0.7341253589035852 0.07191172849811879 0.15583342289242874
0 0.659665604755951 0.7172222132039829 0.06173385734147852 0.13755728336649628
0 0.7187482532315262 0.7460552216990511 0.06543845182781612 0.1387159848436305
0 0.762243114485485 0.77307037459333 0.05802083361329324 0.08718040970869814
0 0.8492707685817188 0.6056189055689003 0.06102755391947116 0.10872573845913296
0 0.8801487953721855 0.6162378569939425 0.05211921941463158 0.12024475721997889
0 0.9050139998475144 0.6086575253681397 0.05249970943184091 0.09240934037498373
0 0.9010471204188482 0.5335195530726257 0.06282722513089005 0.12849162011173185
0 0.930628272251309 0.5181564245810056 0.04869109947643979 0.09776536312849161
0 0.9552356020942409 0.5065176908752328 0.04659685863874346 0.074487895716946
0 0.9107329842931937 0.9557728119180633 0.04031413612565445 0.08845437616387337
0 0.9 0.9692737430167597 0.049214659685863874 0.061452513966480445
0 0.9424373432420079 0.9313556302003638 0.04147308295819654 0.07872366496545397
0 0.6581151832460733 0.9613594040968343 0.0743455497382199 0.07728119180633147
0 0.5598344675113268 0.8910406267980605 0.08950598127484564 0.10306525644986479
0 0.621725162042627 0.9336287703008601 0.04078301972266725 0.08703852386770407
0 0.5989528795811518 0.9902234636871509 0.05445026178010471 0.019553072625698324