0 0.014893617021276596 0.17627599243856332 0.029787234042553193 0.09546313799621928
0 0.04653039422746358 0.1978747376475927 0.042734704234192365 0.08216860511031995
0 0.03818049985639402 0.14556234862298034 0.051733909683591935 0.08130793356039992
0 0.1255689746659508 0.19830162436351018 0.0451657980032891 0.09564339872761896
0 0.1603050917308768 0.16417940663795613 0.04712999849190355 0.11189316123737948
0 0.20123680378010683 0.19534149683230212 0.06117833454242895 0.07672711353389727
0 0.20132978723404255 0.2637051039697543 0.05053191489361702 0.11153119092627599
0 0.23582482395978668 0.2602208559998461 0.055173743509293376 0.11563724788826175
0 0.25611702127659575 0.18147448015122875 0.04734042553191489 0.09640831758034027
0 0.22262086382699522 0.1650964745645828 0.05015983887378583 0.08207140356481708
0 0.18635221358831877 0.15037220321535222 0.044005340849369946 0.06817262092820914
0 0.20552101352354235 0.10105384877265919 0.03527615373501452 0.10394436723070422
0 0.2321059212688711 0.09849794556965513 0.039348150033086005 0.07329856969382341
0 0.2545212765957447 0.10680529300567108 0.05053191489361702 0.08695652173913043
0 0.06941489361702127 0.0222117202268431 0.05372340425531915 0.0444234404536862
0 0.05233267999705908 0.06052084865054366 0.04513419224973873 0.07112929940037464
0 0.18590425531914895 0.017485822306238186 0.04308510638297872 0.03497164461247637
0 0.15585106382978722 0.015122873345935728 0.0574468085106383 0.030245746691871456
0 0.1125 0.017485822306238186 0.03351063829787234 0.03497164461247637
0 0.8579787234042553 0.3000945179584121 0.06702127659574468 0.038752362948960305
0 0.9800531914893617 0.29017013232514177 0.0398936170212766 0.05860113421550094
0 0.9753107220201275 0.25747289604001083 0.04922605231282103 0.08762134134974037
0 0.9525950646331625 0.24167668305535775 0.05058157430614441 0.12359873540623903
0 0.9218085106382978 0.2764650283553875 0.045744680851063826 0.08601134215500945
0 0.9867021276595744 0.1441398865784499 0.026595744680851064 0.09735349716446125
0 0.9930851063829788 0.09829867674858223 0.013829787234042552 0.08506616257088846
0 0.9626842753052444 0.07932413585185417 0.04984466269061787 0.0914626295461256
0 0.9188446443239301 0.08243079012546864 0.04592619359589449 0.0825320242697278
0 0.8944889894610072 0.04561031593769871 0.06035291733668881 0.08700294923942548
0 0.8507247763521822 0.17267495129376534 0.05059331629468372 0.10097499524723674
0 0.858223518758231 0.2505374740195948 0.054186677323733626 0.09572790676182001
0 0.8656955976513007 0.06350108699629294 0.03816420890208824 0.0910752722124182
0 0.8412026828386541 0.1252095999095606 0.0697973421955257 0.08242212921292272
0 0.8321957962889508 0.06684439837801377 0.056586165339279994 0.08468860105187455
0 0.7882978723404256 0.03969754253308128 0.05851063829787234 0.07939508506616257
0 0.7917553191489362 0.008979206049149339 0.07180851063829788 0.017958412098298678
0 0.7287234042553191 0.04064272211720227 0.04893617021276596 0.08128544423440454
0 0.6954787234042553 0.04017013232514178 0.04627659574468085 0.08034026465028356
0 0.4510390474823333 0.2045183819697817 0.06124154604952967 0.1257553121883858
0 0.3428191489361702 0.2717391304347826 0.04946808510638298 0.09546313799621928
0 0.3797294765542359 0.06369007299479772 0.04335331461198896 0.08600989330670519
0 0.4855539005717254 0.06436631033012347 0.05576074813353961 0.09496443675740275
0 0.332469434836063 0.1812543117369031 0.04701169725417349 0.08359834357365119
0 0.3047872340425532 0.18100189035916825 0.05 0.09357277882797732
0 0.29973404255319147 0.11011342155009451 0.0398936170212766 0.08412098298676748
0 0.2859042553191489 0.21597353497164462 0.01223404255319149 0.08601134215500945
0 0.342679661904926 0.0598959367228597 0.038262646374807245 0.07223225038989986
0 0.1952127659574468 0.9763705103969754 0.09787234042553192 0.04725897920604915
0 0.24627659574468086 0.584593572778828 0.06702127659574468 0.11625708884688091
0 0.18191719180058588 0.6220237138098077 0.0664739995015203 0.12258029245091473
0 0.1789194215491031 0.7180502963879394 0.07552648457551507 0.14717889981236004
0 0.049309639363144815 0.690387115708262 0.052634280384972226 0.09743655635035806
0 0.019680851063829788 0.7263705103969754 0.039361702127659576 0.09546313799621928
0 0.09095744680851064 0.3440453686200378 0.047872340425531915 0.04914933837429111
0 0.20398936170212767 0.33601134215500944 0.03563829787234043 0.0330812854442344
0 0.21501600284792377 0.35853767552951105 0.036917056263989514 0.059823776076524456
0 0.2447165414062973 0.3589264817115227 0.037579014383875904 0.06555542344115166
0 0.11505169319039123 0.5881584692458991 0.07501805365897703 0.10187084963445417
0 0.12056906280118429 0.5210690346161101 0.06140681524141733 0.06355516921610482
0 0.18979972851432395 0.52119869436402 0.042734704234192365 0.08216860511031995
0 0.22440083641172798 0.5045320140147534 0.054099981839553925 0.09194718842533597
0 0.6565424243223851 0.6444755402037996 0.0628255487418412 0.148560761927092
0 0.7172064569540062 0.6017446067683071 0.057344750825851366 0.11776988649610896
0 0.40264337831650504 0.7620022497744332 0.05448017963585662 0.0853915011963903
0 0.4863879039307863 0.6266141565892858 0.05316619527858925 0.09749712621025937
0 0.47460133156923395 0.550653962118848 0.050691753767402786 0.0821319734247184
0 0.4020360218497172 0.36047628934706827 0.045285909347053 0.07774555648922148
0 0.32082736284837055 0.6629069203948745 0.05262434850246679 0.07386763660723479
0 0.29175531914893615 0.7618147448015122 0.023936170212765957 0.07183364839319471
0 0.28936170212765955 0.8482986767485823 0.019148936170212766 0.07277882797731569
0 0.30903494319323 0.8532634050497498 0.044308775043998536 0.0814051351059029
0 0.30398936170212765 0.8960302457466919 0.04840425531914894 0.08128544423440454
0 0.6684088924201489 0.4046182671023754 0.06059132991818271 0.09739992466475629
0 0.6464581558908744 0.5174150783309275 0.060427870832328964 0.1134074077349118
0 0.7960928559183298 0.45842531099513306 0.06378100917385082 0.1439560037262897
0 0.8593085106382978 0.3709829867674858 0.04946808510638298 0.10302457466918714
0 0.986436170212766 0.6975425330812854 0.027127659574468086 0.14744801512287334
0 0.9933510638297872 0.4551039697542533 0.013297872340425532 0.09546313799621928
0 0.8965389803807843 0.47385465576133584 0.06290231234351548 0.12877256052045266
0 0.926532116198264 0.4614835375577142 0.04898582962529335 0.1234170258265352
0 0.950531914893617 0.3686200378071834 0.04680851063829787 0.09829867674858223
0 0.9252659574468085 0.33081285444234404 0.05053191489361702 0.022684310018903593
0 0.9784574468085107 0.362476370510397 0.04308510638297872 0.08601134215500945
0 0.9693169442218329 0.4118327733097162 0.04501408090597477 0.08902714163877207
0 0.4765944226523477 0.4406011104286548 0.050094817260651084 0.07923586481245413
0 0.5450687536611176 0.3927386058960491 0.05188562678090626 0.08792419064924681
0 0.36246435705889535 0.4088184548515375 0.05241754167452325 0.08798476050914812
0 0.2901595744680851 0.44848771266540643 0.02074468085106383 0.08412098298676748
0 0.8577127659574468 0.3279773156899811 0.04308510638297872 0.017013232514177693
0 0.3315383634341494 0.7163645144261127 0.03226979733021116 0.08851864458526204
0 0.35073064734645193 0.7122936403014242 0.03633005163974321 0.08049658720738347
0 0.30877659574468086 0.3539697542533081 0.032446808510638296 0.06899810964083176
0 0.3441281910528663 0.37555473540344714 0.04589458784234413 0.058017924942483555