0 0.02361111111111111 0.060770750988142296 0.04722222222222222 0.10177865612648221
0 0.2897222222222222 0.031126482213438736 0.08055555555555556 0.06225296442687747
0 0.38 0.04693675889328063 0.06555555555555556 0.09387351778656126
0 0.39555555555555555 0.12055335968379446 0.04888888888888889 0.09288537549407115
0 0.36536918395899975 0.12484706579229139 0.03972984883466678 0.10830631702226615
0 0.34075687267901206 0.11747132369428964 0.04014316670027155 0.09745975107202466
0 0.3009249717671355 0.10628142112670076 0.051745179871506175 0.09300202421971898
0 0.23994916849127132 0.14090296575195338 0.05590561344120993 0.1139140072320597
0 0.3063888888888889 0.4659090909090909 0.04388888888888889 0.0266798418972332
0 0.28 0.4535573122529644 0.03333333333333333 0.05138339920948617
0 0.2588888888888889 0.4461462450592885 0.04111111111111111 0.06620553359683795
0 0.21861111111111112 0.450098814229249 0.05277777777777778 0.058300395256917
0 0.14472222222222222 0.4505928853754941 0.03833333333333333 0.05731225296442688
0 0.17777777777777778 0.4535573122529644 0.03888888888888889 0.05138339920948617
0 0.41444444444444445 0.399703557312253 0.011111111111111112 0.06620553359683795
0 0.36253252127759233 0.19310938140913375 0.06549183107044453 0.08270744068107166
0 0.2969831988189997 0.2165627834415229 0.05507851320483951 0.0931400198226176
0 0.2469051501193207 0.2670286905498673 0.0490449862882469 0.09881588163891089
0 0.4002777777777778 0.27618577075098816 0.03944444444444444 0.07015810276679842
0 0.415 0.2124505928853755 0.01 0.07312252964426877
0 0.11545276899790098 0.17124093041842256 0.06382516440377786 0.08263844287962241
0 0.039501665857308375 0.31067496894655183 0.06054355386679011 0.08645301644668436
0 0.21052919192951827 0.2675470002556864 0.055272473691135623 0.10796215420996938
0 0.006944444444444444 0.44565217391304346 0.013888888888888888 0.06719367588932806
0 0.021388888888888888 0.24950592885375494 0.042777777777777776 0.08794466403162056
0 0.009722222222222222 0.20652173913043478 0.019444444444444445 0.11264822134387352
0 0.021944444444444444 0.40711462450592883 0.04388888888888889 0.08498023715415019
0 0.3574671710244194 0.26195776524082015 0.04891567929738257 0.0889344587140097
0 0.32176961003149346 0.2530657239008333 0.04715849773711094 0.08194846486512962
0 0.8495492458299134 0.07382015522362642 0.0824171117188396 0.10316026454536682
0 0.9427777777777778 0.022727272727272728 0.07777777777777778 0.045454545454545456
0 0.9208928772719998 0.07432324741859778 0.05443290726083963 0.12866714381796232
0 0.9541223005074813 0.12331554903945849 0.07051815697377782 0.12735783798032516
0 0.934502362615049 0.22239468295816733 0.051215485714123536 0.09495530953754927
0 0.841589741507185 0.15167681602347277 0.07808904356617304 0.11186955104057972
0 0.7756201713282836 0.2072448425617908 0.04993674002004961 0.1245305805108038
0 0.804030624350975 0.24261014549213766 0.038037320769827195 0.10626103463583665
0 0.8704901675796787 0.2768940697689712 0.057236546436790076 0.13075842473869137
0 0.8238558276607281 0.2763556524783256 0.04763693360330864 0.118509729687264
0 0.5809510654178887 0.08395215859804492 0.07376143991866671 0.16304595684571813
0 0.5288888888888889 0.052865612648221344 0.06444444444444444 0.10573122529644269
0 0.4713888888888889 0.03804347826086957 0.07388888888888889 0.07608695652173914
0 0.5936240040874936 0.21872967172329746 0.08488501722370377 0.12202696517127816
0 0.6348064662961602 0.19035938369055694 0.053180022964938366 0.16021869937619676
0 0.6698579568399257 0.20619142034512425 0.05183615927027176 0.1423861395770752
0 0.6997607443441972 0.23359408676767585 0.05730119993222211 0.13569913620114196
0 0.7171182744016664 0.2649727347248125 0.07852822282995071 0.10299926967531849
0 0.7256127769684195 0.29474308637136487 0.08157708078338298 0.08139813484343439
0 0.7137452199607527 0.353009395825032 0.079277274366642 0.07537728401989481
0 0.7839518788935551 0.3555347711392831 0.08501432421456785 0.13190838809617933
0 0.506686721750333 0.15813430692110172 0.0863581879092347 0.1497409478953009
0 0.49969609084876515 0.24681453440403986 0.08277870678809879 0.08836112942516487
0 0.4597222222222222 0.15612648221343872 0.07944444444444444 0.09683794466403162
0 0.47245931215939474 0.3975645583716068 0.04680983336693822 0.0977357422778217
0 0.5584799083769009 0.40091666801082504 0.07596980243148159 0.07721557300197654
0 0.6172521887214317 0.4286055859803243 0.06873464951017291 0.07592844023653957
0 0.9620462265463701 0.3451990791403149 0.05620255501503708 0.09417416064940715
0 0.44055555555555553 0.466403162055336 0.04111111111111111 0.025691699604743084
0 0.5544444444444444 0.45652173913043476 0.07444444444444444 0.045454545454545456
0 0.9211293081741355 0.3108453308670827 0.05002679040849393 0.08898045724830936
0 0.6630555555555555 0.45800395256917 0.07722222222222222 0.042490118577075096
0 0.4255555555555556 0.35820158102766797 0.011111111111111112 0.07806324110671936
0 0.3246790173259381 0.6059360861176981 0.05823128125612356 0.12191114264057973
0 0.21174030256732085 0.5592560370403378 0.046926209658716085 0.10662902291023275
0 0.25057514613406145 0.7739342540594417 0.0416158728806421 0.08270661448612214
0 0.3609242750093948 0.7427005572665563 0.054484165552024705 0.09015259367799743
0 0.4091666666666667 0.8330039525691699 0.021666666666666667 0.09683794466403162
0 0.3726800630541849 0.8627019345387564 0.04775284538992587 0.0849358910097498
0 0.4063888888888889 0.9120553359683794 0.02722222222222222 0.07905138339920949
0 0.2012029817974936 0.6643786079522613 0.04545303897318522 0.07891504018621001
0 0.17137731398258002 0.6735142070846944 0.05113790151960498 0.08902645578260879
0 0.1603816501529257 0.7500151504151292 0.05267526119540744 0.07921403065915686
0 0.09900062012906154 0.6246611403591565 0.050530623167703716 0.08505088734549848
0 0.1331347277954319 0.6469506008156343 0.047701122593580295 0.08098332183978933
0 0.05343859922396277 0.6270411514116819 0.052016260047160534 0.07128589305208609
0 0.013055555555555556 0.7727272727272727 0.026111111111111113 0.06324110671936758
0 0.1589906709908145 0.9411746854776676 0.043605342519308705 0.06501205028989887
0 0.02686566126432066 0.9180038842106718 0.03571118844975312 0.05579677991739135
0 0.005 0.8285573122529645 0.01 0.06620553359683795
0 0.21206724836306146 0.7888611244413918 0.036990398648987684 0.06868862825406231
0 0.9922222222222222 0.6437747035573123 0.015555555555555555 0.10375494071146245
0 0.9651184288422961 0.8000838064240876 0.05373511401533329 0.11777457933342131
0 0.9869444444444444 0.8947628458498024 0.026111111111111113 0.07213438735177866
0 0.9838888888888889 0.9535573122529645 0.03222222222222222 0.09288537549407115
0 0.9382952002711108 0.9404468366869335 0.047378319621580484 0.09874688383746164
0 0.9013888888888889 0.9436758893280632 0.04611111111111111 0.11264822134387352
0 0.9447222222222222 0.9920948616600791 0.051666666666666666 0.015810276679841896
0 0.9705555555555555 0.9841897233201581 0.04777777777777778 0.03162055335968379
0 0.8017329082074566 0.8532652794460027 0.07970398743649386 0.10798597967206873
0 0.6526181965897159 0.83425445385079 0.05651289179311119 0.11788957566917
0 0.8883333333333333 0.9920948616600791 0.06444444444444444 0.015810276679841896
0 0.4814685256339257 0.8230690953554235 0.054316066463901254 0.07730674387562587
0 0.4423406510645183 0.8217261168120111 0.044238482269382755 0.07096390331198951
0 0.5294201710916294 0.8714519163968156 0.06939365065841975 0.08385657784361011
0 0.45750158804535784 0.8724540369077292 0.04966473083407411 0.06131247305858593
0 0.5427777777777778 0.9703557312252964 0.04555555555555556 0.05928853754940711
0 0.5802777777777778 0.9738142292490118 0.041666666666666664 0.05237154150197629
0 0.494413473489506 0.8946285010284581 0.03846356933451855 0.09640261097808529
0 0.4963888888888889 0.982707509881423 0.03944444444444444 0.03458498023715415