0 0.06144417226503843 0.26872445522099125 0.08798540589956609 0.16784294975183098
0 0.018361581920903956 0.06790744466800805 0.03672316384180791 0.1358148893360161
0 0.21553672316384181 0.029678068410462777 0.06836158192090395 0.059356136820925554
0 0.38728813559322034 0.32494969818913483 0.07401129943502825 0.06841046277665996
0 0.35338983050847456 0.2982897384305835 0.0672316384180791 0.12173038229376258
0 0.31242937853107344 0.27816901408450706 0.07005649717514124 0.1619718309859155
0 0.2401129943502825 0.2806841046277666 0.08022598870056497 0.15694164989939638
0 0.2923728813559322 0.34305835010060365 0.08192090395480225 0.03219315895372234
0 0.4615819209039548 0.32696177062374243 0.04858757062146893 0.06438631790744467
0 0.5058068468111375 0.23395460579376226 0.05592046403246963 0.11752494185250513
0 0.43728813559322033 0.19919517102615694 0.014689265536723164 0.0925553319919517
0 0.6954802259887005 0.0306841046277666 0.09830508474576272 0.0613682092555332
0 0.7488700564971752 0.06086519114688129 0.06836158192090395 0.12173038229376258
0 0.6263070105939901 0.12266931423197153 0.05450225821852429 0.12333246055802523
0 0.5658376572649841 0.07148904329240507 0.08844668154331854 0.12891246874138554
0 0.847457627118644 0.041750503018108655 0.0576271186440678 0.08350100603621731
0 0.941134444364327 0.06291149977370203 0.05324551286638199 0.10816568443236695
0 0.977683615819209 0.05331991951710262 0.04463276836158192 0.0925553319919517
0 0.9703574778979166 0.1508721284768244 0.05728099873553795 0.12270758867122614
0 0.5708765178958125 0.19718294058534516 0.0850338385364528 0.10345663184438642
0 0.45706214689265534 0.02012072434607646 0.05423728813559322 0.04024144869215292
0 0.4483050847457627 0.025653923541247486 0.03672316384180791 0.05130784708249497
0 0.44689265536723166 0.09758551307847083 0.03389830508474576 0.0744466800804829
0 0.7115819209039548 0.33400402414486924 0.04463276836158192 0.05030181086519115
0 0.760586094199752 0.29363899957008405 0.06344966300429185 0.07354927079754917
0 0.8430025594377285 0.18227628706604945 0.07284651083318518 0.14380433131862336
0 0.8687028578266804 0.10526948956833217 0.07041370373816955 0.12747905324345934
0 0.770905213586352 0.155339631644863 0.05378747211940326 0.08324347759807421
0 0.9946327683615819 0.30181086519114686 0.010734463276836158 0.06438631790744467
0 0.1502488063175141 0.8252604120280495 0.055862792921592096 0.12851510737674623
0 0.19051138190733977 0.6662010329500326 0.07073653141851023 0.1345213067645861
0 0.2162234196536528 0.7005443151506444 0.05699273642441721 0.12866757310894814
0 0.24872676453100967 0.7975517653305054 0.0648908813166286 0.09274019179242275
0 0.31566990752980284 0.6765092609458658 0.07374595637903301 0.08993577278082258
0 0.3510208439328149 0.5997923859545607 0.06968736476821998 0.09938627202505325
0 0.32135377081844985 0.44091370841051464 0.0664127832382338 0.12593938696344892
0 0.40480225988700563 0.4441649899396378 0.05028248587570622 0.11770623742454728
0 0.38142543591489414 0.5441716595725813 0.043963820772711125 0.11391197922977786
0 0.3690424087320345 0.6654902655817846 0.052830448705944326 0.09911135847663265
0 0.4186440677966102 0.4924547283702213 0.022598870056497175 0.09557344064386318
0 0.41694915254237286 0.5472837022132797 0.02598870056497175 0.1006036217303823
0 0.36558950365033266 0.8462187278410268 0.06366870133370625 0.0905756536256132
0 0.4186440677966102 0.6227364185110664 0.022598870056497175 0.11267605633802817
0 0.3437686807527159 0.7207910515413686 0.05590900440490701 0.08053030041056652
0 0.4138418079096045 0.9612676056338029 0.03220338983050847 0.07746478873239436
0 0.1899467365073587 0.8397272714769505 0.05303793416452995 0.1281339430462415
0 0.029419991797273705 0.9127132703179477 0.04579709074709464 0.11715878647999194
0 0.01327683615819209 0.9577464788732394 0.02655367231638418 0.08450704225352113
0 0.36271186440677966 0.9668008048289738 0.04067796610169491 0.06639839034205232
0 0.2510214966356776 0.9335041114407318 0.05424865451988967 0.09330383977111244
0 0.21779661016949153 0.9698189134808853 0.05367231638418079 0.060362173038229376
0 0.14661016949152542 0.9869215291750503 0.04350282485875706 0.026156941649899398
0 0.1740642664080512 0.9195771984573899 0.0625848760709304 0.09142922411071515
0 0.3946327683615819 0.9859154929577465 0.03785310734463277 0.028169014084507043
0 0.35065800079927145 0.7875174808228835 0.05801898381958222 0.08981332496460376
0 0.38093574431040034 0.7222631775104168 0.05016695716741931 0.12674674249843307
0 0.1711864406779661 0.9783702213279678 0.04632768361581921 0.043259557344064385
0 0.3398305084745763 0.9818913480885312 0.03446327683615819 0.03621730382293763
0 0.08863832958791881 0.9601818323316985 0.037599317159466066 0.07306066760881738
0 0.26807434528571034 0.8963269863506081 0.05976001731386799 0.09104805978021042
0 0.6626493026715157 0.8288893536689776 0.07056361132914418 0.11850096015382588
0 0.6010155803353641 0.8651123798566965 0.06062471100396378 0.12215894965052798
0 0.5662122863775215 0.9236824865034823 0.045439697697534004 0.09711429500001643
0 0.6081920903954803 0.9673038229376257 0.059322033898305086 0.06539235412474849
0 0.663416263175898 0.9423658551010657 0.06655123120164594 0.07996665243187683
0 0.8184487879117155 0.7846210079331856 0.07327322110771756 0.09187161234932928
0 0.8438666936682275 0.757176800114709 0.04467870011509858 0.10501011900624535
0 0.891555191716913 0.9073522981175423 0.04796474127264713 0.11545164550978808
0 0.9377674398677115 0.8417174245126423 0.06173164200839748 0.0973129756823362
0 0.9054658040135262 0.7093081245618952 0.05927572917172425 0.10498010109026205
0 0.8976598489797791 0.6439764003071846 0.06838450117602919 0.08321345968209114
0 0.9076735632355477 0.5805429932260016 0.07614419810482845 0.09325881289713783
0 0.9471178431051249 0.600543051870074 0.06335733328092844 0.12052804154642506
0 0.9426616098833833 0.6667508600468739 0.05506732321320289 0.07441785024064264
0 0.9484152099916995 0.7272504898593135 0.05603580625422419 0.09554461080402292
0 0.9731638418079096 0.6539235412474849 0.05367231638418079 0.11670020120724346
0 0.976271186440678 0.579979879275654 0.04745762711864407 0.1358148893360161
0 0.7875706214689265 0.9869215291750503 0.05649717514124294 0.026156941649899398
0 0.5536723163841808 0.9828973843058351 0.05875706214689266 0.03420523138832998
0 0.5223866338384239 0.9248548093348367 0.05632406856534493 0.08958462636630092
0 0.527269390848166 0.812140636563758 0.06123589423869087 0.07425037555044921
0 0.5256492895245168 0.7420761582079363 0.06823459358505443 0.0921915527717246
0 0.494864245372853 0.818396859910745 0.046292838516801 0.14022138661187916
0 0.46718640598905825 0.8207357832086724 0.05464061293867013 0.1263505692099367
0 0.4387005649717514 0.7489939637826962 0.01751412429378531 0.08148893360160966
0 0.4443502824858757 0.6976861167002012 0.0288135593220339 0.079476861167002
0 0.46658090594647933 0.7285385080721664 0.0537067885101347 0.06923520342192163
0 0.47852012665672855 0.6603036185027673 0.0769397610564842 0.09836522684975789
0 0.45112994350282487 0.6428571428571429 0.0423728813559322 0.0925553319919517
0 0.45508474576271185 0.5648893360160966 0.05028248587570622 0.1096579476861167
0 0.43954802259887005 0.8913480885311871 0.0192090395480226 0.08651911468812877
0 0.4398305084745763 0.9582494969818913 0.01977401129943503 0.07142857142857142
0 0.9686440677966102 0.9813883299798792 0.061581920903954805 0.03722334004024145
0 0.9485875706214689 0.9798792756539235 0.0576271186440678 0.04024144869215292
0 0.9348447546816699 0.936475411104454 0.06311528245312262 0.07850321901796734
0 0.44745762711864406 0.9869215291750503 0.03502824858757062 0.026156941649899398