0 0.018705463182897862 0.2949260042283298 0.037410926365795724 0.13742071881606766
0 0.23262721700731823 0.39701316095679107 0.08389288952642655 0.18078283164980222
0 0.29602137767220904 0.42547568710359407 0.07422802850356294 0.12790697674418605
0 0.3607482185273159 0.4365750528541226 0.083729216152019 0.10570824524312897
0 0.19765768096692884 0.2554418990273704 0.09447331132334934 0.13793765517074685
0 0.15903252852468955 0.2916416630737142 0.06183139847072069 0.17593368572812154
0 0.11986705773286885 0.28045751277529996 0.059833798446802706 0.15675836477263833
0 0.08427339151601473 0.25604871943629853 0.06545705956180842 0.15009797166421882
0 0.06079005561315425 0.22473555300090567 0.08708629593784907 0.11703998611009293
0 0.04712731812742688 0.19517058148841757 0.08965930050085665 0.0942276825917642
0 0.05000131377017234 0.13086223551956278 0.08701401973278892 0.0875895142537367
0 0.01157957244655582 0.13847780126849896 0.02315914489311164 0.14799154334038056
0 0.29817181672405957 0.3063328231167937 0.09692088444052363 0.16768380065054295
0 0.29115293774461176 0.21082581036867792 0.09116193012219284 0.10177509657050324
0 0.43764845605700714 0.4260042283298097 0.023752969121140142 0.12473572938689217
0 0.3510535308800547 0.2997719489887979 0.09512985127429442 0.11173234907754448
0 0.41597387173396677 0.24788583509513742 0.0671021377672209 0.12579281183932348
0 0.43735154394299286 0.23414376321353064 0.024346793349168647 0.15327695560253699
0 0.42844418052256533 0.34355179704016914 0.042161520190023755 0.09725158562367865
0 0.29483372921615203 0.05021141649048626 0.05285035629453682 0.10042283298097252
0 0.2047995369284917 0.055497988368282666 0.083541068983269 0.08926016872343964
0 0.13836104513064132 0.039112050739957716 0.07600950118764846 0.07822410147991543
0 0.19507125890736343 0.011099365750528542 0.08254156769596199 0.022198731501057084
0 0.08165083135391923 0.01849894291754757 0.08491686460807601 0.03699788583509514
0 0.43260095011876487 0.15169133192389006 0.033847980997624705 0.08773784355179703
0 0.4156882732904662 0.09752134082917348 0.05591017332867852 0.07846034488686301
0 0.3693338454017128 0.07703046924391944 0.05334602797246656 0.08760449492944498
0 0.9277861447559793 0.3721784749329993 0.08986656863389364 0.12684940180541443
0 0.8906932266081645 0.22929141613063747 0.06106574293683724 0.08856543420562427
0 0.5694774346793349 0.4318181818181818 0.09619952494061758 0.11522198731501057
0 0.5727692510135853 0.33008943313361316 0.0806803621507169 0.1330662844786744
0 0.5879195761220857 0.21420942426054707 0.08413489321129765 0.08933408712929952
0 0.6011282615488333 0.27473657290217834 0.09440103511828912 0.10848718331439049
0 0.4664489311163896 0.4059196617336152 0.033847980997624705 0.09725158562367865
0 0.711104513064133 0.054439746300211415 0.08491686460807601 0.10887949260042283
0 0.9726840855106889 0.06395348837209303 0.05463182897862233 0.12790697674418605
0 0.9423990498812351 0.06025369978858351 0.047505938242280284 0.12050739957716702
0 0.5058596900185122 0.23606490303637873 0.06580747755426972 0.10282493492825055
0 0.5376050343750042 0.0659963719457568 0.08084193169908026 0.09523307140872775
0 0.642829196250435 0.10958748409175496 0.05528977148026358 0.11939088690824344
0 0.5756414934679607 0.092286462586845 0.06189341291828931 0.08025661139789371
0 0.6689429928741093 0.023784355179704016 0.08966745843230403 0.04756871035940803
0 0.5635391923990499 0.030126849894291756 0.05819477434679335 0.06025369978858351
0 0.4691211401425178 0.17494714587737845 0.039192399049881234 0.09408033826638477
0 0.47119952494061756 0.21723044397463 0.04334916864608076 0.10676532769556026
0 0.46823040380047504 0.2711416490486258 0.037410926365795724 0.1109936575052854
0 0.4109144795362273 0.5470819099991043 0.04343986454007995 0.0769080583638041
0 0.41274270271800856 0.7218553722470289 0.056773981412660726 0.08487675800731063
0 0.43883610451306415 0.7774841437632135 0.021377672209026127 0.08562367864693446
0 0.3668617984901963 0.8165606411590515 0.068066202227346 0.14201090407406827
0 0.05730403800475059 0.9587737843551797 0.058788598574821854 0.0824524312896406
0 0.16018544142891258 0.9359382710937781 0.0593742648714029 0.09045784389290708
0 0.16882654932143615 0.8544726258980508 0.06964040677839438 0.10961094007799804
0 0.2178122678927159 0.8327060462037873 0.0723395440625832 0.10363803739271008
0 0.1689608399740649 0.7882460234241794 0.05229337144438647 0.09062790547501885
0 0.10984467269911855 0.8634286041218111 0.06102074562751156 0.08750835175319298
0 0.0661082466826983 0.8211825114706597 0.04863157225076874 0.10173838361074351
0 0.1048908897075772 0.7886825360078253 0.04366485108670814 0.08219347062596055
0 0.21369501408942213 0.7359830018063243 0.05695397064996326 0.0891050878170358
0 0.26981105300044167 0.7082693662445066 0.06928928751058505 0.08748612698280096
0 0.20631650727304338 0.6667182543543408 0.056638989484684016 0.08170551065001677
0 0.037410926365795724 0.9883720930232558 0.06769596199524941 0.023255813953488372
0 0.08610451306413301 0.5105708245243129 0.05344418052256532 0.042283298097251586
0 0.13331353919239905 0.5174418604651163 0.04928741092636579 0.056025369978858354
0 0.15839125252361724 0.5676964952805356 0.03681780341311531 0.07398079099448211
0 0.19144257076357413 0.5323801300571692 0.040299613369430574 0.05864198304903241
0 0.014548693586698337 0.514799154334038 0.029097387173396674 0.0507399577167019
0 0.04364608076009501 0.5137420718816068 0.03622327790973872 0.048625792811839326
0 0.022414714149559454 0.5717999517784436 0.0409384349067847 0.05977298390732364
0 0.010985748218527316 0.7061310782241015 0.021971496437054632 0.12473572938689217
0 0.033972839854474544 0.6768095942132449 0.046346269957305924 0.10355687489216622
0 0.008016627078384799 0.8165961945031712 0.016033254156769598 0.05179704016913319
0 0.03470713752689976 0.7773174579852733 0.049198117583062646 0.07341891261267845
0 0.020783847980997625 0.8736786469344608 0.04156769596199525 0.06236786469344609
0 0.3183365367209737 0.5508044158393461 0.0380143110759678 0.06046047433045523
0 0.22684085510688837 0.5052854122621564 0.043942992874109264 0.03171247357293869
0 0.21680215421024313 0.5938940647927137 0.046462842196343696 0.06466657936978838
0 0.26132463058916555 0.515843400699082 0.032768746849157974 0.04824122010683147
0 0.28058194774346795 0.5031712473572939 0.03978622327790974 0.02748414376321353
0 0.3227434679334917 0.49577167019027485 0.05166270783847981 0.012684989429175475
0 0.9801068883610451 0.8472515856236786 0.03978622327790974 0.09830866807610994
0 0.9459619952494062 0.5200845665961945 0.043942992874109264 0.0613107822410148
0 0.5744326202215724 0.6195116456863785 0.06422371252107771 0.0794952025689023
0 0.6119260845499199 0.7787465232984953 0.04973808529497006 0.08610390204185393
0 0.7563515046820276 0.8135480967555032 0.04110956493729155 0.07766946719279563
0 0.7908243171314652 0.7699968271302663 0.047506639517628374 0.07531132229996115
0 0.8365037853803343 0.7746314619290511 0.04740778569218152 0.08686531087084547
0 0.6140726665873562 0.8499887112288175 0.063989866767654 0.08787794378249274
0 0.611837843119639 0.9501269829715462 0.04242334611452993 0.09465670483755625
0 0.5374109263657957 0.9751585623678647 0.0498812351543943 0.049682875264270614
0 0.5424504030589552 0.943592694390795 0.04562631300809608 0.08664355565326547
0 0.575389578663272 0.940332547951933 0.04369212998244269 0.1105868600298856
0 0.48752969121140144 0.9778012684989429 0.057007125890736345 0.04439746300211417
0 0.8767423075288538 0.5751271934146109 0.05458753294464466 0.07514126071784927
0 0.8890916144750168 0.622403852197921 0.050799601029845556 0.06941233802053312
0 0.48112994021603717 0.5784559841100105 0.04706552563116768 0.0510723442999015
0 0.5125221901650402 0.6359891910711437 0.02719048304347788 0.055958695667682266
0 0.467042755344418 0.6125792811839323 0.03503562945368171 0.08773784355179703
0 0.5456840265386316 0.8530420831258078 0.06279335910480152 0.1013982604465195
0 0.5676278934422775 0.7926847498231182 0.061200734864814026 0.09173668156291813
0 0.5303604675735801 0.7428320592199059 0.0558563168125575 0.09107141591017862
0 0.5237704655834218 0.7961630294322181 0.06266722638362028 0.08455885961347887
0 0.5031669574774006 0.8325031399524276 0.05818661641534589 0.09031000708118708
0 0.9798124307107491 0.6999399707683645 0.039238097634554804 0.07533354707035317
0 0.9251799004567787 0.6237416275980839 0.03938194876932714 0.06483664095190027
0 0.9609849137723937 0.6392391384972795 0.05047576065777103 0.07568091432926091