0 0.19188722669735328 0.02612704918032787 0.0811277330264672 0.05225409836065574
0 0.2689873417721519 0.40061475409836067 0.048906789413118525 0.09836065573770492
0 0.3578826237054085 0.3985655737704918 0.07710011507479862 0.10245901639344263
0 0.45771001150747986 0.36116803278688525 0.06386651323360185 0.16086065573770492
0 0.13795595744486258 0.28290323580053867 0.06332635000315373 0.119020087445603
0 0.11591960314459418 0.3570552375536234 0.0645707332401823 0.0975513827467057
0 0.09666283084004602 0.4026639344262295 0.06098964326812428 0.0942622950819672
0 0.030778858288505906 0.3936200200874526 0.048956606297813496 0.08392173378134062
0 0.012945914844649022 0.3673155737704918 0.025891829689298044 0.07479508196721311
0 0.12169159953970081 0.4369877049180328 0.040851553509781355 0.025614754098360656
0 0.21058688147295743 0.42213114754098363 0.07249712313003452 0.055327868852459015
0 0.4479286536248562 0.4390368852459016 0.048906789413118525 0.02151639344262295
0 0.8564194119229773 0.08393696423917152 0.05952877728532571 0.13531815258110227
0 0.9876294591484465 0.3432377049180328 0.02474108170310702 0.11475409836065574
0 0.966915995397008 0.2766393442622951 0.0661680092059839 0.09631147540983606
0 0.9492821926029076 0.2411743521929729 0.07159754683527246 0.08848505968840482
0 0.9412410410046294 0.19425780399875528 0.062297927694906725 0.10978685378426166
0 0.977560414269275 0.19672131147540983 0.04487917146144994 0.09631147540983606
0 0.9392980437284235 0.06506147540983606 0.059263521288837745 0.13012295081967212
0 0.8964326812428078 0.04456967213114754 0.06214039125431531 0.08913934426229508
0 0.7912657407201814 0.1231582407572036 0.06543353332133134 0.13851114493221986
0 0.5445914844649021 0.019979508196721313 0.07192174913693901 0.039959016393442626
0 0.5166858457997698 0.031762295081967214 0.05408515535097814 0.06352459016393443
0 0.5069044879171462 0.048668032786885244 0.03452243958573072 0.09733606557377049
0 0.5040276179516686 0.11270491803278689 0.028768699654775604 0.08811475409836066
0 0.5903337169159953 0.03432377049180328 0.07825086306098965 0.06864754098360656
0 0.6110471806674338 0.04456967213114754 0.08745684695051784 0.08913934426229508
0 0.6823935558112774 0.42418032786885246 0.06789413118527042 0.05122950819672131
0 0.6901844500862644 0.3028381450418225 0.059068686817644586 0.1025551117070634
0 0.6336868190392373 0.38231017259553285 0.08230664962277619 0.09587179018271146
0 0.5416299794032315 0.2905630998320146 0.06815234502922889 0.11195525597144484
0 0.498849252013809 0.2694672131147541 0.018411967779056387 0.10450819672131148
0 0.6575997896068542 0.22316487597961648 0.07310770788577745 0.11922276460643738
0 0.6381382730619622 0.3034048077866506 0.05751522921798565 0.09433454602372521
0 0.5853510998174667 0.2722568641932372 0.0582632675907087 0.08616166908411257
0 0.5865121501239576 0.19597854681681384 0.05553741373028164 0.08917582864625857
0 0.6210416318622178 0.1717214862622986 0.06564245209758338 0.08426747717335256
0 0.5553521012307215 0.20430080999365408 0.04278555063134284 0.11040608962652709
0 0.5291222458431922 0.20586785961746895 0.052387201981809565 0.09525183651427659
0 0.509493670886076 0.15932377049180327 0.039700805523590336 0.08504098360655737
0 0.6434593084098715 0.11905607248700825 0.09284308803065246 0.11144331980256224
0 0.5123705408515535 0.4426229508196721 0.045454545454545456 0.014344262295081968
0 0.012945914844649022 0.5450819672131147 0.025891829689298044 0.13524590163934427
0 0.07378467365037782 0.9483328196251885 0.06879266384605545 0.07819146930533455
0 0.24776253686002692 0.8116667422076642 0.0651818398129138 0.13338819411254774
0 0.3200474810460389 0.8086336226273669 0.06300266951847576 0.12413111607934363
0 0.39095567490527267 0.8921187609698715 0.062002937637335234 0.12718104219928414
0 0.3469146559911186 0.9344849821822109 0.07245330476389199 0.10590309247528984
0 0.2931530494821634 0.9641393442622951 0.06962025316455696 0.07172131147540983
0 0.26323360184119676 0.9431352459016393 0.061565017261219795 0.11372950819672131
0 0.4755466052934407 0.9380122950819673 0.02819332566168009 0.11168032786885246
0 0.4798619102416571 0.9769467213114754 0.019562715765247412 0.04610655737704918
0 0.6121979286536249 0.47950819672131145 0.07710011507479862 0.05942622950819672
0 0.5103567318757192 0.5015368852459017 0.04142692750287687 0.10348360655737705
0 0.5685500997581215 0.597363936043702 0.06188061195939122 0.13639043148876245
0 0.530701784785015 0.677473082718575 0.07428010414654557 0.10798803936095297
0 0.797180667433832 0.4723360655737705 0.06386651323360185 0.045081967213114756
0 0.6538212560786604 0.7102343290271903 0.0689723703782123 0.09354839957841944
0 0.7126928918913187 0.7228323499964012 0.0685696607647444 0.08535167826694415
0 0.8932681242807825 0.47438524590163933 0.07192174913693901 0.04918032786885246
0 0.784913152162094 0.7269654004706791 0.05814798406529439 0.11891278777221993
0 0.9818757192174914 0.475922131147541 0.03624856156501726 0.05225409836065574
0 0.9579976985040276 0.49334016393442626 0.05868814729574223 0.08709016393442623
0 0.9322760557520694 0.5412087704918729 0.04444724960388684 0.06233380722312923
0 0.9053595857392834 0.5801495167274315 0.04840288057929499 0.0726512419780621
0 0.8739042858799815 0.5301357125826324 0.05423564963904018 0.08607821378259257
0 0.8578768860953504 0.5872746769574161 0.05948600255316022 0.0759515340025627
0 0.8728046593209567 0.6519606035104119 0.06157153759676098 0.10670116110652687
0 0.838807255026638 0.6536886026443012 0.05376095304931158 0.08811547192452998
0 0.6659982670014922 0.8133602700066241 0.058917670712594086 0.09948134121526023
0 0.7348131009391131 0.8283111281318709 0.0612765475391891 0.12409534952154935
0 0.7988087210946943 0.7717135464777136 0.04930897720959798 0.09109386492888183
0 0.6496796591440487 0.8822760601736882 0.05683917782152323 0.09227344350992497
0 0.8296020538625926 0.7767049943390553 0.04981940637896244 0.12488149596685488
0 0.8540053707759626 0.8181647705075205 0.049582318992592495 0.08495824613120666
0 0.8875713750297067 0.8369166524663882 0.05510601368970705 0.06869594755350167
0 0.8062604143948179 0.8657254756551206 0.04362722425490329 0.0807406636161545
0 0.8361582137612076 0.8538469523693385 0.05488301060839612 0.07585615651511127
0 0.8401249297823984 0.8901006813296962 0.05025132823652555 0.0634776192463781
0 0.898115377407101 0.8796871512611425 0.046029397630652516 0.08283753268774914
0 0.7342239035494529 0.9163483880216772 0.06294528866426267 0.09956479651678041
0 0.7199548372474797 0.9493975613580706 0.06494475242654373 0.09346494427689939
0 0.6709184190953933 0.9238014083647763 0.05017934126026512 0.07371159869979085
0 0.700988361024422 0.8382239263913042 0.041829115299356324 0.09093887651177299
0 0.6858457997698504 0.9877049180327869 0.05523590333716916 0.02459016393442623
0 0.884367825320275 0.9255198572748532 0.047331161721894034 0.08593514755141542