0 0.3578014184397163 0.045454545454545456 0.07021276595744681 0.09090909090909091
0 0.0851063829787234 0.020833333333333332 0.08085106382978724 0.041666666666666664
0 0.12198581560283688 0.04040404040404041 0.09929078014184398 0.08080808080808081
0 0.13293741151393398 0.09917673029671292 0.09357714823772936 0.11844795240515445
0 0.3067375886524823 0.047979797979797977 0.07730496453900709 0.09595959595959595
0 0.274468085106383 0.06881313131313131 0.09078014184397164 0.13762626262626262
0 0.24737723163883682 0.11596104864125452 0.09154867563055703 0.12070833064274211
0 0.4471631205673759 0.04671717171717172 0.0673758865248227 0.09343434343434344
0 0.5074468085106383 0.07702020202020202 0.09432624113475177 0.15404040404040403
0 0.2905903799226201 0.30404792193417024 0.06146874090850731 0.1634523880449417
0 0.1397163120567376 0.5372474747474747 0.09219858156028368 0.06439393939393939
0 0.17228745871548695 0.5126291183416546 0.08234372856161436 0.10197206581531501
0 0.0782488928278842 0.5117069729167261 0.05943540807894425 0.11168471127726493
0 0.027659574468085105 0.4671717171717172 0.05531914893617021 0.10101010101010101
0 0.1831785842284575 0.4530825548862532 0.06722191543157487 0.1302443932462487
0 0.12468285701767087 0.46356357108146024 0.07432902510022085 0.11353883129091878
0 0.18868589102456754 0.28565213794444105 0.06110667543588645 0.17220248045410386
0 0.24212032237216158 0.24979943247963834 0.06854116818059108 0.1278957235794392
0 0.3702759968866822 0.34378486203715025 0.06866012645736326 0.1668605548624103
0 0.08126128393460107 0.20820434015246614 0.05781859442804066 0.10645762336831668
0 0.03408827771248694 0.2207293323465319 0.0602784973009582 0.1331493577419114
0 0.015602836879432624 0.2196969696969697 0.031205673758865248 0.13636363636363635
0 0.5943262411347517 0.14772727272727273 0.031205673758865248 0.19444444444444445
0 0.5643388638862387 0.08436708107935435 0.0711498515044523 0.15837533674091286
0 0.576950354609929 0.21338383838383837 0.06595744680851064 0.11616161616161616
0 0.4900709219858156 0.5303030303030303 0.06524822695035461 0.07828282828282829
0 0.5329106802907849 0.44904101607096525 0.08033502726391846 0.14067202281062138
0 0.5546099290780142 0.5290404040404041 0.06382978723404255 0.08080808080808081
0 0.5985815602836879 0.49873737373737376 0.02269503546099291 0.10101010101010101
0 0.6 0.40404040404040403 0.019858156028368795 0.10606060606060606
0 0.5758865248226951 0.37941919191919193 0.06808510638297872 0.09722222222222222
0 0.5526817999078348 0.31764391966293737 0.10664066658642513 0.12761295570690073
0 0.03385036115894252 0.2993653263462465 0.05765490289001129 0.12025822082798376
0 0.7815602836879433 0.026515151515151516 0.062411347517730496 0.05303030303030303
0 0.9674781644431406 0.08159367135616417 0.06270371777731373 0.14098998960533382
0 0.9868794326241135 0.14835858585858586 0.02624113475177305 0.10732323232323232
0 0.9523096835705189 0.29540136742502365 0.059137847177056925 0.10410895370150736
0 0.9819148936170212 0.3162878787878788 0.036170212765957444 0.10227272727272728
0 0.8939181687593756 0.33951856243826967 0.06840729881673321 0.10651936854401442
0 0.911604097161976 0.3791499057747278 0.05601831792963118 0.07859155416131709
0 0.9660007412183128 0.373233791769307 0.05253672320958466 0.06182424703028959
0 0.6893617021276596 0.538510101010101 0.05531914893617021 0.06186868686868687
0 0.2074468085106383 0.6092171717171717 0.08297872340425531 0.07954545454545454
0 0.046591191444013615 0.6263018573953387 0.06563492395484267 0.08984035284220829
0 0.01099290780141844 0.6893939393939394 0.02198581560283688 0.12626262626262627
0 0.03794326241134752 0.9848484848484849 0.058865248226950356 0.030303030303030304
0 0.23366170766913247 0.7263528493156176 0.07528621237661628 0.11994025403327148
0 0.21925187492835785 0.8482669756271863 0.06509425585710678 0.1299795189585837
0 0.2929078014184397 0.9829545454545454 0.07943262411347518 0.03409090909090909
0 0.4341007586883773 0.8217241013633646 0.08886057664887649 0.12414304371373452
0 0.5673758865248227 0.6161616161616161 0.07375886524822695 0.09343434343434344
0 0.5281441847983707 0.7680884432076991 0.07037126685317201 0.12058484029134664
0 0.5102848444129596 0.8235955267143186 0.08376216827792642 0.10214864867375834
0 0.49432624113475176 0.985479797979798 0.0524822695035461 0.02904040404040404
0 0.10807274374832473 0.7031053630530252 0.07221627661283847 0.09568548075570778
0 0.15106382978723404 0.9829545454545454 0.05390070921985816 0.03409090909090909
0 0.7088652482269504 0.6338383838383839 0.08865248226950355 0.12878787878787878
0 0.6393617021276595 0.6319444444444444 0.05602836879432624 0.125
0 0.6209219858156029 0.6174242424242424 0.02198581560283688 0.09595959595959595
0 0.626241134751773 0.6679292929292929 0.032624113475177303 0.11616161616161616
0 0.9776595744680852 0.8926767676767676 0.04468085106382979 0.13131313131313133
0 0.8379432624113475 0.9191919191919192 0.07446808510638298 0.16161616161616163
0 0.6379432624113475 0.7821969696969697 0.05602836879432624 0.18055555555555555
0 0.6925531914893617 0.9564393939393939 0.08014184397163121 0.08712121212121213
0 0.6234042553191489 0.9608585858585859 0.02695035460992908 0.07828282828282829
0 0.8634751773049646 0.9766414141414141 0.07021276595744681 0.04671717171717172