0 0.39824641305893976 0.18156850224938845 0.05955549509853588 0.1438994572125346
0 0.4725031605562579 0.250561797752809 0.054993678887484194 0.12134831460674157
0 0.4464052018686815 0.32941858067936247 0.06510106030456167 0.1294103835959297
0 0.9826169405815424 0.3724719101123595 0.0347661188369153 0.09325842696629214
0 0.9873577749683944 0.31179775280898875 0.025284450063211124 0.07977528089887641
0 0.9213702781307836 0.3429098382337637 0.05484384422108093 0.11459445454480026
0 0.8754523443956563 0.3208305482374077 0.05295854400927834 0.1156788273982753
0 0.928627642144281 0.2152575432810038 0.04821379250300866 0.0830030382136869
0 0.9857774968394437 0.2679775280898876 0.028445006321112517 0.06629213483146068
0 0.9867256637168141 0.22134831460674156 0.02654867256637168 0.07191011235955057
0 0.9497394852819568 0.1569674626767957 0.0520616277271814 0.08869946104606279
0 0.8625158027812895 0.011797752808988765 0.06131479140328698 0.02359550561797753
0 0.5720606826801518 0.3651685393258427 0.07206068268015171 0.10786516853932585
0 0.5189633375474083 0.17752808988764046 0.03792667509481669 0.09662921348314607
0 0.7018730402098687 0.13794178962804932 0.045784649383131294 0.09306310089472469
0 0.35701254634392177 0.7645877634370464 0.0911688919163844 0.20970863319004585
0 0.4778761061946903 0.8106741573033708 0.04424778761061947 0.1696629213483146
0 0.26487629172554644 0.5901247903361015 0.07743114682979468 0.16224306338909011
0 0.4168773704171934 0.4696629213483146 0.06637168141592921 0.10112359550561797
0 0.4683944374209861 0.4707865168539326 0.0632111251580278 0.10337078651685393
0 0.3694690265486726 0.44325842696629214 0.06257901390644753 0.048314606741573035
0 0.03926558918013617 0.8790031148842502 0.07496890308110267 0.16893233955327386
0 0.09865629894991308 0.6553479880989108 0.12128172689463923 0.1227088204035124
0 0.10824902096831313 0.5473063176249415 0.09848158766599646 0.11774376655532476
0 0.14854614412136535 0.46348314606741575 0.06700379266750948 0.08876404494382023
0 0.22850821744627053 0.47191011235955055 0.07648546144121365 0.10561797752808989
0 0.12168141592920353 0.44157303370786516 0.08912768647281921 0.0449438202247191
0 0.024336283185840708 0.44269662921348313 0.048672566371681415 0.04719101123595506
0 0.8132381552214831 0.599778765089181 0.05786096442078575 0.10005308405867148
0 0.7770565435843759 0.6802862021613931 0.08459720721710669 0.11970332478417885
0 0.6820325359988743 0.639001982019631 0.06063214737174711 0.12482448205179086
0 0.597134941633647 0.628400913695577 0.05489901193577185 0.12021243207289015
0 0.5256005056890013 0.6786516853932584 0.05120101137800253 0.07640449438202247
0 0.6197850821744627 0.4387640449438202 0.05120101137800253 0.03932584269662921
0 0.5322376738305942 0.42752808988764046 0.03034134007585335 0.016853932584269662
0 0.6191529709228825 0.43595505617977526 0.048672566371681415 0.033707865168539325
0 0.5237041719342604 0.5544943820224719 0.04740834386852086 0.07752808988764046
0 0.5186472819216182 0.5955056179775281 0.03729456384323641 0.0853932584269663
0 0.73350778629828 0.5778371479698993 0.05513391564157728 0.0797760680880239
0 0.7132652755853554 0.6119568509859399 0.06805197924663761 0.1081274400760932
0 0.8352138140124411 0.5178801046496144 0.04015081583359986 0.09856341046638564
0 0.9538558786346397 0.42865168539325843 0.06447534766118837 0.019101123595505618
0 0.6852085967130215 0.44213483146067417 0.039190897597977246 0.046067415730337076
0 0.8374482704788486 0.515587153877545 0.04255789186760074 0.0862561567741119