0 0.007596685082872928 0.22051597051597052 0.015193370165745856 0.11425061425061425
0 0.17023480662983426 0.3041560504635015 0.052486187845303865 0.147963335461465
0 0.21685082872928177 0.3178013778440427 0.06698895027624309 0.15057042935093692
0 0.2475828729281768 0.3666233760914782 0.08011049723756906 0.13842121407625402
0 0.4102209944751381 0.4030237459680384 0.08908839779005524 0.152027641333677
0 0.17714088397790057 0.5700245700245701 0.06698895027624309 0.05896805896805897
0 0.007596685082872928 0.34459459459459457 0.015193370165745856 0.09705159705159705
0 0.3238950276243094 0.5028114962461335 0.06422651933701658 0.14071383067864723
0 0.23722375690607736 0.4883522058791494 0.0718232044198895 0.12113643034439725
0 0.28107734806629836 0.4528860729639212 0.06906077348066299 0.10759432798660389
0 0.2824585635359116 0.550982800982801 0.05662983425414365 0.09705159705159705
0 0.02037292817679558 0.2972972972972973 0.04074585635359116 0.12530712530712532
0 0.04419889502762431 0.28580439682775133 0.06698895027624309 0.1112583900388976
0 0.09288674033149172 0.30004253318933316 0.06560773480662983 0.11001559438825659
0 0.04143646408839779 0.3515578013968469 0.05041436464088398 0.08774533363169511
0 0.7527624309392266 0.1810632197404004 0.08770718232044199 0.1213008161990065
0 0.8459944751381215 0.06388206388206388 0.08149171270718232 0.12776412776412777
0 0.9492403314917127 0.2680961772573331 0.06975138121546962 0.14691351450971307
0 0.9941298342541437 0.32555282555282555 0.011740331491712707 0.13022113022113022
0 0.981353591160221 0.051597051597051594 0.03729281767955801 0.10319410319410319
0 0.493439226519337 0.5184275184275184 0.06560773480662983 0.16216216216216217
0 0.6484806629834254 0.5015527680222853 0.06767955801104972 0.16163408761851786
0 0.7386049723756906 0.45639401275160996 0.08149171270718232 0.12369349375637921
0 0.8339088397790055 0.4271521693684259 0.06698895027624309 0.12968590846641603
0 0.8984806629834254 0.39454287319235176 0.055248618784530384 0.14062091693473763
0 0.9302486187845304 0.4028136100826417 0.04834254143646409 0.1294929337675269
0 0.9827348066298343 0.40171990171990174 0.034530386740331494 0.12039312039312039
0 0.9502762430939227 0.4302476186028903 0.06077348066298342 0.16770512165032436
0 0.9053867403314917 0.4749382315484825 0.0738950276243094 0.08675983757957267
0 0.8539364640883977 0.5657248157248157 0.07803867403314917 0.06756756756756757
0 0.8097375690607734 0.5528255528255528 0.05179558011049724 0.09336609336609336
0 0.7700276243093923 0.550982800982801 0.05110497237569061 0.09705159705159705
0 0.7354972375690608 0.5577395577395577 0.04696132596685083 0.08353808353808354
0 0.4095303867403315 0.6363636363636364 0.08425414364640885 0.07371007371007371
0 0.43577348066298344 0.9391891891891891 0.04834254143646409 0.12162162162162163
0 0.4008977900552486 0.9717444717444718 0.06284530386740332 0.056511056511056514
0 0.3722375690607735 0.9508599508599509 0.06077348066298342 0.09828009828009827
0 0.36464088397790057 0.875200921285644 0.0787292817679558 0.14454942579662022
0 0.2986878453038674 0.9447174447174447 0.08080110497237569 0.11056511056511056
0 0.2786602209944751 0.9012750242481306 0.06284530386740332 0.16772656328353433
0 0.19613259668508287 0.9052003690422449 0.05939226519337017 0.18243284197019918
0 0.15780386740331492 0.9428746928746928 0.10704419889502763 0.11425061425061425
0 0.13846685082872928 0.9883292383292384 0.09875690607734806 0.02334152334152334
0 0.07044198895027624 0.9459459459459459 0.08287292817679558 0.10810810810810811
0 0.02382596685082873 0.9312039312039312 0.04765193370165746 0.1375921375921376
0 0.04523480662983426 0.8255528255528255 0.09046961325966851 0.13267813267813267
0 0.49136740331491713 0.7622850122850123 0.06284530386740332 0.1511056511056511
0 0.5852900552486188 0.6418918918918919 0.08632596685082873 0.08476658476658476
0 0.8984806629834254 0.6351351351351351 0.06353591160220995 0.07125307125307126
0 0.9178176795580111 0.6718696735465508 0.052486187845303865 0.08776677526490494
0 0.9437154696132597 0.6369778869778869 0.057320441988950276 0.07493857493857493
0 0.9754834254143646 0.6246928746928747 0.04765193370165746 0.05036855036855037
0 0.9892955801104972 0.6222358722358723 0.021408839779005526 0.045454545454545456
0 0.8832872928176796 0.7969199087929238 0.06975138121546962 0.0830314506276492
0 0.8359806629834254 0.8017092470509711 0.05386740331491713 0.15412013602611122
0 0.7976519337016574 0.8119339270933643 0.05179558011049724 0.09881613911034597
0 0.7144337016574586 0.8944904977226273 0.06629834254143646 0.0977377293143142
0 0.6695441988950276 0.806502977990087 0.06629834254143646 0.09036672194330682
0 0.6294889502762431 0.7024949118095407 0.07113259668508287 0.140785302789347
0 0.6122237569060773 0.8304377198504178 0.052486187845303865 0.0963662838644134
0 0.6464088397790055 0.9037940066125278 0.055248618784530384 0.08902386533768616
0 0.6778314917127072 0.9501518551918909 0.05939226519337017 0.07923873877609598
0 0.6384668508287292 0.9772727272727273 0.057320441988950276 0.045454545454545456
0 0.8791436464088398 0.8872576323541841 0.057320441988950276 0.09395931188490077
0 0.8242403314917127 0.9087103565187675 0.0393646408839779 0.09623048685408428
0 0.8529005524861878 0.9643734643734644 0.058011049723756904 0.07125307125307126