0 0.09484848484848485 0.5646551724137931 0.07696969696969697 0.04956896551724138
0 0.034545454545454546 0.44504310344827586 0.06909090909090909 0.12284482758620689
0 0.0855946658772614 0.40593776458364417 0.08358791341945686 0.12194551200038325
0 0.20636363636363636 0.537176724137931 0.08666666666666667 0.10452586206896551
0 0.18148447697520237 0.41544477878603864 0.055219432034129955 0.13262014870004793
0 0.28961033356687965 0.46702736676221174 0.0629787853594014 0.18249008738568026
0 0.011515151515151515 0.1255387931034483 0.02303030303030303 0.0980603448275862
0 0.03393939393939394 0.20635775862068967 0.06787878787878789 0.10021551724137931
0 0.0914174055869629 0.16529744563127344 0.08472598284097357 0.11445257074683922
0 0.16458147768462864 0.14502125353965453 0.06666053175867684 0.12555358610172423
0 0.18441137095458585 0.250385980900622 0.07735804612318327 0.1044533217163794
0 0.24578148634252323 0.1713065477309619 0.0676293399445259 0.10081926553783538
0 0.23696969696969697 0.02586206896551724 0.06666666666666667 0.05172413793103448
0 0.0734691670985628 0.06632299221958764 0.05961302731175816 0.08648459058242351
0 0.02393939393939394 0.047952586206896554 0.04787878787878788 0.09590517241379311
0 0.052121212121212124 0.011314655172413793 0.059393939393939395 0.022629310344827586
0 0.46424242424242423 0.021551724137931036 0.06666666666666667 0.04310344827586207
0 0.5572727272727273 0.04741379310344827 0.045454545454545456 0.09482758620689655
0 0.5033195297903562 0.06416549418716362 0.061163670995214706 0.12101751139784493
0 0.4423189851228195 0.08825040915905069 0.0514561224710156 0.11953862763309395
0 0.4122328207779882 0.11159498126872508 0.06640663990517527 0.099691517136207
0 0.4105120703644893 0.18335478841680936 0.0730627277446128 0.09888982300033532
0 0.49572176906576493 0.18575761837483126 0.06320707563920498 0.08232473233903266
0 0.6215542421083206 0.06466261123529561 0.06625853632396629 0.08460531023965527
0 0.6133333333333333 0.016163793103448277 0.04363636363636364 0.032327586206896554
0 0.6645454545454546 0.11691810344827586 0.010303030303030303 0.09375
0 0.6451515151515151 0.14493534482758622 0.04909090909090909 0.11961206896551724
0 0.6368431247520626 0.29418802281434253 0.05633634380118813 0.12297203503271091
0 0.6057321906312413 0.398426803733356 0.05981402502911337 0.10695872851345799
0 0.4866666666666667 0.5630387931034483 0.08969696969696969 0.052801724137931036
0 0.5710249862233534 0.4451401280702334 0.05265766485590741 0.1185112036209291
0 0.5219620579275149 0.41914191502887815 0.057939881620790626 0.16289288688261502
0 0.6624242424242425 0.525323275862069 0.014545454545454545 0.12823275862068967
0 0.3560737805565713 0.38180802012701065 0.07578317733127361 0.12916256118290242
0 0.4719386783134368 0.3570696451538543 0.07385920724079949 0.11831145582183922
0 0.32851780417002774 0.1996843115926476 0.06563131806344741 0.08242505672849632
0 0.29127834710598555 0.1737358102561055 0.04778802235296429 0.11615538242820893
0 0.9474454296715061 0.3731295099484902 0.04084630617833792 0.08786224897787359
0 0.9036012451771752 0.38464616536958696 0.04411992223491297 0.11277213722332391
0 0.7467192462793069 0.3383153643520585 0.04205842739045913 0.08791241117260541
0 0.7550317660744928 0.38217034456906035 0.05427484895673401 0.09811230898199241
0 0.7344702427369689 0.4493197347010049 0.047097331129069775 0.10750961167567054
0 0.7498592505302721 0.16408454315933813 0.03542349720547987 0.0908692777222702
0 0.7118444716245019 0.12091974360981711 0.05949666021223686 0.07463114230656137
0 0.6866666666666666 0.028017241379310345 0.03393939393939394 0.05387931034482758
0 0.9571493797708409 0.12639943972531004 0.044686734986051746 0.04708954079736596
0 0.9772727272727273 0.16217672413793102 0.045454545454545456 0.05064655172413793
0 0.980193329082368 0.065076449341833 0.03508497473414481 0.05638651910158049
0 0.9149691386054929 0.24564963473869617 0.07164960881513638 0.07836552287456912
0 0.6548484848484849 0.9008620689655172 0.029696969696969697 0.1336206896551724
0 0.4793939393939394 0.9714439655172413 0.07636363636363637 0.057112068965517244
0 0.4341830806747824 0.9189516275180788 0.05950417158547101 0.13710606120919547
0 0.32285459236313974 0.9117005606088595 0.06612852294322086 0.13307160845263413
0 0.24977292892368805 0.8786111543617332 0.06212190035383435 0.09520560462705957
0 0.10454545454545454 0.9854525862068966 0.051515151515151514 0.029094827586206896
0 0.15448235529119556 0.8992640134037594 0.0482354005505865 0.1000166704221265
0 0.6327754084206735 0.6746458644309377 0.06801324517877275 0.07821503629037364
0 0.6159725934652714 0.8467470447971494 0.06773512821681807 0.11159512760680089
0 0.6074923461614153 0.754926937824568 0.07599782132985307 0.08931695262509598
0 0.37811580873531725 0.7353127650426717 0.06328112742980947 0.08986783578730852
0 0.3201856604473807 0.701596331361398 0.05010647650491454 0.10547984474870695
0 0.2904968903562675 0.8580604216688453 0.04471540401374444 0.11171963211379321
0 0.3196422273103202 0.8315207125845301 0.04868277874820871 0.08387795841604408
0 0.1225191373457995 0.824047069228448 0.03915507028690668 0.10071804016853453
0 0.1825931891364041 0.8291071440374996 0.06022966674504804 0.08758725788668591
0 0.23878909799137032 0.7788094752268913 0.04051529508023701 0.11585440925981808
0 0.4812609451381443 0.7736261742115653 0.0475552881539214 0.09244848587648478
0 0.09120207335576128 0.6911291007894395 0.04499352097569906 0.07833954079736596
0 0.15481727933766648 0.6863404131522267 0.044472090987472214 0.08693514935517252
0 0.3003030303030303 0.6206896551724138 0.06484848484848485 0.0625
0 0.5144726219583415 0.7598544724771303 0.042375792207335644 0.12023999737950197
0 0.1712121212121212 0.6066810344827587 0.03939393939393939 0.034482758620689655
0 0.28612989940846534 0.6911474245380262 0.034169060684441845 0.08650877069995216
0 0.9021212121212121 0.9859913793103449 0.07090909090909091 0.028017241379310345
0 0.7814111134172201 0.7287375362925761 0.055899544430795055 0.14018833324568974
0 0.813030303030303 0.6169181034482759 0.0696969696969697 0.05495689655172414
0 0.7596969696969696 0.6282327586206896 0.062424242424242424 0.07758620689655173
0 0.703939393939394 0.6454741379310345 0.06 0.11206896551724138
0 0.6806060606060607 0.65625 0.02181818181818182 0.11422413793103449