0 0.08 0.4331896551724138 0.05090909090909091 0.05172413793103448
0 0.2885865889011929 0.11256495710647449 0.08244587306688173 0.16150938051382085
0 0.09595955209235157 0.06678525176790807 0.06496407021443688 0.09497040389896337
0 0.15583629200263927 0.154816122621252 0.05587316112352779 0.09384012137832479
0 0.12164445022897794 0.16604015437646388 0.06271052975111037 0.11614536719668163
0 0.012121212121212121 0.11260775862068965 0.024242424242424242 0.13685344827586207
0 0.04708271721690828 0.10879953489028474 0.06390730151571096 0.09913004439046445
0 0.19785412760786067 0.2863685709772627 0.04902765326263761 0.10478934363767604
0 0.1522478347470265 0.27112008079803707 0.044163818966632074 0.08702049915103306
0 0.3560955965108439 0.39059772075438287 0.052586340642303574 0.10308628423213848
0 0.6239393939393939 0.03609913793103448 0.12424242424242424 0.07219827586206896
0 0.4906060606060606 0.078125 0.10242424242424242 0.15625
0 0.5499449943743074 0.1974455550928739 0.10692132607939887 0.17098898447690328
0 0.5747519650064314 0.3043189133177481 0.1053208235837894 0.16006241807185262
0 0.6464188639278716 0.316327260271143 0.1127407641366043 0.19853145699365773
0 0.7375757575757576 0.10290948275862069 0.10787878787878788 0.20581896551724138
0 0.7861537427340957 0.21420603603271457 0.12340147682808161 0.17625625163474246
0 0.7618181818181818 0.375 0.1006060606060606 0.16810344827586207
0 0.8603030303030303 0.1050646551724138 0.13757575757575757 0.2101293103448276
0 0.9709090909090909 0.28663793103448276 0.05818181818181818 0.17025862068965517
0 0.9384848484848485 0.3464439655172414 0.12303030303030303 0.18642241379310345
0 0.9548484848484848 0.39709051724137934 0.0903030303030303 0.12392241379310345
0 0.5860606060606061 0.4358836206896552 0.09575757575757576 0.04633620689655173
0 0.5415151515151515 0.39978448275862066 0.08060606060606061 0.11853448275862069
0 0.4984848484848485 0.38038793103448276 0.08424242424242424 0.15732758620689655
0 0.45151515151515154 0.3917025862068966 0.10303030303030303 0.13469827586206898
0 0.4312121212121212 0.42564655172413796 0.062424242424242424 0.0668103448275862
0 0.20030303030303032 0.5080818965517241 0.06848484848484848 0.0980603448275862
0 0.2571401563596084 0.6204584732380922 0.07657224743380676 0.11572329464786778
0 0.3202490646657036 0.6941416386455894 0.08637038206830215 0.10299566081493633
0 0.2709373356546628 0.7565923836149793 0.0489111388775911 0.10155658501698614
0 0.258754261233821 0.7849260538961808 0.06625386768325563 0.09727628064884161
0 0.07286889126033189 0.845047513203076 0.04217493518753434 0.065318070677017
0 0.09225957908744056 0.5497738722837001 0.0629905358828597 0.0904340025672494
0 0.06693282784880845 0.5159126435396424 0.06769901766546989 0.10389250222630618
0 0.07515151515151515 0.47629310344827586 0.05818181818181818 0.034482758620689655
0 0.054772888568518904 0.8784073739082682 0.036122468360235874 0.03131008091888336
0 0.1790532219201975 0.7782076299549254 0.05794786039263079 0.0844432541884261
0 0.1678988933910523 0.7361477841045091 0.04494872076691619 0.075317755211256
0 0.13015650347103253 0.7789232245318913 0.045733622567200295 0.06361501127147919
0 0.10477963427318476 0.7799328431758864 0.060061397790082495 0.07612397320542395
0 0.13560651479937694 0.7197803393317951 0.051669575009452386 0.09439024240892319
0 0.09473219240198112 0.7071617904289185 0.045026397023613864 0.07747292762504934
0 0.08151083932749323 0.6471220638174524 0.05083048563329874 0.08784937299950149
0 0.39121212121212123 0.8776939655172413 0.017575757575757574 0.08081896551724138
0 0.9890909090909091 0.8081896551724138 0.02181818181818182 0.15086206896551724
0 0.9863636363636363 0.9391163793103449 0.02727272727272727 0.11530172413793104
0 0.4992988130805277 0.9257842439860109 0.055041281961587245 0.13771974718891314
0 0.5387878787878788 0.9326508620689655 0.06787878787878789 0.13469827586206898
0 0.5621212121212121 0.9563577586206896 0.07818181818181819 0.08728448275862069
0 0.7015151515151515 0.9698275862068966 0.08666666666666667 0.0603448275862069
0 0.8512121212121212 0.9547413793103449 0.07939393939393939 0.09051724137931035
0 0.4115151515151515 0.9073275862068966 0.02303030303030303 0.10991379310344827
0 0.43218911304495605 0.9212549762399995 0.06365078406478977 0.10875296808449078
0 0.9336363636363636 0.9859913793103449 0.07818181818181819 0.028017241379310345