0 0.07291666666666667 0.5954861111111112 0.07161458333333333 0.028935185185185185
0 0.150390625 0.5538194444444444 0.0546875 0.11226851851851852
0 0.2620442708333333 0.048032407407407406 0.014973958333333334 0.05439814814814815
0 0.20953315631876915 0.06727243527747187 0.03964802419104944 0.0689683368743422
0 0.2649739583333333 0.22800925925925927 0.009114583333333334 0.06712962962962964
0 0.2469426712418786 0.22230462733959688 0.038793642711303956 0.05160722576323109
0 0.20555283013285086 0.1968727517260725 0.04287076900725303 0.05552446820611697
0 0.1659560092485721 0.3920460141161848 0.04577566603838723 0.11455224598389474
0 0.2633463541666667 0.38483796296296297 0.012369791666666666 0.10532407407407407
0 0.06973907447800864 0.5548731567135621 0.08712507536134255 0.0996973724484915
0 0.1924624951894287 0.24659730047304756 0.04527956412978392 0.06500623757570799
0 0.17335873114998046 0.207016053757709 0.043497315425732985 0.06825594968759845
0 0.09136245269818621 0.454904868962171 0.047867203817206626 0.10443225946433714
0 0.07703186298325575 0.38076439668867934 0.062035771167168186 0.063462436309695
0 0.07238942838929356 0.33247239415255153 0.0601641001806712 0.05174002216206633
0 0.07256517448175126 0.21107052802045412 0.04944611270817889 0.083895606278113
0 0.04517272920605686 0.18723330819764114 0.049584525486998356 0.07355310964822356
0 0.006510416666666667 0.07002314814814815 0.013020833333333334 0.056712962962962965
0 0.031135196807330123 0.09931520209042649 0.048876525055015385 0.07232153220403886
0 0.13545281909758866 0.04847455445497314 0.056290313697800874 0.06510972079351432
0 0.06282552083333333 0.028935185185185185 0.027994791666666668 0.05787037037037037
0 0.1271313791235338 0.09644056366296293 0.0600581509189814 0.07589723764406735
0 0.0068359375 0.45891203703703703 0.013671875 0.08217592592592593
0 0.0107421875 0.5167824074074074 0.021484375 0.1284722222222222
0 0.03260579467118 0.47122937372681 0.045198110116280756 0.07650614161300477
0 0.732421875 0.5694444444444444 0.08723958333333333 0.08101851851851852
0 0.6259765625 0.5491898148148148 0.11393229166666667 0.12152777777777778
0 0.5426432291666666 0.5318287037037037 0.09700520833333333 0.15625
0 0.2867838541666667 0.40046296296296297 0.034505208333333336 0.13657407407407407
0 0.3291473055689038 0.3690695215536702 0.09004649937172049 0.11959580848474945
0 0.327293342444367 0.1340709609942182 0.07450295338522366 0.10631582356479805
0 0.389183323005131 0.08933046130183502 0.07167095165729147 0.10138951378805935
0 0.35161429374812864 0.06260749479786318 0.06999465221493055 0.08048201041794872
0 0.3206380208333333 0.02488425925925926 0.07486979166666667 0.04976851851851852
0 0.6195728318020249 0.41654278051215005 0.08488656609340268 0.1857612276362746
0 0.7461107184655665 0.46203342757338683 0.07915763560327911 0.14827917037857377
0 0.6940151375081399 0.46242848035355694 0.06894430874969142 0.16437939086447134
0 0.7404350578269671 0.36643606140710977 0.07145108486496898 0.12323191445524549
0 0.6610051712418786 0.16000449710157102 0.07033640480682853 0.08742645486239316
0 0.7306785819786263 0.20764873648196322 0.08486266128657387 0.106345136745827
0 0.5667345740850885 0.11243531484216095 0.06595795770505397 0.11685151712399026
0 0.8812343278160295 0.4912384290567831 0.07530834436859557 0.14899155756531737
0 0.8251761285346446 0.39795765187373044 0.09689010991998437 0.19288332533530247
0 0.8131327433633485 0.2584754026906233 0.05609494215366517 0.07429481001599635
0 0.4506477351950611 0.4174390305429109 0.08968821980057855 0.1517807057818251
0 0.5075532333492858 0.36349878503753136 0.07072655745374205 0.16112967875258088
0 0.5519177683202156 0.3507137877787372 0.07650447844023904 0.1732971131208732
0 0.5852864583333334 0.018518518518518517 0.057291666666666664 0.037037037037037035
0 0.8966455117029319 0.20584001758200082 0.057860663878471996 0.11017443964562598
0 0.8605782166785492 0.13727961590993368 0.06481878239872667 0.09370336897584212
0 0.9368067552231865 0.19315161878785805 0.05358816603838731 0.11544228642522206
0 0.9856770833333334 0.2482638888888889 0.028645833333333332 0.09375
0 0.9598124899074842 0.2659785717430282 0.06371207060952926 0.08436993967980563
0 0.9957682291666666 0.3715277777777778 0.008463541666666666 0.10648148148148148
0 0.8512369791666666 0.03877314814814815 0.068359375 0.0775462962962963
0 0.9052734375 0.03877314814814815 0.06705729166666667 0.0775462962962963
0 0.8121744791666666 0.009837962962962963 0.061848958333333336 0.019675925925925927
0 0.7102864583333334 0.03125 0.06510416666666667 0.0625
0 0.49679540453207904 0.2632942176694989 0.07634216085459104 0.10422351886031499
0 0.4658203125 0.047453703703703706 0.055338541666666664 0.09490740740740741
0 0.4346260903826001 0.08530018963537363 0.06380149289197516 0.09934206593932463
0 0.7170887514334874 0.10251785933719193 0.04883550282758501 0.12410818539026307
0 0.93710999361873 0.4953022374048138 0.06358959436859557 0.14765649690332655
0 0.9573567708333334 0.041087962962962965 0.051432291666666664 0.08217592592592593
0 0.9967447916666666 0.05092592592592592 0.006510416666666667 0.10185185185185185
0 0.22124069062235666 0.9279964773662561 0.06454195684108788 0.11438836223562092
0 0.2561848958333333 0.9508101851851852 0.026692708333333332 0.09837962962962964
0 0.24934895833333334 0.6215277777777778 0.040364583333333336 0.023148148148148147
0 0.2529296875 0.7337962962962963 0.033203125 0.10416666666666667
0 0.22033023603933213 0.7713678553450101 0.06651160882033169 0.07548153060443259
0 0.078125 0.9681712962962963 0.052083333333333336 0.06365740740740741
0 0.1162109375 0.9600694444444444 0.044921875 0.0798611111111111
0 0.15755208333333334 0.9606481481481481 0.05859375 0.0787037037037037
0 0.043974823810338994 0.8186052585278155 0.04905536961990731 0.10226578472307692
0 0.0900805852578891 0.8543572023433552 0.049820328817206695 0.10465476957466903
0 0.044169604913116674 0.9014935716404852 0.040209643575270015 0.0540703806516005
0 0.08032750310266155 0.8008792949017681 0.03950961141222986 0.07931083350423157
0 0.07162417397131515 0.7555774093488101 0.045059697337461325 0.08684863824289414
0 0.044943713262075184 0.7462077821185896 0.0384598583883487 0.07113481161560242
0 0.16178385416666666 0.6319444444444444 0.055338541666666664 0.04398148148148148
0 0.0537109375 0.6290509259259259 0.06705729166666667 0.03819444444444445
0 0.22547703603151956 0.8496411954185645 0.05168403153476072 0.0899051534254818
0 0.5110677083333334 0.9849537037037037 0.061197916666666664 0.03009259259259259
0 0.431640625 0.9565972222222222 0.0625 0.08680555555555555
0 0.361328125 0.9861111111111112 0.05078125 0.027777777777777776
0 0.5260416666666666 0.9502314814814815 0.059895833333333336 0.09953703703703703
0 0.3264973958333333 0.9681712962962963 0.048828125 0.06365740740740741
0 0.2971482829094902 0.9513871147204793 0.05120386616404312 0.09330320561092685
0 0.2783203125 0.9155092592592593 0.017578125 0.07175925925925926
0 0.34937430837679345 0.9141775350136041 0.04517361486809405 0.08916345305770908
0 0.3158618943020249 0.91726513754563 0.0583898197455632 0.08146176457077256
0 0.30955112853464456 0.8745376619362075 0.05380006456176689 0.06712785546122
0 0.4290864807573876 0.8829766153698927 0.06555924634783938 0.10874966527213849
0 0.44368223884722174 0.8506873477708061 0.06847270208927458 0.10217607101158027
0 0.5003917750159524 0.8980055938230601 0.05312452764691352 0.0797109968691469
0 0.4700520833333333 0.9664351851851852 0.04296875 0.06712962962962964
0 0.4792417747802658 0.783956994421887 0.057714282830709784 0.09404490597869958
0 0.4983504086162227 0.698664152782906 0.06442007104151222 0.08560151712399026
0 0.5628255208333334 0.6585648148148148 0.057942708333333336 0.09722222222222222
0 0.7200520833333334 0.625 0.053385416666666664 0.03009259259259259
0 0.6507351808436533 0.6642332882025641 0.05157011400412811 0.08759033861066699
0 0.6103255911484179 0.6981853839601894 0.046532656966743836 0.09046920053867095
0 0.63671875 0.6238425925925926 0.052083333333333336 0.027777777777777776
0 0.7366536458333334 0.9646990740740741 0.060546875 0.07060185185185185
0 0.7135555366597991 0.8423014862734666 0.048314905670794626 0.08721948842678062
0 0.8828125 0.9646990740740741 0.07552083333333333 0.07060185185185185
0 0.8177083333333334 0.9722222222222222 0.05859375 0.05555555555555555
0 0.8011067708333334 0.9652777777777778 0.061848958333333336 0.06944444444444445
0 0.782407915095968 0.7482892298921315 0.06388294690547831 0.08784216190202786
0 0.8936953130892166 0.766722258199694 0.0593011599906248 0.09998028308929108
0 0.7957536788212766 0.8418831179812174 0.052335073201427385 0.08997932346225897
0 0.9892578125 0.9392361111111112 0.021484375 0.11921296296296297
0 0.9695815086005976 0.9077232189683258 0.05253841301450605 0.10726626453659291
0 0.935546875 0.9554398148148148 0.07682291666666667 0.08912037037037036
0 0.8857734701344134 0.6846800157568083 0.06159603758252293 0.10714723764406742
0 0.9182942708333334 0.6371527777777778 0.047526041666666664 0.05439814814814815
0 0.2757161458333333 0.8177083333333334 0.012369791666666666 0.09375