0 0.25230409541663434 0.2507449788542785 0.08328095593273527 0.2087113940369269
0 0.37007486670789147 0.25384580236912474 0.11004868492624567 0.18748520959650128
0 0.5117832112085438 0.20809622938924266 0.11359544549992112 0.18125079635196237
0 0.614268199026012 0.17141530473094468 0.08917830483128254 0.1961930457215604
0 0.6922846889952153 0.07234042553191489 0.07476076555023924 0.14468085106382977
0 0.7132177033492823 0.17872340425531916 0.03289473684210526 0.1723404255319149
0 0.7099282296650717 0.2776595744680851 0.039473684210526314 0.12340425531914893
0 0.7209928229665071 0.36436170212765956 0.017344497607655503 0.12872340425531914
0 0.6637414846241337 0.37782126541155925 0.07658369940822901 0.1903539176093618
0 0.7072368421052632 0.4803191489361702 0.04485645933014354 0.13297872340425532
0 0.708433014354067 0.5829787234042553 0.042464114832535885 0.07234042553191489
0 0.1902064813653084 0.46602416898522425 0.08468549002707211 0.14921120869125312
0 0.31953575115963634 0.4388673011077773 0.08190384026874238 0.18100229774255333
0 0.49793960979354646 0.35916050391546017 0.11465243050627172 0.16002372243356996
0 0.5076753839477008 0.47042931559501105 0.07444843229101296 0.1381519752954611
0 0.4262973945373659 0.4796478636124107 0.09294734597473639 0.1325365848795274
0 0.3625977426075008 0.482816815755886 0.08044321225927749 0.1405272440013713
0 0.39179240340015864 0.5443571080020562 0.08856588096448861 0.10257602444496473
0 0.4117822966507177 0.5803191489361702 0.10705741626794259 0.07765957446808511
0 0.5448564593301436 0.5632978723404255 0.07655502392344497 0.11170212765957446
0 0.5841640844219071 0.5230986020857674 0.07297430457544957 0.18701386276879448
0 0.6330741626794258 0.5382978723404256 0.0950956937799043 0.16170212765957448
0 0.6552033492822966 0.5702127659574469 0.07834928229665072 0.09787234042553192
0 0.6540071770334929 0.5930851063829787 0.10705741626794259 0.052127659574468084
0 0.07277282011885355 0.5027922015785105 0.09016569621640659 0.1643276739308275
0 0.021232057416267942 0.2521276595744681 0.042464114832535885 0.1276595744680851
0 0.017344497607655503 0.3452127659574468 0.034688995215311005 0.1202127659574468
0 0.018241626794258375 0.425 0.03648325358851675 0.1478723404255319
0 0.007177033492822967 0.4829787234042553 0.014354066985645933 0.125531914893617
0 0.023026315789473683 0.5718085106382979 0.046052631578947366 0.09468085106382979
0 0.08283492822966507 0.6021276595744681 0.07595693779904306 0.03404255319148936
0 0.11094497607655503 0.5792553191489361 0.0651913875598086 0.0797872340425532
0 0.15699760765550239 0.5728723404255319 0.05921052631578947 0.0925531914893617
0 0.215311004784689 0.5941489361702128 0.07416267942583732 0.05
0 0.3283492822966507 0.5670212765957446 0.07057416267942583 0.10425531914893617
0 0.26918843708790097 0.5031688799085102 0.07944886151203073 0.1713287860048702
0 0.2772129186602871 0.574468085106383 0.07117224880382775 0.08936170212765958
0 0.7491028708133971 0.500531914893617 0.038875598086124404 0.09468085106382979
0 0.7954545454545454 0.6037234042553191 0.05382775119617225 0.030851063829787233
0 0.8109046300013244 0.4016482352100936 0.07668767082192213 0.11484676362888906
0 0.8327663001806195 0.3502249274432851 0.05775073634261783 0.14490547823806146
0 0.9101240828838649 0.45284469210775297 0.05989254380381008 0.1067066495502128
0 0.8925366361291365 0.3535998999586514 0.06464939535053461 0.10264941770643041
0 0.8793754712203063 0.3089442545469493 0.07494908734569768 0.12328311918732868
0 0.8956910307791751 0.2370114946039469 0.06841189615001253 0.12939372786614667
0 0.9626196172248804 0.18776595744680852 0.07476076555023924 0.13297872340425532
0 0.9805622009569378 0.29840425531914894 0.038875598086124404 0.1202127659574468
0 0.9519870509290842 0.36017874229229196 0.05388384511130016 0.10220372126983454
0 0.9238456859526423 0.36612973925262304 0.052687672862496336 0.10215419944354621
0 0.913820050725031 0.5276713657157435 0.04295127018112211 0.07622610993962166
0 0.90938995215311 0.5968085106382979 0.05801435406698564 0.04468085106382979
0 0.8699162679425837 0.600531914893617 0.042464114832535885 0.03723404255319149
0 0.9907296650717703 0.3840425531914894 0.01854066985645933 0.09787234042553192
0 0.021830143540669856 0.7760638297872341 0.04366028708133971 0.19680851063829788
0 0.08576369016475185 0.9069201582498578 0.08430314412847259 0.18216517118236414
0 0.1492224880382775 0.675 0.0867224880382775 0.11170212765957446
0 0.18131543167276365 0.787570021601607 0.10081989666167845 0.1477520937716787
0 0.3936951604134856 0.7697373442439236 0.10750323446193939 0.1639819106247756
0 0.47577751196172247 0.6952127659574469 0.1034688995215311 0.15212765957446808
0 0.5670390162301888 0.8237145117414884 0.08111089200490608 0.151190302786856
0 0.5350653473239689 0.9127804171283678 0.056610238990795564 0.15336659470964548
0 0.5000738293653958 0.9147608454409211 0.06505303835364903 0.16435154536600488
0 0.4473684210526316 0.9202127659574468 0.06818181818181818 0.1595744680851064
0 0.36991626794258375 0.9292553191489362 0.09270334928229665 0.14148936170212767
0 0.34210526315789475 0.9686170212765958 0.08373205741626795 0.0627659574468085
0 0.25598086124401914 0.9303191489361702 0.07057416267942583 0.13936170212765958
0 0.21022727272727273 0.9430851063829787 0.060406698564593304 0.11382978723404255
0 0.15370813397129188 0.9845744680851064 0.0645933014354067 0.030851063829787233
0 0.5598086124401914 0.9590425531914893 0.10287081339712918 0.08191489361702127
0 0.6327751196172249 0.9861702127659574 0.08492822966507177 0.027659574468085105
0 0.6534090909090909 0.972872340425532 0.06279904306220095 0.05425531914893617
0 0.6761363636363636 0.948404255319149 0.06279904306220095 0.10319148936170212
0 0.7006578947368421 0.9143617021276595 0.05801435406698564 0.17127659574468085
0 0.7200956937799043 0.9164893617021277 0.019138755980861243 0.1478723404255319
0 0.6919856459330144 0.7675531914893617 0.07535885167464115 0.14148936170212767
0 0.6372607655502392 0.6882978723404255 0.1034688995215311 0.13829787234042554
0 0.7120215311004785 0.6563829787234042 0.035287081339712915 0.07446808510638298
0 0.8489832535885168 0.6436170212765957 0.0687799043062201 0.04893617021276596
0 0.8947368421052632 0.6531914893617021 0.05980861244019139 0.06808510638297872
0 0.9449760765550239 0.6654255319148936 0.06698564593301436 0.0925531914893617
0 0.7601674641148325 0.7515957446808511 0.061004784688995214 0.11170212765957446
0 0.7356459330143541 0.9079787234042553 0.011961722488038277 0.06063829787234042
0 0.8197670042090851 0.877321299489787 0.04658850246239205 0.08382148392912517
0 0.8247607655502392 0.9936170212765958 0.05382775119617225 0.01276595744680851
0 0.9314949085244394 0.7530472990377065 0.07241059624351424 0.10084365000283702
0 0.805921052631579 0.6579787234042553 0.049641148325358854 0.07765957446808511
0 0.9748803827751196 0.9276595744680851 0.050239234449760764 0.07021276595744681
0 0.7389354066985646 0.9691489361702128 0.01854066985645933 0.06170212765957447