0 0.15496688741721854 0.4923529411764706 0.05827814569536424 0.03411764705882353
0 0.3808949015582706 0.43953790550388866 0.07413144981146931 0.10863801794596303
0 0.3167984098383359 0.443359008271593 0.07187439919926371 0.10250886449204472
0 0.44900662251655626 0.029411764705882353 0.052980132450331126 0.058823529411764705
0 0.4393085776206869 0.23232315865890268 0.06654941103889776 0.07260349876067881
0 0.15397350993377484 0.03058823529411765 0.05231788079470199 0.0611764705882353
0 0.17231326074081257 0.14717150067971044 0.0631164923957594 0.08387460361754814
0 0.10966970375056156 0.13188114010411803 0.043640898737196086 0.07560651238653424
0 0.16877844840098963 0.43985754033213337 0.06056206192450474 0.0999338576649393
0 0.1556957566231948 0.35806809958767355 0.04892536987536381 0.09030002730842197
0 0.11607543729860842 0.41623322024462994 0.04722234336226203 0.13921819098882063
0 0.07850952882603758 0.4321400339937498 0.04793865414695478 0.1404769284146366
0 0.05068818823618101 0.44269519812033703 0.04326237553535266 0.12468920974209435
0 0.018211920529801324 0.4194117647058824 0.03642384105960265 0.08588235294117647
0 0.024172185430463577 0.4958823529411765 0.048344370860927154 0.027058823529411764
0 0.22096817102326125 0.3073650743967721 0.0749289039389566 0.08300246551752827
0 0.49072847682119203 0.027058823529411764 0.038410596026490065 0.05411764705882353
0 0.2539116960656965 0.36479840387509005 0.04001871849313589 0.11141896592118347
0 0.7139670766159273 0.40478740671485425 0.07180679796333456 0.11536777412505243
0 0.7927152317880795 0.43941176470588234 0.07019867549668875 0.14
0 0.629165009428234 0.45081734666618145 0.07688857469211324 0.11132002647275599
0 0.5271523178807948 0.43823529411764706 0.03443708609271523 0.14
0 0.6675496688741722 0.04588235294117647 0.051655629139072845 0.09176470588235294
0 0.7365855812532015 0.09257453840560148 0.04896588689756203 0.10551187811790028
0 0.7271523178807947 0.012352941176470587 0.06225165562913907 0.024705882352941175
0 0.9791390728476821 0.14058823529411765 0.041721854304635764 0.07647058823529412
0 0.9937086092715232 0.10235294117647059 0.012582781456953643 0.08941176470588236
0 0.92207671106426 0.1505805267838443 0.06295431500856834 0.08034519185284232
0 0.8151569239473174 0.12836683631210094 0.04931732588567491 0.08449994120482616
0 0.7763476555062827 0.11721482653180902 0.045451934210027294 0.08635928135581313
0 0.8668462990551559 0.1444263644136556 0.05881862768760253 0.07632217906265276
0 0.6916264037661899 0.30994978780011867 0.051236479616633177 0.09760565135057558
0 0.636551398090844 0.314424994142838 0.06261641812732115 0.08732174854467344
0 0.7352742375044158 0.28145559979283996 0.05380445219475315 0.06751101708194149
0 0.8950331125827815 0.4823529411764706 0.06291390728476821 0.05411764705882353
0 0.9506622516556291 0.48764705882352943 0.06158940397350993 0.04352941176470588
0 0.9296043081633748 0.3868742139129238 0.04895234479069664 0.11954725833914313
0 0.9667646092203716 0.449108060012817 0.05556142853852089 0.07708731546298503
0 0.9748344370860927 0.34411764705882353 0.05033112582781457 0.15411764705882353
0 0.9450728098669947 0.2814238988961272 0.047195368446929196 0.1099709599580996
0 0.9897350993377484 0.44823529411764707 0.02052980132450331 0.10352941176470588
0 0.37649006622516556 0.98 0.07086092715231788 0.04
0 0.48741721854304637 0.9382352941176471 0.045033112582781455 0.12352941176470589
0 0.5033112582781457 0.8905882352941177 0.013245033112582781 0.08235294117647059
0 0.4903973509933775 0.8494117647058823 0.0390728476821192 0.09647058823529411
0 0.4336922702151177 0.9326665118194232 0.07679399854085125 0.09493170507504253
0 0.4233329027000023 0.8594126665551961 0.05949431215169941 0.11968705715219745
0 0.35923641098006753 0.8632337693229005 0.0623595552904704 0.124722006855461
0 0.31679152948650513 0.8454342702010998 0.06222435281861241 0.15043982612147627
0 0.35397350993377485 0.5376470588235294 0.06556291390728476 0.05647058823529412
0 0.3899097804970237 0.6973269555737807 0.07326650374645113 0.08981448853419834
0 0.44288297794632525 0.7848097547763124 0.06569789778234687 0.09706258060087829
0 0.3754955411085429 0.7677423208873135 0.06580601604047409 0.09941552177734887
0 0.40524275183359154 0.7918519056948772 0.061224313580133874 0.10001612450251982
0 0.18774834437086094 0.9305882352941176 0.10132450331125828 0.1388235294117647
0 0.022516556291390728 0.9176470588235294 0.045033112582781455 0.14823529411764705
0 0.1418695605485783 0.6985595878666719 0.07552344506025865 0.15326163346132354
0 0.3079053552121724 0.7607571538358954 0.08110540535587359 0.08844874940869497
0 0.34172081596985476 0.7139618034300724 0.043303001855948896 0.08258306907836548
0 0.31702835240905297 0.6838999662748051 0.07114454630770542 0.11528550728747178
0 0.31377803361180145 0.6204116879288896 0.043235400620019904 0.09544197871137304
0 0.35161423772969064 0.6103872271209462 0.057980656537917175 0.08674588068160921
0 0.39124788056434645 0.6539744449152894 0.07238801557456725 0.0850263393436765
0 0.26490066225165565 0.52 0.05695364238410596 0.021176470588235293
0 0.9688741721854305 0.9323529411764706 0.06225165562913907 0.13529411764705881
0 0.9662251655629139 0.8311764705882353 0.06754966887417219 0.1188235294117647
0 0.8931871288588069 0.8819443475302029 0.0639002951179831 0.12959242288356335
0 0.9074729914780613 0.8014878487978796 0.07695617592804224 0.09846111683974841
0 0.912250781241955 0.7387770742833497 0.07972684291555154 0.0871077451452985
0 0.7597570716547988 0.826345075232438 0.06487335944112882 0.15076889347179878
0 0.7354025596244432 0.7601540846232525 0.04042421661031237 0.09158349959634479
0 0.7156363571602635 0.7720749878753432 0.05881851838920473 0.1336401705358598
0 0.6809830345512938 0.7716469810765932 0.06254881689139215 0.10018065817768114
0 0.6565472152305466 0.8196435369327584 0.08130809976526263 0.10719001198287915
0 0.56106120715656 0.9013130604381502 0.060291656980788526 0.15136949619696974
0 0.5304635761589404 0.9770588235294118 0.04105960264900662 0.04588235294117647
0 0.5559602649006623 0.9805882352941176 0.05496688741721854 0.03882352941176471
0 0.5208609271523179 0.8223529411764706 0.02185430463576159 0.13176470588235295
0 0.8723807526783437 0.6248196557198941 0.05688582255138092 0.13456984061135333
0 0.9452554097128818 0.6453466019670715 0.09033630221408522 0.13170662579855213
0 0.929138526355692 0.5627508914034891 0.052615042056955066 0.09894665561397206
0 0.5586092715231789 0.5505882352941176 0.0456953642384106 0.08235294117647059