0 0.3151514589389052 0.2570166960244314 0.08174876982276354 0.13024261987412333
0 0.0994508211425271 0.39205585852928837 0.07129981531425805 0.11282391648508128
0 0.16873770825706663 0.3254832673989433 0.0898063253335809 0.13954279181476245
0 0.008757062146892656 0.4124748490945674 0.01751412429378531 0.12877263581488935
0 0.036151874020940396 0.23700195458540851 0.06090017780276697 0.09842332174795047
0 0.15373042977486226 0.15081051477918134 0.06885305353430654 0.13587494734560338
0 0.2979448528401924 0.06882391596729402 0.06578160979217224 0.12069660194858008
0 0.23373146909623782 0.15184684104946028 0.061294713778882445 0.12256819096324223
0 0.2884180790960452 0.012072434607645875 0.0480225988700565 0.02414486921529175
0 0.33785310734463275 0.022635814889336015 0.06327683615819209 0.04527162977867203
0 0.0763017199768806 0.4974562839385858 0.04474179556936677 0.042617198253924515
0 0.10608810159616998 0.21016779403856434 0.06241861149645844 0.15679098277906547
0 0.1669491525423729 0.04929577464788732 0.07401129943502825 0.09859154929577464
0 0.08107344632768361 0.05885311871227364 0.06271186440677966 0.11770623742454728
0 0.08727529638100459 0.13123530612385081 0.054636171540215786 0.09521204839361408
0 0.23898305084745763 0.015090543259557344 0.08700564971751412 0.030181086519114688
0 0.0381781167903865 0.10155838015184553 0.06382367055385799 0.10454734118923936
0 0.10932203389830508 0.015593561368209255 0.06271186440677966 0.03118712273641851
0 0.02175141242937853 0.13732394366197184 0.04350282485875706 0.13380281690140844
0 0.005932203389830509 0.11820925553319919 0.011864406779661017 0.10362173038229376
0 0.23202181319973747 0.0472190744498627 0.07263307259038947 0.09074380098687672
0 0.20434037109478198 0.08280534532150341 0.06059823003543155 0.11450234079731861
0 0.1960211161357704 0.144463301630674 0.05164087700785667 0.11925155504394673
0 0.19561363941078638 0.24060122187941527 0.05946828653260669 0.11446721994233232
0 0.51498272152035 0.35527740417111353 0.06466810528835219 0.1216675173108975
0 0.39887005649717516 0.27062374245472837 0.05875706214689266 0.11267605633802817
0 0.4375915094330913 0.25451178918155737 0.05509646351235054 0.12338106247812113
0 0.5956399962660353 0.3099921633766836 0.056912497544870266 0.09628832632089071
0 0.6172426085259997 0.35209896679484853 0.05094439326440565 0.111185704878023
0 0.6035967440685702 0.27803861611921554 0.05133458181201419 0.06594919595433738
0 0.6034466193632734 0.2342584802390061 0.07432798784462676 0.09079648226935627
0 0.6217432944665289 0.17782641564387588 0.05781229506162784 0.08223894013362347
0 0.3793785310734463 0.15945674044265593 0.01977401129943503 0.08953722334004025
0 0.481638418079096 0.02062374245472837 0.04011299435028248 0.04124748490945674
0 0.9432203389830508 0.6383299798792756 0.06271186440677966 0.08148893360160966
0 0.8934078921881701 0.613773125516707 0.042804642758564354 0.09685535185086512
0 0.8682367941449317 0.5954310961976341 0.04504809076520925 0.0959195573435341
0 0.8556140196967957 0.51479638925454 0.051778434785144184 0.09311217382154059
0 0.8280657879406206 0.45475653819983797 0.056160651019156106 0.11939203846389235
0 0.7697430347314728 0.3966797666608179 0.07168395807661755 0.10177507852223248
0 0.7377684663511489 0.3252022023133208 0.06641233753960396 0.12473830724528852
0 0.7954994155961236 0.3470616700294032 0.04096177651328391 0.08774834461265117
0 0.7720725498041371 0.33168506807976234 0.042173915011132886 0.09281364655415657
0 0.9277586435664071 0.4501480684213366 0.04388526926437474 0.09387236405393994
0 0.9606113738576056 0.48888555463772654 0.05036902829923732 0.07597443727238931
0 0.9807909604519774 0.5643863179074446 0.0384180790960452 0.09456740442655935
0 0.992090395480226 0.5920523138832998 0.015819209039548022 0.09356136820925554
0 0.7616853776840026 0.05923363767910462 0.03385333551623827 0.06741689513665651
0 0.7991525423728814 0.03470824949698189 0.04689265536723164 0.06941649899396378
0 0.8499248015052484 0.0801448423105555 0.04365512327830746 0.07978785701168642
0 0.921397226309057 0.19921227391400545 0.04533359953353992 0.07883450207686214
0 0.921382111845935 0.2847692534535633 0.040731630527216366 0.07366383757039764
0 0.9246447777908782 0.3460672209991238 0.05776297806461337 0.07922083148171201
0 0.5002116348094617 0.16046636677778198 0.045432233527568866 0.08487071938068508
0 0.07796610169491526 0.9391348088531187 0.07570621468926554 0.12173038229376258
0 0.14491525423728813 0.9582494969818913 0.07514124293785311 0.08350100603621731
0 0.261864406779661 0.6996981891348089 0.05254237288135593 0.04124748490945674
0 0.14180790960451978 0.6886317907444668 0.03954802259887006 0.019114688128772636
0 0.12740112994350283 0.7072434607645876 0.04124293785310734 0.056338028169014086
0 0.096045197740113 0.7082494969818913 0.04180790960451977 0.05835010060362173
0 0.044915254237288135 0.6986921529175051 0.03672316384180791 0.039235412474849095
0 0.021468926553672316 0.6946680080482898 0.04293785310734463 0.03118712273641851
0 0.35084745762711866 0.9869215291750503 0.03728813559322034 0.026156941649899398
0 0.21864406779661016 0.9466800804828974 0.08248587570621468 0.10663983903420524
0 0.2174977868314334 0.879949347259382 0.06612248134276605 0.07244198437298298
0 0.1436785587775848 0.8767077838520706 0.04833928727965501 0.08998870260467003
0 0.10803904433421176 0.8576845862243176 0.06036808404936414 0.10041783375506509
0 0.014971751412429379 0.7344064386317908 0.029943502824858758 0.10462776659959759
0 0.45932203389830506 0.6961770623742455 0.08813559322033898 0.03420523138832998
0 0.593502824858757 0.7193158953722334 0.07288135593220339 0.08048289738430583
0 0.8180790960451978 0.7379275653923542 0.05423728813559322 0.11770623742454728
0 0.7142170850673963 0.8043586934667464 0.07631880508095075 0.10895781546330441
0 0.798806677288715 0.7921672852783834 0.07683445983534871 0.1059572672388862
0 0.8163048379410074 0.9290170973980395 0.08133779484764307 0.10509171444152776
0 0.8836158192090395 0.9788732394366197 0.08700564971751412 0.04225352112676056
0 0.9785310734463277 0.9864185110663984 0.04293785310734463 0.02716297786720322
0 0.9641323425372598 0.9470696407116564 0.0370069742533969 0.08762542162019882
0 0.9392272913707229 0.9277127949615332 0.047872949522271654 0.09600735948099971
0 0.8985000082720135 0.9259590370891304 0.06477278506763007 0.09351606365388372
0 0.8647885779615695 0.9038562693132399 0.06719706206332776 0.10364666753689453
0 0.8577601582452946 0.8542506412591256 0.07115186432321477 0.10376959052934664
0 0.9028039015819967 0.8780142729197602 0.0583279498160258 0.07923839190920504
0 0.9403887883356746 0.8431267307842928 0.05322071926906019 0.11226198280529952
0 0.9188056379673395 0.78491456767552 0.05307276827801703 0.10320765684956511
0 0.9434126134375362 0.7514369515896995 0.0422232320081471 0.09583175520606804
0 0.9675619460073637 0.8629163529330952 0.0521400927632498 0.1152449706022247
0 0.9870056497175141 0.8702213279678068 0.02598870056497175 0.09054325955734406
0 0.9805084745762712 0.9411468812877264 0.03898305084745763 0.08953722334004025
0 0.9940677966101695 0.9265593561368209 0.011864406779661017 0.07243460764587525
0 0.9872881355932204 0.9673038229376257 0.025423728813559324 0.06539235412474849
0 0.9932203389830508 0.8083501006036218 0.013559322033898305 0.09557344064386318
0 0.9757062146892655 0.7987927565392354 0.04858757062146893 0.11066398390342053
0 0.9768361581920904 0.7288732394366197 0.04632768361581921 0.09959758551307847
0 0.9692090395480226 0.7107645875251509 0.05028248587570622 0.06338028169014084
0 0.854777804461804 0.7582180835753435 0.06579200300592813 0.15589030912672075
0 0.8677966101694915 0.7278672032193159 0.0655367231638418 0.09758551307847083
0 0.885593220338983 0.7152917505030181 0.05480225988700565 0.07243460764587525
0 0.9305084745762712 0.7193158953722334 0.06779661016949153 0.08048289738430583