0 0.05610543067042262 0.1400530775934955 0.06612865050266031 0.14443567108519337
0 0.13613365395087657 0.1190247012738354 0.07527747688876218 0.10496303183025377
0 0.18437024084011205 0.1175792106723324 0.062272953905321116 0.14095490439990147
0 0.14196762141967623 0.04379157427937916 0.0896637608966376 0.08758314855875832
0 0.0062266500622665 0.08536585365853659 0.012453300124533 0.1130820399113082
0 0.40987425132497257 0.06229378342308357 0.05848129170097211 0.12197887746888408
0 0.4520547945205479 0.050997782705099776 0.062266500622665005 0.10199556541019955
0 0.4268368617683686 0.010532150776053215 0.060398505603985055 0.02106430155210643
0 0.5003113325031133 0.018292682926829267 0.06537982565379825 0.036585365853658534
0 0.5179507132049566 0.07386636370795652 0.07799178005329777 0.09400557760827805
0 0.725971361866974 0.14927795227336718 0.06157884675177588 0.10439534260206956
0 0.6883561643835616 0.3780487804878049 0.08281444582814446 0.12195121951219512
0 0.6193862104115833 0.3640238126708544 0.07277845463785464 0.13917627844873126
0 0.5927770859277709 0.31097560975609756 0.026151930261519303 0.10975609756097561
0 0.6228813556214761 0.2410026517922882 0.06935427433944419 0.09586161572692789
0 0.6846411939207293 0.2611366169089917 0.0767464500408446 0.09395396949662489
0 0.8610883505201737 0.3855566832266559 0.08403468916259504 0.10643293606193652
0 0.8897882938978829 0.39356984478935697 0.053549190535491904 0.09090909090909091
0 0.9366646165730479 0.22910605510581325 0.05817784418802345 0.13082225301394437
0 0.9766500622665006 0.2860310421286031 0.046699875466998754 0.11086474501108648
0 0.9595267745952677 0.40964523281596454 0.06973848069738481 0.058758314855875834
0 0.9863013698630136 0.39578713968957874 0.0273972602739726 0.08647450110864745
0 0.8179420418355489 0.13328963411564346 0.06691928648152684 0.1145796020996798
0 0.8331448889624407 0.08229138793532807 0.04416835878376011 0.08706892134308952
0 0.8667210121218554 0.09086289394377838 0.05809803981470392 0.12860495811372263
0 0.9011550322944547 0.07559847977484511 0.06295965330453782 0.1254854482100025
0 0.9352428393524284 0.04767184035476718 0.06102117061021171 0.09534368070953436
0 0.924346201743462 0.017738359201773836 0.055417185554171855 0.03547671840354767
0 0.599626400996264 0.14855875831485588 0.039850560398505604 0.1130820399113082
0 0.63564503377745 0.1541281878183291 0.07510209816179378 0.08281588688386311
0 0.5874844333748444 0.22893569844789358 0.015566625155666251 0.08314855875831485
0 0.9900373599003736 0.082039911308204 0.019925280199252802 0.13303769401330376
0 0.9813200498132005 0.11696230598669623 0.037359900373599 0.0787139689578714
0 0.973225404732254 0.18403547671840353 0.053549190535491904 0.09090909090909091
0 0.9707347447073474 0.036585365853658534 0.05105853051058531 0.07317073170731707
0 0.1855541718555417 0.9733924611973392 0.11830635118306351 0.05321507760532151
0 0.3835616438356164 0.967849223946785 0.07970112079701121 0.06430155210643015
0 0.33674778863867294 0.894918920739541 0.0845376476088424 0.10313279776743055
0 0.28483829163339514 0.8256690150922141 0.10235551966945679 0.09722923068573551
0 0.40694000889797194 0.775775708560285 0.0564295557293228 0.1340707831967973
0 0.5083430116722676 0.8086577289276167 0.07758439596069956 0.11723556594895305
0 0.046019266124127295 0.5599245203173192 0.04228459378475061 0.06927895402966254
0 0.021793275217932753 0.9584257206208425 0.043586550435865505 0.08314855875831485
0 0.012764632627646327 0.9090909090909091 0.025529265255292654 0.082039911308204
0 0.05618057669490543 0.8390193696559494 0.05009156133307788 0.09617033744641533
0 0.02760620191447009 0.8728598478905886 0.052542319171324715 0.09516490621961075
0 0.04710271522028593 0.719840232244247 0.04631566910905821 0.09490686566134517
0 0.10256350683828179 0.690420514831707 0.04559742974918262 0.0749512115593496
0 0.1081856480538321 0.8883394252571072 0.07800755003362723 0.11171813275422525
0 0.16154321264618995 0.8828072361336039 0.05669310105561162 0.12411876020162617
0 0.20039944501952975 0.8396847134048528 0.05095363945926306 0.10284802620290716
0 0.22297451675449192 0.7911484371798959 0.06204190301136346 0.09998655685745261
0 0.21771710803938848 0.7299281523686617 0.07012077811198057 0.08260945443725065
0 0.2726062484693103 0.6213820645802408 0.05397139013674744 0.08304719643587102
0 0.3453991553895111 0.7063714420532143 0.04993195258643874 0.091735747645972
0 0.3318804483188045 0.49722838137472286 0.058530510585305104 0.1164079822616408
0 0.36463582724620236 0.5173852944178362 0.04214075501844109 0.08255691937516635
0 0.37453300124533 0.4556541019955654 0.055417185554171855 0.03325942350332594
0 0.4006849315068493 0.44567627494456763 0.055417185554171855 0.013303769401330377
0 0.39377719486587515 0.5023402147234286 0.058912807999900875 0.08214498143237262
0 0.4106475716064757 0.4623059866962306 0.04296388542963885 0.04656319290465632
0 0.44610100648224366 0.4996183503089422 0.056486182367984326 0.06654650496334082
0 0.4959606764592169 0.729467311887385 0.06941830873243439 0.08036635548120241
0 0.5397509189413816 0.7392760221498634 0.061235497052167596 0.11213007069701898
0 0.5597758405977584 0.7067627494456763 0.039850560398505604 0.0787139689578714
0 0.5405275798737382 0.5881391756284295 0.051416695718850644 0.09843924045829033
0 0.5102601115657552 0.5567371806694004 0.04664324882833737 0.06945958242044842
0 0.4357644311940224 0.6140670782286268 0.052861536664602776 0.10403408582049774
0 0.45454545454545453 0.46008869179600886 0.034869240348692404 0.04212860310421286
0 0.5628891656288917 0.4672949002217295 0.033623910336239106 0.0565410199556541
0 0.4982011749589831 0.4858358154491737 0.05439454420967526 0.0775297632411432
0 0.8960179213846919 0.6463289495838133 0.08103270846544015 0.14394632097492022
0 0.977895392278954 0.5814855875831486 0.04420921544209216 0.1319290465631929
0 0.937733499377335 0.47172949002217296 0.074719800747198 0.06541019955654102
0 0.757038782851497 0.551905484133062 0.06386999584338364 0.0989553215748214
0 0.7093176977475102 0.6081258072917465 0.06772569244072285 0.10243608826011343
0 0.703417195697014 0.5043129098466369 0.05643791795532361 0.09975432035501365
0 0.633114585575409 0.7474440080475239 0.07147745245841217 0.12030346774102019
0 0.589975093399751 0.7799334811529933 0.02054794520547945 0.10975609756097561