0 0.3624087591240876 0.1525974025974026 0.07518248175182482 0.15974025974025974
0 0.24952960500185972 0.09819704264629645 0.09759935598912088 0.07262055437059926
0 0.12934888607204809 0.4156090560156372 0.08077165303479057 0.21753612574638867
0 0.2256575435729804 0.4595901197637909 0.09688102642090983 0.22163089346616396
0 0.07173679455900328 0.46857161935033215 0.07550922630708941 0.20926748359706243
0 0.03978102189781022 0.5142857142857142 0.07956204379562044 0.2051948051948052
0 0.026277372262773723 0.6331168831168831 0.052554744525547446 0.17272727272727273
0 0.1516614916529157 0.5687114016662873 0.12812189614501188 0.1428755039437443
0 0.10583941605839416 0.6506493506493507 0.11678832116788321 0.13766233766233765
0 0.18795620437956204 0.674025974025974 0.05328467153284672 0.09090909090909091
0 0.23686131386861314 0.6545454545454545 0.06934306569343066 0.12987012987012986
0 0.28230568115310123 0.5802451581489683 0.07594254972414058 0.23134540567498452
0 0.3385494579723585 0.6431760507929548 0.06044260136832169 0.14693534358877938
0 0.2908759124087591 0.6805194805194805 0.0781021897810219 0.07792207792207792
0 0.3948905109489051 0.6493506493506493 0.010218978102189781 0.14025974025974025
0 0.7570571496932328 0.243722481333544 0.09194763898306463 0.1187612426646936
0 0.5304831738402107 0.24463310554519876 0.08683814993196974 0.11828480830757501
0 0.4391264473030518 0.3787102438211568 0.0596871847482546 0.1455685802390613
0 0.569564409695738 0.47254137764382786 0.056487090978612785 0.13101061774927925
0 0.40802919708029195 0.574025974025974 0.016058394160583942 0.12987012987012986
0 0.43277145574052606 0.48182363413056595 0.04883096632687237 0.11214817905729167
0 0.4411459254312441 0.5558468469918503 0.05942301685761355 0.09498729164072744
0 0.5025351000446238 0.5097181004057464 0.05052022685638017 0.12397261484763723
0 0.5785390481245591 0.6328261337922232 0.0629706934430391 0.0901327967010071
0 0.6018248175182481 0.7025974025974026 0.06496350364963503 0.033766233766233764
0 0.5273722627737226 0.672077922077922 0.05620437956204379 0.09480519480519481
0 0.6966412317172744 0.5621701283408189 0.055384091542762116 0.14905631182906356
0 0.8346715328467154 0.6798701298701298 0.041605839416058395 0.07922077922077922
0 0.8076642335766423 0.6831168831168831 0.032846715328467155 0.07272727272727272
0 0.962043795620438 0.4792207792207792 0.07591240875912408 0.15584415584415584
0 0.9905109489051095 0.5461038961038961 0.01897810218978102 0.12337662337662338
0 0.9514332634468352 0.6254661117051026 0.058667600237546455 0.09362052829100935
0 0.9110370177991802 0.6275328237178183 0.07249450591366141 0.12991058027424904
0 0.9251824817518248 0.6928571428571428 0.0781021897810219 0.053246753246753244
0 0.015328467153284672 0.8025974025974026 0.030656934306569343 0.16623376623376623
0 0.5135036496350365 0.9454545454545454 0.0781021897810219 0.10909090909090909
0 0.4215328467153285 0.9558441558441558 0.043065693430656936 0.08831168831168831
0 0.44416058394160585 0.824025974025974 0.08832116788321168 0.14155844155844155