0 0.35951808752857484 0.27584665180613943 0.08114279236484706 0.1503491957468748
0 0.20817869462026276 0.15443651195343436 0.07774574138856083 0.15836234493116513
0 0.11045130641330166 0.05496828752642706 0.0665083135391924 0.10993657505285412
0 0.027612826603325414 0.2204016913319239 0.05522565320665083 0.13636363636363635
0 0.7529691211401425 0.30761099365750527 0.11282660332541568 0.16279069767441862
0 0.7857236649471835 0.15595957585458758 0.10879049563792781 0.1706627616553328
0 0.8629528532176304 0.26550482659409025 0.1007126041769242 0.21183728366468535
0 0.9691211401425178 0.3118393234672304 0.06175771971496437 0.1543340380549683
0 0.9723871733966746 0.03171247357293869 0.05522565320665083 0.06342494714587738
0 0.6410332541567696 0.22251585623678646 0.02315914489311164 0.19767441860465115
0 0.6437054631828979 0.07188160676532769 0.028503562945368172 0.14376321353065538
0 0.661520190023753 0.040697674418604654 0.06413301662707839 0.08139534883720931
0 0.7600950118764845 0.052854122621564484 0.10926365795724466 0.10570824524312897
0 0.13033116126544994 0.7673887609708382 0.08119745981924993 0.12293897038952104
0 0.5337404626010449 0.7672617430707 0.07875240956762553 0.08889057669414001
0 0.6107482185273159 0.622093023255814 0.037410926365795724 0.12156448202959831
0 0.49413711162880364 0.6119073355230603 0.08916601637144753 0.13658489909487578
0 0.5021320684799399 0.49122625231643946 0.06642160745804826 0.15484373031496362
0 0.4607915312924482 0.530116301595647 0.06248539970813626 0.13537273573604078
0 0.5727434679334917 0.40856236786469347 0.06353919239904988 0.039112050739957716
0 0.5828478644369061 0.45323458253591736 0.04974551253272508 0.12007837733137508
0 0.42624416262926595 0.4642923820634932 0.0572031920528367 0.13787871744059513
0 0.3612892169853176 0.48397739527897166 0.06874788782963719 0.12244376631889341
0 0.46080760095011875 0.4413319238900634 0.05819477434679335 0.10465116279069768
0 0.4495249406175772 0.4069767441860465 0.060570071258907364 0.035940803382663845
0 0.3565914489311164 0.40856236786469347 0.05285035629453682 0.039112050739957716
0 0.3892517814726841 0.40380549682875266 0.054038004750593824 0.02959830866807611
0 0.12945368171021376 0.41120507399577166 0.07600950118764846 0.04439746300211417
0 0.052869163306621496 0.5640218863854605 0.06492290701720711 0.1388396567167744
0 0.027909738717339667 0.5052854122621564 0.055819477434679333 0.13742071881606766
0 0.07749406175771971 0.4550739957716702 0.0671021377672209 0.1321353065539112
0 0.6089667458432304 0.5084566596194503 0.040973871733966744 0.13742071881606766
0 0.6033254156769596 0.4355179704016913 0.052256532066508314 0.09302325581395349
0 0.5961995249406176 0.4175475687103594 0.0665083135391924 0.05708245243128964
0 0.6745843230403801 0.9302325581395349 0.09026128266033254 0.13953488372093023
0 0.8417797109554462 0.8547352802092839 0.1160200703691978 0.17683519478780854
0 0.975356294536817 0.7293868921775899 0.04928741092636579 0.19873150105708245
0 0.9212748738152762 0.7430804715849413 0.1121743527577823 0.19217400273325835
0 0.8614023107793253 0.7452608183146395 0.09237078524298575 0.17916387081556737
0 0.7808156531018875 0.7162755891774947 0.11239491460407008 0.17322043699535514
0 0.8255381679666327 0.5804776994861741 0.09090036454368412 0.19479835238445672
0 0.7453775480966626 0.6505625472541305 0.11271916044528571 0.15955228351960812
0 0.7203841550937383 0.5355695592513837 0.08434756123638502 0.19292816746756603
0 0.7556413301662708 0.47463002114164904 0.08610451306413301 0.17124735729386892
0 0.747624703087886 0.4223044397463002 0.08432304038004751 0.06659619450317125
0 0.8304631828978623 0.4312896405919662 0.10629453681710213 0.08456659619450317
0 0.6603325415676959 0.5496828752642706 0.06175771971496437 0.1733615221987315
0 0.9349762470308789 0.41807610993657507 0.10154394299287411 0.05813953488372093
0 0.9067695961995249 0.46511627906976744 0.0831353919239905 0.1522198731501057
0 0.9569477434679335 0.48150105708245244 0.08610451306413301 0.17019027484143764