0 0.04296875 0.462037037037037 0.0515625 0.07592592592592592
0 0.06895415646417628 0.377962626471413 0.0676141725942267 0.08067972830844054
0 0.01015625 0.31805555555555554 0.0203125 0.11018518518518519
0 0.02890625 0.02824074074074074 0.0421875 0.05648148148148148
0 0.0336651657698012 0.22605967522499132 0.027196085331951992 0.10547694744956225
0 0.060053588846608656 0.2672853941491822 0.03586759746326204 0.07930421022378398
0 0.10681511883039801 0.140052338365679 0.043618733939748466 0.05768564544696041
0 0.16714265088110192 0.351368614158028 0.0780565334984459 0.12209958367525475
0 0.2078418615233917 0.3910938338849768 0.046321369451073714 0.10131734973649116
0 0.24563295995181514 0.39948848649179397 0.04232451020098722 0.10749700249527336
0 0.24757780845003766 0.0853268530542884 0.04036103184431307 0.07223636012941331
0 0.23890059077693143 0.1225989060496047 0.0366295767850976 0.048861840439240654
0 0.19153543920535487 0.13716218317658943 0.03741725034448583 0.059084754214763245
0 0.14432154238978612 0.14753992934173887 0.05068066570150525 0.06928722823245795
0 0.17010777991399037 0.11598614160490094 0.043812799558697435 0.06509305285436781
0 0.0733112600628924 0.11604035066804741 0.03885845933264266 0.0545683103561459
0 0.10241656320604556 0.09166759879659239 0.03319065618948945 0.0763377894943191
0 0.13587689309301823 0.0841415121272364 0.03384419161825842 0.06159843186017916
0 0.18141912799792798 0.06971028506643258 0.0472645672730818 0.05794974557932235
0 0.2713541666666667 0.040740740740740744 0.016666666666666666 0.04814814814814815
0 0.2565104166666667 0.21342592592592594 0.04635416666666667 0.06574074074074074
0 0.2578125 0.30185185185185187 0.04375 0.06111111111111111
0 0.20519201192341613 0.29990899447644187 0.04745863289203077 0.06535715298672969
0 0.1963364092215656 0.2606601085166883 0.06362872442773267 0.06745266521311562
0 0.43385416666666665 0.45601851851851855 0.05520833333333333 0.08796296296296297
0 0.5222083456695311 0.2812489318590454 0.055963209677128374 0.11218164954774992
0 0.5600971563260814 0.14399024966796156 0.0753667451058971 0.09880052116575708
0 0.4363486078008412 0.26056570452736133 0.057124731320454224 0.07714737872391438
0 0.4440076989920574 0.20434989864090092 0.06330195671334841 0.07482234403018571
0 0.4163607214624497 0.1947565755595412 0.04183934615361492 0.08897848397675484
0 0.381180931277673 0.2163224654791358 0.04296663454616383 0.1121643607152403
0 0.4526050004810776 0.1341508823897081 0.05626571918914417 0.1038860448047541
0 0.4738186054577368 0.09736223211518275 0.03462045409405405 0.09122806148980868
0 0.5015019702908974 0.10834444408543126 0.03875145147475981 0.11001068014068917
0 0.5515925795409837 0.09822215363638905 0.07684362338001496 0.07580328737895846
0 0.5556729064641762 0.054789312177459346 0.06806223132045422 0.07793967912100007
0 0.47890625 0.010648148148148148 0.0421875 0.021296296296296296
0 0.6856770833333333 0.44583333333333336 0.043229166666666666 0.10833333333333334
0 0.7256551258597114 0.28877586814484363 0.049399289081520456 0.13943122706080377
0 0.6710667741230221 0.1869743073278611 0.04885419754581832 0.13846757254454053
0 0.841651101873281 0.15513602095757514 0.06830481334414032 0.08719893838025933
0 0.942244030395068 0.29998921930183603 0.04782250592756014 0.07924604187561878
0 0.8948917259422676 0.33496059538952866 0.04021691866528556 0.10642016220799759
0 0.9916666666666667 0.4361111111111111 0.016666666666666666 0.10740740740740741
0 0.9815104166666667 0.16342592592592592 0.03697916666666667 0.09351851851851851
0 0.9903645833333333 0.15231481481481482 0.019270833333333334 0.10092592592592593
0 0.9279003684161132 0.0612221606002142 0.06497433664159923 0.0989718752849344
0 0.7929203493920817 0.08769826075460932 0.06446491439185802 0.07952743084049006
0 0.7646476847240338 0.1936468155833893 0.059801672594226814 0.0801137994533793
0 0.78543964322961 0.22043500559613952 0.05948775199861866 0.10781612005048226
0 0.8219343638664962 0.21918289316140924 0.04535247739151297 0.10401967033359412
0 0.8529382303537898 0.2772364129925303 0.05245007843923067 0.09714046319091064
0 0.8663914418231461 0.3425912234136422 0.04095607581993619 0.11479122413166844
0 0.8334512272519149 0.3301344454949159 0.06018980383212475 0.09492861426819411
0 0.8136210192289194 0.27034383504561443 0.042420106975277844 0.07146134856483707
0 0.7946134746326207 0.3515014725839095 0.05998289109439933 0.06718856508075365
0 0.7713978499429585 0.2919560979718011 0.054884437689316695 0.09084762466111611
0 0.7963541666666667 0.034722222222222224 0.06354166666666666 0.06944444444444445
0 0.9059895833333333 0.014351851851851852 0.04635416666666667 0.028703703703703703
0 0.3770833333333333 0.017592592592592594 0.03854166666666667 0.03518518518518519
0 0.39479166666666665 0.43287037037037035 0.04479166666666667 0.13425925925925927
0 0.39053027563906006 0.3441293274309963 0.06606451971300302 0.10089918431746128
0 0.3619791666666667 0.4444444444444444 0.05416666666666667 0.1111111111111111
0 0.31941513950705935 0.4281338980771071 0.05340755941519901 0.11384485844791462
0 0.3454425230197658 0.3659490976040388 0.054326499034838584 0.06955132836481981
0 0.3497347502048878 0.3206455399980884 0.05759704824905031 0.07533325546240004
0 0.34959347049728834 0.26545862592965236 0.04759277102265021 0.09031942439639216
0 0.3264099636045668 0.25693349871931354 0.054569081058524795 0.07881058762407907
0 0.30831278101574355 0.22345631997822601 0.05552656203449331 0.09551498288108304
0 0.31428241425226017 0.34176733124988873 0.03776971229642274 0.09238035895775906
0 0.2989583333333333 0.3962962962962963 0.03854166666666667 0.14444444444444443
0 0.28489583333333335 0.37777777777777777 0.010416666666666666 0.10925925925925926
0 0.2921875 0.10555555555555556 0.025 0.06851851851851852
0 0.3240133890942777 0.13558060953751105 0.04814927364194451 0.07187636305854868
0 0.32935941204725067 0.09066455771384893 0.05309076674922301 0.06206846377673759
0 0.6598958333333333 0.006944444444444444 0.0375 0.013888888888888888
0 0.07942708333333333 0.9712962962962963 0.07135416666666666 0.05740740740740741
0 0.22475254624892863 0.8197251488198407 0.05396406203449331 0.09540179711007092
0 0.26015625 0.7777777777777778 0.0390625 0.0962962962962963
0 0.21640625 0.5231481481481481 0.0484375 0.046296296296296294
0 0.09895833333333333 0.5226851851851851 0.04791666666666667 0.04537037037037037
0 0.007552083333333333 0.5407407407407407 0.015104166666666667 0.07037037037037037
0 0.06344327501988758 0.5980978983700206 0.040906123380015084 0.07320001464567659
0 0.15837977288317392 0.5768417144864214 0.039403550868344676 0.05553196487240929
0 0.08828132719787932 0.6398997660281867 0.014172379928250756 0.025055017422846926
0 0.06339910531964185 0.8852190370039872 0.0466238789630894 0.09302174499349533
0 0.15183587958226188 0.825007151467079 0.053164977391512734 0.10458559918865536
0 0.11430232575013725 0.7368130905741139 0.05464185566563072 0.08158836540185696
0 0.03442431162020852 0.6656016629777061 0.03923517948694825 0.08878984102506769
0 0.008333333333333333 0.6268518518518519 0.016666666666666666 0.09074074074074075
0 0.100566554865582 0.5610844520161299 0.04443066570150525 0.06883448514840892
0 0.26614583333333336 0.6527777777777778 0.027083333333333334 0.09259259259259259
0 0.08231460463067032 0.7706714732468528 0.06626999641554435 0.08889987587076155
0 0.6640625 0.9791666666666666 0.08020833333333334 0.041666666666666664
0 0.59921875 0.9796296296296296 0.09010416666666667 0.040740740740740744
0 0.5694065232959555 0.9304967438746569 0.0824657821887989 0.1316606716572134
0 0.6092424137013837 0.8775161852380008 0.06836761290283798 0.14912278964628403
0 0.4810032642665206 0.9123169743094744 0.07922092721213972 0.16654402811969932
0 0.4005208333333333 0.9611111111111111 0.090625 0.07777777777777778
0 0.43125 0.962037037037037 0.075 0.07592592592592592
0 0.43682088613049763 0.8491881507182703 0.06539957320064195 0.1350452578057082
0 0.3393901015287953 0.8947447802179681 0.0666937969394032 0.08523390075739515
0 0.31276041666666665 0.8490740740740741 0.06614583333333333 0.06481481481481481
0 0.2986979166666667 0.8273148148148148 0.03802083333333333 0.0787037037037037
0 0.29296875 0.9046296296296297 0.0265625 0.12222222222222222
0 0.48280902570885914 0.7721060092961168 0.07877143245072821 0.12954471967299958
0 0.5693772389704431 0.789954865964517 0.08217468376037544 0.12054956054610229
0 0.6182207048513215 0.7919827983235241 0.05329911552213223 0.12954787059831796
0 0.6501413569054788 0.7456055513556166 0.06944494885546557 0.13071745689877784
0 0.5390333314713066 0.7272151236182601 0.05776829170081458 0.12155409457802141
0 0.3844635323951897 0.6433244645893785 0.0639440810585248 0.07948970225015264
0 0.3671896926517156 0.601438495334283 0.06327769851097974 0.07389641810425969
0 0.347905294182014 0.5624812182183148 0.05553797311808566 0.07610826702697622
0 0.29921875 0.6939814814814815 0.0390625 0.08425925925925926
0 0.30026041666666664 0.6185185185185185 0.04114583333333333 0.06851851851851852
0 0.3274993514604994 0.6599746095264946 0.056288541356328874 0.06507261309653993
0 0.3427098465663966 0.7525687775817462 0.07160105679590482 0.13364614903790537
0 0.5715611180033316 0.5546289862968962 0.053854182106242376 0.0713654516263343
0 0.57109375 0.5078703703703704 0.06197916666666667 0.01574074074074074
0 0.8747596878259087 0.893998209494741 0.053795690653097 0.12865967326272942
0 0.9218109188018773 0.9072881673262089 0.05423233829573206 0.1453263399293961
0 0.8161637837731327 0.838407267914466 0.06128142293871264 0.13659528093486079
0 0.7752776490888742 0.8214238262582084 0.07048661552213199 0.13079291407945276
0 0.8597725040655333 0.7800511522576868 0.06458764143888515 0.12389641810425968
0 0.7059261815538629 0.7735696295194636 0.06260134091502631 0.12744920744661364
0 0.7656985698225772 0.7047658040077965 0.06367867686765388 0.10904387469910747
0 0.8541367801203812 0.684444190466378 0.05917239536782664 0.09577908301344512
0 0.9204388557339267 0.6457809060165549 0.048199226081865734 0.11346757254454053
0 0.8911687326983972 0.6339859538913926 0.03961046360606986 0.08327201405984966
0 0.6805894001921305 0.6728960083843264 0.06915241439185801 0.07986698815352684
0 0.62734375 0.5333333333333333 0.06302083333333333 0.06666666666666667
0 0.4653075665143113 0.6319021132363547 0.05938928315396019 0.06437305871263846
0 0.4479166666666667 0.5282407407407408 0.04895833333333333 0.05648148148148148
0 0.9572916666666667 0.9495370370370371 0.058333333333333334 0.10092592592592593
0 0.40338541666666666 0.5111111111111111 0.0390625 0.022222222222222223
0 0.8495676990618564 0.6096328334180651 0.061909264129928705 0.08119063974065481
0 0.5192352026463121 0.5491425860713786 0.05674944720133261 0.08266520568913252
0 0.8359104855240825 0.7655452351191668 0.06709333926089348 0.08064199971810303
0 0.5493686459187032 0.6536433165601457 0.060311094843967794 0.09955824389782375
0 0.5730836792107584 0.6227034061476204 0.04941070016511257 0.12002451120669677
0 0.5801855497650884 0.5651364399626086 0.06825629693940319 0.08534708652840753
0 0.5035353125853699 0.6569634325098384 0.05252285304633635 0.09991824096868832