0 0.01568758344459279 0.15855106888361045 0.03137516688918558 0.09382422802850356
0 0.030707610146862484 0.26365795724465557 0.06141522029372497 0.12589073634204276
0 0.08688445406146143 0.2321852731591449 0.047011173374773334 0.0997624703087886
0 0.024365821094793058 0.07007125890736342 0.048731642189586116 0.1021377672209026
0 0.08110814419225634 0.010688836104513063 0.0527369826435247 0.021377672209026127
0 0.21592236833585754 0.10688836104513064 0.07514262368972893 0.1330166270783848
0 0.26474298122098455 0.11757719714964371 0.059190399853669466 0.10688836104513064
0 0.326302709763522 0.15498812351543942 0.05379554420939138 0.10451306413301663
0 0.3896661985785228 0.15736342042755344 0.08736378729547344 0.11282660332541568
0 0.43724966622162886 0.20546318289786222 0.04539385847797063 0.12114014251781473
0 0.4395861148197597 0.3087885985748218 0.04072096128170895 0.08076009501187649
0 0.4102969988487342 0.27672209026128264 0.06702313937046483 0.12826603325415678
0 0.3795060080106809 0.29631828978622327 0.07409879839786382 0.10570071258907364
0 0.10475829861748231 0.04928741092636579 0.07077120756993753 0.08788598574821853
0 0.08589217598408791 0.11520190023752969 0.06395963588247283 0.08194774346793349
0 0.14798118530955867 0.1003562945368171 0.06131433807087107 0.14133016627078385
0 0.13317757009345793 0.32363420427553447 0.05540720961281709 0.0510688836104513
0 0.25333778371161547 0.32244655581947745 0.0514018691588785 0.05344418052256532
0 0.2695042960612548 0.28859857482185275 0.05440869924602086 0.1021377672209026
0 0.30895701014285637 0.25653206650831356 0.05774648295763635 0.1021377672209026
0 0.9599472377456868 0.27850356294536815 0.054532238931409356 0.07838479809976247
0 0.9579439252336449 0.3176959619952494 0.06008010680907877 0.06294536817102138
0 0.8579878617137566 0.27078384798099764 0.06177902426442174 0.10332541567695962
0 0.6460686216257083 0.167458432304038 0.05611216009167604 0.08907363420427554
0 0.628722339208997 0.07957244655581948 0.06311413774906793 0.10332541567695962
0 0.6678288103405917 0.07719714964370546 0.052529568704439984 0.07838479809976247
0 0.6468624833110814 0.032660332541567694 0.056074766355140186 0.06532066508313539
0 0.8658210947930574 0.3414489311163896 0.04005340453938585 0.015439429928741092
0 0.8374499332443258 0.3414489311163896 0.036715620827770364 0.015439429928741092
0 0.6959279038718291 0.30997624703087884 0.062082777036048066 0.07838479809976247
0 0.6626782093204017 0.22921615201900236 0.038810086496968974 0.09144893111638955
0 0.7045268701476722 0.1508313539192399 0.06968090176091199 0.09857482185273159
0 0.6882510013351135 0.03622327790973872 0.06141522029372497 0.07244655581947744
0 0.5180524282321753 0.1169833729216152 0.04088189470363322 0.06532066508313539
0 0.5251348726005293 0.07007125890736342 0.0601991031041549 0.09263657957244656
0 0.47563417890520693 0.17220902612826602 0.03137516688918558 0.0831353919239905
0 0.4759679572763685 0.033847980997624705 0.03204272363150868 0.06769596199524941
0 0.31488507741982097 0.5356294536817102 0.05324925545730028 0.13895486935866982
0 0.2642125348459598 0.5475059382422803 0.06270385326121072 0.14370546318289787
0 0.21528704939919893 0.39548693586698336 0.07409879839786382 0.09263657957244656
0 0.18891855807743657 0.3646080760095012 0.0534045393858478 0.030878859857482184
0 0.15853511621409222 0.39608076009501186 0.06737902215262859 0.0855106888361045
0 0.12693724606028817 0.4495249406175772 0.06015716597730675 0.11995249406175772
0 0.0769175239547486 0.4328978622327791 0.05139732576856629 0.1163895486935867
0 0.03109581996823092 0.4661520190023753 0.059680015204910765 0.12826603325415678
0 0.05440587449933244 0.407957244655582 0.056742323097463285 0.11757719714964371
0 0.025033377837116153 0.3657957244655582 0.050066755674232306 0.0332541567695962
0 0.021361815754339118 0.5647268408551069 0.042723631508678236 0.060570071258907364
0 0.14901082737895466 0.5350356294536817 0.037801383246483695 0.10570071258907364
0 0.1652248668597923 0.584916864608076 0.050798907005938074 0.09026128266033254
0 0.20882856549172296 0.6193586698337292 0.07720196731754786 0.07719714964370546
0 0.2248895927391693 0.588479809976247 0.0693816923795978 0.0855106888361045
0 0.3231910368592592 0.9453681710213777 0.05210681963773746 0.08907363420427554
0 0.4015353805073431 0.9584323040380047 0.048731642189586116 0.0831353919239905
0 0.44058744993324434 0.9887173396674585 0.03871829105473965 0.022565320665083134
0 0.25801068090787715 0.9685273159144893 0.04205607476635514 0.06294536817102138
0 0.1913797416975607 0.8711401425178147 0.0381844668814941 0.06413301662707839
0 0.06495820573829587 0.838479809976247 0.04627675034791146 0.06769596199524941
0 0.07131755581105519 0.7648456057007126 0.050390894213237045 0.07244655581947744
0 0.036214153438242955 0.7090261282660333 0.04579959957551555 0.07600950118764846
0 0.009679572763684913 0.6460807600950119 0.019359145527369826 0.0498812351543943
0 0.009012016021361816 0.6912114014251781 0.018024032042723633 0.05463182897862233
0 0.006008010680907877 0.8788598574821853 0.012016021361815754 0.07363420427553444
0 0.014686248331108143 0.8153206650831354 0.029372496662216287 0.07719714964370546
0 0.038840754381576796 0.8129453681710214 0.03468347805279819 0.057007125890736345
0 0.009679572763684913 0.7470308788598575 0.019359145527369826 0.0498812351543943
0 0.8057409879839786 0.4192399049881235 0.08277703604806408 0.14014251781472684
0 0.6669124853283814 0.8782660332541568 0.06763629440709447 0.12589073634204276
0 0.86340875261879 0.6057007125890737 0.085210376530269 0.13539192399049882
0 0.5534045393858478 0.39370546318289784 0.06408544726301736 0.08907363420427554
0 0.6804256596998323 0.49228028503562943 0.07448980322140725 0.10451306413301663
0 0.5888593108950249 0.43883610451306415 0.07571611329466651 0.0997624703087886
0 0.6105334131500826 0.9352731591448931 0.06209296991973727 0.08788598574821853
0 0.5872856517686941 0.7844418052256532 0.06751502641686224 0.09144893111638955
0 0.5964693768917152 0.8206650831353919 0.059096332716283964 0.07363420427553444
0 0.4803070761014686 0.9370546318289786 0.04072096128170895 0.10926365795724466
0 0.6344146855909655 0.5629453681710214 0.07014331625930648 0.1187648456057007
0 0.5794290891972729 0.5445368171021377 0.0785495453810393 0.10688836104513064
0 0.8843087366707804 0.8153206650831354 0.056220963503062965 0.09382422802850356
0 0.9571398409200693 0.6229216152019003 0.06670919371514931 0.14370546318289787
0 0.9523360656459318 0.9346793349168646 0.04951819522698534 0.09263657957244656
0 0.9732977303070761 0.9804038004750594 0.0534045393858478 0.039192399049881234
0 0.5250333778371161 0.9578384798099763 0.06074766355140187 0.08432304038004751
0 0.9065302040364801 0.6757719714964371 0.07180483997811343 0.1330166270783848
0 0.9933244325767691 0.9441805225653207 0.01335113484646195 0.07838479809976247