0 0.2175392670157068 0.5796089385474861 0.0549738219895288 0.09962756052141528
0 0.36047120418848166 0.601024208566108 0.04659685863874346 0.056797020484171325
0 0.4387434554973822 0.6066108007448789 0.041884816753926704 0.04562383612662942
0 0.42387634015575265 0.5572464992994285 0.042484419696727435 0.08411921787660398
0 0.3363987501783459 0.5661792103696814 0.044518419289610894 0.10185885027398284
0 0.2542069762662003 0.533342499204763 0.03673672822054802 0.06440362136889254
0 0.14305158148246933 0.42599010011548244 0.06328051682170867 0.0791827212258859
0 0.19299851920509187 0.3795499893504213 0.04394608866285944 0.09998040049285759
0 0.21832449092675785 0.3728813144123901 0.06286741182811775 0.10335878255749077
0 0.23773351826529107 0.3520511303690156 0.05111670596163561 0.07415342281494636
0 0.3170836935912642 0.5133957140338672 0.03985514782212175 0.10357477617309456
0 0.2970492733486021 0.4880796292436768 0.04529730241315781 0.09164926938930514
0 0.28500883208554084 0.4476360755907852 0.054952323888250706 0.08078488040758848
0 0.2677385241419816 0.4168146605628304 0.033863604259304764 0.07454819270076467
0 0.36610327160781814 0.5223722280964859 0.05170195096956572 0.09649979153003016
0 0.4156650596287171 0.5206492333438942 0.047232317617693614 0.0656597678293808
0 0.23949069684277324 0.24494227549950304 0.052017515128501425 0.0685993354125781
0 0.2099648114192574 0.06184794891402979 0.0423137232360814 0.07760152700137125
0 0.1793881578916333 0.14895914676680103 0.04004878593773879 0.07101882657333326
0 0.14858201021224268 0.18481115914956783 0.04842574928852413 0.07127886478455434
0 0.09610911566444025 0.04759729327683109 0.03735782926462708 0.06814426854294113
0 0.059947643979057594 0.011638733705772812 0.049738219895287955 0.023277467411545624
0 0.02225130890052356 0.028398510242085662 0.04450261780104712 0.056797020484171325
0 0.012565445026178011 0.04003724394785847 0.025130890052356022 0.0633147113594041
0 0.017539267015706805 0.0782122905027933 0.03507853403141361 0.055865921787709494
0 0.3414809396552255 0.2620860978397885 0.0378326190567238 0.06629832353821877
0 0.3932201902146331 0.1472102328847831 0.037821148229238294 0.08583514377571591
0 0.4220274725604432 0.16767343924975536 0.032317308839696204 0.07543053423262251
0 0.3740004703306389 0.3208706222535074 0.04547946970128959 0.07863014002704098
0 0.4158271723692634 0.4144227200062397 0.03437425008755067 0.054096526155007096
0 0.410415177201662 0.2409295670885151 0.02913864799330983 0.05393400227299398
0 0.38639237058981346 0.2378542104900998 0.03858711697160702 0.055157643957079554
0 0.3841934099500267 0.2717986819404531 0.0369676659260074 0.05324668939955193
0 0.4257074349371009 0.2572458165744057 0.028943566323999637 0.046485212701299385
0 0.4505235602094241 0.40782122905027934 0.01832460732984293 0.0633147113594041
0 0.428698876057431 0.3631042948930374 0.03799040113619165 0.05234809547949258
0 0.430514130549187 0.3338071907308925 0.0356279230031943 0.042041000265607344
0 0.3717032470793507 0.37857436285183854 0.03663918738589328 0.06067922658304524
0 0.36782888600920105 0.4464795581407465 0.03739368530077627 0.04953854700190592
0 0.36520964140838796 0.48646804492400103 0.03426523842541019 0.06990895160665693
0 0.39187824316025255 0.38851919295630827 0.043700793022529195 0.05066467435678365
0 0.4061076177893078 0.33537920142068567 0.035214818009603376 0.06621706159721222
0 0.3635737835004631 0.09876530846135212 0.03596931592448661 0.055076382016073
0 0.2944165089928492 0.058412441887440436 0.028395620905912106 0.04553786161663621
0 0.008900523560209424 0.21089385474860337 0.01780104712041885 0.07728119180633147
0 0.8832460732984293 0.6052141527001862 0.04502617801047121 0.048417132216014895
0 0.862565445026178 0.5935754189944135 0.04450261780104712 0.07169459962756052
0 0.824869109947644 0.5791433891992551 0.04869109947643979 0.1005586592178771
0 0.8488724285846401 0.5259888676777831 0.04300797990615152 0.08413547026480538
0 0.9267015706806283 0.6080074487895717 0.03769633507853403 0.04283054003724395
0 0.9691099476439791 0.6094040968342644 0.061780104712041886 0.04003724394785847
0 0.9365171449394895 0.44064918013895576 0.03785700426538748 0.06722942223468059
0 0.9586386270524123 0.4963153606992628 0.030928795499555725 0.062362647705754386
0 0.9211560622391376 0.30691698056966726 0.040426034895180527 0.0654484867827636
0 0.8627576007870741 0.22589644053315966 0.03653017572375279 0.07649165203469487
0 0.7885146055204055 0.24968374349180533 0.04538192886663461 0.07490574524119367
0 0.783512789437981 0.35063481631100735 0.032024686335731266 0.06425734987508061
0 0.8477643839451608 0.3582204522385407 0.03131895883817564 0.07726022684914358
0 0.6630890052356021 0.5847299813780261 0.0612565445026178 0.0893854748603352
0 0.730784494373999 0.5432899271969779 0.08359035332710722 0.09562898981738721
0 0.62703996009145 0.5531154622776826 0.0648153414138315 0.09783719993152498
0 0.6851695012723944 0.4943493049334066 0.07308329310247635 0.11390966359439587
0 0.6695014381332067 0.4323604621562826 0.06893066746323287 0.09517392294775014
0 0.6651386899139643 0.3688588483325633 0.06868681537659554 0.0858629359831319
0 0.6024505970676212 0.39160705578694527 0.051422242846778966 0.10579452610644723
0 0.5450597911140246 0.39215516602005523 0.05861868890791197 0.12090338629645352
0 0.47591623036649217 0.4757914338919926 0.032460732984293195 0.11359404096834265
0 0.474869109947644 0.313780260707635 0.030366492146596858 0.08007448789571694
0 0.5820605035708523 0.09976921037385438 0.0386731869787765 0.07841885898042389
0 0.6504467956992009 0.0795275259308415 0.046781913034260825 0.06843681153056488
0 0.5539267015706806 0.008845437616387336 0.041884816753926704 0.017690875232774673
0 0.7856995962744643 0.14709223680489072 0.041035665111773846 0.08872595419430923
0 0.7103090914479354 0.084647269817509 0.03210931278920806 0.047513825726969106
0 0.6927533399678467 0.03471395292978476 0.03953669655580045 0.05146575394763489
0 0.4725130890052356 0.14711359404096835 0.025654450261780103 0.07262569832402235
0 0.5141784000801602 0.15077778277061074 0.03851396134561573 0.05236434786769408
0 0.5663450747670014 0.16963647366938717 0.05187120387651908 0.06301274323380715
0 0.6116029122597783 0.16218874143831333 0.05406298554887039 0.06680214757245971
0 0.5373685395142379 0.11562120945538659 0.05072654262301593 0.059255843671557215
0 0.5083059342543049 0.08489966504113294 0.034045771547436425 0.06152906333850046
0 0.4698952879581152 0.07029795158286778 0.020418848167539267 0.07355679702048418
0 0.4907365466161916 0.07550164622590073 0.03750414051660967 0.07373086072171207
0 0.9750504778568727 0.35984203583030694 0.030027986332690146 0.06791673510812275
0 0.9887434554973822 0.3854748603351955 0.022513089005235604 0.0521415270018622
0 0.9573627730596725 0.254925138686731 0.022345279651974925 0.07419064016033565
0 0.9200939009096003 0.21742586518602347 0.03998854469292568 0.08869344941790655
0 0.7398529436905542 0.10699705215770688 0.038684657806262006 0.05888203874292686
0 0.7668650648932219 0.1059718527571512 0.031780834249093934 0.054946362910462364
0 0.7307351185829103 0.054996026740049185 0.03407015675610023 0.06246016203496228
0 0.287434554973822 0.9720670391061452 0.08586387434554973 0.055865921787709494
0 0.2180628272251309 0.9720670391061452 0.059162303664921465 0.055865921787709494
0 0.009947643979057591 0.8910614525139665 0.019895287958115182 0.10800744878957169
0 0.40915857837760455 0.7661187138673435 0.05839922202993833 0.11252349802829709
0 0.17958115183246073 0.6438547486033519 0.05130890052356021 0.028864059590316574
0 0.14267015706806283 0.6415270018621974 0.059162303664921465 0.024208566108007448
0 0.03900523560209424 0.6480446927374302 0.06439790575916231 0.037243947858473
0 0.017277486910994764 0.728584729981378 0.03455497382198953 0.10707635009310987
0 0.030104712041884817 0.6736499068901304 0.060209424083769635 0.08100558659217877
0 0.9887434554973822 0.7388268156424581 0.022513089005235604 0.056797020484171325
0 0.9769633507853404 0.8105214152700186 0.04607329842931937 0.07355679702048418
0 0.9559226409958473 0.8235555890042255 0.04437066448393575 0.05626751892375589
0 0.9238771783356841 0.786684388733762 0.04985011866481392 0.06574102977038736
0 0.9153101469524851 0.8236926769633158 0.04818189720188681 0.06196787781993608
0 0.9452879581151833 0.9809124767225326 0.04764397905759162 0.038175046554934824
0 0.7596858638743456 0.6578212290502793 0.032460732984293195 0.056797020484171325
0 0.7324607329842932 0.6415270018621974 0.02617801047120419 0.024208566108007448
0 0.9018324607329843 0.6452513966480447 0.041361256544502616 0.03165735567970205
0 0.8372545142152011 0.7229588967035901 0.03723590322130842 0.06348877506063202
0 0.8796126772075317 0.7662072862650817 0.053539425339446306 0.06678589518425843
0 0.8625532136208178 0.7973608179105429 0.04720793240902981 0.06472866913291893
0 0.7871677224311853 0.7647353877922416 0.032962795092439184 0.08010228010313299
0 0.8166757186376548 0.7684469438150016 0.03050277612478662 0.06607079010340033
0 0.757070189356736 0.7335157892533544 0.033291273632553194 0.07266974291963972
0 0.7242766859722787 0.6751886879937656 0.04292190989898216 0.06087425524146106
0 0.6952879581151833 0.6643389199255121 0.050261780104712044 0.06983240223463687
0 0.6518295736255987 0.7004295223558087 0.04547946970128959 0.07863014002704104
0 0.7048525401209997 0.9466875762378876 0.05089868263735488 0.10577827371824583
0 0.7340377932010979 0.9527187528077015 0.038917039065413946 0.08772984594504214
0 0.7638950830731417 0.8930749665005542 0.05921396118963443 0.0837081956025845
0 0.6633507853403141 0.9748603351955307 0.06387434554973823 0.05027932960893855
0 0.7528795811518325 0.9892923649906891 0.05340314136125655 0.021415270018621976
0 0.6676926796330681 0.9250332329652324 0.04966795137668226 0.07876015913265151
0 0.6266900222510862 0.940067900067712 0.047573710538985924 0.07869514957984634
0 0.6133507853403142 0.9781191806331471 0.060209424083769635 0.043761638733705775
0 0.6269633507853403 0.6527001862197392 0.025654450261780103 0.04655493482309125