0 0.5448638613861386 0.34835164835164834 0.05012376237623763 0.10329670329670329
0 0.5176361386138614 0.3851648351648352 0.08477722772277228 0.02967032967032967
0 0.44771039603960394 0.35824175824175825 0.07487623762376237 0.08351648351648351
0 0.4179307368239122 0.2738274724020485 0.06798073015497068 0.10022248530789184
0 0.5597153465346535 0.24835164835164836 0.02042079207920792 0.10989010989010989
0 0.5563118811881188 0.03791208791208791 0.027227722772277228 0.07582417582417582
0 0.014542079207920793 0.34945054945054943 0.029084158415841586 0.1010989010989011
0 0.23948019801980197 0.38571428571428573 0.055693069306930694 0.02857142857142857
0 0.2790841584158416 0.360989010989011 0.06064356435643564 0.07802197802197802
0 0.3186881188118812 0.36153846153846153 0.07673267326732673 0.07692307692307693
0 0.3338490099009901 0.33681318681318684 0.07611386138613861 0.12637362637362637
0 0.28940103961356267 0.22836597805656345 0.07563373093572377 0.13285904368089738
0 0.3343344459732327 0.1886016238892083 0.062335602402730735 0.12465194142725602
0 0.38099162707102824 0.17964492181632763 0.06988767896987541 0.1015519143582551
0 0.42842558860565716 0.1139679971782703 0.05559194083517746 0.05825681959026577
0 0.4056311881188119 0.056593406593406594 0.04764851485148515 0.11318681318681319
0 0.4430693069306931 0.0543956043956044 0.050742574257425746 0.1087912087912088
0 0.4828936879753148 0.1076201798848334 0.05415216225836724 0.10724631313789101
0 0.5457920792079208 0.12912087912087913 0.04826732673267327 0.08681318681318681
0 0.16019563937359693 0.21505311685195502 0.0748885850616484 0.15680433990525952
0 0.07824082233333597 0.27261912054180926 0.050565522835053375 0.13630190160432162
0 0.03558066187759301 0.2815258492934073 0.057763905073742725 0.1590483500872174
0 0.014542079207920793 0.23736263736263735 0.029084158415841586 0.08351648351648351
0 0.004022277227722772 0.16538461538461538 0.008044554455445545 0.11098901098901098
0 0.051802687016603864 0.11909967595255586 0.06132533897592261 0.10267391944923404
0 0.06992574257425743 0.025824175824175823 0.04950495049504951 0.051648351648351645
0 0.038985148514851485 0.014835164835164835 0.050742574257425746 0.02967032967032967
0 0.10334158415841584 0.035164835164835165 0.0594059405940594 0.07032967032967033
0 0.18626237623762376 0.02967032967032967 0.054455445544554455 0.05934065934065934
0 0.21472772277227722 0.01868131868131868 0.04702970297029703 0.03736263736263736
0 0.2416460396039604 0.03626373626373627 0.0426980198019802 0.07252747252747253
0 0.20513613861386137 0.04285714285714286 0.058787128712871284 0.08571428571428572
0 0.2688737623762376 0.0478021978021978 0.05136138613861386 0.0956043956043956
0 0.3097153465346535 0.04395604395604396 0.07982673267326733 0.08791208791208792
0 0.2979579207920792 0.00989010989010989 0.04641089108910891 0.01978021978021978
0 0.33941831683168316 0.027472527472527472 0.06992574257425743 0.054945054945054944
0 0.8264232673267327 0.3510989010989011 0.05754950495049505 0.0978021978021978
0 0.8765470297029703 0.3879120879120879 0.0625 0.024175824175824177
0 0.9099628712871287 0.371978021978022 0.07487623762376237 0.056043956043956046
0 0.6828589108910891 0.34835164835164834 0.07487623762376237 0.10329670329670329
0 0.5807549504950495 0.3373626373626374 0.021658415841584157 0.11208791208791209
0 0.6205476969769133 0.3490565016619346 0.06844800252213754 0.09700262466167585
0 0.6473843767198598 0.11638126597902701 0.07053179850127003 0.07540881593609076
0 0.7195328009621678 0.1198773505915443 0.041801232284811224 0.07948951905549193
0 0.7415638408053258 0.08382480362431918 0.05035091845366081 0.09147748450083877
0 0.7122966104417774 0.056152638851319485 0.045059485029876264 0.0700604650683063
0 0.7433824681671891 0.04307706831845221 0.038745134354180304 0.039775394194077635
0 0.6210341543398797 0.2190941187228212 0.056488524094201624 0.09114700990681143
0 0.5863242574257426 0.09945054945054944 0.0327970297029703 0.07582417582417582
0 0.5891089108910891 0.18846153846153846 0.038366336633663366 0.10659340659340659
0 0.5903465346534653 0.24065934065934066 0.04084158415841584 0.06593406593406594
0 0.9382638202245129 0.16670618334331974 0.04364501410327254 0.09283001754327985
0 0.969778988841782 0.189740663773214 0.04231901782331859 0.0773685595081771
0 0.9733910891089109 0.23736263736263735 0.053217821782178217 0.08351648351648351
0 0.9808168316831684 0.3021978021978022 0.038366336633663366 0.06153846153846154
0 0.8468119652623568 0.3121420882828913 0.06433102586428552 0.08775035996754298
0 0.8174058492098903 0.26806324967686246 0.052927192321094184 0.09398265730059054
0 0.5079992447768604 0.8180396337154682 0.07184503882704818 0.15751902775172372
0 0.4201785729485604 0.7546880952009577 0.06707139094177086 0.1339810487718763
0 0.3850201801467664 0.6323183292962451 0.08427189175122342 0.10661599861616801
0 0.47901657228452543 0.5757013067414442 0.0852189881815881 0.14060509003161464
0 0.4189356435643564 0.46153846153846156 0.038366336633663366 0.12307692307692308
0 0.3898383206780497 0.5028938449105433 0.04642334065606728 0.09973079473863591
0 0.26649882629065924 0.5837291342881974 0.09892122208530414 0.1576034010764649
0 0.22066245869487727 0.6239276750292719 0.06058019310184728 0.12661921567359605
0 0.1762279592651322 0.6276972422095967 0.05598329025172524 0.1336967821620047
0 0.09694421765150617 0.6429824229209634 0.06470982358480246 0.12276150983140328
0 0.09522625918057032 0.8733137017793478 0.06854892673574595 0.15273921010368244
0 0.023514851485148515 0.9027472527472528 0.04702970297029703 0.13076923076923078
0 0.03620049504950495 0.9598901098901099 0.0724009900990099 0.08021978021978023
0 0.15129950495049505 0.4236263736263736 0.0625 0.04725274725274725
0 0.10495749499594705 0.4893705623633985 0.04992150543273123 0.10890621678228159
0 0.14957506637339898 0.5096615553831669 0.06835963000455995 0.08169485192754788
0 0.21880622730945773 0.5166195805894012 0.05927950447209982 0.08493781656584161
0 0.2277980313888764 0.47129945159487724 0.07861421230295278 0.09061664202765357
0 0.006188118811881188 0.656043956043956 0.012376237623762377 0.14065934065934066
0 0.022896039603960396 0.4307692307692308 0.04579207920792079 0.06153846153846154
0 0.02940560540710452 0.4854518431732007 0.052459919953927334 0.0972025179468064
0 0.01608910891089109 0.5538461538461539 0.03217821782178218 0.08571428571428572
0 0.6014851485148515 0.7895604395604395 0.06311881188118812 0.13296703296703297
0 0.634331874356583 0.6605680938711913 0.07688400852320319 0.11990275844554635
0 0.5900371287128713 0.6741758241758242 0.040222772277227724 0.10659340659340659
0 0.6690613137182732 0.5594420674584273 0.07044332385461997 0.11363982644616719
0 0.666769801980198 0.4554945054945055 0.0625 0.11098901098901098
0 0.8494449770846098 0.5818417000754967 0.08297110099240348 0.11847338275261793
0 0.9434154998622643 0.8459079264364713 0.07205974533751301 0.14880466161100211
0 0.9897896039603961 0.7978021978021979 0.02042079207920792 0.11868131868131868
0 0.9256597116198205 0.6737993231495526 0.06673045256749141 0.11317877054324287
0 0.9151147551830248 0.6184047642976123 0.07711136885877119 0.0980784217684991
0 0.9198638613861386 0.4472527472527473 0.05136138613861386 0.0945054945054945
0 0.9805074257425742 0.4318681318681319 0.038985148514851485 0.06373626373626373
0 0.5810643564356436 0.5142857142857142 0.022277227722772276 0.09230769230769231