0 0.4574652777777778 0.4948559670781893 0.02488425925925926 0.02880658436213992
0 0.39033564814814814 0.4783950617283951 0.05613425925925926 0.06172839506172839
0 0.3462728759842959 0.409808148534811 0.0689604197609423 0.10782729583600882
0 0.45457175925925924 0.4063786008230453 0.030671296296296297 0.13580246913580246
0 0.3960485337689085 0.3238652314493942 0.06325418865077408 0.11975376828904971
0 0.23112154784639985 0.2671437977614938 0.0764701002546124 0.10631465119438033
0 0.07708494981377392 0.3599442889604972 0.059048384698349846 0.0957977722572072
0 0.026041666666666668 0.3508230452674897 0.052083333333333336 0.08436213991769548
0 0.09436943278934573 0.1959946105364267 0.055058063217575434 0.10476358692495316
0 0.42939814814814814 0.023148148148148147 0.0798611111111111 0.046296296296296294
0 0.1597222222222222 0.01131687242798354 0.056712962962962965 0.02263374485596708
0 0.3515625 0.03960905349794239 0.06770833333333333 0.07921810699588477
0 0.31145126810890755 0.06864786030011731 0.09259973185868665 0.09617155713244976
0 0.44241898148148145 0.22993827160493827 0.05497685185185185 0.12242798353909465
0 0.4201461515577631 0.18048032929155103 0.061134249387036835 0.06098603101261626
0 0.4012275784768033 0.10757392970471176 0.05413593432467994 0.05225253046655368
0 0.28639825772981703 0.1810847236152354 0.04643811210717135 0.11339403634525548
0 0.2429651777294635 0.1825703040500802 0.05674703753801311 0.09768770280220966
0 0.20205882538252753 0.19607580315677686 0.058227263214040204 0.05871881456423982
0 0.19105692390434556 0.15204847382292283 0.05143096296885494 0.08084951154904145
0 0.14046452514618027 0.053173886719578886 0.0481270864276091 0.10631815222251198
0 0.013888888888888888 0.09465020576131687 0.027777777777777776 0.06790123456790123
0 0.01099537037037037 0.16358024691358025 0.02199074074074074 0.10699588477366255
0 0.08343170538936223 0.09793397519559514 0.05303239753518499 0.06039914182958989
0 0.8902866868826277 0.40747015086883065 0.0865774163071375 0.14817956571968402
0 0.7582044016992101 0.37474313284057154 0.05985603852818144 0.13081911678145053
0 0.9774305555555556 0.45987654320987653 0.04513888888888889 0.09876543209876543
0 0.7526041666666666 0.4773662551440329 0.05381944444444445 0.06378600823045268
0 0.8019232639183684 0.41805255948141024 0.060205792105757286 0.0958816135690681
0 0.6475694444444444 0.49537037037037035 0.06828703703703703 0.027777777777777776
0 0.6629050925925926 0.4547325102880658 0.0630787037037037 0.10905349794238683
0 0.583970614287914 0.41307190165939317 0.05850335013084143 0.10089988452308755
0 0.5288325560211797 0.34526151045961606 0.05734594272343402 0.10081604321122666
0 0.49971064814814814 0.26594650205761317 0.05960648148148148 0.09362139917695474
0 0.5804398148148148 0.4933127572016461 0.04976851851851852 0.03189300411522634
0 0.4586226851851852 0.5941358024691358 0.022569444444444444 0.1286008230452675
0 0.45688657407407407 0.779835390946502 0.026041666666666668 0.10699588477366255
0 0.4609375 0.6944444444444444 0.017939814814814815 0.10082304526748971
0 0.4461805555555556 0.8323045267489712 0.047453703703703706 0.08436213991769548
0 0.4441550925925926 0.8966049382716049 0.05150462962962963 0.0874485596707819
0 0.40032942341809935 0.9342426394000739 0.061908234080672954 0.09086334261504889
0 0.40248842592592593 0.977880658436214 0.07581018518518519 0.044238683127572016
0 0.3350694444444444 0.9449588477366255 0.05092592592592592 0.11008230452674897
0 0.2986111111111111 0.9470164609053497 0.047453703703703706 0.10596707818930041
0 0.32233796296296297 0.9866255144032922 0.07060185185185185 0.026748971193415638
0 0.036022582440422175 0.7771322692939596 0.06334172840488171 0.13312825388575752
0 0.07035720415754396 0.927323174161685 0.0579179125998987 0.09982915728279484
0 0.6226851851851852 0.5648148148148148 0.08564814814814815 0.1111111111111111
0 0.5066550925925926 0.6311728395061729 0.07349537037037036 0.14300411522633744
0 0.5266999599806743 0.7103323730420902 0.0767394533441746 0.14746691456886604
0 0.5607113579903215 0.9099059939591981 0.057446950132019836 0.11624814197665875
0 0.6059027777777778 0.934156378600823 0.061342592592592594 0.13168724279835392
0 0.6762152777777778 0.9326131687242798 0.061921296296296294 0.13477366255144033
0 0.7175925925925926 0.9398148148148148 0.08333333333333333 0.12037037037037036
0 0.7092013888888888 0.9747942386831275 0.06770833333333333 0.050411522633744855
0 0.7844882834270552 0.8653877786709908 0.08105299853242351 0.1878838159505027
0 0.7086479987387219 0.8202661589181925 0.09237792099865272 0.15065638544771284
0 0.7317359478805734 0.7426829575035958 0.10738381433151474 0.14557348299573206
0 0.809881352081718 0.7009961828455848 0.0785294350731981 0.15582312921155453
0 0.8779230098633845 0.6549749736635231 0.09300376149302991 0.15789995219417827
0 0.7887961083852025 0.6052883557790565 0.12018936791262581 0.15781260985418577
0 0.9233217592592593 0.9331275720164609 0.08159722222222222 0.1337448559670782
0 0.8871527777777778 0.9717078189300411 0.10185185185185185 0.056584362139917695
0 0.8162615740740741 0.9691358024691358 0.08969907407407407 0.06172839506172839
0 0.5017361111111112 0.9032921810699589 0.06365740740740741 0.12551440329218108
0 0.5092592592592593 0.948045267489712 0.0787037037037037 0.10390946502057613
0 0.4930555555555556 0.838477366255144 0.046296296296296294 0.1419753086419753
0 0.4817708333333333 0.7757201646090535 0.023726851851851853 0.1728395061728395