0 0.04764851485148515 0.04835164835164835 0.0952970297029703 0.0967032967032967
0 0.07515045128054697 0.13142145279880904 0.09905543561472292 0.16183056788291078
0 0.03372524752475248 0.18956043956043955 0.06745049504950495 0.1813186813186813
0 0.17935154187893257 0.16314815774888547 0.09540796474409394 0.20323053465232369
0 0.27629950495049505 0.08131868131868132 0.10829207920792079 0.16263736263736264
0 0.2400990099009901 0.07802197802197802 0.09034653465346534 0.15604395604395604
0 0.23010735999760892 0.2421727323401062 0.07872467146942137 0.16563606271579448
0 0.346989853092491 0.19957158162879066 0.0795907998400165 0.10535004870001798
0 0.3798328268649619 0.25620716217368333 0.08538279574270967 0.08168604593680646
0 0.4063280124072854 0.28425776114272405 0.07203901815829016 0.09704355531257508
0 0.49195544554455445 0.1478021978021978 0.03589108910891089 0.14395604395604394
0 0.4662362492261254 0.14506165632397752 0.07565523958088714 0.1291675978870133
0 0.4463475520595119 0.16762524305007198 0.0520863713353948 0.12392597322238198
0 0.41895208717812554 0.19451969902608615 0.06733397939309768 0.14933016878847644
0 0.17353863886902188 0.32882631297664505 0.09468774127284355 0.15927449069627972
0 0.07117597832741927 0.2983520555492535 0.09885737416012905 0.14974265579499882
0 0.022586633663366336 0.2895604395604396 0.04517326732673267 0.15714285714285714
0 0.10522387565401639 0.3759947123264203 0.06979122133106874 0.14843599625462028
0 0.28620049504950495 0.48626373626373626 0.07611386138613861 0.08681318681318681
0 0.30538366336633666 0.5137362637362637 0.07611386138613861 0.031868131868131866
0 0.3895025346434572 0.4413223301354733 0.048031393899422445 0.10273975949569351
0 0.3879950495049505 0.5093406593406593 0.054455445544554455 0.04065934065934066
0 0.35449226852661003 0.4791410619548139 0.06747326236181676 0.08239956603803206
0 0.3389750973248593 0.36726840155993806 0.08611440287011625 0.16405244621312748
0 0.19028465346534654 0.4928571428571429 0.07116336633663366 0.07362637362637363
0 0.09111579073394037 0.4617586652437512 0.07247115224104045 0.12341718168620146
0 0.06157178217821782 0.4758241758241758 0.06002475247524752 0.1076923076923077
0 0.145616250245448 0.46351544092748953 0.06318897402321867 0.12264944956728259
0 0.9109539974498511 0.27843646860384247 0.10486543710419764 0.13926546621860025
0 0.5266089108910891 0.20549450549450549 0.03341584158415842 0.14725274725274726
0 0.5525515038584774 0.29335868546032734 0.05909136348305812 0.136576888864168
0 0.6221015099730937 0.2842559204464239 0.0774216472905454 0.12382663881629159
0 0.5287747524752475 0.310989010989011 0.037747524752475246 0.1076923076923077
0 0.5349628712871287 0.360989010989011 0.05012376237623763 0.09340659340659341
0 0.5912101709485009 0.35432665019335585 0.07575188944541887 0.09735064816014269
0 0.5355816831683168 0.489010989010989 0.05012376237623763 0.08131868131868132
0 0.7793935643564357 0.5115384615384615 0.058787128712871284 0.03626373626373627
0 0.8725247524752475 0.4835164835164835 0.0853960396039604 0.09230769230769231
0 0.5374381188118812 0.4357142857142857 0.055074257425742575 0.08901098901098901
0 0.6055797463217817 0.46060244081120355 0.07045266631644463 0.1133735253723079
0 0.5712953955042628 0.43520876837310035 0.04810341624654726 0.10713536389129791
0 0.1364480198019802 0.6164835164835165 0.09467821782178218 0.17362637362637362
0 0.04548267326732673 0.9791208791208791 0.07611386138613861 0.041758241758241756
0 0.27636044187354647 0.9288669719899151 0.06988787119560033 0.1166190465277498
0 0.15129950495049505 0.9620879120879121 0.0525990099009901 0.07582417582417582
0 0.42288950764234917 0.9299825374091927 0.06235409510065527 0.10941145423920826
0 0.4103199702895236 0.865120266565181 0.059548125083214776 0.12673796111531938
0 0.6333539603960396 0.554945054945055 0.08477722772277228 0.05054945054945055
0 0.8514851485148515 0.5582417582417583 0.06435643564356436 0.05714285714285714
0 0.9730816831683168 0.828021978021978 0.053836633663366336 0.11538461538461539
0 0.9848391089108911 0.8637362637362638 0.03032178217821782 0.1010989010989011
0 0.7534034653465347 0.5653846153846154 0.0724009900990099 0.07142857142857142
0 0.8029084158415841 0.5873626373626374 0.07982673267326733 0.11538461538461539
0 0.7172029702970297 0.6005494505494505 0.06188118811881188 0.14175824175824175
0 0.6546639463902368 0.6247483245565996 0.08007695068311034 0.13502037837034764
0 0.6618262270934007 0.6792598462391497 0.0735533476530106 0.07631798085723789
0 0.5740842900374692 0.6830065842396922 0.08598836376264733 0.15636013852082004
0 0.5962297868246947 0.7117978093188051 0.07752968081123277 0.13042004540969818
0 0.6279213331457121 0.8954332399986665 0.06461327558403274 0.09642936961743989
0 0.667891097105455 0.8574745147599655 0.05680279375674347 0.11004971606675784
0 0.6977103960396039 0.9307692307692308 0.07116336633663366 0.13846153846153847
0 0.6794554455445545 0.9587912087912088 0.07054455445544554 0.08241758241758242
0 0.8771658415841584 0.9730769230769231 0.04517326732673267 0.05384615384615385
0 0.9212893912815825 0.7463863322439063 0.05444220168330372 0.07912693887374339
0 0.8977934754857624 0.8000126895823756 0.03594986759478525 0.0819870790315098
0 0.9712657979982572 0.7406163847253279 0.03584183407409761 0.0753936724381032
0 0.9594678217821783 0.9714285714285714 0.053836633663366336 0.05714285714285714
0 0.7875444791467623 0.8915796743404746 0.06335764623487522 0.09522810423601626
0 0.8198573294245274 0.6780255779750574 0.06768932940319206 0.09558637922484525
0 0.8940418027174294 0.6318928595167148 0.07923068810439102 0.08337202672199574
0 0.8678593340810123 0.6225747613702539 0.07888196002492201 0.09980436106425108
0 0.9093440594059405 0.5461538461538461 0.07611386138613861 0.03296703296703297
0 0.9053217821782178 0.5747252747252747 0.0594059405940594 0.09010989010989011
0 0.8246983401931267 0.7796618915572018 0.05921264086499622 0.06854738501482253
0 0.8341411179317618 0.8651729636446585 0.06585089934640898 0.09653173389996242
0 0.5747518362957997 0.9069912328548946 0.07307858046607238 0.08505800750718553
0 0.530940594059406 0.9478021978021978 0.04207920792079208 0.08681318681318681
0 0.6141707920792079 0.9851648351648352 0.0686881188118812 0.02967032967032967
0 0.6187571213445159 0.9441928305421889 0.058521806636683 0.06410059847795675
0 0.5764232673267327 0.9714285714285714 0.05012376237623763 0.05714285714285714
0 0.5479579207920792 0.9835164835164835 0.05754950495049505 0.03296703296703297
0 0.8078589108910891 0.9763736263736263 0.037747524752475246 0.04725274725274725
0 0.8231868010060482 0.9286397636701925 0.0560645646987118 0.06499477101181278