0 0.3726474278544542 0.040736607142857144 0.09535759096612297 0.08147321428571429
0 0.3240276035131744 0.05803571428571429 0.09849435382685069 0.11607142857142858
0 0.015056461731493099 0.39229910714285715 0.030112923462986198 0.03459821428571429
0 0.052070263488080304 0.37890625 0.050188205771643665 0.06138392857142857
0 0.205771643663739 0.38113839285714285 0.060225846925972396 0.056919642857142856
0 0.22604779683269122 0.33783989490059785 0.052848668712863346 0.11725731030164026
0 0.6493099121706399 0.09542410714285714 0.02132998745294856 0.13727678571428573
0 0.6389585947302384 0.14285714285714285 0.04203262233375157 0.11607142857142858
0 0.6161411212449706 0.21545921167537158 0.06459864155874827 0.15530352626166774
0 0.5677114634430473 0.27824700690819315 0.06919538136838731 0.09909909447344857
0 0.5060896287361977 0.32945245548568586 0.04779430235595891 0.13670290605389468
0 0.4648638550155238 0.3079552304487717 0.05994414831265993 0.14587430708484966
0 0.4915307402760351 0.38169642857142855 0.05959849435382685 0.05580357142857143
0 0.5545628351916793 0.3506561018232909 0.06714893287628249 0.09330417400991438
0 0.5749686323713927 0.38671875 0.05834378920953576 0.04575892857142857
0 0.6104140526976161 0.38895089285714285 0.053952321204516936 0.041294642857142856
0 0.6493099121706399 0.3080357142857143 0.02132998745294856 0.07589285714285714
0 0.6502509410288582 0.36495535714285715 0.01944792973651192 0.08928571428571429
0 0.9720828105395232 0.16238839285714285 0.055834378920953574 0.20200892857142858
0 0.8883694893849523 0.09316007204160874 0.10795172534705809 0.16247062549438418
0 0.9240903387703889 0.08147321428571429 0.0890840652446675 0.16294642857142858
0 0.9457416058758124 0.2503165082133645 0.0780031926597401 0.16461796950640764
0 0.8247105428721193 0.22420038831540484 0.07995900956026256 0.10366316757633319
0 0.7951836576223967 0.28634363818356895 0.08610369028578953 0.07878025689500642
0 0.7703085979941559 0.3187820861216588 0.07220063160858042 0.0949924142936247
0 0.6759723964868256 0.19252232142857142 0.031994981179422836 0.15290178571428573
0 0.7008550594814685 0.18712398431155464 0.07566350839603853 0.1276445701497657
0 0.7223192271795578 0.20636829448135913 0.05116387992722855 0.12373917555239165
0 0.7515266675640655 0.22985483277303245 0.06628343034438283 0.14882166101091623
0 0.9805520702634881 0.3286830357142857 0.03889585947302384 0.15736607142857142
0 0.8431618569636136 0.36049107142857145 0.08531994981179424 0.09821428571428571
0 0.370138017565872 0.4263392857142857 0.09786700125470514 0.033482142857142856
0 0.14308707131670148 0.5609479587090659 0.051462450948037634 0.11264998237356975
0 0.11603805201273042 0.6351318035582458 0.05212801692452916 0.07156990283710409
0 0.3286363814560548 0.7259982721154371 0.06665309292467154 0.09769693861730769
0 0.26783249919063734 0.7173866176040199 0.0639464137052873 0.0907144256183098
0 0.5393339798106994 0.6677120296037048 0.07268846868637291 0.15400115779412576
0 0.6175420109451301 0.705183510500715 0.055223898756304714 0.13421294505088888
0 0.6433500627352572 0.8270089285714286 0.033249686323713924 0.09598214285714286
0 0.5824165026365651 0.8825898293518988 0.06958991922999115 0.11249195161630558
0 0.6527603513174404 0.94140625 0.014429109159347553 0.0703125
0 0.653387703889586 0.8895089285714286 0.013174404015056462 0.05803571428571429
0 0.3809456953862623 0.9268104030744101 0.060615049538363844 0.0625265554764545
0 0.1273525721455458 0.9748883928571429 0.05771643663739021 0.05022321428571429
0 0.06775407779171895 0.9810267857142857 0.03889585947302384 0.03794642857142857
0 0.12803284387988464 0.7087276356061813 0.05390877255095864 0.08957008790803174
0 0.11445546579947602 0.7850072199678328 0.04304650989368247 0.08165780051943271
0 0.077765110345013 0.7270730038759696 0.039441449987265106 0.12907670309286523
0 0.042400551594320726 0.7096034436402473 0.04010168071454434 0.13026429562832906
0 0.016938519447929738 0.6964285714285714 0.033877038895859475 0.11607142857142858
0 0.006900878293601004 0.6110491071428571 0.013801756587202008 0.08370535714285714
0 0.175826279575984 0.8384762949427843 0.06777895307303408 0.07224185908084177
0 0.20756667171808602 0.7866637723593326 0.033699309997160434 0.1039509628091549
0 0.9312676142506033 0.8511139034501414 0.0628507640874523 0.1384194126193115
0 0.9249034569375655 0.9175775414161805 0.06704763078627539 0.11108979576016484
0 0.8880175658720201 0.9402901785714286 0.05959849435382685 0.11941964285714286
0 0.845357590966123 0.9626116071428571 0.0671267252195734 0.07477678571428571
0 0.986198243412798 0.6902901785714286 0.027603513174404015 0.12834821428571427
0 0.955771643663739 0.42299107142857145 0.08845671267252196 0.026785714285714284
0 0.6678168130489335 0.8191964285714286 0.015683814303638646 0.10491071428571429
0 0.6791091593475533 0.8917410714285714 0.038268506900878296 0.14732142857142858
0 0.7741530740276035 0.9715401785714286 0.056461731493099125 0.056919642857142856