0 0.1400429799426934 0.4020356234096692 0.06948424068767908 0.11450381679389313
0 0.04083094555873926 0.08524173027989822 0.08166189111747851 0.13486005089058525
0 0.04445585085237367 0.37083916440621945 0.08576204872518364 0.10270127891552182
0 0.0254297994269341 0.43702290076335876 0.0508595988538682 0.044529262086514
0 0.8551553654194345 0.23520387526666592 0.05894165639844157 0.1219322460688154
0 0.9598206279941127 0.3079117159750627 0.05730887261911924 0.11169490444450113
0 0.4512893982808023 0.04770992366412214 0.04297994269340974 0.09541984732824428
0 0.5075214899713467 0.037531806615776084 0.07378223495702006 0.07506361323155217
0 0.5601719197707736 0.05407124681933842 0.0673352435530086 0.10814249363867684
0 0.6575704210578074 0.1402345947718401 0.08030655335584923 0.11645929155312418
0 0.684568199890805 0.23716254128272501 0.08746987713808418 0.11675541443296586
0 0.7621185671422684 0.18875460134642294 0.08569610317130502 0.13575054703466224
0 0.759771733345962 0.28816891629570196 0.06844499725852261 0.09562926084868542
0 0.7570121540649752 0.3665908648327672 0.06913631475888672 0.09438660850562643
0 0.7023457594192548 0.3573910170401748 0.07798245207616278 0.1074646022718689
0 0.6749238688432669 0.29358636936839083 0.08185519342189368 0.08601377727203849
0 0.5535623772085634 0.2285718728983599 0.08003138969939559 0.10246438061164835
0 0.4852128899216286 0.12507691284478348 0.0891936213491446 0.09521575256918297
0 0.4876938971869317 0.0689492076389594 0.0697025578699537 0.08678263300735099
0 0.5394711038051476 0.33229158449250745 0.05713376847410319 0.10278905202719832
0 0.7353151862464183 0.42748091603053434 0.058022922636103154 0.06361323155216285
0 0.5358166189111748 0.44211195928753183 0.050143266475644696 0.03435114503816794
0 0.580540831884171 0.39744199563915716 0.0650384395124211 0.10438705182606753
0 0.4933961481582593 0.30427374594998563 0.0423068233524449 0.07675151364664981
0 0.5134716529079164 0.3772951750629062 0.04974531079113351 0.09104254746796732
0 0.061246418338108885 0.494910941475827 0.12249283667621777 0.07124681933842239
0 0.2521489971346705 0.5 0.12320916905444126 0.08142493638676845
0 0.40078796561604585 0.5108142493638677 0.058022922636103154 0.10305343511450382
0 0.40902578796561606 0.5896946564885496 0.04154727793696275 0.13358778625954199
0 0.42012893982808025 0.6590330788804071 0.019340974212034383 0.10687022900763359
0 0.41224928366762176 0.9115776081424937 0.03510028653295129 0.12086513994910941
0 0.15865969424268273 0.5401264321716134 0.12870106074257415 0.13879954894475563
0 0.23640109661995085 0.6655158696686446 0.08370629438349089 0.18016135996923952
0 0.193946466361589 0.6940101641996032 0.09973167128116152 0.15794167923409688
0 0.2756856692912561 0.6034102054229844 0.07876701236950455 0.1837708678464802
0 0.3283690718676224 0.5846794559085936 0.08398145803994404 0.19415627091071533
0 0.36609022985534306 0.6436017991959556 0.06660527773786475 0.14767366156952222
0 0.3648372339663909 0.8715740664565721 0.06982081554079066 0.16560381555606457
0 0.32736389684813755 0.9561068702290076 0.07306590257879657 0.08778625954198473
0 0.04085600598448607 0.7289879541706805 0.07800974931526174 0.21806278830867978
0 0.0164756446991404 0.7385496183206107 0.0329512893982808 0.1692111959287532
0 0.08546077455813826 0.7551566203426058 0.08958704267643512 0.1880318460593725
0 0.10721454330298671 0.8223788278958712 0.09107655390706104 0.11817574050393011
0 0.2432744973108213 0.9421742023445847 0.08373812597981012 0.10897376520678562
0 0.17373112778772384 0.905576778428724 0.0652226427371365 0.1501589662556405
0 0.02041547277936963 0.9770992366412213 0.04083094555873926 0.04580152671755725
0 0.15150429799426934 0.9834605597964376 0.09240687679083094 0.03307888040712468
0 0.9914040114613181 0.6768447837150128 0.017191977077363897 0.1297709923664122
0 0.8048904177310937 0.70784114380489 0.07510120676510917 0.1429399505011594
0 0.706125242789379 0.7711323633221929 0.07218584749649627 0.14027697208713616
0 0.6948424068767909 0.9446564885496184 0.07449856733524356 0.11068702290076336
0 0.6070916905444126 0.933206106870229 0.07234957020057306 0.13358778625954199
0 0.7790308310233288 0.8693457849796993 0.08025652360013048 0.11391476229103767
0 0.8981955629462532 0.8408636372120428 0.054427627308065316 0.14717025267379133
0 0.7872492836676218 0.9860050890585241 0.0659025787965616 0.027989821882951654
0 0.48952453281051905 0.8940466017797278 0.06428117645817828 0.13867897228826695
0 0.44484240687679083 0.8937659033078881 0.03008595988538682 0.15648854961832062
0 0.9921203438395415 0.8619592875318066 0.015759312320916905 0.12340966921119594