0 0.5321192052980133 0.027647058823529413 0.09205298013245033 0.05529411764705883
0 0.48443708609271524 0.041176470588235294 0.06158940397350993 0.08235294117647059
0 0.5166421583275177 0.08362245985660231 0.08643176756514181 0.1070891571602616
0 0.5718543046357616 0.23941176470588235 0.056291390728476824 0.0976470588235294
0 0.5484882515797738 0.20374666547058937 0.08373652653353146 0.09286197947388246
0 0.4886086376599695 0.31890190251722983 0.06261382516703941 0.11316220504167337
0 0.24039735099337747 0.013529411764705882 0.11788079470198676 0.027058823529411764
0 0.3115894039735099 0.08235294117647059 0.076158940397351 0.16470588235294117
0 0.2723772512545385 0.1058712006410726 0.09120237951440231 0.14845730634671903
0 0.3483443708609272 0.05588235294117647 0.07152317880794702 0.11176470588235295
0 0.3970198675496689 0.051176470588235295 0.076158940397351 0.10235294117647059
0 0.43178807947019865 0.06823529411764706 0.060927152317880796 0.13647058823529412
0 0.4292118962898661 0.27821586060802717 0.06341092718252538 0.15436605828679764
0 0.39437086092715234 0.3711764705882353 0.06556291390728476 0.11647058823529412
0 0.4589403973509934 0.4164705882352941 0.05562913907284768 0.02588235294117647
0 0.5817880794701987 0.4117647058823529 0.03642384105960265 0.03529411764705882
0 0.13075557150293904 0.13059954736096777 0.07019141130322018 0.20287517897333332
0 0.08409765272048049 0.13808083475618346 0.07799202220863988 0.158497888503059
0 0.04848825157977371 0.18307275951947746 0.0779342291972727 0.14085082967952958
0 0.02880794701986755 0.21705882352941178 0.0576158940397351 0.11411764705882353
0 0.035099337748344374 0.28 0.07019867549668875 0.0988235294117647
0 0.17189801080157185 0.1575913897351378 0.08135722063072824 0.17510539002279743
0 0.19163671018241632 0.2201638839957131 0.08313206788926943 0.1104816556405229
0 0.3165079702797317 0.3376647646672949 0.07648643412843129 0.10314900554222223
0 0.25248702592249783 0.3003164559245758 0.059391182839656886 0.14008411528664055
0 0.09867549668874172 0.3835294117647059 0.060927152317880796 0.09176470588235294
0 0.2314569536423841 0.39235294117647057 0.08410596026490066 0.07411764705882352
0 0.9149006622516557 0.38294117647058823 0.10264900662251655 0.09294117647058824
0 0.9526490066225165 0.28411764705882353 0.09470198675496688 0.1376470588235294
0 0.9519867549668874 0.18352941176470589 0.09602649006622517 0.17647058823529413
0 0.9741721854304636 0.36058823529411765 0.051655629139072845 0.1376470588235294
0 0.6688741721854304 0.3988235294117647 0.0847682119205298 0.0611764705882353
0 0.6733046884503857 0.3064735392092551 0.07929340831535125 0.1514938302874249
0 0.616887417218543 0.4041176470588235 0.03377483443708609 0.05058823529411765
0 0.6998636647478116 0.12641975755346424 0.1329935854326786 0.17135888431895444
0 0.532995732637081 0.6864208210948244 0.08270869401395785 0.1833954494542224
0 0.47120597955749843 0.6226977634159223 0.07536613279067023 0.16544718140491516
0 0.5043046357615895 0.49470588235294116 0.08013245033112583 0.13058823529411764
0 0.43812785181217156 0.5307540866058046 0.08263548953289272 0.16104250827775177
0 0.4162251655629139 0.4747058823529412 0.10397350993377484 0.09058823529411765
0 0.35888926672352367 0.8003819615928371 0.08333626986276664 0.17283459681699348
0 0.2916608707379147 0.6934986661882357 0.07074578267096399 0.16996138515963408
0 0.26517873101828826 0.7959190803489415 0.09775169158962872 0.12637819173913747
0 0.22980006038166953 0.7091736818867715 0.09986944404894822 0.16646033970980412
0 0.13682498081312827 0.7270911244762355 0.1024837748646445 0.15598163504324195
0 0.13288977878290797 0.6375287551574642 0.08997419788875592 0.17781430573882362
0 0.09685656222550908 0.553108915214876 0.09116770370758204 0.13786907105260143
0 0.031788079470198675 0.6470588235294118 0.06357615894039735 0.2
0 0.03443708609271523 0.548235294117647 0.06887417218543046 0.0988235294117647
0 0.003973509933774834 0.8541176470588235 0.007947019867549669 0.14588235294117646
0 0.11225165562913907 0.9347058823529412 0.06158940397350993 0.13058823529411764
0 0.1672185430463576 0.9317647058823529 0.09602649006622517 0.13647058823529412
0 0.04735099337748344 0.9764705882352941 0.09470198675496688 0.047058823529411764
0 0.16854304635761588 0.9888235294117647 0.07880794701986756 0.02235294117647059
0 0.2456953642384106 0.96 0.06490066225165562 0.08
0 0.29635761589403975 0.9582352941176471 0.06291390728476821 0.08352941176470588
0 0.33973509933774837 0.9635294117647059 0.07019867549668875 0.07294117647058823
0 0.3837748344370861 0.9611764705882353 0.07218543046357616 0.07764705882352942
0 0.4741721854304636 0.9423529411764706 0.08344370860927153 0.11529411764705882
0 0.5 0.9135294117647059 0.07947019867549669 0.17294117647058824
0 0.5389834091510949 0.8972281176440531 0.07274794910754943 0.17474941548324188
0 0.583112582781457 0.7858823529411765 0.03377483443708609 0.1623529411764706
0 0.6519867549668874 0.5447058823529412 0.10397350993377484 0.15764705882352942
0 0.8235099337748344 0.49411764705882355 0.10529801324503311 0.12941176470588237
0 0.7864859284797745 0.5665738848526807 0.10706944917753031 0.14087919599440538
0 0.7888598966228215 0.6848913269409944 0.10509810568034078 0.1455029303766799
0 0.861863399102028 0.6343876987625109 0.06934807487864086 0.14755367866938568
0 0.8830710843225485 0.7411326053956873 0.05935265416541225 0.1283194094042876
0 0.8526462576085428 0.8528004883209421 0.08844934547142501 0.11658306983681059
0 0.9363669311309961 0.7386310269223018 0.0726285102173905 0.13827882724794777
0 0.9678807947019867 0.6817647058823529 0.06423841059602649 0.1776470588235294
0 0.6347682119205298 0.6829411764705883 0.0695364238410596 0.19176470588235295
0 0.7644126727128884 0.802099771425308 0.07672916477617313 0.1772666526010459
0 0.7949937613282754 0.8392417265833735 0.09188004263972933 0.15319057135654904
0 0.7203093653010469 0.7808670600363145 0.07156214902357211 0.2170475913459348
0 0.6747161020493848 0.8101541272992164 0.07622488068494726 0.2254745640618041
0 0.6370860927152318 0.928235294117647 0.07417218543046358 0.14352941176470588
0 0.8086092715231789 0.9547058823529412 0.08079470198675497 0.09058823529411765
0 0.8327814569536424 0.9829411764705882 0.056291390728476824 0.03411764705882353
0 0.9877483443708609 0.7705882352941177 0.024503311258278145 0.08235294117647059