0 0.16812354312354313 0.03993775933609958 0.07167832167832168 0.07987551867219916
0 0.11259843329790621 0.12498378005754378 0.06478659496026694 0.11059219100637993
0 0.05405184417217195 0.11728853418731083 0.06183890069017958 0.10952467114221531
0 0.2150475853607233 0.47673940095950534 0.06613850168858257 0.1697147866186093
0 0.25640932361443075 0.36008910862511834 0.07296754942498121 0.14697166606626752
0 0.22469799892054482 0.2639117991445548 0.07335814691985344 0.10549599541215206
0 0.2889605609290826 0.5086613628616117 0.06789824848696265 0.13447525254086545
0 0.14625330848748003 0.20038704365206023 0.04857715023731841 0.09590642191416444
0 0.038461538461538464 0.2691908713692946 0.07692307692307693 0.1338174273858921
0 0.32531594912345285 0.23900277177203808 0.07537218199371688 0.13144167555698816
0 0.320306453404558 0.14825625974334342 0.0687358311392474 0.0888562393865538
0 0.32471704355361164 0.07816610928398032 0.04590673434297106 0.0855088375581024
0 0.3688811188811189 0.08246887966804979 0.022144522144522144 0.10477178423236515
0 0.28846153846153844 0.029564315352697094 0.054778554778554776 0.05912863070539419
0 0.3347902097902098 0.02437759336099585 0.05303030303030303 0.0487551867219917
0 0.2253580691946373 0.07919509266859429 0.05987550575379228 0.1385401388299179
0 0.23747086247086246 0.05394190871369295 0.06351981351981352 0.1078838174273859
0 0.25786713286713286 0.01504149377593361 0.04487179487179487 0.03008298755186722
0 0.6343492122879983 0.5146185966708683 0.08364400927135685 0.09938056069907863
0 0.4655922784442285 0.4613683977505765 0.0644471813969222 0.10021874702297745
0 0.398018648018648 0.46265560165975106 0.03613053613053613 0.10580912863070539
0 0.4142664221378676 0.17549587051653992 0.05304125428638055 0.0721018165908227
0 0.49281814037094884 0.3313744529271412 0.05790115956132773 0.09600298340480275
0 0.49752010581137784 0.2612812849211957 0.05359006351279655 0.07107050728564733
0 0.5139507131445517 0.17550121398368373 0.0483453082680413 0.07101619144716335
0 0.575062748436072 0.25269551699613085 0.034896608458314986 0.10509767926326939
0 0.7740459366855812 0.3834598788666089 0.05521924861685205 0.12086303840597928
0 0.7181901516889447 0.27092948028577957 0.04805653484217255 0.11560389529629927
0 0.7632632647302655 0.17862660584656406 0.04676676330146193 0.07618480815936994
0 0.7897468048575637 0.2753769033647816 0.04453183751439877 0.09690152066035042
0 0.7544990158887498 0.24928069170383388 0.03871007921195738 0.07921235005008215
0 0.8793117946348589 0.3491634536171283 0.04083168587988832 0.09064124371131961
0 0.8968616510359942 0.45793977320689705 0.0834346136082856 0.11078531398765655
0 0.9315268065268065 0.5440871369294605 0.06934731934731934 0.09024896265560166
0 0.9848484848484849 0.4896265560165975 0.030303030303030304 0.08506224066390042
0 0.9755244755244755 0.5451244813278008 0.04895104895104895 0.08817427385892117
0 0.9496575102315136 0.3878673822140181 0.04531823623515657 0.10313162214355674
0 0.9165399492182273 0.34670251885789477 0.04079774452355414 0.08960389931297935
0 0.6109272293439708 0.27982303796225394 0.04697615896453318 0.06478005487079203
0 0.8223210322724726 0.3533855981414786 0.04175385002598392 0.10102072278788704
0 0.6796106341713122 0.1073730656584191 0.03932677115104241 0.08025572954158734
0 0.6584478094949837 0.09306448988900924 0.043343890042691756 0.06059446671844171
0 0.6312961216000477 0.10060955005614089 0.034461118351030794 0.07398338240622669
0 0.7549100016183724 0.09258435416938984 0.045533379423291866 0.07409804917635966
0 0.9289044289044289 0.029564315352697094 0.04312354312354312 0.05912863070539419
0 0.9484265734265734 0.02074688796680498 0.03787878787878788 0.04149377593360996
0 0.9646150861207203 0.1412597014281958 0.047491026834615 0.06271140116727647
0 0.9798951048951049 0.19761410788381742 0.04020979020979021 0.05705394190871369
0 0.9932983682983683 0.24066390041493776 0.013403263403263404 0.06016597510373444
0 0.9733610047989413 0.33729365234184333 0.03490235598337915 0.08746885958464999
0 0.9465179347705733 0.2919130253675451 0.05030870320442847 0.04200072375946082
0 0.902970124692849 0.279392817282494 0.04186716914511586 0.06887511662566898
0 0.8251277573862089 0.26100159575754744 0.059553334765640564 0.0752802358106572
0 0.6707459207459208 0.00933609958506224 0.06060606060606061 0.01867219917012448
0 0.7880166113755812 0.06214831366737647 0.04324206597368815 0.05748243352342096
0 0.8737091408711872 0.0799393892354268 0.04896200020712647 0.0720595709386685
0 0.8210892797764557 0.03067492876702285 0.044509391208192924 0.06060653690477148
0 0.8811188811188811 0.007261410788381743 0.053613053613053616 0.014522821576763486
0 0.9851398601398601 0.050311203319502076 0.02972027972027972 0.046680497925311204
0 0.03409090909090909 0.6758298755186722 0.06818181818181818 0.1690871369294606
0 0.29074096785923903 0.7645628975803421 0.07481762524223631 0.15010180454078276
0 0.3006993006993007 0.6390041493775933 0.05944055944055944 0.0995850622406639
0 0.34994172494172493 0.6732365145228216 0.060023310023310024 0.16804979253112035
0 0.4530885780885781 0.9253112033195021 0.10081585081585082 0.14937759336099585
0 0.522893988641664 0.8907196553604504 0.08533532956301708 0.1688766002947105
0 0.7875874125874126 0.9517634854771784 0.07517482517482517 0.09647302904564316
0 0.7462467611547833 0.7151113492238265 0.06564087639369365 0.11889698128626687
0 0.756993006993007 0.6358921161825726 0.07109557109557109 0.09336099585062241
0 0.8046492354646088 0.6916772105041046 0.056628086801758785 0.11050769970207151
0 0.7981251161411693 0.8307960266518308 0.059564286021717816 0.14683285892347483
0 0.9833916083916084 0.9315352697095436 0.033216783216783216 0.11410788381742738
0 0.9941724941724942 0.9590248962655602 0.011655011655011656 0.08195020746887967
0 0.8509345284582727 0.8769454363786316 0.06681732881527205 0.19046167458541427
0 0.9046749981060932 0.8535595784042287 0.08291399821314001 0.13048278736979138
0 0.8605052923582708 0.7507662672909164 0.056384749782353215 0.12087510859230906
0 0.8528554778554779 0.641597510373444 0.07051282051282051 0.10477178423236515
0 0.949009324009324 0.6327800829875518 0.05419580419580419 0.08713692946058091
0 0.6858869113306606 0.6965390749039333 0.07963263790477179 0.10141300384360487
0 0.4340250685662513 0.7847573234800614 0.07460822957916519 0.16150655782936066
0 0.3921911421911422 0.8355809128630706 0.024475524475524476 0.1421161825726141
0 0.5847256275293751 0.7582919336970236 0.07941749471663638 0.13044657681080218
0 0.5260518942658994 0.7199859754360061 0.062274390797463774 0.14063896799925796
0 0.48423249149572745 0.7157494348047647 0.06724186766647873 0.1500233483296393
0 0.5203962703962703 0.6317427385892116 0.0675990675990676 0.08506224066390042
0 0.7427156177156177 0.6068464730290456 0.07284382284382285 0.035269709543568464
0 0.9101411878580994 0.6999239757729039 0.07761285530584419 0.09309614337738815