0 0.36908602150537634 0.4431166347992352 0.05967741935483871 0.052581261950286805
0 0.2501624882821747 0.35138274322239105 0.04508755740738357 0.1198440337354874
0 0.3057562466900839 0.22719424753157075 0.05594035421751492 0.12804856582417795
0 0.3532363336921627 0.1809267370414629 0.04947622773452815 0.12675873376025612
0 0.4047743801999643 0.1984016569236601 0.05576471457973722 0.07358307541140409
0 0.42514862613904436 0.23623778507358845 0.06671762002795692 0.0894357910565
0 0.31452017472236576 0.15790528625842853 0.04776276634951016 0.07794592873494342
0 0.46102667486925947 0.2681884579834757 0.04708793208465947 0.10848302810733627
0 0.4144781752776944 0.3240579240590117 0.06117904892616494 0.11781048770026298
0 0.5311827956989247 0.28393881453154873 0.03763440860215054 0.08604206500956023
0 0.46738844510854255 0.05642426054566954 0.057352590646021495 0.07175448180214548
0 0.03333333333333333 0.36806883365200765 0.06666666666666667 0.1147227533460803
0 0.01989247311827957 0.4431166347992352 0.03978494623655914 0.052581261950286805
0 0.008333333333333333 0.375717017208413 0.016666666666666666 0.07839388145315487
0 0.1742552537494984 0.27819054872977833 0.058453336143870924 0.11480333173354
0 0.12961975853744348 0.33654743315984076 0.04486231297168459 0.10263562073357535
0 0.1247738930278975 0.2536567264699081 0.043049192469701326 0.0872558013409218
0 0.20965040585610534 0.17063141530180345 0.054701959342294014 0.0744834635027262
0 0.19253302555747923 0.11481166447840503 0.040110748831469534 0.06799625531683712
0 0.15430534571948643 0.17015627772191133 0.049038252442891395 0.0932979307009827
0 0.08691334094780184 0.1523387552268688 0.029658386573691797 0.09038445745376808
0 0.08840200741824394 0.22502431643933393 0.043386609602126675 0.07198725165472537
0 0.05048649279259281 0.24264774951301016 0.03964819590143374 0.07370457555752696
0 0.3207016218579212 0.034981679097299025 0.04052324744246117 0.058463843297944705
0 0.22204301075268817 0.02390057361376673 0.03655913978494624 0.04780114722753346
0 0.006182795698924731 0.052581261950286805 0.012365591397849462 0.07265774378585087
0 0.019086021505376343 0.11376673040152964 0.038172043010752686 0.09751434034416825
0 0.8964372624429274 0.3948346569074076 0.04193638291321388 0.08433209765404123
0 0.5559139784946237 0.1658699808795411 0.011827956989247311 0.08508604206500955
0 0.5752688172043011 0.24091778202676864 0.05053763440860215 0.0994263862332696
0 0.6478546318585068 0.2233805580093584 0.050263684217228266 0.1048258408888193
0 0.7204790745489608 0.23048199090821087 0.04538743380052565 0.10170741521563897
0 0.7838142436177303 0.28726000600360957 0.05295140673911583 0.06388375883282599
0 0.8187850578152691 0.2498990154335734 0.04657487531445655 0.06928608738075906
0 0.8653474195499644 0.3182290798697816 0.03528500225493434 0.10978309061092408
0 0.9311575802846837 0.3178126228518258 0.03154613903311827 0.07041924532466094
0 0.9744559205467983 0.32148596011109976 0.04217369140755064 0.06141536441143945
0 0.986021505376344 0.14722753346080306 0.02795698924731183 0.05736137667304015
0 0.938813831747551 0.14337504639141707 0.02475665947634405 0.044272816702421815
0 0.7110747063432498 0.04560793606394631 0.042911543092329724 0.07673954895086445
0 0.8698828814258185 0.02850728631117452 0.03884777631784952 0.05360027629534862
0 0.9190860215053763 0.019120458891013385 0.03494623655913978 0.03824091778202677
0 0.9951612903225806 0.11998087954110899 0.00967741935483871 0.06596558317399617
0 0.947327488184612 0.05496562622726153 0.03557191554719226 0.04960927995746037
0 0.8954272221454243 0.0713877947366917 0.045399497859163786 0.06158226897112504
0 0.7859059977770372 0.05712274191973379 0.024806713795388406 0.04809690848062449
0 0.7118373604269893 0.04230358189794033 0.040173316730274855 0.07277637003959057
0 0.787814093930036 0.18237565636917855 0.043299014543799294 0.06529509104287069
0 0.7963603828798689 0.21959980113359331 0.047137536882580634 0.07122595069647468
0 0.6070312832623419 0.16251274863672988 0.045999700166571136 0.06639020112049267
0 0.6224979948353169 0.19484039375210122 0.056527593424038236 0.09081930583993042
0 0.6549544785431304 0.04748112970550949 0.03247124489319 0.05900260484328147
0 0.07231182795698925 0.9804015296367112 0.05 0.03919694072657744
0 0.3706989247311828 0.9651051625239006 0.05860215053763441 0.06978967495219886
0 0.015860215053763442 0.8666347992351816 0.031720430107526884 0.06596558317399617
0 0.10028694979810061 0.8988719791560768 0.06210415478623667 0.10639384721888351
0 0.053338015654181836 0.9241487110059913 0.05593990469639198 0.08696739663511346
0 0.015053763440860216 0.9378585086042065 0.030107526881720432 0.11089866156787763
0 0.3026551265149584 0.8028182255254815 0.06030399738513745 0.13305121995984534
0 0.1638580787978377 0.8094897534416801 0.04393720711161298 0.11405226121495482
0 0.075 0.5105162523900574 0.0489247311827957 0.08221797323135756
0 0.2067204301075269 0.49091778202676867 0.0489247311827957 0.043021032504780114
0 0.22588936320528086 0.5408949517639544 0.0493881831550777 0.07898540395933694
0 0.2740387019640144 0.5252340842127751 0.0416485705787097 0.06234356992937589
0 0.2728494623655914 0.49378585086042065 0.0456989247311828 0.04875717017208413
0 0.3562842529003823 0.5285341275402062 0.04673755185134997 0.08171438565991765
0 0.15584740141155326 0.5874281647530895 0.04630002608083641 0.08933475178970872
0 0.21554381589659508 0.6124905181186304 0.05210138235761051 0.08103653698150959
0 0.1834732303163203 0.6046212320955027 0.04827537359859026 0.07606170027245637
0 0.03790322580645161 0.5004780114722753 0.0489247311827957 0.0621414913957935
0 0.021236559139784946 0.4837476099426386 0.04247311827956989 0.028680688336520075
0 0.3360820869359381 0.7911724934651635 0.07524468908702504 0.08414473221502405
0 0.2746541149779213 0.7774850544410805 0.04147382998317802 0.09004041789473097
0 0.5303763440860215 0.6037284894837476 0.03924731182795699 0.06978967495219886
0 0.5384408602150538 0.6739961759082218 0.023118279569892472 0.08221797323135756
0 0.5194140717059021 0.6774147283734325 0.040023153773142035 0.06130409470498254
0 0.5341397849462366 0.7308795411089866 0.031720430107526884 0.0869980879541109
0 0.5298387096774193 0.9402485659655831 0.04032258064516129 0.09464627151051626
0 0.4989553773563562 0.920454623935101 0.051176276497538906 0.09245317746288895
0 0.5424731182795699 0.9316443594646272 0.015053763440860216 0.10420650095602295
0 0.5405913978494624 0.8680688336520076 0.01881720430107527 0.08604206500956023
0 0.060060881622043094 0.5757845022038964 0.040198343889796914 0.0746884159286918
0 0.09921658920740764 0.7760508482079299 0.03973579095976117 0.08039673616938164
0 0.12324165378885328 0.805477491843202 0.055264620910418095 0.07642332681844181
0 0.11450028054991646 0.6507320684655907 0.04778779350903234 0.07985797462404487
0 0.07450953452898464 0.6945209540946462 0.04339912318188776 0.07294327459927605
0 0.03392529251164892 0.775061088235674 0.05271409824477901 0.08680049207542777
0 0.05875703346655935 0.8250700426053998 0.05761537582100362 0.09183096363770944
0 0.4838709677419355 0.49569789674952197 0.047311827956989246 0.052581261950286805
0 0.5156617958620789 0.5549325217644898 0.028357873320788634 0.07312040959862748
0 0.4861551455694505 0.6198044318070557 0.05366423126437273 0.07729589748314965
0 0.5054235130236083 0.7168166215259756 0.04708748256353653 0.06740185891827179
0 0.46857858374921174 0.877801770142331 0.04348716776133833 0.12071660440019523
0 0.8521505376344086 0.9330783938814532 0.06881720430107527 0.1338432122370937
0 0.828763440860215 0.969885277246654 0.07473118279569893 0.06022944550669216
0 0.7566974622989011 0.9122012980914911 0.05397752027952216 0.14227764028598086
0 0.6999001526283157 0.7392057451601245 0.05396500669976107 0.1413216173414302
0 0.6357788756402154 0.8276041305033562 0.0445248958392593 0.11790417041977178
0 0.595581206032103 0.8145374683582611 0.05133895303443254 0.10488147574204763
0 0.5629032258064516 0.9196940726577438 0.025806451612903226 0.124282982791587
0 0.6008064516129032 0.9746653919694073 0.0532258064516129 0.05066921606118547
0 0.6555455386791998 0.7574513920589804 0.053476977089080086 0.1040367225039541
0 0.6836015127617923 0.6638431588266659 0.05760286224124254 0.09087494069315899
0 0.6672407545175868 0.6247816269595186 0.04342415034140982 0.07485532048837738
0 0.6618702177003227 0.5839002949765868 0.042398935843249747 0.0786237774133515