0 0.433112582781457 0.2664705882352941 0.09271523178807947 0.1376470588235294
0 0.013245033112582781 0.4411764705882353 0.026490066225165563 0.15058823529411763
0 0.023178807947019868 0.3264705882352941 0.046357615894039736 0.14941176470588236
0 0.058241226676232265 0.23484754742006864 0.05874167547632088 0.1394145228570733
0 0.13229009947964654 0.2480932734938495 0.07905567970348787 0.12400512035753683
0 0.025496688741721854 0.21411764705882352 0.05099337748344371 0.10823529411764705
0 0.03245033112582781 0.16058823529411764 0.06490066225165562 0.09058823529411765
0 0.0994940590197643 0.17164156944659734 0.07868574182233999 0.09576982623988978
0 0.040066225165562915 0.03235294117647059 0.04966887417218543 0.06470588235294118
0 0.30066225165562915 0.013529411764705882 0.059602649006622516 0.027058823529411764
0 0.40033112582781455 0.04411764705882353 0.08940397350993377 0.08823529411764706
0 0.035099337748344374 0.0811764705882353 0.07019867549668875 0.08470588235294117
0 0.11488880235175844 0.058831025438372465 0.07230985052014727 0.11425103767237782
0 0.07810273045019847 0.08459533537588025 0.0484225486823547 0.10948928118227608
0 0.9778145695364239 0.27647058823529413 0.04437086092715232 0.10588235294117647
0 0.5529801324503312 0.011176470588235295 0.060927152317880796 0.02235294117647059
0 0.5824503311258278 0.06352941176470588 0.08940397350993377 0.12705882352941175
0 0.6854304635761589 0.057058823529411766 0.06357615894039735 0.11411764705882353
0 0.7741721854304636 0.06294117647058824 0.05827814569536424 0.12588235294117647
0 0.849201745245283 0.13680646736370095 0.06659565715882272 0.0822124774066036
0 0.8948282998457392 0.09384011197572337 0.05940337341718915 0.08889475115881101
0 0.9483542477916995 0.18137011765769698 0.04614347994098617 0.1375876481082125
0 0.8599337748344371 0.024705882352941175 0.05496688741721854 0.04941176470588235
0 0.868831484128771 0.05482378123508731 0.059434201573951566 0.0912476923352816
0 0.6556291390728477 0.03411764705882353 0.07152317880794702 0.06823529411764706
0 0.21456953642384105 0.5929411764705882 0.07417218543046358 0.02823529411764706
0 0.3152317880794702 0.6294117647058823 0.051655629139072845 0.1011764705882353
0 0.25364238410596024 0.6411764705882353 0.07019867549668875 0.12470588235294118
0 0.1870458963749963 0.6512518632188807 0.058664605084414984 0.13353216991589695
0 0.15298590148785862 0.6712707474069226 0.07495885714266382 0.11438796486408859
0 0.14765622951392185 0.74928353483804 0.081565959620574 0.1135538122551299
0 0.24054073930681366 0.7664460436233477 0.07073872195479025 0.09535904466475786
0 0.43509933774834436 0.6052941176470589 0.046357615894039736 0.052941176470588235
0 0.3831417497939366 0.6560903577584108 0.07406539431131716 0.09670667424263149
0 0.37748344370860926 0.6 0.04768211920529802 0.042352941176470586
0 0.4498513513963355 0.7236996482058564 0.05697016389200891 0.1052284122023945
0 0.41340411236178065 0.7488928387482103 0.07260271800938932 0.13660397884884848
0 0.4506622516556291 0.7876470588235294 0.0576158940397351 0.06
0 0.38912236723836635 0.9077460735176336 0.06467111222022055 0.1373696678619518
0 0.45 0.9058823529411765 0.05894039735099338 0.10588235294117647
0 0.46192052980132453 0.9494117647058824 0.035099337748344374 0.1011764705882353
0 0.35033112582781456 0.9776470588235294 0.06754966887417219 0.04470588235294118
0 0.25794701986754964 0.9664705882352941 0.06688741721854305 0.06705882352941177
0 0.07913907284768212 0.9411764705882353 0.08543046357615894 0.11764705882352941
0 0.20629139072847683 0.9405882352941176 0.08278145695364239 0.1188235294117647
0 0.057482105799690784 0.7528633044375245 0.07403456615455474 0.09435373306616089
0 0.0228476821192053 0.7176470588235294 0.0456953642384106 0.12941176470588237
0 0.5744273033284324 0.9466301476283506 0.06406996316335546 0.09148731492077519
0 0.7257311772385429 0.7284157174229714 0.05908023148594554 0.11474287230205993
0 0.8836784739634729 0.711268767682697 0.07845508436138342 0.1286767709125503
0 0.9632450331125828 0.7394117647058823 0.07350993377483443 0.1376470588235294
0 0.9635761589403974 0.8588235294117647 0.0728476821192053 0.16705882352941176
0 0.9529801324503311 0.6205882352941177 0.04900662251655629 0.08352941176470588
0 0.9102649006622516 0.6170588235294118 0.06158940397350993 0.07647058823529412
0 0.7264900662251655 0.6147058823529412 0.04370860927152318 0.07176470588235294
0 0.6707417224185135 0.6767167169852827 0.049962849090949224 0.12602833301342545
0 0.6323000213778807 0.7023954474279713 0.05969624090643122 0.1112476923352816
0 0.6036847503377777 0.6862004818651767 0.05556859018884481 0.09927759566536278
0 0.6096026490066225 0.6188235294117647 0.07483443708609272 0.08
0 0.5546393157678879 0.7119197388351404 0.06149802693274472 0.09723274067024115
0 0.5616303859184251 0.8105829304268832 0.06366975084020611 0.11145308312284763
0 0.5161733861801616 0.8406081093442725 0.0665807967952024 0.13159001031455828
0 0.4913907284768212 0.8294117647058824 0.02384105960264901 0.09647058823529411
0 0.4923841059602649 0.6141176470588235 0.025827814569536423 0.07058823529411765
0 0.5146344700584693 0.7304540662535981 0.04143009424491542 0.08091166908535236