0 0.0077348066298342545 0.21660117878192534 0.015469613259668509 0.09528487229862476
0 0.02016574585635359 0.10019646365422397 0.04033149171270718 0.12573673870333987
0 0.11602209944751381 0.03683693516699411 0.049723756906077346 0.07367387033398821
0 0.15917143592869326 0.10741012629038187 0.03521215391125295 0.08486736463305644
0 0.12882332919496037 0.11248640407990888 0.04420646730781318 0.08998760775925432
0 0.06881671257754317 0.14723413425076257 0.04121223478203354 0.08372151999449823
0 0.09890208510662206 0.14959967912224179 0.04295857636030879 0.07223144325148963
0 0.13616560583918827 0.32035837186316674 0.0954485503457069 0.1213192066495239
0 0.10505076375935825 0.22826690399554844 0.053254816261448235 0.12442852776383244
0 0.2541436464088398 0.17927308447937132 0.030939226519337018 0.1168958742632613
0 0.14049295488658617 0.21855421465927177 0.05480798985092898 0.10802685966522474
0 0.30027624309392265 0.4165029469548134 0.06132596685082873 0.04518664047151277
0 0.3929574180650871 0.3856815897022157 0.062426895687486744 0.10612200363836889
0 0.4106196810467737 0.33343205223060096 0.053355315095408834 0.09903712396993133
0 0.3630479184954393 0.3383600387981577 0.054576188264376 0.10213295003850567
0 0.330097723123126 0.34082432209855845 0.05350984948644423 0.10296639705441071
0 0.3711693185018001 0.20592525367664094 0.059394029563948306 0.09887359760249297
0 0.33555516925470463 0.23244900706336608 0.051724874310410306 0.11347415552629936
0 0.3114466459579635 0.2549538165925361 0.03986384500056846 0.09135675928063476
0 0.2982158882982608 0.2927809776200065 0.039465893203758554 0.09521159673750672
0 0.8360241942390143 0.38178294118978007 0.07833309434172406 0.10533368202562414
0 0.62658963800726 0.29594079871778434 0.09180511893821593 0.18238646582639254
0 0.5492745260965346 0.24364961604247728 0.07968148412318925 0.0976984427394874
0 0.5393857033424411 0.2958393729987083 0.08423646251863849 0.17159561995629782
0 0.5346705113458148 0.15476504765159976 0.05456457244515454 0.11581097020657607
0 0.5025355363660008 0.1497130726633869 0.05108350510782589 0.12511310352452265
0 0.45857412213507115 0.2252563213101613 0.07931055010491672 0.1162136186355496
0 0.4709395386847633 0.13718205720036408 0.04923287855549574 0.11997820528610134
0 0.43955791886124684 0.15128528849898815 0.06422727282283656 0.12395260377374087
0 0.6612091651612688 0.13821044806506458 0.06972511692275218 0.1100366216106247
0 0.6017725871599982 0.08153547095027731 0.06374826769041451 0.08382642591304214
0 0.5972463909136644 0.11473354798710983 0.055681160640066604 0.10228182129372049
0 0.4052486187845304 0.06974459724950884 0.062430939226519336 0.13948919449901767
0 0.43580275889898085 0.04168236564151827 0.04717368205505539 0.08159335708482006
0 0.6226519337016575 0.025540275049115914 0.05856353591160221 0.05108055009823183
0 0.5848066298342541 0.023575638506876228 0.05911602209944752 0.047151277013752456
0 0.5116022099447514 0.032907662082514735 0.051933701657458566 0.06581532416502947
0 0.5346552380859679 0.05552101201080372 0.057415886399120264 0.10446976471878239
0 0.5441988950276243 0.021611001964636542 0.057458563535911604 0.043222003929273084
0 0.4734806629834254 0.0343811394891945 0.051933701657458566 0.068762278978389
0 0.4744091189023396 0.07005678199609323 0.0654443598517093 0.0850320510669842
0 0.8288885944728495 0.1862271696093238 0.07038188808465265 0.12673603221966204
0 0.793274702624692 0.07153505394983735 0.06190142727817886 0.12070790644995172
0 0.8428921527871981 0.09743843948114451 0.0673103883633554 0.11850530791266625
0 0.9019502244900073 0.08800034992047268 0.061337325271111964 0.1343114909904147
0 0.8455801104972376 0.04027504911591356 0.07237569060773481 0.08055009823182711
0 0.8298342541436464 0.019646365422396856 0.06961325966850829 0.03929273084479371
0 0.9911602209944751 0.04616895874263261 0.017679558011049725 0.09233791748526522
0 0.6950276243093922 0.06728880157170923 0.06077348066298342 0.13457760314341846
0 0.27790055248618784 0.35363457760314343 0.016574585635359115 0.13948919449901767
0 0.23115864008985426 0.7966890023505022 0.07164139485137863 0.1308141765593562
0 0.2516574585635359 0.44793713163064836 0.03591160220994475 0.01768172888015717
0 0.08445815525761012 0.7878155603625772 0.06517392466739744 0.0781558231691453
0 0.02679558011049724 0.8786836935166994 0.05359116022099448 0.08349705304518663
0 0.015193370165745856 0.7730844793713163 0.03038674033149171 0.10216110019646366
0 0.03192373976484222 0.7583550798848278 0.03545557131702752 0.0770832540917051
0 0.12750978687115963 0.6679563360739987 0.038476821621344436 0.09800968029565141
0 0.22749236314232743 0.6752238246119868 0.04188062176315547 0.08674291043546506
0 0.23628795803942085 0.5387481129645796 0.030997048216506215 0.07550545079972604
0 0.21450338721729018 0.5426706385261917 0.03693147771099065 0.05871694945085767
0 0.19081794042584904 0.5547494527671923 0.03879372008254226 0.050173827521208705
0 0.02016574585635359 0.6964636542239686 0.04033149171270718 0.06679764243614932
0 0.07793475644650698 0.6854982613547869 0.038295269451771786 0.07942006877198182
0 0.04156927381263028 0.643490370202057 0.05566575868075065 0.07394346268645992
0 0.08155887105511858 0.6223022592349955 0.048174369456690964 0.06511725335860495
0 0.1559630829441309 0.5229070322060059 0.03242270519348901 0.06983484805582918
0 0.0060773480662983425 0.47347740667976423 0.012154696132596685 0.068762278978389
0 0.01712707182320442 0.48035363457760316 0.03425414364640884 0.0825147347740668
0 0.0430939226519337 0.4425343811394892 0.04419889502762431 0.0068762278978389
0 0.04561659362601103 0.49926043827099037 0.0433565281571186 0.0683766057946177
0 0.05715693833456069 0.5243687546666854 0.03199773561814179 0.05902934707351091
0 0.06408839779005525 0.45039292730844793 0.03314917127071823 0.022593320235756387
0 0.08342541436464089 0.4430255402750491 0.030939226519337018 0.007858546168958742
0 0.15441988950276242 0.46611001964636545 0.03370165745856354 0.054027504911591355
0 0.28701657458563534 0.9410609037328095 0.034806629834254144 0.11394891944990176
0 0.32626693163645143 0.8174594426191906 0.059525332316540815 0.1301589110231131
0 0.275414364640884 0.8546168958742633 0.011602209944751382 0.1100196463654224
0 0.32111528294472536 0.6087985731899432 0.05877967813990127 0.1251728840399065
0 0.39303128521891756 0.5591147447378052 0.047536786394200954 0.11877258013215927
0 0.43158360966520154 0.5578707417035701 0.057327003384381056 0.1161831483446131
0 0.32955801104972376 0.47347740667976423 0.04143646408839779 0.068762278978389
0 0.3703910960359506 0.47773177952331763 0.059019309405581345 0.07537239472322414
0 0.455199618940252 0.4875374069560692 0.05345581392936943 0.07364572017603023
0 0.4585635359116022 0.45235756385068765 0.04419889502762431 0.026522593320235755
0 0.42679558011049723 0.46414538310412573 0.04696132596685083 0.05009823182711198
0 0.5903314917127072 0.4901768172888016 0.054696132596685085 0.10216110019646366
0 0.6137570895433054 0.6143036965905989 0.05583569503110197 0.10621109437819987
0 0.6887000213319561 0.6486452981330111 0.06095098929352349 0.12448830827921628
0 0.6400552486187845 0.47003929273084477 0.054696132596685085 0.0618860510805501
0 0.6781767955801105 0.48870333988212183 0.06022099447513812 0.09921414538310412
0 0.7855301732456836 0.5333908550337565 0.06784747259188462 0.09024138493301304
0 0.7505524861878453 0.4793713163064833 0.044751381215469614 0.08055009823182711
0 0.988950276243094 0.7549115913555993 0.022099447513812154 0.08742632612966601
0 0.9947513812154696 0.537328094302554 0.010497237569060774 0.09430255402750491
0 0.9310115492795386 0.6313056442571302 0.04555485708927823 0.08235236847311779
0 0.8327154711199605 0.589247620278107 0.04897405919040521 0.09942395722019204
0 0.8603707131303264 0.5721901066100116 0.042765408371514296 0.06731985189589042
0 0.8874945501223049 0.647537618498677 0.04915182521988362 0.07599718996853051
0 0.8891560522248734 0.5485614351106187 0.047919336231694934 0.08657938406802668
0 0.9748618784530386 0.6031434184675835 0.05027624309392265 0.09233791748526522
0 0.9895027624309393 0.46512770137524556 0.020994475138121547 0.05206286836935167
0 0.8684533508394595 0.5093809377404808 0.05286469414376526 0.07258896627730299
0 0.855104799316433 0.5230296476841039 0.05065474939238404 0.07229122376687336
0 0.8765193370165746 0.46660117878192536 0.03038674033149171 0.0550098231827112
0 0.812707182320442 0.46954813359528486 0.045303867403314914 0.060903732809430254