0 0.4824938574938575 0.23526200873362446 0.03501228501228501 0.19978165938864628
0 0.44145204258499704 0.2977876876065921 0.07986354988012094 0.19463857370520202
0 0.40158850399821594 0.27521988627959765 0.07932085131435944 0.19676476608589727
0 0.35311059790085136 0.2435991428350498 0.09521981523638658 0.19606891702624568
0 0.3010927481276843 0.3201691084098852 0.10562629965440247 0.19594984742778676
0 0.23834945881934838 0.3796700001399281 0.09655564453762107 0.19945845366223486
0 0.07865612892421614 0.4137075879050741 0.09056835889628234 0.16624965209644407
0 0.027948402948402947 0.43777292576419213 0.055896805896805894 0.13973799126637554
0 0.02334152334152334 0.49672489082969434 0.04668304668304668 0.10480349344978165
0 0.47235872235872234 0.08733624454148471 0.05528255528255528 0.17467248908296942
0 0.40436835045590475 0.11563331299282957 0.0898588966134878 0.12591385272884903
0 0.4452157297094085 0.16822294838095941 0.10888854925106738 0.1646909549113908
0 0.3964987714987715 0.04475982532751092 0.06941031941031942 0.08951965065502183
0 0.3341203235768879 0.08713536012093237 0.08193307427252917 0.164356956779891
0 0.27759686406747974 0.18602570356029377 0.08666214086321707 0.17785788959100585
0 0.22544528409463896 0.17391025973908794 0.099418299665502 0.1746925657536085
0 0.2750091605118511 0.08826106624666598 0.08573802243495586 0.13097187188279968
0 0.30282555282555285 0.04148471615720524 0.10196560196560196 0.08296943231441048
0 0.4527027027027027 0.05786026200873363 0.08108108108108109 0.11572052401746726
0 0.19993857493857495 0.07969432314410481 0.07923832923832924 0.15938864628820962
0 0.15816953316953317 0.08133187772925764 0.10626535626535627 0.16266375545851527
0 0.13943488943488944 0.04421397379912664 0.0945945945945946 0.08842794759825327
0 0.14557739557739557 0.013646288209606987 0.08230958230958231 0.027292576419213975
0 0.05047964389008196 0.11793491692089422 0.07684018923730203 0.1584407316333142
0 0.018734643734643733 0.14956331877729256 0.03746928746928747 0.14410480349344978
0 0.10491814690768289 0.1528330906021354 0.07186674867899775 0.11879613919259557
0 0.11517821153351158 0.2121043733310425 0.07964340872088375 0.09448796114670323
0 0.12894792882466904 0.2562657755301028 0.09145121628652843 0.11844357252999448
0 0.058991881747540525 0.27427963003655276 0.10950279986531798 0.16474816864423256
0 0.017813267813267815 0.26692139737991266 0.03562653562653563 0.15829694323144106
0 0.05958230958230958 0.055131004366812224 0.09090909090909091 0.11026200873362445
0 0.5857238998716318 0.24843370326017758 0.09643071504692752 0.13958642673848923
0 0.7465684073388437 0.1743200989916121 0.07268959723662022 0.14390530949827243
0 0.5998157248157249 0.047489082969432314 0.07432432432432433 0.09497816593886463
0 0.9282319418441823 0.07746165599498285 0.06634455135283716 0.09977947736479606
0 0.969664140483949 0.0538918602734891 0.0550018321023702 0.0900160057194962
0 0.8669054077828741 0.05798803837421823 0.08260127551730848 0.11000065887283006
0 0.941953316953317 0.025655021834061136 0.05958230958230958 0.05131004366812227
0 0.898034398034398 0.034388646288209604 0.05036855036855037 0.06877729257641921
0 0.17627465734995396 0.7321122371482532 0.09504699331725887 0.172108663510179
0 0.43796068796068793 0.8913755458515283 0.10319410319410319 0.21724890829694324
0 0.31485006242049013 0.8621068922970491 0.10067651871615299 0.19440043450828418
0 0.3793166590946549 0.8363915815939897 0.08579139987716043 0.18866049269300816
0 0.3538083538083538 0.9383187772925764 0.14004914004914004 0.12336244541484716
0 0.3918918918918919 0.9737991266375546 0.12530712530712532 0.05240174672489083
0 0.10411547911547911 0.9677947598253275 0.11240786240786241 0.06441048034934498
0 0.056818181818181816 0.9841703056768559 0.0988943488943489 0.03165938864628821
0 0.09778733802659637 0.8188129214990844 0.10667592076168132 0.19060575960962747
0 0.025798525798525797 0.8171397379912664 0.051597051597051594 0.14737991266375547
0 0.06072427641651164 0.6842906641868586 0.08044202447012729 0.19360408438127508
0 0.36466191509469015 0.6806190058067485 0.10707551523046528 0.18411275500185773
0 0.4785012285012285 0.6413755458515283 0.042997542997543 0.18449781659388648
0 0.4597665847665848 0.6932314410480349 0.08046683046683047 0.17467248908296942
0 0.34336609336609336 0.5769650655021834 0.09213759213759214 0.055676855895196505
0 0.057125307125307126 0.5780567685589519 0.08108108108108109 0.05786026200873363
0 0.13862980545465362 0.6644413280966973 0.12020155067938437 0.15486098526769837
0 0.025798525798525797 0.6108078602620087 0.051597051597051594 0.12336244541484716
0 0.44686732186732187 0.5933406113537117 0.07923832923832924 0.08842794759825327
0 0.39711302211302213 0.6118995633187773 0.06941031941031942 0.12554585152838427
0 0.519041769041769 0.9295851528384279 0.038083538083538086 0.1408296943231441
0 0.551612073667553 0.8640645186153757 0.07684624743939683 0.13993899340109045
0 0.7391437359314696 0.777062331062472 0.08187363862822981 0.12517007420190637
0 0.7958127554505788 0.7860194142454432 0.07499743739455034 0.15826909043478893
0 0.5561749497295323 0.7212849152428368 0.07359005604482659 0.15269614768526277
0 0.9470265944114494 0.6060368992703609 0.07519449212205669 0.10822239102196049
0 0.7171375921375921 0.5682314410480349 0.06572481572481573 0.03820960698689956
0 0.766341415559063 0.6387446447818207 0.06438235503316218 0.13333620346041275
0 0.811175652197263 0.6531842079822804 0.06972567223810068 0.14689435000436935
0 0.5135135135135135 0.8258733624454149 0.02702702702702703 0.13864628820960698
0 0.6455489872913208 0.6001716198701503 0.05575918681359877 0.09444003167941217
0 0.609448276046465 0.6172221251838413 0.05156676058657773 0.0973146447198256