0 0.6346368715083799 0.024353876739562623 0.06256983240223464 0.048707753479125246
0 0.5609876378139488 0.21427505819321851 0.06286202640567048 0.13340969141231102
0 0.5468796680463004 0.37349428364255877 0.059374371706148364 0.09857217231303034
0 0.5282122905027933 0.4095427435387674 0.07541899441340782 0.07952286282306163
0 0.45446927374301677 0.4309145129224652 0.044134078212290505 0.036779324055666
0 0.3729050279329609 0.41898608349900596 0.04636871508379888 0.06063618290258449
0 0.33491620111731846 0.4294234592445328 0.04860335195530726 0.039761431411530816
0 0.2935754189944134 0.4194831013916501 0.06312849162011173 0.05964214711729622
0 0.2969079659104447 0.34688434928306927 0.051223435426294976 0.12025589313260744
0 0.2608028453386284 0.3496184700074788 0.056523623530091244 0.1124192733857792
0 0.19159695201799845 0.3336686754584088 0.0524698069674643 0.10836216366979155
0 0.23491620111731842 0.4150099403578529 0.049720670391061456 0.06858846918489066
0 0.2701117318435754 0.4309145129224652 0.05195530726256983 0.036779324055666
0 0.13212290502793297 0.4239562624254473 0.04748603351955307 0.05069582504970179
0 0.10201082303350442 0.32559054882672156 0.05860755571888467 0.13928137289565823
0 0.0829608938547486 0.415506958250497 0.049720670391061456 0.06759443339960239
0 0.1911002502776794 0.10720779954267397 0.06062738953416211 0.1333634247981198
0 0.13292519563548724 0.17247977304854725 0.07306859701017314 0.10680205828048356
0 0.13687150837988826 0.02186878727634195 0.07486033519553073 0.0437375745526839
0 0.06456726057193965 0.08648515559729757 0.05103028394736368 0.09939270829510162
0 0.024022346368715083 0.053180914512922464 0.048044692737430165 0.09244532803180915
0 0.01983240223463687 0.02286282306163022 0.03966480446927374 0.04572564612326044
0 0.6760935164531217 0.26552977668052147 0.0521334534510457 0.08352283569113265
0 0.711173184357542 0.2509940357852883 0.03687150837988827 0.07455268389662027
0 0.723463687150838 0.2271371769383698 0.012290502793296089 0.08648111332007952
0 0.7093279499883476 0.3890035007270789 0.038876336904710554 0.0564294031102978
0 0.714245810055866 0.32007952286282304 0.030726256983240222 0.073558648111332
0 0.05566290316862207 0.2639725932122189 0.04535043917254934 0.11218794031482336
0 0.0223463687150838 0.24453280318091453 0.0446927374301676 0.073558648111332
0 0.011731843575418994 0.23111332007952287 0.02346368715083799 0.09443339960238568
0 0.9810055865921787 0.12276341948310139 0.03798882681564246 0.09443339960238568
0 0.9770949720670391 0.029324055666003976 0.04581005586592179 0.05864811133200795
0 0.8069832402234637 0.05467196819085487 0.04748603351955307 0.10934393638170974
0 0.7581693670038414 0.04842367404738183 0.05067227885364544 0.08945235044221893
0 0.8926347386105897 0.08139826550564473 0.04887389438144342 0.1480194951993923
0 0.8623709932849527 0.1311929362083518 0.06266887492673928 0.11254650657480497
0 0.8671025527406052 0.2090685955305857 0.0537020295765616 0.08057542829591119
0 0.7374301675977654 0.1312127236580517 0.01564245810055866 0.10934393638170974
0 0.7573821839768528 0.10903094031609689 0.041304125255150016 0.07733885456199482
0 0.8111712480418048 0.12678987151566373 0.05065812992157334 0.07355934453115445
0 0.832791208959994 0.17749691500900214 0.051538993723796826 0.08251723325229653
0 0.8194341935307707 0.2383644309825426 0.05973987944509414 0.07772055412907215
0 0.7879852800732496 0.3055662945813422 0.05364457748989001 0.09448036263639935
0 0.7329608938547486 0.22415506958250497 0.0067039106145251395 0.06461232604373758
0 0.7349162011173185 0.3320079522862823 0.010614525139664804 0.06759443339960239
0 0.7522346368715084 0.3374751491053678 0.045251396648044694 0.08648111332007952
0 0.7742123792844451 0.32373075507490434 0.04103187011224753 0.08527957419075335
0 0.7867684909337991 0.37810199027351643 0.03561013154826361 0.0742410806706521
0 0.8270635556396936 0.37528111964749844 0.04703391947140826 0.08143066423862583
0 0.8282122905027933 0.42296222664015903 0.031843575418994415 0.05268389662027833
0 0.794413407821229 0.426441351888668 0.03910614525139665 0.04572564612326044
0 0.8759776536312849 0.4135188866799205 0.03798882681564246 0.07157057654075547
0 0.8524434264003073 0.39909136367031445 0.036741598916089885 0.09015721988881228
0 0.8997206703910614 0.42196819085487075 0.038547486033519554 0.05467196819085487
0 0.9290502793296089 0.4284294234592445 0.05139664804469274 0.041749502982107355
0 0.9334739877132082 0.3889706780577074 0.054733598061500036 0.06271748412136569
0 0.8885655908684265 0.3183832670685148 0.0354952273749205 0.10205094935162817
0 0.9232386910653697 0.3554105777556361 0.03916274097968498 0.06438168939260396
0 0.9131249448777189 0.3029753641866355 0.03422055796960695 0.08215866699231468
0 0.9412048591316747 0.31381687638651284 0.04027255677021163 0.09519679873654034
0 0.9641527620400435 0.30440210485023256 0.06270467543611112 0.11354054236009324
0 0.9773743016759776 0.2738568588469185 0.045251396648044694 0.06461232604373758
0 0.9826815642458101 0.21520874751491054 0.034636871508379886 0.07654075546719682
0 0.990782122905028 0.3648111332007952 0.018435754189944135 0.09343936381709742
0 0.9899441340782122 0.4100397614314115 0.02011173184357542 0.06858846918489066
0 0.9698324022346368 0.4254473161033797 0.0446927374301676 0.04771371769383698
0 0.6231843575418995 0.46520874751491054 0.04860335195530726 0.03180914512922465
0 0.6498177765998291 0.49249275739585197 0.04802968744697508 0.06257868427879215
0 0.4631910818570824 0.6135654924432239 0.061107801446451046 0.08470193793318566
0 0.5169260169787853 0.5940769983283501 0.05921702073658875 0.07870302326081269
0 0.27404538477370005 0.6030788524360214 0.06792575987593617 0.13450782707952946
0 0.20534155494265882 0.6506895148776617 0.05223335233393366 0.11729691908383835
0 0.14428616972269068 0.6176849621557957 0.05474774699357212 0.07861049003243037
0 0.016201117318435754 0.49055666003976145 0.03240223463687151 0.07654075546719682
0 0.011452513966480447 0.5452286282306164 0.022905027932960894 0.07654075546719682
0 0.02011173184357542 0.5989065606361829 0.04022346368715084 0.07654075546719682
0 0.05398735369418238 0.6061450602559212 0.05586506542932631 0.07863362333952587
0 0.08687707470937894 0.6461891782595508 0.05477604485771628 0.1103965018545593
0 0.015363128491620111 0.691351888667992 0.030726256983240222 0.08846918489065607
0 0.03846815877057766 0.7425477292578224 0.048495094068808565 0.07550114948753979
0 0.0223463687150838 0.7877733598409543 0.0446927374301676 0.05666003976143141
0 0.15038232803627802 0.711921728647869 0.05826455591562172 0.06775706296909374
0 0.17774290895937517 0.7659864475274644 0.047664179708028935 0.08343030246275022
0 0.2418172191136096 0.8004184373327498 0.06436650415767026 0.09768223640967214
0 0.16480177888973335 0.8695570189809831 0.04575925006609474 0.061538381879312785
0 0.1580150132886231 0.8254959263388721 0.053709532221789265 0.04978345225907053
0 0.13873751894924952 0.8104989878678507 0.04843099569529263 0.04272110188012258
0 0.03811143821443418 0.8687035240878244 0.03888298319155491 0.10311438505820315
0 0.00558659217877095 0.9174950298210736 0.0111731843575419 0.0636182902584493
0 0.3358809808447312 0.9166729647576415 0.052011902990858165 0.06464772242420337
0 0.33411968141947573 0.973327221192299 0.04812294004301832 0.049667785723592386
0 0.42150837988826817 0.9746520874751491 0.043016759776536316 0.05069582504970179
0 0.4224002740593625 0.8006527680511902 0.0549700526950308 0.05378272870731911
0 0.5455307262569833 0.9806163021868787 0.045251396648044694 0.03876739562624255
0 0.6691461790291402 0.9013299350682037 0.04330981013835548 0.055527900553391955
0 0.6497317007599323 0.8048856787980571 0.05257056220873526 0.06465928907775123
0 0.7026144981227473 0.8013075405745694 0.035631783125563234 0.059342110544875905
0 0.6412559908205829 0.559717406091836 0.0496840135233063 0.07751235436521182
0 0.6553915043841028 0.6244855337485576 0.039972003763164926 0.0713515065431696
0 0.6865182132572775 0.5662299922173525 0.037565010631641846 0.11302004295044239
0 0.7139664804469273 0.5432405566600398 0.03128491620111732 0.1143141153081511
0 0.6024770860137213 0.683192174768127 0.06196036738453037 0.061873814832198906
0 0.3807262569832402 0.9826043737574552 0.044134078212290505 0.03479125248508946
0 0.27039106145251396 0.9771371769383698 0.048044692737430165 0.04572564612326044
0 0.2988826815642458 0.9781312127236581 0.04022346368715084 0.0437375745526839
0 0.2900963278787229 0.9479163884927576 0.03518052543580165 0.06231265124719286
0 0.32472237359845296 0.939749770909906 0.04689822007914862 0.04666254506063208
0 0.2431331530676752 0.9498820231760609 0.04466358320764024 0.046616278446440874
0 0.1254189944134078 0.9761431411530815 0.031843575418994415 0.04771371769383698
0 0.09117902805256961 0.735993267005244 0.04263624674713514 0.08332620258082017
0 0.11929056331409188 0.6917062764090397 0.05292856730245355 0.07459964693063394
0 0.1303393022472156 0.7724310265713388 0.06552712574802395 0.06790742946521523
0 0.1868625998882257 0.9545235971061236 0.04338141115709902 0.057515972123968494
0 0.21464860742197941 0.9425254195514663 0.03311074217908042 0.05134355764837831
0 0.572624190187477 0.6440784759552728 0.03230812568244496 0.09105872244571814
0 0.7757996097329194 0.579898854789844 0.05867251045078393 0.0945844625183294
0 0.8243317888486745 0.6196191064941353 0.058479358971852476 0.07372127768082358
0 0.7402234636871509 0.6858846918489065 0.021229050279329607 0.08946322067594434
0 0.9756983240223464 0.47713717693836977 0.04860335195530726 0.055666003976143144
0 0.9877094972067039 0.532803180914513 0.024581005586592177 0.0775347912524851
0 0.9133221735683451 0.5124873985875394 0.03330389365801137 0.07220674248588435
0 0.8454305014850143 0.49104727391228836 0.0527137642462226 0.06863543221890409
0 0.8729983828191148 0.5083558020433135 0.06175971326037163 0.07180260603153375
0 0.8819877361049754 0.5687606518749421 0.042020135442586586 0.09721957026776024
0 0.9495393033492738 0.5996441165104317 0.03921269042112884 0.0812687310889567
0 0.9769635544666954 0.5821903087902368 0.04402582032579168 0.07540861625915736
0 0.9250411527492667 0.6443529417512194 0.041125122708290954 0.07236867563555348
0 0.8220855721202436 0.8679892529736293 0.048409344117993004 0.057620072005898554
0 0.8139030148328239 0.9014340349501339 0.048409344117993004 0.057620072005898554
0 0.7379888268156425 0.9831013916500994 0.01675977653631285 0.033797216699801194
0 0.8653631284916201 0.9850894632206759 0.04022346368715084 0.02982107355864811
0 0.8873746328080812 0.9694434750378123 0.04012270844587981 0.044535673647481906
0 0.9821772385514032 0.863681370946897 0.020333181186650912 0.05306559618735566
0 0.9473801211092333 0.9463486224854037 0.032172426290185414 0.056290603267724164
0 0.9123223283810834 0.7727512745298493 0.0522983070658326 0.07260000870650932
0 0.9312984133550272 0.7341165472094953 0.04376106782811706 0.05255735985107478
0 0.7701364829653269 0.7836414908132961 0.02982288524533373 0.08405420533450902
0 0.7789501568477505 0.8256740285974133 0.03923434199842865 0.06636976096318051
0 0.9048811841810136 0.8166102989447851 0.047184624154123306 0.05461483134293825
0 0.8993845214548639 0.8529793550094154 0.04372526731874523 0.0515633240657865
0 0.906980549839454 0.8900706305009609 0.0335403482915422 0.06327198707183755
0 0.9358518266222038 0.8944393434429168 0.03460771728585253 0.04640807868258053
0 0.9876580396287146 0.688251404823839 0.02147215119970466 0.038189759368674955
0 0.9722270614409646 0.7059535473854004 0.03280268652680618 0.05829024149184856
0 0.7427374301675977 0.8225646123260437 0.026256983240223464 0.06858846918489066
0 0.9406428767703754 0.8466620091545669 0.028913723578966075 0.043310304791237805
0 0.9842748914930772 0.7821877865335805 0.022152360877769537 0.05707643928915209
0 0.7396648044692737 0.8817097415506958 0.02011173184357542 0.06759443339960239