0 0.32943396359951854 0.46558172477173176 0.08871694375920758 0.11427095549035984
0 0.3900523560209424 0.03165735567970205 0.06387434554973823 0.0633147113594041
0 0.4242162895233523 0.4689912967803423 0.08941120042927793 0.12082116104854598
0 0.11875696749211617 0.2769456143577149 0.09304026585909733 0.13963822307550186
0 0.18479939248135993 0.4197184982244297 0.09927421795485873 0.13816620187801673
0 0.0743160732906031 0.08774637107742642 0.0630495791162493 0.0922260793864458
0 0.35209424083769636 0.020018621973929236 0.05706806282722513 0.04003724394785847
0 0.5125961710223458 0.24783907929459173 0.06766408016641107 0.08879431674717735
0 0.49089633882208533 0.48762507808416955 0.07807504311007987 0.10710297095606307
0 0.343717277486911 0.5335195530726257 0.10314136125654451 0.0521415270018622
0 0.4637651786834843 0.4158728459675885 0.07203617268362819 0.11602378172524279
0 0.48139268103689986 0.33158032948713545 0.08814461313245589 0.11237624341448303
0 0.11463594483000031 0.09500301946140179 0.062330937237515247 0.08474477513179793
0 0.7121766476391943 0.05185162468478708 0.05437999326149901 0.08053266010165253
0 0.2647384605005233 0.2813586915709892 0.07195154623015139 0.13275104357860226
0 0.4256544502617801 0.05819366852886406 0.08691099476439791 0.11638733705772812
0 0.5777764911872304 0.49338456773000194 0.05654738972518664 0.08345601492285085
0 0.5553781880589063 0.35069000392607963 0.06395038828311488 0.08670451657358137
0 0.5840363108463766 0.2843041383498924 0.05911642035497945 0.0817563909446932
0 0.37334351325041065 0.19606411373898666 0.0588481830596782 0.07151430528361312
0 0.3898270761271694 0.09557491411931134 0.07514023435033058 0.09483611448729323
0 0.3817605856963668 0.4335149689105239 0.0827268437500835 0.12505396365246343
0 0.4728995658575668 0.17686719956888777 0.05638960764571879 0.09738998068682496
0 0.218689586080896 0.11363974767522905 0.0562432963937362 0.091803388508054
0 0.3446423554593554 0.27407245567947003 0.08889911104733936 0.10126808842284767
0 0.506544502617801 0.5242085661080075 0.0905759162303665 0.07076350093109869
0 0.1049738219895288 0.03026070763500931 0.06335078534031413 0.06052141527001862
0 0.44607329842931936 0.038640595903165736 0.07539267015706806 0.07728119180633147
0 0.4033083712309021 0.18955528332834454 0.06342682807369078 0.086672001890628
0 0.4376216582967933 0.13676197934512285 0.07034356601203727 0.11127074419407398
0 0.3143979057591623 0.011638733705772812 0.051832460732984295 0.023277467411545624
0 0.17438850713974793 0.09872887783495386 0.06636163683343994 0.09893885835939772
0 0.7150367796172026 0.42164855348571634 0.04840136407986045 0.07179511032101074
0 0.24659685863874345 0.036312849162011177 0.05759162303664921 0.07262569832402235
0 0.1667539267015707 0.03026070763500931 0.06335078534031413 0.06052141527001862
0 0.33101543207945816 0.3353417086574125 0.09755722607460413 0.1324820656503861
0 0.21047120418848167 0.034916201117318434 0.05549738219895288 0.06983240223463687
0 0.5552356020942408 0.5363128491620112 0.08219895287958115 0.04655493482309125
0 0.6368778318304925 0.49203815529744377 0.05984797661489191 0.10968935183854794
0 0.49208411268122987 0.13291490296975805 0.07492221102604962 0.12642844080108886
0 0.6326965679235637 0.29243719985130917 0.05061753096087545 0.0765806625351327
0 0.5628263481499303 0.4455098413373056 0.06718929037431459 0.09062399945714762
0 0.3472422672894296 0.09496601534238158 0.055402728471683496 0.07966659077109702
0 0.112565445026178 0.008379888268156424 0.05654450261780105 0.01675977653631285
0 0.34214435392604287 0.15988872018567427 0.0710980639269205 0.1001625892024385
0 0.6792195491594695 0.3123227964488349 0.06010329952901475 0.09947978086042103
0 0.00968586387434555 0.03677839851024209 0.0193717277486911 0.07355679702048418
0 0.01806282722513089 0.25558659217877094 0.03612565445026178 0.13128491620111732
0 0.5387841699663144 0.4753552549708091 0.056254767221221705 0.07228283056530894
0 0.7225130890052356 0.3514897579143389 0.03455497382198953 0.07728119180633147
0 0.032722513089005235 0.164804469273743 0.06544502617801047 0.1005586592178771
0 0.7023560209424083 0.527001862197393 0.04869109947643979 0.06517690875232775
0 0.243083184459597 0.13025172481595718 0.05778959181334477 0.09096983386045177
0 0.4434267039104001 0.214486549603618 0.05116547637896345 0.0775442759145478
0 0.13900523560209424 0.03165735567970205 0.051832460732984295 0.0633147113594041
0 0.6668140127422703 0.43672793002993887 0.05002081512546007 0.07375485176279407
0 0.028272251308900525 0.06471135940409684 0.05654450261780105 0.08845437616387337
0 0.7350785340314137 0.08147113594040968 0.009424083769633508 0.06424581005586592
0 0.02382198952879581 0.21461824953445066 0.04764397905759162 0.09404096834264432
0 0.7256544502617801 0.27932960893854747 0.028272251308900525 0.08193668528864059
0 0.2606117024246647 0.08965581770330344 0.05680271263930947 0.07324644394472393
0 0.2835078534031414 0.020484171322160148 0.05287958115183246 0.040968342644320296
0 0.6013089005235602 0.5363128491620112 0.06230366492146597 0.04655493482309125
0 0.6642492739725273 0.4847607996051059 0.05016712637744266 0.07934144394156502
0 0.7122468385557432 0.4683010323576673 0.045905489076058695 0.07628803038855386
0 0.4646710790893032 0.11184252044444012 0.052529604510440246 0.08971358833445793
0 0.7290575916230366 0.34590316573556795 0.021465968586387434 0.07541899441340782
0 0.35333416119223027 0.321406259571143 0.07061035975364562 0.0815406152732019
0 0.8014328366933048 0.4682243534938947 0.09002083064587149 0.1440986284600916
0 0.850295354407237 0.43869668981303733 0.08793806063566066 0.12444801178553361
0 0.940519128665672 0.40660036617887635 0.08121784792031705 0.1472702736357344
0 0.9801047120418848 0.40828677839851024 0.039790575916230364 0.1387337057728119
0 0.9344458457567639 0.33911788158146133 0.08064551729356548 0.14537556155985737
0 0.8707543892720039 0.33610143267828924 0.08888764021985385 0.12078864636559283
0 0.89317282454997 0.2584832669332444 0.07928138916208857 0.13320624913994733
0 0.8092877221893872 0.25811528136846373 0.049607710131869265 0.09789838850489499
0 0.7778690959870457 0.23031977608330773 0.06943128601768607 0.13631286494968356
0 0.7560209424083769 0.22486033519553073 0.032460732984293195 0.08845437616387337
0 0.7505235602094241 0.2905027932960894 0.021465968586387434 0.1564245810055866
0 0.8151832460732984 0.013500931098696461 0.05549738219895288 0.027001862197392923
0 0.7727748691099476 0.0111731843575419 0.04502617801047121 0.0223463687150838
0 0.7536649214659686 0.034916201117318434 0.02774869109947644 0.06983240223463687
0 0.9340314136125655 0.013500931098696461 0.05340314136125655 0.027001862197392923
0 0.9207523015435215 0.053656327730824245 0.05794737389281262 0.07703586809647765
0 0.8877952418648251 0.14447836219569132 0.07840352165019399 0.09968669606732163
0 0.8457992481182187 0.19124169554797843 0.07398410226934206 0.11056724827828468
0 0.8183891016336775 0.09022488385875635 0.05268883014360084 0.11575183715243577
0 0.7994764397905759 0.04981378026070764 0.06387434554973823 0.09962756052141528
0 0.7468586387434555 0.12942271880819367 0.014136125654450262 0.08193668528864059
0 0.9648776703871269 0.04533850218398366 0.041863318652648494 0.08161450510369912
0 0.9848167539267015 0.030726256983240222 0.030366492146596858 0.061452513966480445
0 0.9777486910994765 0.016294227188081937 0.042408376963350786 0.032588454376163874
0 0.9913612565445026 0.19180633147113593 0.017277486910994764 0.1042830540037244
0 0.9850785340314137 0.26210428305400374 0.029842931937172777 0.1424581005586592
0 0.9630890052356021 0.2532588454376164 0.07382198952879582 0.1527001862197393
0 0.923666256376782 0.2816883081019977 0.05768058015120429 0.10676599701734962
0 0.022513089005235604 0.8412476722532588 0.04502617801047121 0.17225325884543763
0 0.3947643979057592 0.9515828677839852 0.08586387434554973 0.09683426443202979
0 0.4531914200234514 0.9005954541502373 0.08939972960179243 0.14034171899129094
0 0.5061312424200969 0.9149698317217846 0.0777236229149945 0.15356036173029464
0 0.4077607595405176 0.8090640299495808 0.09194437502292155 0.1377109963166717
0 0.6026178010471204 0.973463687150838 0.061780104712041886 0.05307262569832402
0 0.5594240837696335 0.957635009310987 0.07591623036649214 0.08472998137802606
0 0.5560910945238976 0.8435427267001451 0.08705016584997326 0.15042123123760523
0 0.6279142187191129 0.8953221422226362 0.06622823996263566 0.11380392281983377
0 0.6460222462783677 0.8226195874235261 0.04975402138385174 0.10348498068366595
0 0.6821651069698577 0.8496569112138722 0.06891919663574737 0.11675979232398546
0 0.5828314083480607 0.7805295079519106 0.06168689453846518 0.1200289815484877
0 0.5477607750609289 0.7325099488082202 0.09329703232691285 0.16940086667932688
0 0.48356512993851203 0.6988485296291909 0.0658136914153523 0.09797524497998275
0 0.4603197628965178 0.7481657291810098 0.07120851914275367 0.1243386406274928
0 0.4082936640479164 0.7188612577831202 0.05691461140883555 0.13739470995173028
0 0.3744451395003289 0.713991471951615 0.06535325955812644 0.16022879891111216
0 0.34232219055309626 0.8029025369991286 0.096292082331475 0.1640093625982753
0 0.3013173678405751 0.8816749739890124 0.08063404646607997 0.16489611950260252
0 0.26313906400250897 0.9123982840622525 0.07497242499707014 0.16826285277596467
0 0.21963350785340313 0.925512104283054 0.07696335078534032 0.148975791433892
0 0.16063817536181088 0.8843692821764241 0.08934093191067223 0.1979722941230646
0 0.22210989488235242 0.8224526824494175 0.08476084334296698 0.14284238293409757
0 0.27217875864829366 0.7668217405846759 0.1053016175538249 0.14876594905158197
0 0.26393807927569807 0.7022626108084591 0.07162162413634458 0.10019510388539177
0 0.2163177636499238 0.7242764555517155 0.06222336912906756 0.14051315287064775
0 0.28565580069300484 0.6414204789412037 0.09291833981577854 0.13498272959319263
0 0.18157488712605985 0.7036592785877424 0.06705733705720299 0.14546127849953583
0 0.14117897285328587 0.7791403554570566 0.09461094648736958 0.13973576712436134
0 0.11376666103820546 0.7380818656407625 0.07301158103017798 0.15326772958371568
0 0.1450863416532275 0.6399248429945371 0.07318083393713133 0.11981320587699641
0 0.04663765070973236 0.6767150883485511 0.07482467019139476 0.12270404601524157
0 0.015445026178010472 0.6689944134078212 0.030890052356020943 0.13128491620111732
0 0.07198952879581152 0.6159217877094972 0.09581151832460733 0.11266294227188083
0 0.3524656767793385 0.6052007238611662 0.05881232702352913 0.09010376452989646
0 0.4942408376963351 0.5791433891992551 0.05235602094240838 0.03910614525139665
0 0.5683246073298429 0.5800744878957169 0.05392670157068063 0.040968342644320296
0 0.6837696335078534 0.5879888268156425 0.04502617801047121 0.056797020484171325
0 0.6497194924983103 0.6016137057456554 0.05128740242228212 0.0821997693968568
0 0.7345549738219895 0.6415270018621974 0.010471204188481676 0.0782122905027933
0 0.47739430619494905 0.6350904398176231 0.07688161143924911 0.10145134941138559
0 0.7541884816753927 0.925512104283054 0.028795811518324606 0.1266294227188082
0 0.8146739273956604 0.8437940231683613 0.06016498432752042 0.12179363489255167
0 0.7703197861771348 0.7810128571676851 0.048438663669702314 0.09317786565667956
0 0.7473821989528796 0.7439478584729982 0.015183246073298429 0.1005586592178771
0 0.9066505495704993 0.824603022552853 0.047245231998871796 0.08752624411200208
0 0.9060209424083769 0.9515828677839852 0.059162303664921465 0.09683426443202979
0 0.9450261780104712 0.9562383612662942 0.05235602094240838 0.08752327746741155
0 0.9761780104712042 0.8701117318435754 0.04764397905759162 0.09776536312849161
0 0.9819371727748691 0.792830540037244 0.03612565445026178 0.07541899441340782
0 0.9474014541215618 0.865297937302071 0.04711039157437495 0.06241909399048617
0 0.9634210150578914 0.6328365829069655 0.03749122613543149 0.05438504012563367
0 0.9321701982088108 0.6784678159104811 0.05558489575981503 0.06666372370358474
0 0.8546919097351747 0.6130958387950245 0.032901110293933396 0.05874790146136396
0 0.9322089413523456 0.6171128459928602 0.03539698529773515 0.054254981393820886
0 0.8774237438415375 0.6233039264508561 0.035483055304904386 0.0774999341224133
0 0.8978841834589687 0.6503855920333367 0.03212222717038648 0.0689249577565376