0 0.42539267015706805 0.10381750465549348 0.028795811518324606 0.08472998137802606
0 0.32460732984293195 0.018156424581005588 0.05759162303664921 0.036312849162011177
0 0.29895287958115185 0.04329608938547486 0.04293193717277487 0.08659217877094973
0 0.34272838818645 0.07873967731568327 0.056425463681867856 0.07767283693573343
0 0.38900523560209427 0.034916201117318434 0.06282722513089005 0.06983240223463687
0 0.22643979057591623 0.42877094972067037 0.06439790575916231 0.06238361266294227
0 0.18243870711131036 0.3925041052126212 0.041399999688037405 0.0630995527327954
0 0.23128614511352533 0.33641991079722694 0.06308543515239848 0.0723679750722534
0 0.23233110020183437 0.276255687061866 0.046380278868155406 0.07353668245830745
0 0.24724466542613885 0.2253045390087726 0.03580006301753325 0.08891025748115032
0 0.2765884223625512 0.22502203019321287 0.04537045803914911 0.09488693778878564
0 0.3071378035741262 0.23074831977922558 0.04422579678564596 0.09111919987750887
0 0.3314202249601475 0.1672919647619071 0.04115759115509275 0.09378246659060636
0 0.363557493041223 0.14359112337715643 0.06189200348156796 0.06673803976805319
0 0.29577365216203233 0.11703547446608671 0.055085720759054754 0.06645630945276249
0 0.25929870404619626 0.055161922027208224 0.053430413677305826 0.0831293997382164
0 0.22356020942408378 0.015363128491620111 0.04502617801047121 0.030726256983240222
0 0.1986910994764398 0.01675977653631285 0.05287958115183246 0.0335195530726257
0 0.08141361256544502 0.017690875232774673 0.05706806282722513 0.035381750465549346
0 0.12696335078534032 0.01722532588454376 0.042408376963350786 0.03445065176908752
0 0.10863874345549739 0.015363128491620111 0.029842931937172777 0.030726256983240222
0 0.12774869109947645 0.04888268156424581 0.04712041884816754 0.09776536312849161
0 0.1630790943648944 0.0535520616065794 0.05547588409767467 0.08135388859615168
0 0.1730289036744912 0.11326118252493242 0.04985011866481392 0.06623959382561556
0 0.12232891159067814 0.11862216954587192 0.04292190989898216 0.06130237002801574
0 0.09597374746823865 0.10293513536393524 0.05390520346940242 0.08128887390800749
0 0.0709870033373259 0.049441081943078675 0.0614545132793133 0.08997216405416934
0 0.03677843607352512 0.03407912120186207 0.05015421199626436 0.057881377120173876
0 0.07787005057006216 0.15215411540039298 0.04422435323195322 0.05112529905507987
0 0.017951805436564664 0.12573894239683422 0.03477732780734877 0.0897980130521831
0 0.006806282722513089 0.16247672253258846 0.013612565445026177 0.07914338919925512
0 0.06995211432383795 0.22005969480409662 0.04555262532728082 0.08187322760103462
0 0.14832262824423986 0.2405844845007446 0.044835427002239636 0.1143966672890545
0 0.16651456048012497 0.27478552404847895 0.04288605386283292 0.07990267239453751
0 0.19415925355435726 0.2596596149963166 0.03965862259911888 0.056516847169418634
0 0.18422524573332436 0.3006175111094141 0.047134776783038575 0.06240684122619502
0 0.18263808064067028 0.3500849356168215 0.04552824011861708 0.0809421289045728
0 0.1487529782800873 0.35708017937204606 0.04533315844930712 0.07349333933287819
0 0.10818351924030989 0.36901264692487046 0.04142438489670109 0.06403065142925722
0 0.06469288759880809 0.40949532565878316 0.031574281752298476 0.06734328652352563
0 0.06655402540050614 0.36048261471824933 0.042081341976929455 0.04917641541129728
0 0.09111114127241779 0.3175212668044484 0.03592054550715912 0.05357185014103044
0 0.10408969129218666 0.29274924006585956 0.05391811785058072 0.10175137366745289
0 0.11765276454303895 0.27028328850571054 0.047489084085509246 0.09590472273610598
0 0.06706250589821279 0.27983421966072813 0.04556409615476633 0.06234182653805102
0 0.021992571107310448 0.25000811103041576 0.03559206696704499 0.0609989681500103
0 0.04876657563708357 0.23165586388470918 0.03014991237600872 0.07286486401415279
0 0.012827225130890052 0.4259776536312849 0.025654450261780103 0.05865921787709497
0 0.029632281585469118 0.4016254976146905 0.0430796919784501 0.0473575611438031
0 0.034049535635781794 0.33013638858278493 0.027372885695727593 0.046707414262362974
0 0.06115274048251544 0.32435397383931286 0.031621608615933224 0.029211583094020274
0 0.011518324607329843 0.34590316573556795 0.023036649214659685 0.056797020484171325
0 0.2156646482600975 0.17021918272892572 0.03623755321978786 0.06567613319503417
0 0.24033294112468884 0.17152836602249083 0.040816198233800324 0.08074708484014081
0 0.19580521633813164 0.15239905662013206 0.041326844062046106 0.060306256643409925
0 0.4680628272251309 0.18528864059590316 0.05654450261780105 0.09683426443202979
0 0.6455297612743666 0.11725329462122812 0.05385787660576761 0.11942057733751305
0 0.6924083769633508 0.0223463687150838 0.0549738219895288 0.0446927374301676
0 0.7322076530027661 0.0647297905209176 0.06138135765332206 0.08717886796478387
0 0.8431055983428634 0.07645131797620401 0.0597619066077222 0.08525165588371622
0 0.9074827277775938 0.17305608474905732 0.04669728658078403 0.08564096551231117
0 0.6830618570828435 0.11942817267297645 0.05124007555864719 0.11931221952393958
0 0.544705716617724 0.23001726217653556 0.04416555554083309 0.10878840354756882
0 0.5249345200334667 0.29561715565193386 0.05104499388933735 0.11186342995224499
0 0.8537453724624804 0.19252441737456943 0.03852687572679415 0.07321160901758748
0 0.748265918281602 0.1875694145156 0.05143371367426447 0.08676710827320519
0 0.5871727748691099 0.44227188081936686 0.03717277486910995 0.035381750465549346
0 0.893979057591623 0.4511173184357542 0.03821989528795811 0.017690875232774673
0 0.8814754525680641 0.3507670741473813 0.05391667429688804 0.06175747284502389
0 0.9476439790575916 0.4408752327746741 0.04397905759162304 0.038175046554934824
0 0.9840314136125654 0.36964618249534453 0.03193717277486911 0.054003724394785846
0 0.9837696335078534 0.4180633147113594 0.032460732984293195 0.0670391061452514
0 0.7229055340774797 0.23988509251944856 0.05064191616953937 0.07650335104941038
0 0.6619186704238559 0.292743338091433 0.04133975844322453 0.08076875640285555
0 0.6766722882381532 0.19565946143805 0.05926273160696204 0.08616108301746353
0 0.45523560209424085 0.3854748603351955 0.030890052356020943 0.0595903165735568
0 0.9031135611687906 0.39647681802460044 0.03187837508374891 0.058985069818083935
0 0.7436894773991571 0.40307580887121763 0.03357098175533983 0.06370557798853727
0 0.8066314496059303 0.37483749984868503 0.049655036995504075 0.05879080425392097
0 0.8880278171291188 0.23071996774181547 0.03651870489626705 0.09638071861555965
0 0.8232984293193717 0.03445065176908752 0.0549738219895288 0.06890130353817504
0 0.9547322904375439 0.37616407295348503 0.03309619196324336 0.06554610381874618
0 0.9149166075358034 0.3568397194866943 0.028517546949230768 0.05047515217363953
0 0.6510924759570854 0.40970497156109986 0.04264220177619553 0.07059168542991925
0 0.6089005235602094 0.43109869646182497 0.04712041884816754 0.05772811918063315
0 0.6212041884816754 0.45251396648044695 0.04764397905759162 0.0148975791433892
0 0.6822270633755619 0.2676679094748387 0.04428603803045907 0.07344999620744894
0 0.8548563430103735 0.2749699951368703 0.054233682009516664 0.07386175589902762
0 0.8360856229571476 0.22867550831648964 0.03343758488453566 0.07858148556921173
0 0.6035768413323732 0.2564757783055237 0.03578714863635507 0.0684477577217049
0 0.7598315697525667 0.14887425045551303 0.0566205453511777 0.08512162650742824
0 0.2780104712041885 0.4855679702048417 0.09214659685863874 0.051210428305400374
0 0.24840858184832432 0.6522101773354432 0.06897943788056049 0.09772435550386938
0 0.27791088144207937 0.8280895304342432 0.06588684704134336 0.09945652352050484
0 0.3875809826288894 0.892992041401427 0.06280572702961196 0.08165729047415692
0 0.10174795068259262 0.9160087347825364 0.05404004389389938 0.10640686714976202
0 0.022659516660303088 0.9080971206135524 0.04328768802893827 0.07526885047494311
0 0.11832460732984293 0.9864990689013036 0.06387434554973823 0.027001862197392923
0 0.2180628272251309 0.9483240223463687 0.041361256544502616 0.10335195530726257
0 0.24345549738219896 0.946927374301676 0.041884816753926704 0.10614525139664804
0 0.29790575916230366 0.9799813780260708 0.07225130890052356 0.04003724394785847
0 0.2764397905759162 0.957635009310987 0.060732984293193716 0.08472998137802606
0 0.4778147841611172 0.5183030652682596 0.03993977427559837 0.08722143258994412
0 0.5873629593046086 0.5785500827531344 0.05270030097108628 0.09519033966679087
0 0.5212351472840133 0.555188264591537 0.07039089287567196 0.0717402782537968
0 0.5518168144485339 0.6121791613897369 0.05149395491907746 0.06909790460314524
0 0.6694894783350449 0.5923946448541895 0.046490734083988565 0.09772357700360038
0 0.7458632922524053 0.6167305155875433 0.04523706116834494 0.10976284536946011
0 0.832601425225618 0.5464944646917435 0.06910136392387915 0.10237984898617851
0 0.9125232482025247 0.5361954753729351 0.05693755306380656 0.09722590956143176
0 0.8865962687853935 0.5768832554523683 0.06509504953661825 0.08919276629671023
0 0.8386933967304753 0.6590273775873363 0.05258984575525312 0.07100344512149816
0 0.7801471804727366 0.6950066530280772 0.05618161159523041 0.0683618499711154
0 0.993455497382199 0.5460893854748603 0.013089005235602094 0.07355679702048418
0 0.9674705584538789 0.6429777023688589 0.06310982036106216 0.07329907376871501
0 0.945722755215194 0.7631877347449194 0.05375889221741995 0.07570228172923653
0 0.8827929756127526 0.791891593115683 0.04639174969564091 0.05400528139532386
0 0.7871614980467662 0.8927892755567136 0.045260002823315944 0.07070004324349272
0 0.7386891436714537 0.8831443256206906 0.041509011350177885 0.047292546455659105
0 0.698380742959542 0.8750256638555136 0.05330848763398716 0.07847390625590728
0 0.7074368832686803 0.8005482146697905 0.044603045743087696 0.08555427926145266
0 0.6606851296578543 0.8966263099076138 0.04171700740066602 0.07520383578679912
0 0.668586387434555 0.9860335195530726 0.05235602094240838 0.027932960893854747
0 0.587696335078534 0.9813780260707635 0.03821989528795811 0.037243947858473
0 0.5614711917488369 0.9207733645786879 0.03672381383936984 0.04430420630184166
0 0.5300998924101302 0.9136829342920544 0.0470372359483836 0.058682446440347716
0 0.44947643979057594 0.957635009310987 0.0193717277486911 0.06983240223463687
0 0.48429319371727747 0.9716014897579144 0.028272251308900525 0.056797020484171325
0 0.5060209424083769 0.9753258845437617 0.03507853403141361 0.049348230912476726
0 0.4849381521983156 0.8703450587816882 0.030015071951511724 0.04774687077239825
0 0.44947643979057594 0.819366852886406 0.0193717277486911 0.048417132216014895
0 0.505154017952263 0.8117175697483963 0.04029263802437624 0.08072541327742608
0 0.45665082117769773 0.7908885996734739 0.029662208202733856 0.0542428900849163
0 0.47587695945125275 0.804540453210904 0.036018086341814096 0.05729624492687774
0 0.9114130770335347 0.8140096319219937 0.04364055177771632 0.06877283116242508
0 0.939394149392163 0.8417467702511474 0.031026336334210706 0.06639051626434948
0 0.9853403141361257 0.9539106145251397 0.02931937172774869 0.06610800744878957
0 0.9845549738219895 0.8561452513966481 0.030890052356020943 0.056797020484171325
0 0.9379152741848031 0.8553235518193453 0.037783848639396184 0.06481004918671654
0 0.6477517411711811 0.8230590663559069 0.04963065178684027 0.05785970555745914
0 0.8384816753926702 0.9795158286778398 0.03612565445026178 0.040968342644320296
0 0.9047120418848168 0.9771880819366853 0.030366492146596858 0.04562383612662942