0 0.13545454545454547 0.06573275862068965 0.09393939393939393 0.1314655172413793
0 0.17234153523218546 0.16378766083221627 0.0941844559417614 0.13466161902049809
0 0.23333333333333334 0.17079741379310345 0.07272727272727272 0.17349137931034483
0 0.2512121212121212 0.3911637931034483 0.03696969696969697 0.15086206896551724
0 0.20937659691806457 0.38578261903476335 0.081833994507155 0.11952352032905318
0 0.20291505952350194 0.3355359667164482 0.08766535125436652 0.106079638640293
0 0.15264963014817223 0.29146026255720736 0.06560494916534756 0.16320087181620296
0 0.10605907627370435 0.2639154318519965 0.06709922337856948 0.18055519892672664
0 0.05847774415602313 0.2783682262657064 0.09382527921166402 0.14969135201696032
0 0.03575757575757576 0.3265086206896552 0.07151515151515152 0.11206896551724138
0 0.06161334463277171 0.4205790775734083 0.06894801071676304 0.1086392925651051
0 0.11942250519808223 0.4858630803648469 0.05246093241514507 0.09957139381441321
0 0.1266785088450385 0.5431987538781239 0.08194628736128917 0.08940758043603934
0 0.007272727272727273 0.4391163793103448 0.014545454545454545 0.08728448275862069
0 0.05950601440580041 0.5493506292975462 0.056449987302884655 0.12146196135288118
0 0.22787878787878788 0.5818965517241379 0.06424242424242424 0.07543103448275862
0 0.19565479327925045 0.5566410888331528 0.057062533387666696 0.08493697811857714
0 0.013030303030303031 0.5894396551724138 0.026060606060606062 0.0603448275862069
0 0.04787878787878788 0.6012931034482759 0.052121212121212124 0.036637931034482756
0 0.026060606060606062 0.5668103448275862 0.052121212121212124 0.07543103448275862
0 0.501167524876732 0.16640304433825126 0.05894476797740233 0.12599820178082533
0 0.590947092844622 0.18825924608774655 0.07187250637165328 0.10245614482417323
0 0.5741564743110066 0.34264331633219547 0.08955407132282359 0.11055940516814766
0 0.5738223285589972 0.41869785476853655 0.07221404853918185 0.08634882562081445
0 0.5218431038751332 0.46080081021097513 0.05400162483735192 0.15673993668001995
0 0.6736677711720367 0.5116419271179631 0.0605801186911746 0.15197321854652154
0 0.7642673462993759 0.4833903702467688 0.07224283218559804 0.1250854551690007
0 0.9596969696969697 0.2122844827586207 0.08060606060606061 0.1314655172413793
0 0.9615038935101675 0.4483473966343823 0.048624103111803076 0.1239605592724075
0 0.846224272815545 0.5196268551416972 0.05830343824620396 0.12378655546694274
0 0.9098875982247291 0.37554623629211437 0.05290179647936494 0.12651104898682702
0 0.9418812147318011 0.3121548534725402 0.05710895159665156 0.1247511938736602
0 0.3672053228406762 0.3778602937500467 0.066488499167383 0.10625822455095406
0 0.3446079775301065 0.4048938239829874 0.05576223936270157 0.07943609928391565
0 0.3101882967251965 0.3568985101915904 0.05048403953384409 0.08970369625207579
0 0.4037591867242414 0.49944207606090135 0.05376122644011034 0.10507227264907495
0 0.6003030303030303 0.6061422413793104 0.06848484848484848 0.02693965517241379
0 0.6627272727272727 0.6002155172413793 0.062424242424242424 0.03879310344827586
0 0.8084848484848485 0.5921336206896551 0.07515151515151515 0.05495689655172414
0 0.96 0.5899784482758621 0.06545454545454546 0.059267241379310345
0 0.913546661036618 0.5043154969636542 0.04432877518167268 0.12033248335109156
0 0.9126472983456092 0.5592723935153783 0.06046964771063606 0.07126720082945914
0 0.8683287613109861 0.5783461392071666 0.06342941249066385 0.06723922550232024
0 0.8636363636363636 0.6050646551724138 0.044848484848484846 0.029094827586206896
0 0.27636363636363637 0.3615301724137931 0.013333333333333334 0.08081896551724138
0 0.40454545454545454 0.603448275862069 0.040606060606060604 0.032327586206896554
0 0.36 0.5948275862068966 0.03636363636363636 0.04956896551724138
0 0.35418241622589247 0.46892091033800165 0.039328064748790026 0.07360095915391342
0 0.9784848484848485 0.515625 0.04303030303030303 0.10452586206896551
0 0.06575757575757575 0.6691810344827587 0.07575757575757576 0.09913793103448276
0 0.2244924419366115 0.7184368701129163 0.04475849016204517 0.1096130951822154
0 0.13695934990151093 0.8003960245760716 0.05350785708542555 0.12656752288691636
0 0.026986712682161823 0.8441100329047921 0.050889634472926194 0.1144881790106966
0 0.25393939393939396 0.7209051724137931 0.03151515151515152 0.125
0 0.17899654288603759 0.8836364946393662 0.038592076726026235 0.10258283893994134
0 0.16666666666666666 0.9585129310344828 0.037575757575757575 0.08297413793103449
0 0.21424038452655525 0.9554516527826663 0.042199656715973824 0.06418505279229177
0 0.2312121212121212 0.9676724137931034 0.04787878787878788 0.06465517241379311
0 0.13918494853237076 0.8869417645283327 0.043958449367727914 0.09770317300626384
0 0.13031862514973014 0.9465524314133763 0.05160798793312124 0.08442871301777188
0 0.08082678472486446 0.8922961321887077 0.045346916205537234 0.10859198287540833
0 0.020606060606060607 0.9671336206896551 0.041212121212121214 0.06573275862068965
0 0.05484848484848485 0.9892241379310345 0.04909090909090909 0.021551724137931036
0 0.9721212121212122 0.6610991379310345 0.055757575757575756 0.08297413793103449
0 0.9751515151515151 0.7683189655172413 0.0496969696969697 0.10344827586206896
0 0.6767078024204219 0.8564794218541191 0.0646991009956173 0.14482543239887197
0 0.42162034004046045 0.7916991601542878 0.06605878418701036 0.1169776127198302
0 0.4696722308055756 0.7670375337251053 0.04974805151108037 0.11868557603810372
0 0.5081074183420784 0.7922035874687634 0.06211614750825571 0.13490126093644506
0 0.5390935329801659 0.8274678164803132 0.06947704759382704 0.14096687877200165
0 0.59209272056149 0.9084920581245288 0.07652701103188134 0.09105448774902718
0 0.6168697562229019 0.8595374323504773 0.04261640073890345 0.12662857889220216
0 0.8307112491313695 0.8298190427146894 0.07623188707333749 0.1469760227074689
0 0.7858757352403277 0.8990287839772122 0.06504712864186744 0.09213665606111991
0 0.8807441864539441 0.8695561650962994 0.051777848080087785 0.1317860322211308
0 0.919796583680355 0.8570067015985781 0.06593534224902875 0.10943450927155435
0 0.9513358552367968 0.8955601631309069 0.05600912323866479 0.09452230618046738
0 0.9353114292381262 0.9474888328700491 0.054014595794794854 0.08357702241123328
0 0.8656232768224408 0.9404555412563103 0.048077431672170476 0.09055538685861451
0 0.8278787878787879 0.959051724137931 0.052121212121212124 0.08189655172413793
0 0.9915151515151515 0.9197198275862069 0.01696969696969697 0.11745689655172414
0 0.3015151515151515 0.7268318965517241 0.06363636363636363 0.0980603448275862
0 0.4603030303030303 0.9795258620689655 0.03939393939393939 0.040948275862068964
0 0.34434203822580955 0.8033847334636129 0.06215790211211477 0.10047497621584502
0 0.38609292453307686 0.8299389798646597 0.03470882921369952 0.0871577886428527