0 0.2069295573076855 0.44292471811226686 0.10524189180539828 0.13089787169076883
0 0.3105095541401274 0.35350678733031676 0.09872611464968153 0.13914027149321267
0 0.04394904458598726 0.5124434389140271 0.08789808917197452 0.11312217194570136
0 0.3305732484076433 0.04411764705882353 0.05859872611464968 0.08823529411764706
0 0.2605095541401274 0.5164027149321267 0.12101910828025478 0.10520361990950226
0 0.3292993630573248 0.25961538461538464 0.061146496815286625 0.1346153846153846
0 0.32070063694267514 0.15497737556561086 0.07834394904458598 0.12895927601809956
0 0.07508636743681996 0.31354114847901743 0.08337516037194968 0.1557639395772528
0 0.16927347076799926 0.11935463825491364 0.06943165283341247 0.08157622400624565
0 0.15477707006369426 0.026583710407239818 0.08917197452229299 0.053167420814479636
0 0.2550977630792853 0.3579262661037476 0.0965470920212341 0.144011719659842
0 0.27420382165605095 0.029411764705882353 0.06560509554140127 0.058823529411764705
0 0.162080276684625 0.22823170244046495 0.10560083739547609 0.11396246108922871
0 0.20041197991530801 0.08327244667635167 0.07480519131976779 0.09880787132062142
0 0.22165605095541402 0.02997737556561086 0.08152866242038216 0.05995475113122172
0 0.16654324073918658 0.30542415351043484 0.11512962843488442 0.1517535904957209
0 0.1070063694267516 0.04242081447963801 0.06496815286624204 0.08484162895927602
0 0.12261571582534159 0.11215852012768614 0.08334491004291371 0.11507287286711539
0 0.017834394904458598 0.17703619909502263 0.035668789808917196 0.10520361990950226
0 0.25376349154215305 0.07034303280993073 0.060007244679061864 0.08900104818771891
0 0.020700636942675158 0.11764705882352941 0.041401273885350316 0.083710407239819
0 0.01878980891719745 0.024886877828054297 0.0375796178343949 0.049773755656108594
0 0.18718146231587068 0.2693194517123429 0.08422959947411826 0.09138304713914829
0 0.9054140127388535 0.5350678733031674 0.09363057324840764 0.06787330316742081
0 0.9601910828025477 0.5197963800904978 0.07961783439490445 0.09841628959276018
0 0.6101910828025477 0.5260180995475113 0.10445859872611465 0.08597285067873303
0 0.43598726114649683 0.5492081447963801 0.08089171974522293 0.03959276018099547
0 0.38439490445859875 0.3574660633484163 0.04904458598726115 0.10633484162895927
0 0.49489316285004614 0.220746555318294 0.057397058612433924 0.12390434553931096
0 0.7477707006369426 0.05486425339366516 0.06624203821656051 0.10972850678733032
0 0.6846099502650801 0.061182611537611106 0.07888631131679906 0.11484246653491
0 0.9054140127388535 0.04920814479638009 0.08853503184713375 0.09841628959276018
0 0.9544585987261146 0.019230769230769232 0.07707006369426751 0.038461538461538464
0 0.9904458598726115 0.024321266968325792 0.01910828025477707 0.048642533936651584
0 0.8140127388535032 0.03167420814479638 0.06496815286624204 0.06334841628959276
0 0.684117328814868 0.18836276700073748 0.05243806513317279 0.09313095278176615
0 0.6619438432338706 0.1239533117187305 0.055245299779885584 0.10909971761542457
0 0.7479842531768557 0.15511032999877783 0.04584624071351531 0.07922714024513136
0 0.46389460959923756 0.306553129767492 0.07744562771543179 0.10459564067916673
0 0.4883276448723284 0.3301563151732588 0.055845176177034016 0.10687018936682563
0 0.4459314400757005 0.37360185289907644 0.07210915550708738 0.08962643680370509
0 0.4162048574672914 0.34292550543451705 0.05298234211330491 0.08750775937479618
0 0.9847133757961783 0.3580316742081448 0.030573248407643312 0.12104072398190045
0 0.9560509554140127 0.3354072398190045 0.08789808917197452 0.15497737556561086
0 0.9474238936782461 0.10128875442138306 0.06689559932280621 0.12100440823566587
0 0.9399829528388264 0.18644307768865218 0.07873123025578094 0.14422131605047728
0 0.7878750762332639 0.24516541276404533 0.05856656107769459 0.07875422233197561
0 0.8373054501651516 0.19966097536557648 0.07884924503878818 0.11258002309599593
0 0.8375796178343949 0.49095022624434387 0.08025477707006369 0.15610859728506787
0 0.8485021092437899 0.42909108830267473 0.09644761037723201 0.1767842343337803
0 0.7076433121019108 0.5282805429864253 0.1337579617834395 0.08144796380090498
0 0.6984035849537474 0.4622786467144974 0.07307287873536943 0.1484499662154698
0 0.7598129536895973 0.4624959960074648 0.08945977408948586 0.1775533889597716
0 0.6400584641901583 0.46924966264642526 0.07528705293390876 0.12821963602650377
0 0.6620925297872645 0.3285234093937171 0.08124193467840701 0.14209053337282349
0 0.4143734846802418 0.4741307672963731 0.062399934318680655 0.1185115584645464
0 0.5531221835385468 0.29855133796501204 0.0491977523403603 0.0895727116718198
0 0.46006081491690093 0.13269059446942003 0.06277741304776392 0.10270736958246324
0 0.5248090207356058 0.10391367155981585 0.05322327292037539 0.10221364172773732
0 0.5843450491653396 0.3155871944154572 0.058541211989714396 0.11605162388374198
0 0.9780254777070063 0.06957013574660634 0.04394904458598726 0.11877828054298642
0 0.4688160008878789 0.43345350611294026 0.08656668969672077 0.11749989225760474
0 0.6045121689639537 0.21112586656600357 0.08252263597770024 0.10372774048223023
0 0.6288769302760381 0.21947401635425826 0.06163325967048338 0.11056009123803222
0 0.6215652999683059 0.08308991615468557 0.07993779899905241 0.10133363628205598
0 0.22770700636942676 0.9519230769230769 0.08598726114649681 0.09615384615384616
0 0.22054287631861255 0.7488424608990404 0.0836043739889897 0.1309099769395136
0 0.32611464968152865 0.6052036199095022 0.06751592356687898 0.07239819004524888
0 0.01592356687898089 0.792420814479638 0.03184713375796178 0.13687782805429866
0 0.01624203821656051 0.6657239819004525 0.03248407643312102 0.1165158371040724
0 0.12368275011346355 0.659470844228057 0.05441620976569735 0.13618320850176285
0 0.15159235668789808 0.6397058823529411 0.05605095541401274 0.1414027149321267
0 0.20254777070063695 0.5820135746606335 0.09044585987261146 0.026018099547511313
0 0.1859872611464968 0.6148190045248869 0.07643312101910828 0.0916289592760181
0 0.789171974522293 0.9654977375565611 0.09681528662420383 0.06900452488687783
0 0.45445859872611466 0.9705882352941176 0.0910828025477707 0.058823529411764705
0 0.9098726114649681 0.9440045248868778 0.11273885350318472 0.11199095022624435
0 0.9859872611464968 0.8591628959276018 0.02802547770700637 0.20475113122171945
0 0.9843949044585987 0.7285067873303167 0.031210191082802548 0.11538461538461539
0 0.9311944155344174 0.7746609624206486 0.08880429827532119 0.1763892520499996
0 0.8174245221959037 0.8822639906672309 0.11285985481932892 0.16859025552631599
0 0.7431456106298715 0.8324149514502002 0.1016914168905494 0.186097329611957
0 0.6821020034330744 0.8875616360299963 0.10477174738128785 0.14104595197556685
0 0.5503963188381811 0.8468966833983349 0.10522825990744863 0.20775511823321557
0 0.5028523811977504 0.9132135194406559 0.09249622235323875 0.16866819115569093
0 0.4651416525950074 0.6512456505082374 0.07755682654946434 0.11138297099590881
0 0.3732484076433121 0.8834841628959276 0.0267515923566879 0.13800904977375567
0 0.37738853503184716 0.6623303167420814 0.03503184713375796 0.09841628959276018
0 0.3681528662420382 0.6148190045248869 0.016560509554140127 0.0916289592760181
0 0.3812101910828026 0.5921945701357466 0.04267515923566879 0.04638009049773756
0 0.6385807143107802 0.7666119047167089 0.08597853048960295 0.15928926549688419
0 0.7105888949072972 0.741415733136581 0.07320261070840736 0.1563685182516689
0 0.675551189178524 0.7630059910992497 0.06398888303209133 0.13780815807594568
0 0.7493799827260195 0.7043729484145098 0.08487144339033342 0.16940443059136714
0 0.7796557435556166 0.6626840210241354 0.09955819119700672 0.17242392340752768
0 0.6138813991426385 0.7204172001121169 0.09952794086797045 0.1317328566973903
0 0.6093291773675373 0.6680951692750438 0.09600963099007681 0.11120628979558861
0 0.9127388535031847 0.629524886877828 0.0751592356687898 0.12104072398190045
0 0.8687898089171975 0.6408371040723982 0.08662420382165605 0.1436651583710407
0 0.9681528662420382 0.6244343891402715 0.06369426751592357 0.11085972850678733
0 0.9904458598726115 0.6346153846153846 0.01910828025477707 0.13122171945701358
0 0.45254777070063695 0.5854072398190046 0.06050955414012739 0.032805429864253395
0 0.5388535031847134 0.6097285067873304 0.061146496815286625 0.08144796380090498
0 0.4210191082802548 0.6131221719457014 0.050955414012738856 0.08823529411764706
0 0.3945859872611465 0.9134615384615384 0.06942675159235669 0.15497737556561086
0 0.41496815286624206 0.9604072398190046 0.0643312101910828 0.07918552036199095