0 0.4139072847682119 0.07294117647058823 0.051655629139072845 0.14588235294117646
0 0.40894039735099336 0.14823529411764705 0.06158940397350993 0.12470588235294118
0 0.43112582781456954 0.22058823529411764 0.017218543046357615 0.15411764705882353
0 0.20827814569536424 0.03058823529411765 0.11456953642384106 0.0611764705882353
0 0.041721854304635764 0.03882352941176471 0.08344370860927153 0.07764705882352942
0 0.08897192402593784 0.08831732070465585 0.11350411750544456 0.14229212501080676
0 0.1484589544340042 0.17472591619637262 0.10935929458161465 0.12108143189427183
0 0.18448205167641862 0.09203417198973458 0.0897880617458683 0.16203887830138872
0 0.23509933774834438 0.07941176470588235 0.08079470198675497 0.1588235294117647
0 0.2705298013245033 0.06764705882352941 0.076158940397351 0.13529411764705881
0 0.02019867549668874 0.35823529411764704 0.04039735099337748 0.1
0 0.010596026490066225 0.40588235294117647 0.02119205298013245 0.08
0 0.02052980132450331 0.4535294117647059 0.04105960264900662 0.0811764705882353
0 0.04205298013245033 0.44 0.08410596026490066 0.10352941176470588
0 0.06936196091774631 0.3931019148726864 0.07866417268776196 0.1148842316927376
0 0.29044474002266 0.149738624726098 0.07758967706264885 0.15485685367009785
0 0.3426236933764145 0.15272732054366797 0.09303454892579847 0.12679267219394955
0 0.3153881424461714 0.2223923319589684 0.0864722651143643 0.11143695399595104
0 0.3920529801324503 0.25941176470588234 0.09536423841059603 0.1376470588235294
0 0.29058170682472817 0.3396599129110085 0.10094918324424039 0.10923459194399958
0 0.3010826915752504 0.28310376835496515 0.10322771669089732 0.09985020526075673
0 0.1863442656069334 0.3642570675586662 0.07612170795708496 0.10074605111693445
0 0.13268115037306105 0.4241992814531945 0.06115385116163482 0.12411119474580146
0 0.12122386631046105 0.4966412012032444 0.08377694934486511 0.11023310538507597
0 0.109104176323332 0.4850065409284306 0.07097654575087405 0.08775696310672655
0 0.073841059602649 0.548235294117647 0.07483443708609272 0.023529411764705882
0 0.030132450331125826 0.5323529411764706 0.06026490066225165 0.05529411764705883
0 0.17913907284768213 0.5135294117647059 0.05364238410596026 0.09294117647058824
0 0.2539735099337748 0.5111764705882353 0.06556291390728476 0.0976470588235294
0 0.30132450331125826 0.5211764705882352 0.06490066225165562 0.07764705882352942
0 0.35033112582781456 0.53 0.07417218543046358 0.06
0 0.37880794701986753 0.5494117647058824 0.05695364238410596 0.021176470588235293
0 0.43211920529801323 0.4929411764705882 0.015231788079470199 0.11294117647058824
0 0.40258350903662204 0.46256950472085145 0.07106916404483903 0.09010990428319715
0 0.2386807626217684 0.4136958180945505 0.08269791536639401 0.09963802558529845
0 0.2858557503869385 0.4008603392690536 0.07972474471500017 0.09137535344501162
0 0.3408365614020318 0.4167559890289122 0.08545346388075012 0.08555460105477457
0 0.30055740672168957 0.47303190104553566 0.05337360593078193 0.09463098498331954
0 0.3302128419851161 0.4680214381907268 0.05080329400435578 0.11342029186678461
0 0.2187693272514909 0.4738771974945391 0.0727780641298315 0.08307161427076501
0 0.1786057911697047 0.4431285085100506 0.06378439583291849 0.09003461472093745
0 0.7921368302574987 0.17858846306349946 0.08015998898907531 0.1360675467866329
0 0.7098045411758062 0.1512155766590058 0.0746304300091299 0.13013043780017683
0 0.5826221069225829 0.14488608517501628 0.07992844325416301 0.13018519384545643
0 0.5096026490066226 0.0488235294117647 0.076158940397351 0.0976470588235294
0 0.4644633030698014 0.06907980618137491 0.025327490659445884 0.08846116280442536
0 0.49088632902007245 0.12937030547928483 0.07445911701907482 0.10896081171760148
0 0.452317880794702 0.17647058823529413 0.025165562913907286 0.10823529411764705
0 0.9202133704390636 0.34719560616170014 0.11435160574900352 0.14700485186940782
0 0.9195004255519937 0.483030047563257 0.0905523169399787 0.09736721847674717
0 0.840728476821192 0.5470588235294118 0.05099337748344371 0.02588235294117647
0 0.6525178123250066 0.3452583263482077 0.06298321673634188 0.08649835845057169
0 0.7876428823613213 0.4861568100719395 0.05449894905623567 0.10640253537133236
0 0.7649006622516556 0.528235294117647 0.05827814569536424 0.06352941176470588
0 0.7072847682119205 0.5364705882352941 0.06357615894039735 0.047058823529411764
0 0.6904238546258479 0.4754016687744288 0.059287561684461844 0.09351611494602394
0 0.8223877854394599 0.40230228428838605 0.10908597805307801 0.16459031014199782
0 0.6078645581626013 0.40334343353397384 0.07138394282919966 0.16537664390761594
0 0.6435035671690812 0.48176655936463153 0.06874885980455783 0.14888552215534218
0 0.6052980132450331 0.5135294117647059 0.052980132450331126 0.09294117647058824
0 0.5492993266097258 0.42805655258521275 0.06075099243666744 0.09705921572204956
0 0.506953642384106 0.51 0.06821192052980132 0.1
0 0.46788079470198674 0.4323529411764706 0.056291390728476824 0.1
0 0.46192052980132453 0.518235294117647 0.04437086092715232 0.08352941176470588
0 0.44403973509933775 0.5323529411764706 0.008609271523178808 0.05529411764705883
0 0.4456953642384106 0.48058823529411765 0.011920529801324504 0.14470588235294118
0 0.5599337748344371 0.51 0.06423841059602649 0.1
0 0.2208609271523179 0.58 0.09735099337748344 0.04
0 0.2854304635761589 0.6 0.0847682119205298 0.08
0 0.1890728476821192 0.6158823529411764 0.09735099337748344 0.11176470588235295
0 0.1152317880794702 0.581764705882353 0.10993377483443709 0.04352941176470588
0 0.11291921698262644 0.6452814977327419 0.09665604763494658 0.15152593256953048
0 0.023509933774834436 0.5964705882352941 0.04701986754966887 0.07294117647058823
0 0.025165562913907286 0.9629411764705882 0.05033112582781457 0.07411764705882352
0 0.05894039735099338 0.9705882352941176 0.06490066225165562 0.058823529411764705
0 0.06975754930597627 0.900917840662798 0.07211581247420251 0.08306476976510513
0 0.06529521561440656 0.7704288507007496 0.09754530667212971 0.10684742823922908
0 0.039735099337748346 0.6817647058823529 0.07947019867549669 0.12352941176470589
0 0.11693496051672553 0.946881935479256 0.04940009599700717 0.09458991794935975
0 0.14536423841059604 0.9776470588235294 0.06688741721854305 0.04470588235294118
0 0.11158940397350993 0.9852941176470589 0.05099337748344371 0.029411764705882353
0 0.33211920529801325 0.9523529411764706 0.09072847682119205 0.09529411764705882
0 0.32362678652459065 0.8588983193004758 0.07594100972251346 0.1466078705411309
0 0.2562600850616691 0.880174427413418 0.07749252041532573 0.1019362107164895
0 0.23679766329444146 0.8280439326708958 0.0978231615540245 0.11390625176864085
0 0.2505357499803774 0.7397025487155197 0.10104633989156352 0.16215523489760766
0 0.201508242067009 0.7155134265399046 0.11011870288456693 0.17400891935354004
0 0.15631985499982629 0.6442449473178976 0.0691008710291845 0.12419332881372076
0 0.4066225165562914 0.7529411764705882 0.06622516556291391 0.14823529411764705
0 0.3707970816675024 0.8125471177215928 0.1087155048772184 0.15517854543611534
0 0.5692209185690198 0.9387960439082144 0.05877816106765475 0.08057493847543543
0 0.6157357695863399 0.8166001341692848 0.07116178233880385 0.09246284545966774
0 0.5437086092715232 0.6088235294117647 0.07682119205298013 0.0976470588235294
0 0.7086092715231788 0.58 0.08211920529801324 0.04
0 0.7798013245033113 0.6317647058823529 0.06423841059602649 0.14352941176470588
0 0.879136231452224 0.9696967733068627 0.05289205250972445 0.04876232105346309
0 0.8950331125827815 0.6176470588235294 0.06026490066225165 0.11529411764705882
0 0.8573208113578075 0.7082640259490169 0.0654052159773046 0.13121108530917275
0 0.9774834437086093 0.6223529411764706 0.045033112582781455 0.10588235294117647
0 0.9357615894039735 0.6194117647058823 0.06887417218543046 0.1188235294117647
0 0.921523178807947 0.5788235294117647 0.0576158940397351 0.03764705882352941
0 0.7192578424714858 0.869037847281229 0.0606259885935947 0.07706606022770944
0 0.7803263456758931 0.9236783146377627 0.048983313674165134 0.0840016826552421
0 0.8280269268324241 0.889081552182743 0.05226672475656107 0.11696339264281023
0 0.7773229043831706 0.8402139256768265 0.04188378205017457 0.08863227544592411
0 0.7735459769207214 0.7091298559150004 0.05488334582996987 0.09935055634758073
0 0.9827814569536424 0.95 0.03443708609271523 0.06941176470588235
0 0.9226456805379426 0.9574871745566131 0.06025551541773508 0.06765429552182735
0 0.9960264900662251 0.7164705882352941 0.007947019867549669 0.08705882352941176
0 0.9844370860927152 0.7952941176470588 0.031125827814569535 0.08235294117647059
0 0.9070733813861412 0.8906165749328497 0.06521544103601633 0.07593750117909408
0 0.8521413029636096 0.9323440282267109 0.0455470515529467 0.06397430463260234
0 0.8531762969717775 0.8976415681265997 0.04590360113093174 0.08984981306811893