0 0.04604486422668241 0.03413865546218487 0.07083825265643448 0.06827731092436974
0 0.014462809917355372 0.04411764705882353 0.028925619834710745 0.08823529411764706
0 0.8757378984651711 0.30567226890756305 0.05489964580873672 0.0273109243697479
0 0.9023022432113341 0.2804621848739496 0.047815820543093274 0.07773109243697479
0 0.9893742621015348 0.1948529411764706 0.021251475796930343 0.07668067226890757
0 0.9793388429752066 0.043592436974789914 0.04132231404958678 0.07668067226890757
0 0.8308736717827627 0.009453781512605041 0.050177095631641085 0.018907563025210083
0 0.826471874243143 0.09086460063715723 0.035592417407888356 0.07414773430612569
0 0.899043253870194 0.10019464070900024 0.03435107193259777 0.08865167471019422
0 0.7688902007083825 0.2851890756302521 0.09386068476977567 0.06827731092436974
0 0.6520070838252656 0.28886554621848737 0.07260920897284534 0.06092436974789916
0 0.7169809910818058 0.25082835109858165 0.08171996326208127 0.13066687126323423
0 0.6987787415336428 0.18019505077069842 0.0780496118313046 0.11037231815516943
0 0.6933629189509101 0.10838295065623395 0.0770809996012244 0.09980080249153961
0 0.6228466681780915 0.13251137278477498 0.05732774687549453 0.12265489712163959
0 0.5579797865543291 0.13144301265932917 0.06556933110018967 0.1392862814210959
0 0.4743211334120425 0.22426470588235295 0.048996458087367176 0.13130252100840337
0 0.4563164108618654 0.15178571428571427 0.012987012987012988 0.1334033613445378
0 0.47255017709563163 0.04411764705882353 0.045454545454545456 0.08823529411764706
0 0.01770956316410862 0.5441176470588235 0.03541912632821724 0.1323529411764706
0 0.0482210645855364 0.5603957469933724 0.06581918576017784 0.1298998138914484
0 0.013872491145218418 0.45010504201680673 0.027744982290436836 0.08718487394957983
0 0.018890200708382526 0.3560924369747899 0.03778040141676505 0.07352941176470588
0 0.06965761511216056 0.3560924369747899 0.06965761511216056 0.07352941176470588
0 0.08222419702569947 0.4967701543252975 0.059507803059720976 0.08524365496896459
0 0.09594446589901219 0.4202843705730369 0.05131107111674202 0.11883049678786267
0 0.057600588207657594 0.4480814047727632 0.05301429656621448 0.0845032011564318
0 0.22334866535658993 0.5529424475960949 0.06330659328845271 0.12542887728734928
0 0.19439178666764256 0.45998812123919536 0.04956299338555351 0.10293956630093917
0 0.23081384310377326 0.4773254972748811 0.044522857681531317 0.07725828438662313
0 0.2511806375442739 0.35766806722689076 0.0667060212514758 0.07668067226890757
0 0.23032432383026813 0.6966543170198334 0.06370776533161805 0.1202440904299707
0 0.30404292801248806 0.7646529033256738 0.07025405193149084 0.1387743731166888
0 0.278293615891407 0.549715209507061 0.060839757987172186 0.08957996360714848
0 0.31432242810902256 0.5944308238954522 0.06816551008815355 0.11342966111716038
0 0.41587957497048406 0.6848739495798319 0.0678866587957497 0.10504201680672269
0 0.39207427397502603 0.6080431604021483 0.051447437739347346 0.1062927687540135
0 0.44155844155844154 0.7636554621848739 0.01652892561983471 0.11134453781512606
0 0.4409681227863046 0.6244747899159664 0.01770956316410862 0.08298319327731092
0 0.7132328268245722 0.8591961617143008 0.09025625442848048 0.18813001415139727
0 0.5385472864660751 0.804997939330773 0.12215634670909835 0.17607598069305283
0 0.5008854781582054 0.917016806722689 0.10212514757969303 0.16596638655462184
0 0.9693034238488784 0.967436974789916 0.06139315230224321 0.06512605042016807
0 0.9796340023612751 0.9038865546218487 0.04073199527744982 0.12920168067226892
0 0.8350059031877214 0.9269957983193278 0.09268004722550177 0.14600840336134455
0 0.6204418981409201 0.7447239389461233 0.1033875618627489 0.14464479649844475
0 0.6889153642408458 0.7773182058932125 0.0875246137066398 0.1449281592947261
0 0.7547200516848158 0.7194284086409786 0.08336157589180865 0.1925743471962432
0 0.7826581446165493 0.7336888915876458 0.0782457814961978 0.16479222494579257
0 0.8007609519991731 0.7083300727236661 0.08878090994250236 0.14716362759677554
0 0.6648961200667846 0.6295533906275713 0.11280978363171795 0.16141080876381614
0 0.6806046918161197 0.7035939056118596 0.0799340561850983 0.11372552060824363
0 0.6477535446452264 0.5706429971058214 0.085625218592274 0.12483554813553371
0 0.8768971228442681 0.7338876131972204 0.08708561231768014 0.1490625259840375
0 0.8815902239445838 0.8093088699169626 0.08070559386155662 0.15147333267570612
0 0.914375794383407 0.8288684124750713 0.07725429068089579 0.16990969782021387
0 0.9488452231544413 0.8428189290662038 0.061414221110008764 0.15450407207844413
0 0.9710743801652892 0.8303571428571429 0.05785123966942149 0.12289915966386554
0 0.9946871310507674 0.8408613445378151 0.010625737898465172 0.11659663865546219
0 0.9849468713105076 0.5625 0.03010625737898465 0.0976890756302521
0 0.9743211334120425 0.5682773109243697 0.051357733175914994 0.09873949579831932
0 0.9793388429752066 0.6265756302521008 0.04132231404958678 0.09138655462184873
0 0.9905548996458088 0.6607142857142857 0.018890200708382526 0.10084033613445378
0 0.9660532672211168 0.661257471515742 0.047625768925393386 0.08179653497367954
0 0.9130829180478901 0.6014258425292633 0.06405615726841708 0.0972694746984068
0 0.8686563354213487 0.47717495994367076 0.06350366784207447 0.09825258088351649
0 0.8484064323992393 0.36464617907938696 0.049434554587598566 0.08304889709061941
0 0.8101619968734238 0.488435332470976 0.06774145945976573 0.13430343651258983
0 0.8710906626222527 0.5823985634874138 0.05181078043671836 0.10005756172856768
0 0.9017357079131478 0.3733641449572112 0.03940706328592047 0.049476162136172515
0 0.7888150428232794 0.4063687364806417 0.052037756511484304 0.10636008273697098
0 0.7218860094093629 0.42141360400284417 0.0802217401908808 0.10538947324666337
0 0.7141027936908888 0.48117328082861316 0.09151345555307157 0.10876927925899087
0 0.7590312397722747 0.4762764949452678 0.0636778638104741 0.08676527301773454
0 0.6808298581134289 0.5327526985553936 0.09412458530160742 0.09965206766117334
0 0.5293796800711951 0.5740205801948705 0.0828548436359106 0.16217947630525104
0 0.48140495867768596 0.532563025210084 0.06316410861865407 0.18487394957983194
0 0.47609208972845335 0.4737394957983193 0.0525383707201889 0.14285714285714285
0 0.4781582054309327 0.4217436974789916 0.05667060212514758 0.12710084033613445
0 0.5716098984198454 0.5535224749682838 0.09589463672929001 0.18145021280450205
0 0.601147810723187 0.4904424475960949 0.07863993060344142 0.11043963213812698
0 0.6992325855962219 0.3707983193277311 0.05371900826446281 0.10294117647058823
0 0.6617473435655253 0.3539915966386555 0.0602125147579693 0.06932773109243698
0 0.6237074579736178 0.3907057387482147 0.107414233054975 0.10953633663077685
0 0.5091499409681228 0.34243697478991597 0.06198347107438017 0.046218487394957986
0 0.7481811323782763 0.3743121763123882 0.054611056914225825 0.09619245097108634
0 0.6283943329397875 0.35346638655462187 0.07024793388429752 0.06827731092436974
0 0.9567642449642038 0.40073371970804195 0.035940809344687394 0.05117311857456174