0 0.008792497069167644 0.36221294363256784 0.017584994138335287 0.081419624217119
0 0.08347294174108799 0.15487624203827263 0.07865052170208026 0.09658071294827793
0 0.10126728637220934 0.2256756256469723 0.08085190189760073 0.08932240836986052
0 0.009671746776084409 0.17118997912317327 0.019343493552168817 0.11482254697286012
0 0.17832399754913095 0.37543758886601114 0.05891810984959312 0.07634690317324683
0 0.302168815943728 0.4561586638830898 0.041617819460726846 0.027139874739039668
0 0.26352004070589075 0.417374532184955 0.05503266210583487 0.05748488196154051
0 0.24884819856051762 0.38628970412309904 0.051474724509713306 0.055324322127704995
0 0.2903180632573711 0.15551040370276828 0.04701800163730412 0.09696865982997861
0 0.21711053013003553 0.24685756983633528 0.04568191362093016 0.08859363675384285
0 0.13976447097690098 0.276557366171003 0.06584976058379072 0.07127345081586567
0 0.4340562719812427 0.030793319415448852 0.06389214536928488 0.061586638830897704
0 0.42522380722978464 0.10300472980384102 0.07032137479882668 0.09014761822117211
0 0.3578518789656304 0.08856597393514556 0.06830421906135187 0.10680049482464146
0 0.37257582838642833 0.16712736349992055 0.05477400578219372 0.07417419714581071
0 0.38462760177447824 0.22893870691242377 0.05533970286924404 0.07314250200329417
0 0.4266231710285534 0.20424519321358106 0.06255792498262396 0.08268282835154998
0 0.44010034321743063 0.14452797122686611 0.06631311074970504 0.06502254899276433
0 0.5276791895831869 0.054000307504564776 0.06425501624377573 0.0795877429240001
0 0.5520646510879555 0.1322401885956862 0.04553862793133926 0.08128674740102425
0 0.4343493552168816 0.45668058455114824 0.035169988276670575 0.026096033402922755
0 0.4631264707245669 0.40742452616507807 0.03676660024639887 0.0821483958331369
0 0.5344005932810497 0.4266395183047015 0.04788329381645063 0.08133533217542545
0 0.5165792674092441 0.36940399896872134 0.0490891198561473 0.05318805468106996
0 0.43032440673803507 0.3780508487738467 0.04694914781330898 0.06357788326783785
0 0.4115345079510903 0.28636249224920846 0.046690491489667425 0.08026719845210806
0 0.1943141852286049 0.4441544885177453 0.05920281359906213 0.0511482254697286
0 0.5726846424384525 0.4003131524008351 0.01406799531066823 0.06784968684759916
0 0.5691676436107854 0.36221294363256784 0.021101992966002344 0.05636743215031315
0 0.5665298944900352 0.24686847599164927 0.02637749120750293 0.0824634655532359
0 0.5464104816620193 0.27715801450873245 0.053622142223865285 0.07519374609472713
0 0.5278457461015746 0.1969519126813801 0.05198645911539553 0.08142035553062751
0 0.5738569753810082 0.09446764091858037 0.011723329425556858 0.061586638830897704
0 0.5688745603751465 0.15970772442588727 0.021688159437280186 0.07306889352818371
0 0.3590269636576788 0.4561586638830898 0.047479484173505275 0.027139874739039668
0 0.5401524032825322 0.4603340292275574 0.04865181711606096 0.018789144050104383
0 0.9129542790152403 0.015135699373695199 0.06506447831184056 0.030271398747390398
0 0.9352677133338475 0.08998817555664332 0.0639144823832249 0.09210169276380266
0 0.6633451022165793 0.2815594039937996 0.0744729245375396 0.12257957680239825
0 0.7953907228625425 0.18777948564065325 0.06893132430108422 0.10890032369047564
0 0.771853819412119 0.27233026820936873 0.07543311796650926 0.08190620327463961
0 0.6058030480656507 0.3935281837160752 0.05216881594372802 0.11482254697286012
0 0.5861664712778429 0.36691022964509395 0.012895662368112544 0.08663883089770355
0 0.5911488862837045 0.43893528183716074 0.022860492379835874 0.061586638830897704
0 0.8835203873964919 0.2000398280418669 0.06902622555090748 0.08386027781727017
0 0.9841735052754983 0.04697286012526096 0.031652989449003514 0.09394572025052192
0 0.9788980070339977 0.15501043841336118 0.04220398593200469 0.07828810020876827
0 0.9844665885111371 0.24947807933194155 0.031066822977725676 0.08559498956158663
0 0.9941383352872216 0.21555323590814196 0.011723329425556858 0.07620041753653445
0 0.9285537925786058 0.24062283643113194 0.04620667193952611 0.08547425893909225
0 0.9028006175900352 0.2719134184706843 0.06088874877701295 0.11708100766900657
0 0.8117587348779802 0.33524047648594435 0.05948380693664345 0.07531520803073004
0 0.8417034645588619 0.2936025775372252 0.04497293084428867 0.08231844254354102
0 0.8595499040416386 0.24754031627523213 0.05788906259662847 0.08362950013886447
0 0.8311580585412303 0.3982474886545682 0.06170565651639131 0.06910074478842955
0 0.7941923549179283 0.41052422206241074 0.0467723690265767 0.08444256379657569
0 0.971578421509415 0.3729849321402831 0.054978699624466505 0.08461261050697981
0 0.981535756154748 0.44832985386221297 0.0369284876905041 0.04279749478079332
0 0.9891559202813599 0.3408141962421712 0.021688159437280186 0.11586638830897704
0 0.9577960140679953 0.4603340292275574 0.035169988276670575 0.018789144050104383
0 0.39009378663540445 0.535490605427975 0.09202813599062133 0.1315240083507307
0 0.4422728745425537 0.5725789440391666 0.07587786637790885 0.1643453764406748
0 0.29664493334200737 0.5862560032105631 0.08796964471955702 0.18337744436278522
0 0.19636576787807739 0.5375782881002088 0.10082063305978899 0.13569937369519833
0 0.22919109026963658 0.5307933194154488 0.08323563892145369 0.12212943632567849
0 0.2588083594979586 0.673640728044422 0.07263999325811045 0.1486270254309198
0 0.1452213922318777 0.6629397088938292 0.07446547886622627 0.09232032424860799
0 0.12094107909281496 0.7245199089711726 0.07985634774177719 0.06843343545392219
0 0.09961485671516897 0.7574673494669024 0.0672881955213012 0.08486768057258623
0 0.00996483001172333 0.6534446764091858 0.01992966002344666 0.13778705636743216
0 0.0313599062133646 0.6419624217118998 0.0627198124267292 0.11482254697286012
0 0.04903891748174325 0.6583381298030883 0.047911208871991205 0.11263842606533263
0 0.07752288763494355 0.67666644980989 0.06182289478015461 0.13483845657659466
0 0.32104900902505956 0.74014401568616 0.08773703582174347 0.1416359371117092
0 0.41254773004657164 0.6851737614566352 0.09163550727841532 0.1312825471057419
0 0.46543855247985516 0.6633145556796902 0.05905581749758367 0.14312845629752835
0 0.5080863530084032 0.7017612966223202 0.07722697810719681 0.14350498829913744
0 0.38953558491474416 0.7666051662106002 0.06414709128103872 0.1338432000148787
0 0.23467506730791277 0.9219956501250904 0.07141183020447335 0.08599654526390496
0 0.22215709261430247 0.9671189979123174 0.07033997655334115 0.06576200417536535
0 0.13317243271216644 0.9000674463428179 0.04459145821528361 0.09274470971110976
0 0.1444900351699883 0.9728601252609603 0.050996483001172335 0.054279749478079335
0 0.1700162538449612 0.9263946230809007 0.06289845884317424 0.07016887851174719
0 0.1717077546407432 0.8184359950512023 0.07963305214499 0.14668509708188937
0 0.4527736562273816 0.9437313430935298 0.06011091217637606 0.07741503689656398
0 0.5545134818288394 0.6477035490605428 0.05041031652989449 0.1409185803757829
0 0.5466002344665886 0.7682672233820459 0.06623681125439625 0.08559498956158663
0 0.5182130953117702 0.9492610090244307 0.07019855849346317 0.08388457020447065
0 0.32451484681592757 0.9019454958810811 0.06639498828661405 0.06919791433723221
0 0.3962485345838218 0.9624217118997912 0.06330597889800703 0.07515657620041753
0 0.41272824409272973 0.843776913578404 0.06717282488725095 0.1088638851096748
0 0.4433866132007663 0.8684107932795083 0.05474795835636599 0.1326050195811572
0 0.46039009751833687 0.9287596173334386 0.07622397828005988 0.09235676282940884
0 0.36233188509060565 0.858383887873732 0.058400797202310555 0.10972553354178723
0 0.5943728018757327 0.6069937369519833 0.029308323563892145 0.11169102296450939
0 0.5852872215709262 0.8919624217118998 0.011137162954279016 0.09290187891440502
0 0.9827080890973037 0.49164926931106473 0.03458382180539273 0.04384133611691023
0 0.9832942555685815 0.6440501043841336 0.03341148886283705 0.08977035490605428
0 0.9024647279562287 0.5409383163257315 0.057630406272987184 0.10031881532313468
0 0.8371071664087492 0.5395840157392984 0.055272716674961815 0.1294856417664066
0 0.8557668032190169 0.5947500716934451 0.06419360809109372 0.07645621891564937
0 0.7558970627109401 0.5963325903610036 0.05686746101497706 0.12117134965827239
0 0.8106673456574771 0.6553771612299194 0.05495823024023925 0.08356876917086291
0 0.8476181703619216 0.7469201290881083 0.06898528678245297 0.08177259514503635
0 0.8495218106712898 0.6796591669733693 0.04410763866514229 0.09795177019809395
0 0.9049108193713892 0.6656773559917024 0.058413820915224554 0.08051012232411386
0 0.9147723686471196 0.6157976764396961 0.060213259097512586 0.08263424357714877
0 0.9469268580096916 0.6420276836289764 0.06338972406462909 0.09522107057855303
0 0.6869490042850545 0.6658562579849179 0.04922682750413785 0.11996960780535149
0 0.6535458949083871 0.7402901356661178 0.0478832938164505 0.08133533217542568
0 0.8662982641326473 0.6387918200047602 0.05043265354383452 0.09182233031099576
0 0.6404343826148009 0.8485338335886687 0.03356966589505485 0.06851772749561551
0 0.668062361466112 0.8381504437554552 0.05456931193992067 0.0637357837846416
0 0.6875677424623861 0.7571680825079469 0.041816935261399284 0.07077545687825344
0 0.8598281207821892 0.8765568669610101 0.05121606818607189 0.07201363731197519
0 0.9526471170863611 0.8889143789110261 0.045170179015248196 0.062497603350919854
0 0.9580361307559683 0.9396317801646986 0.05002326585928896 0.07094550358865756
0 0.9821219226260258 0.907098121085595 0.03575615474794842 0.09394572025052192
0 0.9903282532239156 0.8669102296450939 0.019343493552168817 0.0824634655532359
0 0.9670072618178118 0.8443450024916067 0.04690820904485421 0.0614902005956038
0 0.7403459957061888 0.8939059557559708 0.0489402561249558 0.10535582909971475
0 0.770909463564402 0.9435798813302805 0.04804704889026878 0.08968606286436073
0 0.8098783653974087 0.8989987243740151 0.055121985314057265 0.09191949985979818
0 0.9092168233066632 0.7508050827564319 0.0499618577066072 0.06781397958030683
0 0.9064283428250083 0.7131842829786219 0.062373700524578156 0.0732882563264978
0 0.6349318659408565 0.9115465531973383 0.05734383489380512 0.08570503661749793
0 0.6900250023845168 0.9272960010046029 0.05089600370974885 0.08557142848789466
0 0.6462485345838218 0.9770354906054279 0.0627198124267292 0.04592901878914405