0 0.039265536723163845 0.023138832997987926 0.07853107344632769 0.04627766599597585
0 0.1519774011299435 0.05734406438631791 0.0903954802259887 0.11468812877263582
0 0.12768361581920903 0.011066398390342052 0.04858757062146893 0.022132796780684104
0 0.19491525423728814 0.018108651911468814 0.07909604519774012 0.03621730382293763
0 0.0582751780254522 0.44622984190245657 0.07660028433434776 0.1391740228374056
0 0.3364406779661017 0.37474849094567403 0.02655367231638418 0.09356136820925554
0 0.20303903139892135 0.5171412621102554 0.06778385790474738 0.08659673312520907
0 0.2760783622364516 0.4519933504837724 0.06555684110663776 0.09155667250175561
0 0.2810734463276836 0.545271629778672 0.05706214689265537 0.06841046277665996
0 0.25084745762711863 0.5533199195171026 0.0384180790960452 0.052313883299798795
0 0.04632768361581921 0.5513078470824949 0.04519774011299435 0.056338028169014086
0 0.7809017296119329 0.18504763619858852 0.10191265026054382 0.20936318064106912
0 0.7328423797861747 0.31889321173027246 0.08816268102291464 0.1797666800794221
0 0.7602297679192538 0.45156197757173205 0.0930304834158639 0.14672552875583458
0 0.8153800561879093 0.4864820946370896 0.08014131779750538 0.16241821840035264
0 0.6870558671399463 0.49406529409513245 0.0958356200484022 0.14379522224138896
0 0.9286342790190955 0.40698741199441296 0.10683961902706464 0.185376355273216
0 0.9878531073446327 0.3933601609657948 0.024293785310734464 0.1488933601609658
0 0.9853107344632769 0.4924547283702213 0.02937853107344633 0.12575452716297786
0 0.9694915254237289 0.45422535211267606 0.061016949152542375 0.1579476861167002
0 0.9345233553208523 0.500247707011188 0.06393424030898774 0.10257038960961812
0 0.8874928429910894 0.4766486145348237 0.07882072709094991 0.13320804724355537
0 0.8401129943502825 0.5482897384305835 0.08926553672316384 0.06237424547283702
0 0.9257062146892655 0.5669014084507042 0.06836158192090395 0.025150905432595575
0 0.7172316384180791 0.5553319919517102 0.07288135593220339 0.0482897384305835
0 0.6576271186440678 0.5412474849094567 0.0576271186440678 0.07645875251509054
0 0.6240112994350282 0.5221327967806841 0.06610169491525424 0.11468812877263582
0 0.6221369059687166 0.4407292176371756 0.09997449547051196 0.17208715931834812
0 0.6084368357698051 0.3321325333759386 0.0824800933012505 0.1745608947179711
0 0.5817224952547477 0.26941840549208096 0.07629170020174562 0.17839187488476144
0 0.5476405128260512 0.20999711881137548 0.07852529104136349 0.17443797172551895
0 0.47451282824643537 0.20218984425583808 0.0906197892738031 0.21001800830850947
0 0.5136201921551362 0.31409183829752757 0.08797203381918388 0.15059162977761112
0 0.5432249339331993 0.4101017437036238 0.11003222829030046 0.1553006313190604
0 0.5143487233077039 0.46203184352366905 0.07468185166883988 0.10491611016659608
0 0.4760557489094458 0.39845470876754946 0.063106702715529 0.14881293475060758
0 0.5149717514124293 0.522635814889336 0.09661016949152543 0.11368209255533199
0 0.4360150690157508 0.38614152002519186 0.06878929043719312 0.15401872011205847
0 0.4220127908166092 0.28055416420211976 0.0986736268884802 0.14589509681346244
0 0.3844632768361582 0.2932595573440644 0.06949152542372881 0.1619718309859155
0 0.38389830508474576 0.4104627766599598 0.06836158192090395 0.12474849094567404
0 0.21468926553672316 0.5980885311871227 0.062146892655367235 0.03722334004024145
0 0.3327683615819209 0.8224346076458753 0.03389830508474576 0.1056338028169014
0 0.1324858757062147 0.6161971830985915 0.05480225988700565 0.07344064386317907
0 0.09632768361581921 0.6237424547283702 0.06384180790960452 0.08853118712273642
0 0.052824858757062144 0.6207243460764588 0.06271186440677966 0.08249496981891348
0 0.1952048304473529 0.6915477030986101 0.07812427450937814 0.11306976246998576
0 0.0062146892655367235 0.7369215291750503 0.012429378531073447 0.1056338028169014
0 0.008192090395480226 0.795271629778672 0.01638418079096045 0.07746478873239436
0 0.03553726355160816 0.8259492390696069 0.06459124864151168 0.11667245707936467
0 0.0844925846792508 0.857658082780628 0.05380419303261184 0.10829051921856378
0 0.17451663156003988 0.9173087974572022 0.042419295464759796 0.09486083984375074
0 0.23772194489818832 0.7572686134955362 0.06443347164532076 0.09252758786407292
0 0.1782057788662625 0.8283711745770265 0.06677224714906588 0.1046702641816916
0 0.31313850594283177 0.8904239794566121 0.06057070596654513 0.10648917191387432
0 0.2552192382699318 0.8468647524067061 0.05829767087787943 0.10440685776929409
0 0.23857847195102502 0.9288592500420642 0.04140768470907823 0.11293437090023303
0 0.2943502824858757 0.9899396378269618 0.05649717514124294 0.02012072434607646
0 0.32796610169491525 0.7379275653923542 0.04350282485875706 0.12776659959758552
0 0.5666666666666667 0.6373239436619719 0.061016949152542375 0.11569416498993963
0 0.5041624008602383 0.6487518325482945 0.049783650357645294 0.09810723405307342
0 0.4434969650192357 0.6363007063110878 0.07524024937874445 0.10392763437678529
0 0.35621468926553673 0.8506036217303823 0.012994350282485875 0.06740442655935613
0 0.6488440787148579 0.7322387054723911 0.048614262605772736 0.09203589589426396
0 0.6949152542372882 0.6242454728370221 0.059887005649717516 0.08953722334004025
0 0.8028248587570621 0.6247484909456741 0.05310734463276836 0.09054325955734406
0 0.7322033898305085 0.636317907444668 0.05310734463276836 0.11368209255533199
0 0.7404777762194169 0.7617522346985836 0.07070732728442902 0.10177507852223248
0 0.7190840553248141 0.8360521970704707 0.05586685879302294 0.07817967440942167
0 0.7011171138035235 0.7318509725809021 0.048995161194962146 0.06388444223725018
0 0.8033406456717436 0.7838309467101492 0.04983624268970897 0.106155523791504
0 0.8448333971021533 0.7468834816596057 0.06007147463021237 0.11653197365941952
0 0.8498355715277439 0.8461536533389642 0.050867575569914586 0.09110010138693318
0 0.8302057933232119 0.9099429167116408 0.05697708017132395 0.07519668661249672
0 0.7406779661016949 0.9874245472837022 0.03615819209039548 0.025150905432595575
0 0.7117716990365845 0.9605987430999734 0.05298940770389685 0.07004358253352547
0 0.6408677442343247 0.9583949094495796 0.03877965137898286 0.05652610102124637
0 0.6257879169552859 0.8879924805909016 0.058632551176513406 0.06921315059115332
0 0.530356996277895 0.877479496714776 0.034292747575223256 0.06141579868781987
0 0.6059249581863574 0.944227692120053 0.03651976437333314 0.05645585931127356
0 0.9104519774011299 0.6232394366197183 0.05141242937853107 0.0875251509054326
0 0.9466101694915254 0.6156941649899397 0.04689265536723164 0.07243460764587525
0 0.9694915254237289 0.6091549295774648 0.04293785310734463 0.059356136820925554
0 0.9174550783947923 0.7888872073897266 0.03556731999122318 0.08358371632349049
0 0.8902115275383445 0.8071589949988267 0.05930270759205333 0.08532729049550752
0 0.8994279809542504 0.9100819966449473 0.04515869168221849 0.08187017115626687
0 0.8603200233181416 0.9279850152766906 0.05490126632789699 0.10329545898703117
0 0.46593667271559025 0.9640263555307835 0.046728700147804565 0.06280816430997355
0 0.4138418079096045 0.9874245472837022 0.04463276836158192 0.025150905432595575
0 0.9315167208766417 0.8421518996992532 0.048607688564264874 0.09102985967696015
0 0.5554259247591605 0.8893273341285645 0.03611914365961962 0.08158920431637587
0 0.5837205306203377 0.8831631019820966 0.032676720819081365 0.0734355520129862
0 0.857909604519774 0.9894366197183099 0.04576271186440678 0.02112676056338028