0 0.050529737338763425 0.07149730682372393 0.08696078141222272 0.12141189740155311
0 0.380098452883263 0.43875 0.04992967651195499 0.0225
0 0.47644163150492264 0.11375 0.026019690576652602 0.1025
0 0.4247538677918425 0.02875 0.053445850914205346 0.0575
0 0.39029535864978904 0.05125 0.06610407876230662 0.1025
0 0.316064059402186 0.09262478864514108 0.04461938845924192 0.10510276753193694
0 0.36057831169003796 0.1056142928664638 0.04672909310059197 0.10516822402541763
0 0.3189314378890708 0.19437978507375958 0.06920805925399834 0.10336642662254633
0 0.4286746839118068 0.22284013799717697 0.05303365700364672 0.10286459350586
0 0.26933674594262463 0.23340710325497865 0.08682575629674424 0.10766189740155312
0 0.3893224384918172 0.18532290195773243 0.06432224012234199 0.10696369480442457
0 0.03410689170182841 0.184375 0.06821378340365682 0.09625
0 0.07710020622351473 0.229374553577313 0.0761790330060087 0.09733461493414908
0 0.11583256361335321 0.3300167896167576 0.055551996273493866 0.07295186883050121
0 0.024964838255977496 0.26875 0.04992967651195499 0.09
0 0.08527075419898948 0.2922268181878096 0.05910499570723836 0.07681096298630266
0 0.5239099859353024 0.443125 0.05907172995780591 0.01375
0 0.5354901574540417 0.14174996721421584 0.03566146017086156 0.12356912272685334
0 0.7067690337393463 0.09644799124226978 0.05055214276529372 0.13652731818121908
0 0.7672648473916427 0.200163843515746 0.05218312199722008 0.0878427746746999
0 0.7926925767644843 0.08066109384071658 0.04822148793497834 0.11396186168773824
0 0.7522644882848851 0.11690476721685215 0.04169597384295937 0.09376549220729573
0 0.8955696202531646 0.015 0.04430379746835443 0.03
0 0.9405766526019691 0.013125 0.04430379746835443 0.02625
0 0.5769915107700632 0.10359856559133995 0.05275133176219168 0.07411459350586014
0 0.8270042194092827 0.02 0.04360056258790436 0.04
0 0.9233473980309423 0.43625 0.046413502109704644 0.0275
0 0.6706858653473329 0.29875620455354296 0.042411483733907386 0.0950373110384561
0 0.6458701068583627 0.32014486364415246 0.04918605731794909 0.0690054993500587
0 0.6128794425296996 0.31492034870868535 0.037415189507768606 0.08738457922033432
0 0.7623720921725807 0.30465884708712737 0.050764377225822 0.08654913701237944
0 0.8818565400843882 0.441875 0.030942334739803096 0.01625
0 0.9756153953674882 0.3530259224144048 0.04780413757804515 0.07146186168773823
0 0.9894652802927739 0.3744645457911994 0.01903288253208261 0.07681728961016689
0 0.9922644163150492 0.211875 0.015471167369901548 0.06875
0 0.9753867791842475 0.035625 0.04922644163150492 0.04625
0 0.9293104062345177 0.05705324059562386 0.04648359289063124 0.08016822402541778
0 0.8365220066876334 0.0917974168931996 0.06762973934612575 0.08582278896022587
0 0.6673699015471167 0.42875 0.07032348804500703 0.0425
0 0.7609001406469761 0.4375 0.04219409282700422 0.025
0 0.7967651195499297 0.43375 0.04360056258790436 0.0325
0 0.8375527426160337 0.44375 0.04219409282700422 0.0125
0 0.8042470347266357 0.33584971721751117 0.04914923228645495 0.0652554993500587
0 0.9065352426648452 0.3001859866992717 0.05494696147702828 0.08293004999934084
0 0.846115839775442 0.367665587347895 0.05059252707884955 0.06904913701237944
0 0.9212376933895922 0.41375 0.06047819971870605 0.0725
0 0.17335408296634403 0.923283287666934 0.06322264562389293 0.1381700571421038
0 0.06057516759181228 0.8817961194837377 0.07273650866674672 0.10472552077834792
0 0.14310829817158932 0.465 0.10618846694796062 0.03
0 0.37564342265462985 0.5121303772797373 0.10515896323043815 0.11322918701172029
0 0.23347398030942335 0.478125 0.0759493670886076 0.05625
0 0.2981715893108298 0.53 0.07313642756680731 0.16
0 0.41281587265234265 0.6284412509815024 0.11528657679819418 0.1422846506479641
0 0.46448663853727146 0.678125 0.04992967651195499 0.19625
0 0.32482043107622277 0.7836249672142159 0.061186591045531 0.14560460064862313
0 0.25056421685418845 0.7209486727327848 0.10338068387253523 0.14691373051823944
0 0.2546618570907827 0.8763991220835027 0.10096410396873393 0.11559827402475861
0 0.16587689060729127 0.5392573889654984 0.0731415840131822 0.14597552077834777
0 0.11271692421660248 0.5833938013025187 0.0686853902489573 0.19332278896022587
0 0.08767407803341849 0.6279074603931282 0.07649818327895788 0.12983461493414908
0 0.07587350375586704 0.7557347428605322 0.09287254497933983 0.07910826688199563
0 0.01230661040787623 0.9775 0.02461322081575246 0.045
0 0.470112517580872 0.975625 0.03867791842475387 0.04875
0 0.48066104078762306 0.821875 0.017580872011251757 0.09375
0 0.567739598335169 0.6989301064980942 0.11398702284971493 0.22471919415448327
0 0.7913682903182913 0.6919917181891277 0.07728734323289434 0.13860643376530937
0 0.7411370774669775 0.8316331269547667 0.08672755621275975 0.09766189740155312
0 0.6846608961240688 0.9271068146164281 0.10840508740173156 0.08583828116752158
0 0.8227848101265823 0.93625 0.05063291139240506 0.1275
0 0.9361699238331715 0.8730674918922111 0.07776962792437955 0.11612825259646968
0 0.5066807313642757 0.91375 0.034458509142053444 0.11
0 0.5449994801559598 0.9026987620173221 0.05188496246320542 0.12907095584353953
0 0.589638262189823 0.9388023568230648 0.048147837871990375 0.10646186168773823
0 0.6156821378340366 0.9675 0.06118143459915612 0.065
0 0.9233473980309423 0.964375 0.07172995780590717 0.07125
0 0.9715189873417721 0.940625 0.056962025316455694 0.11625
0 0.9883966244725738 0.964375 0.023206751054852322 0.07125