0 0.3994950208087452 0.3273954745061717 0.08193817219858204 0.11339630879164618
0 0.27421875 0.5175925925925926 0.0640625 0.044444444444444446
0 0.15416666666666667 0.4828703703703704 0.078125 0.11388888888888889
0 0.08671875 0.5027777777777778 0.050520833333333334 0.07407407407407407
0 0.23004362836342754 0.1869622563919538 0.05296455693426362 0.10387766137539108
0 0.4079409413594346 0.1523308210107395 0.05548136361642572 0.07532481582769564
0 0.33890493348173056 0.10295774023808535 0.04313799480421991 0.06556987977012352
0 0.4049542411138899 0.09606485118069846 0.04563290082722489 0.06289985781806591
0 0.3661776276655318 0.08380307526018406 0.04256979092675408 0.07756381447687247
0 0.43923093079980663 0.1103616638567889 0.04674740792299919 0.06479481200020595
0 0.4886572517575516 0.0898281113973032 0.04008583523332779 0.0672924246311111
0 0.5438641644561618 0.30570661218567763 0.039506681026283276 0.09222777113567902
0 0.59296875 0.3398148148148148 0.0140625 0.1
0 0.5877604166666667 0.300462962962963 0.024479166666666666 0.08425925925925926
0 0.5770833333333333 0.24814814814814815 0.04583333333333333 0.07962962962962963
0 0.5966145833333333 0.20185185185185187 0.0067708333333333336 0.06666666666666667
0 0.584375 0.10092592592592593 0.03125 0.07407407407407407
0 0.5406239433434628 0.037759199543475994 0.028674872444126958 0.054802813126049496
0 0.5164580390523845 0.05724752049347604 0.041721175662435425 0.06920892997839513
0 0.5208333333333334 0.010185185185185186 0.03125 0.020370370370370372
0 0.12604166666666666 0.01990740740740741 0.05 0.03981481481481482
0 0.3223958333333333 0.016666666666666666 0.0375 0.03333333333333333
0 0.3692708333333333 0.02638888888888889 0.04791666666666667 0.05277777777777778
0 0.38619791666666664 0.013425925925925926 0.04010416666666667 0.026851851851851852
0 0.33958333333333335 0.032407407407407406 0.05625 0.06481481481481481
0 0.9776041666666667 0.3384259259259259 0.04479166666666667 0.11203703703703703
0 0.97421875 0.1439814814814815 0.0515625 0.09537037037037037
0 0.9796875 0.021296296296296296 0.040625 0.04259259259259259
0 0.7473958333333334 0.04675925925925926 0.06458333333333334 0.09351851851851851
0 0.80562266124441 0.11144160751096656 0.058548042742714655 0.10041102048827161
0 0.857053999941591 0.0862029963438471 0.05590745586149405 0.09937733873662562
0 0.7432197935758939 0.4486633778022628 0.060103161638954225 0.1531672471009053
0 0.6967525543876233 0.36091747484127523 0.06607275025210152 0.13307704187740732
0 0.7170612425096811 0.2676352449640736 0.06617844166994509 0.09610465833580259
0 0.6796875 0.48935185185185187 0.06145833333333333 0.10092592592592593
0 0.7815606637582662 0.1877773926622627 0.04397565973895989 0.0868661760664197
0 0.8861790138810385 0.2116432468787647 0.07497428746290069 0.121427925812963
0 0.6296875 0.27824074074074073 0.059375 0.11944444444444445
0 0.6265625 0.19768518518518519 0.053125 0.08055555555555556
0 0.6169270833333333 0.1388888888888889 0.033854166666666664 0.07777777777777778
0 0.6395477624012132 0.07024371012176918 0.04914757285773928 0.08615576179193432
0 0.6104166666666667 0.07268518518518519 0.020833333333333332 0.09351851851851851
0 0.7014869396275079 0.10835520871493777 0.05432305520233693 0.12519550883683148
0 0.6880563182174121 0.08626268057121357 0.05727690445914592 0.10775377440024693
0 0.6638020833333333 0.03888888888888889 0.04010416666666667 0.07777777777777778
0 0.05572916666666667 0.9680555555555556 0.05 0.06388888888888888
0 0.17901635992609558 0.9234124427020364 0.06487088317182241 0.10252148632185198
0 0.24408410637820838 0.9216444729849581 0.06356332467369986 0.1089383143079014
0 0.25364583333333335 0.9726851851851852 0.071875 0.05462962962962963
0 0.37629745745097787 0.9115516229913159 0.050225659738959885 0.08712479004814824
0 0.41555848401811535 0.9247177736726122 0.05484031930985201 0.08546689868259262
0 0.5117378093897109 0.9119560629898136 0.052589404459145804 0.10755981391395068
0 0.5617724449913556 0.9288363058697519 0.04325082467369986 0.10809781886728413
0 0.5864583333333333 0.9023148148148148 0.027083333333333334 0.075
0 0.5802083333333333 0.700462962962963 0.03958333333333333 0.06759259259259259
0 0.552748548216221 0.728610792811007 0.04018057632159279 0.04326145288732522
0 0.4442620315948498 0.6180096178694845 0.059006985976518676 0.08563930800374493
0 0.30975039512724173 0.5939940667598756 0.04604447351689629 0.06014363120543217
0 0.19936836406221978 0.6175120685041762 0.04377903911079362 0.05542779691522642
0 0.1562466734263058 0.6363981180930447 0.03146114018356319 0.05954019858139919
0 0.20094002977888922 0.6502639074662545 0.03459709051314164 0.046728093774444486
0 0.1926941777561225 0.688044072613127 0.03533644513379848 0.05230520049514409
0 0.1644526573347624 0.7053899880694644 0.035554966421121985 0.057860756050699694
0 0.115760215832885 0.713875727909341 0.029257595876989485 0.06961762794086421
0 0.09427083333333333 0.5472222222222223 0.0375 0.014814814814814815
0 0.08250674005423389 0.5678068801099584 0.022727184490136665 0.049010194753909504
0 0.04628156888968284 0.6030471044709048 0.035930118896239566 0.05417860351213998
0 0.019555177924190186 0.6083128805599173 0.035930118896239566 0.05417860351213998
0 0.008072916666666667 0.575925925925926 0.016145833333333335 0.040740740740740744
0 0.01640625 0.7055555555555556 0.0328125 0.06296296296296296
0 0.09261955271410555 0.7139088288323245 0.03538738490374911 0.08003987594263377
0 0.11171875 0.5569444444444445 0.03177083333333333 0.03425925925925926
0 0.48388405505989407 0.8599545142448548 0.0465288866356758 0.05923925644465018
0 0.46327102762679334 0.8353859246353693 0.03103861716431311 0.07523783699185195
0 0.43674494784134715 0.835559108131789 0.03806439199952365 0.08199948362020584
0 0.5276041666666667 0.5606481481481481 0.03854166666666667 0.041666666666666664
0 0.5457243153417956 0.5833054630237026 0.047643393731450344 0.06113421062679018
0 0.5745941451272416 0.5830352992841346 0.03688799480421991 0.06531126578839513
0 0.3058755754812542 0.8511428601855546 0.07254865264318534 0.08619963829748982
0 0.295276686415756 0.7901075652400814 0.05974277137135739 0.0514662534050619
0 0.22897612783359952 0.8298277223375506 0.04086161006853845 0.07379545727773668
0 0.19477049396388146 0.8335541384692997 0.05153321823708244 0.08070796206209883
0 0.05034493538172491 0.876506970338374 0.037459767907504 0.09306749240102877
0 0.08185701533523873 0.7892320963094851 0.052720565761964856 0.08445476809609052
0 0.027346262569280987 0.846490580999053 0.03289247888074425 0.08270989789469144
0 0.015885416666666666 0.9537037037037037 0.03177083333333333 0.09259259259259259
0 0.22239583333333332 0.5546296296296296 0.04375 0.02962962962962963
0 0.7741196256815035 0.7642016421287645 0.05865730338637623 0.10318879826604938
0 0.6999390805089666 0.7464716765761721 0.04995976790750388 0.09358472036448562
0 0.7365301171059039 0.6160011644182913 0.06537719694975905 0.07573428796543222
0 0.73359375 0.5578703703703703 0.050520833333333334 0.03611111111111111
0 0.9924479166666667 0.7217592592592592 0.015104166666666667 0.06944444444444445
0 0.9240083377728089 0.648455869248785 0.040366246620180374 0.08764124383633758
0 0.954786659596517 0.6393247557174886 0.03931362962393526 0.10053955330386836
0 0.928125 0.5694444444444444 0.03958333333333333 0.05925925925925926
0 0.6419588776655318 0.6605887881372421 0.049355143815484226 0.10465272914530875
0 0.6792494007688159 0.6313132043819539 0.052720565761964856 0.08445476809609063