0 0.5314606741573034 0.211 0.016853932584269662 0.112
0 0.2952247191011236 0.449 0.062359550561797754 0.042
0 0.28048140345705797 0.4122761230200118 0.052677580550296886 0.10361188457690765
0 0.20550581314130212 0.37870107281680127 0.06427900740152165 0.09871244794185156
0 0.13089887640449438 0.066 0.05393258426966292 0.132
0 0.09106439848549966 0.16490719638130588 0.06836965576351016 0.12102689461754972
0 0.08342696629213484 0.448 0.047752808988764044 0.044
0 0.08197851994548475 0.3736975652641737 0.05578659912346543 0.09592633125260591
0 0.14043292847905528 0.41275278986817604 0.053250460048061186 0.06976910791475666
0 0.1268541277480437 0.37136398371717555 0.0513304789664319 0.07955947679762448
0 0.1580963124576723 0.3120891882398936 0.05023406358129686 0.09740225345977546
0 0.1278981669655934 0.2791805564896849 0.07010940926290307 0.15707930239683277
0 0.0044943820224719105 0.0315 0.008988764044943821 0.047
0 0.21292134831460674 0.453 0.051685393258426963 0.034
0 0.18595505617977529 0.446 0.05393258426966292 0.048
0 0.14803370786516853 0.444 0.05449438202247191 0.052
0 0.014887640449438203 0.299 0.029775280898876405 0.134
0 0.03634175587516128 0.32179531180439824 0.051908375094768484 0.13145466123905838
0 0.8261689709692503 0.12597932193362418 0.08376170116759984 0.14638949687890887
0 0.9379830842747194 0.13590847001094938 0.06542978302762278 0.11676485572113461
0 0.8771045518258208 0.16232704151730554 0.06850608060783045 0.10807930239683276
0 0.9499696380956139 0.2604020917205161 0.05862276800799315 0.11413596236973808
0 0.9270504537058077 0.2547533727699115 0.052312108755251774 0.10955947679762448
0 0.9661364298277095 0.2829743250990073 0.06226086334101045 0.1055028168247195
0 0.8786516853932584 0.452 0.05955056179775281 0.036
0 0.6356741573033707 0.414 0.05898876404494382 0.112
0 0.6623595505617977 0.4575 0.058426966292134834 0.025
0 0.7756822371158429 0.40312735015632073 0.05628295489035317 0.09397873903188883
0 0.7719101123595505 0.4515 0.052808988764044947 0.037
0 0.8216292134831461 0.4365 0.056741573033707866 0.067
0 0.8127140535061285 0.3132980208029446 0.07145703508867346 0.07844615685181407
0 0.8520728793166712 0.3676237886906067 0.054297531822802475 0.10176910791475666
0 0.8650782763080129 0.2715409248280599 0.07745658278733593 0.12486541908607841
0 0.616420099140353 0.25887668638495576 0.054853788703133746 0.11876910791475666
0 0.5617977528089888 0.2795 0.043820224719101124 0.093
0 0.5606741573033708 0.1545 0.04157303370786517 0.129
0 0.5469101123595506 0.158 0.014044943820224719 0.114
0 0.55 0.068 0.020224719101123594 0.136
0 0.5954813211875252 0.34769963744789834 0.055453848321381075 0.10287392347332297
0 0.5831460674157304 0.4265 0.0696629213483146 0.087
0 0.5519662921348315 0.425 0.024157303370786518 0.084
0 0.5615168539325842 0.365 0.04325842696629213 0.11
0 0.011797752808988765 0.8955 0.02359550561797753 0.087
0 0.24691011235955057 0.9875 0.05786516853932584 0.025
0 0.135254438161601 0.9160225345977546 0.06301898705158332 0.11155522460400244
0 0.2778089887640449 0.531 0.06460674157303371 0.122
0 0.23582323661836285 0.692696022069098 0.06908951760864475 0.14302689461754972
0 0.4901703741725117 0.7209367460843156 0.04909938633072364 0.13119262234264328
0 0.41486480349091037 0.6888354919914635 0.06282820196629677 0.08860763238328537
0 0.3509948085013972 0.763623044049612 0.06054274908962286 0.10434559348687025
0 0.3958676458677172 0.7527632586129723 0.04203614423988685 0.1036161367705298
0 0.43127172391868623 0.7385125409285208 0.056850293515640006 0.07708355459045503
0 0.5162921348314606 0.7335 0.04719101123595506 0.123
0 0.49863388037765694 0.9358779600145992 0.05073596022066238 0.07850706901834155
0 0.5219101123595505 0.9725 0.035955056179775284 0.055
0 0.346495409848353 0.8494658207117629 0.05185401485380251 0.09555947679762448
0 0.4059782834658512 0.951809288101822 0.04613787434683075 0.09203539900479427
0 0.8735718822965916 0.6979708175463798 0.08624902087451573 0.11970394355460709
0 0.8804645187186722 0.9092548081388143 0.0747568387471283 0.09370819574822917
0 0.9595505617977528 0.9635 0.058426966292134834 0.073
0 0.9233146067415731 0.9615 0.04662921348314607 0.077
0 0.6334269662921348 0.971 0.05449438202247191 0.058
0 0.5780898876404494 0.9805 0.06179775280898876 0.039
0 0.5573033707865168 0.704 0.0348314606741573 0.144
0 0.5629213483146067 0.7925 0.046067415730337076 0.125
0 0.577808988764045 0.837 0.07584269662921349 0.11
0 0.571067415730337 0.904 0.062359550561797754 0.098