0 0.025935828877005348 0.3255703422053232 0.051871657754010696 0.10741444866920152
0 0.2072192513368984 0.3659695817490494 0.06042780748663101 0.026615969581749048
0 0.26044689334778337 0.12827519687824257 0.0733153868834922 0.14348919384864003
0 0.2355215882443748 0.18999927728782529 0.06408104009175213 0.09407952144634997
0 0.27647058823529413 0.3431558935361217 0.045989304812834225 0.07224334600760456
0 0.24064171122994651 0.34125475285171103 0.04385026737967915 0.07604562737642585
0 0.25956780517624994 0.2663272929510766 0.058986872696478336 0.11521146542792925
0 0.31283422459893045 0.34980988593155893 0.034224598930481284 0.058935361216730035
0 0.29572192513368983 0.3659695817490494 0.03636363636363636 0.026615969581749048
0 0.8719251336898396 0.36834600760456276 0.058288770053475936 0.021863117870722433
0 0.9240641711229947 0.36359315589353614 0.045989304812834225 0.03136882129277566
0 0.9893048128342246 0.26188212927756654 0.0213903743315508 0.08079847908745247
0 0.01764705882352941 0.9439163498098859 0.03529411764705882 0.11216730038022814
0 0.17937534854821494 0.9085920352314482 0.04411641747472794 0.11620200655490794
0 0.2203768836143344 0.9236247706950479 0.05174012423788403 0.12093487287354802
0 0.25742435718214046 0.7772931942211971 0.060981652706072115 0.1410098053745899
0 0.27801977415270596 0.7505175629319502 0.04400006703422758 0.09820764040656531
0 0.3029411764705882 0.8122623574144486 0.05401069518716577 0.07509505703422054
0 0.31711229946524067 0.8578897338403042 0.025668449197860963 0.10171102661596958
0 0.3125304287621187 0.9251431532675073 0.03139218136258038 0.0881236891948728
0 0.3 0.9619771863117871 0.04171122994652406 0.07604562737642585
0 0.26524064171122996 0.9752851711026616 0.06310160427807486 0.049429657794676805
0 0.2522906905664035 0.9597662076596408 0.05647805863520899 0.07515457034818875
0 0.526867354209676 0.5567965457538975 0.06826985177789244 0.10690222836992846
0 0.35294117647058826 0.42775665399239543 0.045989304812834225 0.09695817490494296
0 0.3451871657754011 0.46340304182509506 0.03048128342245989 0.09980988593155894
0 0.4301675347937068 0.6285253001004141 0.06380688859752515 0.08647495870870739
0 0.4016838024963341 0.7096795948678406 0.04513812362436177 0.10024172179809299
0 0.34705882352941175 0.5670152091254753 0.034224598930481284 0.094106463878327
0 0.34144385026737967 0.5038022813688213 0.022994652406417113 0.0779467680608365
0 0.4877705162502499 0.6536652292562922 0.057416863558390416 0.11596262470945913
0 0.5810138955598596 0.6780305352184586 0.06523264031205164 0.1112562579596043
0 0.6447562469834172 0.7110309158300198 0.07542733705631666 0.11346976501942037
0 0.5093489598727167 0.6984582477428716 0.05492159312728626 0.09104838475144539
0 0.4504421193731342 0.7848209154316369 0.06209980371232367 0.08342383662141586
0 0.4155213691924136 0.8055575158116606 0.042121637465134164 0.09040366660824739
0 0.4002673796791444 0.9838403041825095 0.04438502673796792 0.03231939163498099
0 0.5589329122090566 0.8186519540310832 0.0433696825420514 0.06595471912514284
0 0.5770967761997551 0.8942487958051912 0.049594724851011754 0.07619159643633933
0 0.3813274483604869 0.8169213534767478 0.03693184493597309 0.07934915966196261
0 0.3481283422459893 0.9881178707224335 0.026737967914438502 0.02376425855513308
0 0.73475935828877 0.9748098859315589 0.06737967914438503 0.05038022813688213
0 0.8355614973262032 0.9843155893536122 0.034759358288770054 0.03136882129277566
0 0.8883709444525391 0.9636951369907768 0.06111954817591598 0.07099995181918836
0 0.8265138923272204 0.628582820530018 0.053536472303255714 0.11169505086572865
0 0.4983957219251337 0.9824144486692015 0.047058823529411764 0.03517110266159696
0 0.5299465240641711 0.9885931558935361 0.04385026737967915 0.022813688212927757
0 0.6649732620320855 0.971958174904943 0.040106951871657755 0.05608365019011407
0 0.5960540560200411 0.8294171156509521 0.046797395942619543 0.08719961842145231
0 0.7516212167151295 0.8326667630725348 0.05241914101973435 0.09546888469467964
0 0.8475603477068918 0.7324541336366379 0.05429757058882752 0.10327285849299755
0 0.8276092687200329 0.7697192738669227 0.0668441000633657 0.08212092911903165
0 0.8195635622008642 0.7975816732936911 0.07572939553360447 0.07754750307629364
0 0.9395250038410298 0.7656504467890795 0.05562769716946697 0.09586770681603031
0 0.9759358288770054 0.716254752851711 0.0481283422459893 0.10551330798479087
0 0.9720783283544858 0.9376669650316687 0.04725007379718634 0.07022229296887353
0 0.37770684524668324 0.8789278221731559 0.0492313101766148 0.08087797779380743
0 0.989572192513369 0.8740494296577946 0.02085561497326203 0.0655893536121673
0 0.7920493129252275 0.9351619627152176 0.04033247107621072 0.07030874871481878
0 0.5959893048128342 0.973384030418251 0.032620320855614976 0.053231939163498096
0 0.9911764705882353 0.6986692015209125 0.01764705882352941 0.11596958174904944