0 0.15901673830837018 0.35719567303679134 0.04434246258877483 0.04898474886562507
0 0.1436245354830976 0.325333442832392 0.0583360782580102 0.07294420856139625
0 0.15911813846809325 0.2837826608675577 0.03885500397370287 0.07535453358084639
0 0.17153559866210988 0.23315456428163828 0.04271835195837148 0.0768006381280352
0 0.22540983606557377 0.21407766990291263 0.02896174863387978 0.0941747572815534
0 0.20683060109289617 0.13398058252427184 0.06612021857923497 0.09320388349514563
0 0.21010928961748634 0.07718446601941747 0.059562841530054644 0.08058252427184466
0 0.16174863387978142 0.040776699029126215 0.06666666666666667 0.08155339805825243
0 0.10601092896174863 0.048058252427184464 0.06885245901639345 0.09611650485436893
0 0.10709680777224838 0.19858028254819443 0.042580740099676266 0.10093670257086346
0 0.10646993759217406 0.29318279274669146 0.04897003802637796 0.06984832914096921
0 0.06633847010340253 0.2959259149954101 0.04181651264674171 0.08151922684270811
0 0.07760571706358568 0.243705727512513 0.050647593661319795 0.07102287325342618
0 0.11335411098252617 0.2539438272953558 0.039718631912685855 0.0696650710797657
0 0.02185792349726776 0.017475728155339806 0.04371584699453552 0.03495145631067961
0 0.15136612021857923 0.011650485436893204 0.06557377049180328 0.02330097087378641
0 0.46885245901639344 0.018932038834951457 0.11038251366120219 0.037864077669902914
0 0.3462220547856579 0.10980188426212939 0.11921708485145946 0.18291740122365355
0 0.896448087431694 0.02912621359223301 0.08469945355191257 0.05825242718446602
0 0.9234972677595629 0.05436893203883495 0.05027322404371585 0.1087378640776699
0 0.9561270535816934 0.10442118814622518 0.047575195631855076 0.10348946112182605
0 0.8392232472773655 0.2082476777992047 0.05390704920666911 0.1400228021970606
0 0.8235404598098933 0.2657160420767428 0.07163414511074098 0.13449618549233827
0 0.7833153362702622 0.28680393110418445 0.07895200485134192 0.11318444003520477
0 0.746103294027451 0.3222749955236124 0.07295256475997067 0.09891330593866601
0 0.7893442622950819 0.34563106796116505 0.08907103825136611 0.08737864077669903
0 0.7177595628415301 0.36844660194174755 0.06393442622950819 0.04174757281553398
0 0.6994127044016596 0.23435346003865212 0.08010983490112118 0.1287863107264121
0 0.6563464507421184 0.24542710571294257 0.08540998141447372 0.13910605956863695
0 0.627692392763087 0.20128984630400693 0.09368687023275686 0.18361006126118262
0 0.5907402133128572 0.2295472474340596 0.06970434349916398 0.15454508446348614
0 0.5803403390531712 0.317621874905361 0.07437787441827708 0.12131129313472751
0 0.5844262295081967 0.3592233009708738 0.1 0.06019417475728155
0 0.9573761581299054 0.357218441552928 0.0687300807895899 0.06070977772534798
0 0.9327096987431033 0.28314361390463627 0.06611621923188579 0.10482685103064093
0 0.9474008629025176 0.22120448242523874 0.0621764485019238 0.1014389989106366
0 0.9544684763401575 0.1728101061117125 0.05460259802317335 0.10243028496188984
0 0.978688524590164 0.16262135922330098 0.04262295081967213 0.12524271844660195
0 0.9912568306010929 0.2092233009708738 0.017486338797814208 0.08446601941747572
0 0.44656970190099254 0.17250754071827681 0.10485658908764853 0.17726876325226404
0 0.44726775956284154 0.3199029126213592 0.0912568306010929 0.13883495145631067
0 0.2890710382513661 0.3 0.09836065573770492 0.1786407766990291
0 0.27759562841530055 0.3572815533980582 0.07540983606557378 0.06407766990291262
0 0.3860655737704918 0.3679611650485437 0.0814207650273224 0.04271844660194175
0 0.43743169398907106 0.3592233009708738 0.06502732240437159 0.06019417475728155
0 0.5062841530054645 0.36941747572815536 0.09890710382513661 0.039805825242718446
0 0.8949438461827496 0.16638095805167114 0.07125203138427394 0.12478744762826038
0 0.8683033747906996 0.256302377408113 0.052531439791386955 0.10507134588638087
0 0.887140472882284 0.2997030517539582 0.06236750536515745 0.10629336784267544
0 0.5263739731138575 0.22444883596868656 0.08343047955987219 0.17170842765440283
0 0.4830497290424921 0.2635080961770947 0.07942577495499432 0.15285448506055707
0 0.02185792349726776 0.45 0.04371584699453552 0.11165048543689321
0 0.03484391846904868 0.4991131972852358 0.056826601745547 0.10367271918302967
0 0.008743169398907104 0.5019417475728155 0.017486338797814208 0.10679611650485436
0 0.02185792349726776 0.6305825242718447 0.04371584699453552 0.10388349514563107
0 0.2191256830601093 0.5004854368932039 0.041530054644808745 0.18932038834951456
0 0.17935833223473385 0.5648907680786884 0.08196321376740492 0.10679566418244858
0 0.16353244305921263 0.515101317880087 0.09021712484493292 0.17834835167704582
0 0.17664694257173832 0.6548867308579599 0.05853087988275796 0.11934247998291986
0 0.14632669053522515 0.665128609620282 0.055087856997203456 0.12857598708621648
0 0.09446582214591304 0.5978195062407793 0.082651018475046 0.12427139233778839
0 0.1173859199684258 0.6827878219980282 0.05325745587167473 0.12351794782812867
0 0.08550087403415393 0.6739958267623742 0.06816439972291742 0.12923447590820125
0 0.22868852459016392 0.7150485436893204 0.022404371584699455 0.09029126213592233
0 0.22595628415300548 0.683495145631068 0.027868852459016394 0.10679611650485436
0 0.06302182479200061 0.7591205611630375 0.0671364374229699 0.14456478616467633
0 0.09573415967336589 0.7820241713559457 0.049619631361372346 0.08635318350990125
0 0.09654221564121841 0.8647283746047362 0.06267319634633123 0.11406035813393757
0 0.21666666666666667 0.8941747572815534 0.04644808743169399 0.08737864077669903
0 0.226775956284153 0.8024271844660195 0.02622950819672131 0.10970873786407767
0 0.2273224043715847 0.8388349514563107 0.025136612021857924 0.08349514563106795
0 0.2098360655737705 0.8485436893203884 0.060109289617486336 0.0854368932038835
0 0.17180507794431152 0.7943735178221089 0.05569549419803698 0.10256606517925576
0 0.1889189195052789 0.7525409692901196 0.060881006593449256 0.10997319266225752
0 0.2049416099792225 0.800422616970247 0.059302851444555944 0.08369171032056452
0 0.13530194576913948 0.7994996733500827 0.05534010297383881 0.10735254400261175
0 0.1291974880494486 0.7480196237485521 0.0672206042771267 0.09143828834698141
0 0.07812144330139899 0.928619459789372 0.06198539163869016 0.09658462997859776
0 0.04115590260003453 0.9496292525757078 0.04852673518650896 0.08621740329253534
0 0.04525439054868974 0.8810604032060904 0.06029634713337081 0.10893442876716647
0 0.22377049180327868 0.9800970873786408 0.03224043715846994 0.039805825242718446
0 0.17595628415300546 0.9907766990291262 0.04590163934426229 0.018446601941747572
0 0.7097205404054079 0.5622858480595974 0.06227959374948656 0.11787596317088557
0 0.5977558722479632 0.6189027116439302 0.05760231806885909 0.10956585201015911
0 0.6362250177336847 0.6430046048712139 0.05259637366630283 0.1205374363602223
0 0.7885025937535141 0.6227952821159695 0.054766932384137997 0.09278943720649524
0 0.8091052863886286 0.5867098800613212 0.04831270058252042 0.10841172016254806
0 0.7968482885011446 0.6552312515871012 0.049795454592714256 0.06318799285348098
0 0.7971443629926982 0.6972945360241314 0.07194758020077842 0.08719493039308952
0 0.8157349595428357 0.7551564820030687 0.05641776551681046 0.07946876463151833
0 0.49048009593444086 0.6012273183032234 0.047066958917070016 0.10439244479955086
0 0.5428282229714575 0.646376049867055 0.06252035085574434 0.1101768629883065
0 0.5605685528337467 0.7171750666907895 0.061018618452144416 0.08583712821942927
0 0.5320959352283285 0.7121884703596607 0.04057077098129133 0.07749995147971091
0 0.5150777493918955 0.687370178172929 0.03985998853289524 0.08707290912642245
0 0.35628415300546445 0.4058252427184466 0.06557377049180328 0.03300970873786408
0 0.33907103825136614 0.44223300970873786 0.06174863387978142 0.10582524271844661
0 0.2937158469945355 0.40388349514563104 0.06284153005464481 0.02912621359223301
0 0.3423487084326164 0.5886203965142301 0.06747659501527628 0.11175874775286122
0 0.30140905768307485 0.5777373406988986 0.060525615369251176 0.11475967148561307
0 0.3160161822812499 0.4998466818524559 0.05019280195107326 0.10091629030601776
0 0.2742626038357495 0.482099619423587 0.05410585017876607 0.08980892573858887
0 0.2502732240437158 0.47184466019417476 0.020765027322404372 0.0854368932038835
0 0.2669398907103825 0.5233009708737864 0.054098360655737705 0.07961165048543689
0 0.4099247039339411 0.6752722060378555 0.05094179577211607 0.09231420644571399
0 0.3697015800679844 0.6480540211252995 0.05809532115175236 0.08064330874397531
0 0.38102976155573437 0.7079120719962393 0.056876301988571264 0.09111925006841154
0 0.38412875479455094 0.759018726000013 0.04993681121292364 0.08059583090013794
0 0.432902118815424 0.7616968324747161 0.05177870120882988 0.07212952725719987
0 0.3523658325012476 0.8362271571025521 0.04634094283678218 0.08594584285780328
0 0.48281820654710217 0.682879224867427 0.053788670327214745 0.09556627834835241
0 0.4805482473432186 0.7357341622503901 0.04259222897005377 0.08741235966983756
0 0.4245901639344262 0.9791262135922331 0.040437158469945354 0.04174757281553398
0 0.3953551912568306 0.9728155339805825 0.03442622950819672 0.05436893203883495
0 0.3680327868852459 0.9849514563106796 0.03224043715846994 0.030097087378640777
0 0.3808743169398907 0.9805825242718447 0.029508196721311476 0.038834951456310676
0 0.37659860553780117 0.8923747647566418 0.04205726975299959 0.07382012666012883
0 0.4048267212754473 0.8635165587808645 0.039592508924368205 0.08027679262156807
0 0.7877644523382612 0.9632631489989488 0.04846180131159296 0.07075131281869414
0 0.683343294688701 0.8937715821703698 0.038778581228409485 0.07341278600803086
0 0.7209067288083609 0.9501261868075814 0.046937091167238015 0.07346026385186845
0 0.7204918032786886 0.9820388349514563 0.03879781420765027 0.035922330097087375
0 0.6941001779675071 0.9598384774899353 0.03237404966981593 0.07648159984946555
0 0.6605548097038597 0.9295854237902861 0.040811528087549245 0.06980085129713162
0 0.6765027322404371 0.9868932038834951 0.04371584699453552 0.02621359223300971
0 0.6365378163591344 0.9410934756956667 0.03678384574191636 0.07799559450533743
0 0.9923497267759562 0.5320388349514563 0.015300546448087432 0.11650485436893204
0 0.9557731528594999 0.575947940867845 0.0696738762353805 0.0985059652865676
0 0.9261310890410075 0.6379618419312749 0.06348712404229008 0.12092436474747478
0 0.9808743169398907 0.6286407766990292 0.03825136612021858 0.08640776699029126
0 0.9590765642126848 0.6391565721473743 0.03997462265083538 0.08998553048564574
0 0.9535275346054586 0.89883824443246 0.03246196128548682 0.06489900452125541
0 0.983879781420765 0.9359223300970874 0.03224043715846994 0.08155339805825243
0 0.5248830931160476 0.7707091313217856 0.05658209987777499 0.06982791687612395
0 0.49480874316939893 0.987378640776699 0.04316939890710383 0.02524271844660194
0 0.47759562841530057 0.9766990291262136 0.036065573770491806 0.04660194174757282
0 0.6097981990668709 0.9179657829118639 0.04362019127000122 0.07208204941336249
0 0.582880758869591 0.9663093547244794 0.038599013235553224 0.055034074174966134
0 0.5315091488016581 0.828533805589308 0.03932502931584118 0.0734806761167137
0 0.6984778889809019 0.746385351354666 0.04349406828168345 0.08269377095516486