0 0.5057803468208093 0.17609254498714652 0.0476878612716763 0.15681233933161953
0 0.4028179190751445 0.019280205655526992 0.08453757225433527 0.038560411311053984
0 0.6317744945924846 0.4650568910398002 0.10322810111800533 0.15126521994281658
0 0.6430056341475517 0.20870761866295906 0.09337734704538428 0.17689393901137618
0 0.6083815028901735 0.06748071979434447 0.08236994219653179 0.13496143958868895
0 0.6701191074232494 0.09629728024744615 0.08966373395331367 0.16612417378705516
0 0.7471645647837709 0.09556452004396064 0.08191754973283076 0.1856183509619296
0 0.6802745664739884 0.04048843187660668 0.09465317919075145 0.08097686375321336
0 0.8970375722543352 0.06426735218508997 0.08453757225433527 0.12853470437017994
0 0.9739884393063584 0.262853470437018 0.05202312138728324 0.12724935732647816
0 0.9485243069196286 0.22930241573541477 0.07380561631948773 0.16783746386945178
0 0.9038356499119954 0.20958543802026902 0.07659489340082737 0.15794427861960264
0 0.9177631172569946 0.1542955802078182 0.06466845056634893 0.11911084995318963
0 0.04588150289017341 0.7287917737789203 0.09176300578034682 0.17994858611825193
0 0.21685356410699805 0.8455047152441405 0.14540046843266752 0.18390657880714995
0 0.2236271676300578 0.7217223650385605 0.11921965317919075 0.16580976863753213
0 0.4945809248554913 0.9254498714652957 0.07008670520231214 0.14910025706940874
0 0.3796965317919075 0.7146529562982005 0.09031791907514451 0.15167095115681234
0 0.3598265895953757 0.6593830334190232 0.10115606936416185 0.04113110539845758
0 0.559971098265896 0.9633676092544987 0.06069364161849711 0.07326478149100257
0 0.5422687861271677 0.8219794344473008 0.025289017341040464 0.16066838046272494
0 0.6683526011560693 0.9595115681233933 0.08236994219653179 0.08097686375321336
0 0.6604709665173034 0.9037356822742951 0.09068001125999053 0.12261716985107667
0 0.699032445572967 0.8888847984871718 0.06266477704327576 0.1355281681964891
0 0.7463872832369942 0.9170951156812339 0.06502890173410404 0.16580976863753213
0 0.6504680474425398 0.8059814320960229 0.08238785226276962 0.16000880786283492
0 0.6221141166192383 0.7551039970739366 0.05183923879539142 0.13535254861607132
0 0.583565249604708 0.7712402279047618 0.05932952518519828 0.16331881428322212
0 0.5491329479768786 0.7583547557840618 0.03901734104046243 0.12853470437017994
0 0.5440751445086706 0.7011568123393316 0.028901734104046242 0.12467866323907455
0 0.759393063583815 0.6548843187660668 0.057803468208092484 0.032133676092544985
0 0.7886560693641619 0.9582262210796915 0.07008670520231214 0.08354755784061697
0 0.8211705202312138 0.9543701799485861 0.078757225433526 0.09125964010282776
0 0.846820809248555 0.9254498714652957 0.08092485549132948 0.14910025706940874
0 0.9165462427745664 0.9453727506426736 0.07297687861271676 0.10925449871465295
0 0.9703757225433526 0.9428020565552699 0.059248554913294796 0.10668380462724936
0 0.965679190751445 0.9884318766066839 0.0657514450867052 0.02313624678663239
0 0.8902326261153591 0.7614345739003425 0.07107044441069434 0.10970465357804696
0 0.8287956945785543 0.8044664538377727 0.06967580587002435 0.11465124620297154
0 0.8223973577422228 0.742263630895915 0.07533003227950262 0.10257695796548395
0 0.9421965317919075 0.6574550128534704 0.07658959537572255 0.037275064267352186
0 0.9562861271676301 0.6786632390745502 0.0657514450867052 0.07969151670951156
0 0.9801300578034682 0.6741645244215938 0.039739884393063585 0.07069408740359898