0 0.10163043478260869 0.0367504835589942 0.12391304347826088 0.0735009671179884
0 0.15516304347826088 0.08945841392649903 0.10597826086956522 0.17891682785299806
0 0.35978260869565215 0.061895551257253385 0.08586956521739131 0.12379110251450677
0 0.18110645313147689 0.18445454843017342 0.0975612429081419 0.1347471805729027
0 0.30190217391304347 0.20502901353965183 0.08206521739130435 0.14893617021276595
0 0.3736413043478261 0.20551257253384914 0.07228260869565217 0.14796905222437137
0 0.3532608695652174 0.2441972920696325 0.09021739130434783 0.07059961315280464
0 0.23532608695652174 0.2205029013539652 0.0967391304347826 0.11798839458413926
0 0.15896739130434784 0.24661508704061896 0.07989130434782608 0.06576402321083172
0 0.2171195652173913 0.2553191489361702 0.08315217391304348 0.048355899419729204
0 0.028804347826086957 0.2567698259187621 0.057608695652173914 0.045454545454545456
0 0.7502717391304348 0.0788201160541586 0.07771739130434782 0.1576402321083172
0 0.7059782608695652 0.026595744680851064 0.09782608695652174 0.05319148936170213
0 0.6505434782608696 0.06673114119922631 0.0891304347826087 0.13346228239845262
0 0.6397615708216741 0.13946377240113084 0.086628438269723 0.12406231056742795
0 0.6985773778955396 0.15236508752437222 0.09727704627348553 0.17434833359100407
0 0.9051210604433501 0.09487847242069994 0.07217586319984153 0.15654295849717448
0 0.810054347826087 0.22243713733075435 0.07880434782608696 0.11411992263056092
0 0.7853032661279032 0.15056717572974446 0.06268377508094827 0.11699660235809167
0 0.8300010959233817 0.12510910823375712 0.06610274319873473 0.14147865910441482
0 0.8494565217391304 0.05319148936170213 0.058695652173913045 0.10638297872340426
0 0.9157608695652174 0.04448742746615087 0.05326086956521739 0.08897485493230174
0 0.903804347826087 0.013539651837524178 0.08586956521739131 0.027079303675048357
0 0.5475543478260869 0.05415860735009671 0.09293478260869566 0.10831721470019343
0 0.5059782608695652 0.04013539651837524 0.07173913043478261 0.08027079303675048
0 0.4668478260869565 0.0362669245647969 0.07608695652173914 0.0725338491295938
0 0.4320652173913043 0.05319148936170213 0.04456521739130435 0.10638297872340426
0 0.4744206722663384 0.09440164572066952 0.10427902424376241 0.16533605228605214
0 0.5104327165610258 0.1544280388125078 0.09105847560401527 0.1370403204651691
0 0.4634125514626384 0.19897298735953353 0.0753608454598256 0.14524164967289815
0 0.43342391304347827 0.15038684719535783 0.04728260869565217 0.12669245647969052
0 0.41875 0.08413926499032882 0.017934782608695653 0.1470019342359768
0 0.5277173913043478 0.23839458413926498 0.09456521739130434 0.08220502901353965
0 0.9648627538953183 0.12462832558173183 0.050657689978687435 0.10524324535206946
0 0.9380434782608695 0.22969052224371372 0.0782608695652174 0.09961315280464217
0 0.5913412236874767 0.09462633378077226 0.08083357172113778 0.1515512026640301
0 0.5964673913043478 0.20309477756286268 0.07336956521739131 0.1528046421663443
0 0.7324060232335947 0.21114354165792443 0.07687112534248201 0.12701846141163028
0 0.09389754484818806 0.7224838137445201 0.07100037148866348 0.14290193764749742
0 0.15571532062102578 0.7786520158151354 0.0778948424431933 0.11744865053983754
0 0.021195652173913043 0.8568665377176016 0.042391304347826085 0.09671179883945841
0 0.34334439029418035 0.6561575327188358 0.0600802147344503 0.13415130361881183
0 0.35639343097721643 0.4894625595453745 0.07426756499598379 0.14417316267235067
0 0.38206521739130433 0.5058027079303675 0.05543478260869565 0.13539651837524178
0 0.38125 0.6474854932301741 0.057065217391304345 0.13249516441005801
0 0.24504179760882014 0.8003204144588311 0.04967191653059244 0.1206157641542299
0 0.22811846497659857 0.8735090497944765 0.05676875363241053 0.12611025267519652
0 0.3692394184817054 0.8322846565511586 0.04568417438352536 0.09221455094825175
0 0.3785326086956522 0.7282398452611218 0.0625 0.10251450676982592
0 0.008967391304347826 0.9187620889748549 0.017934782608695653 0.08123791102514506
0 0.14945652173913043 0.9758220502901354 0.05543478260869565 0.048355899419729204
0 0.3637957210998076 0.9561750718913471 0.0461644132233672 0.08259405557038246
0 0.3214673913043478 0.9772727272727273 0.050543478260869565 0.045454545454545456
0 0.38722826086956524 0.8002901353965184 0.045108695652173916 0.086073500967118
0 0.022010869565217393 0.9700193423597679 0.044021739130434785 0.059961315280464215
0 0.307108988334749 0.8114669455630219 0.039617378324521474 0.07811736954388679
0 0.6763586956521739 0.9811411992263056 0.035326086956521736 0.037717601547388784
0 0.7589673913043479 0.9738878143133463 0.050543478260869565 0.05222437137330754
0 0.8181059842941156 0.9383586957094611 0.04178496742589694 0.07735298957979798
0 0.8080951425428119 0.7796205219746161 0.0537984046439523 0.08717211060903103
0 0.7597823024243615 0.7512240891569654 0.06631737647026056 0.0912392082139729
0 0.8446404176652788 0.6716998905617647 0.06663357357539869 0.13959510763370211
0 0.6712959578363145 0.6501253041997228 0.06114819942988091 0.1313513186657811
0 0.6735775682755236 0.7079749877321302 0.06318298574709838 0.11027746094540591
0 0.6463880357567726 0.7497028338189713 0.058399188415019225 0.12626230619342596
0 0.6149075926299898 0.800540217849975 0.06323990122602342 0.11898152284095717
0 0.6214674657930251 0.8473461274614306 0.067928839426561 0.08848990776701837
0 0.7166977648963466 0.4828323978856995 0.06545175792211823 0.12498696879563045
0 0.6366847826086957 0.2925531914893617 0.08423913043478261 0.02611218568665377
0 0.4146739130434783 0.7572533849129593 0.009782608695652175 0.08897485493230174
0 0.433742585088409 0.7472767619617846 0.04682172244208662 0.10005286386756153
0 0.46099257581710446 0.7979593682727029 0.04867981914039477 0.13502116496799557
0 0.43125 0.844294003868472 0.042934782608695654 0.11411992263056092
0 0.9714673913043478 0.5884912959381045 0.057065217391304345 0.10735009671179883
0 0.9793478260869565 0.675531914893617 0.041304347826086954 0.09187620889748549
0 0.9369056239310176 0.7269639962688885 0.06469326562975455 0.09205427268413827
0 0.9845108695652174 0.7354932301740812 0.03097826086956522 0.08413926499032882
0 0.6230978260869565 0.9627659574468085 0.042934782608695654 0.07446808510638298
0 0.5570115383721082 0.8451317385301349 0.05449998145739093 0.11140074482497196
0 0.9010115244651514 0.8928863647323767 0.03624900174355715 0.061372256704720185
0 0.9826086956521739 0.9076402321083172 0.034782608695652174 0.06673114119922631
0 0.9839673913043478 0.8075435203094777 0.03206521739130435 0.06769825918762089
0 0.9538048030747324 0.8995753835036968 0.03128813403260067 0.05027779827769187
0 0.9380093422079339 0.9373375009977487 0.03847350632385754 0.06931193863618264
0 0.9002717391304348 0.9671179883945842 0.0483695652173913 0.06576402321083172