0 0.04216548826151419 0.15341525956929478 0.06153849878948661 0.13551443920035355
0 0.09196632681561681 0.1756637202945874 0.061030506819178196 0.1235860097768943
0 0.203028852473679 0.23258567349999915 0.07013838496198119 0.12793233595352338
0 0.26283237177858926 0.07233602186602517 0.07599564229265895 0.10832925752436504
0 0.17128397256057926 0.519677755053125 0.05771188984542085 0.07184987606246959
0 0.1713759828513743 0.6288250316972379 0.04486272783424766 0.07131773794897302
0 0.2957074896181558 0.6033341449213157 0.045395723554685 0.04454818106534123
0 0.3198324022346369 0.44433399602385687 0.03966480446927374 0.08946322067594434
0 0.2942066592812589 0.44215037640773036 0.0505339853414036 0.07353717391672186
0 0.23683376062303216 0.4733026263726742 0.062088163676676564 0.08294622477866136
0 0.11443354698965755 0.3617785298568361 0.055020587998483556 0.11341428752683906
0 0.04235685380551456 0.48284516107221054 0.05241329173262017 0.09147609093134537
0 0.33128491620111733 0.16500994035785288 0.01675977653631285 0.07952286282306163
0 0.3075418994413408 0.10884691848906561 0.06424581005586592 0.12027833001988071
0 0.3108840796047743 0.21422697608025085 0.04756302401187209 0.08234467734601282
0 0.33100558659217877 0.25 0.017318435754189943 0.07654075546719682
0 0.3335195530726257 0.3220675944333996 0.012290502793296089 0.06958250497017893
0 0.31319624565008125 0.5004047527032683 0.03793881931538463 0.07896925051495492
0 0.32625698324022345 0.5387673956262425 0.026815642458100558 0.08548707753479125
0 0.29200503086960045 0.5265855770579403 0.0410791113016851 0.07413789022681704
0 0.2682665112751675 0.5012732003152189 0.04178143767889216 0.05134447648433833
0 0.39583526842387484 0.2671637787882036 0.11181848814573575 0.2030873984053458
0 0.5716994155586133 0.18397088134101974 0.07456532604080558 0.12712339168597311
0 0.5435451372657989 0.30817991274517265 0.07776461985805129 0.09748740964506311
0 0.5069689679142912 0.4009846867151528 0.09323774730184047 0.0941590868159931
0 0.6172409943223842 0.36516095373370794 0.05428426354046068 0.12231433671499908
0 0.7004017093703407 0.2719153407252696 0.07272835231378112 0.1101785104566381
0 0.36605337060941057 0.6325648912017888 0.04258575829854691 0.07023115640481546
0 0.36201117318435755 0.4602385685884692 0.0446927374301676 0.10536779324055666
0 0.3949744638966863 0.43142220041652257 0.05390326956272937 0.11336801464740465
0 0.43297162529570504 0.44274825128477957 0.04867200786424998 0.09529027899447766
0 0.45774279799750756 0.47000242671864306 0.05808454923977585 0.09369552689909445
0 0.46040010176362894 0.525460202737331 0.06471212910929257 0.07908576383609466
0 0.5198501487643483 0.5830312229386563 0.05014465678029585 0.07749018061815763
0 0.5723526029906968 0.4632713850060296 0.0476900220044492 0.08532678470187764
0 0.5860335195530726 0.6376739562624254 0.055865921787709494 0.08449304174950298
0 0.6106319417957209 0.6120168912998223 0.03948779897643855 0.07605655247824161
0 0.6290502793296089 0.6600397614314115 0.05139664804469274 0.039761431411530816
0 0.653072625698324 0.6595427435387674 0.05139664804469274 0.040755467196819085
0 0.63707942202481 0.6064563175993143 0.054571597859120115 0.07668123635060747
0 0.656649163817261 0.631445199747271 0.03950446814319142 0.05025789494018123
0 0.6824834801628715 0.5748074653030032 0.05234529557098804 0.06368936182270844
0 0.6988815708774484 0.3468956331953823 0.06346781268096152 0.07605738360079521
0 0.7352794152414996 0.3106583532279646 0.05799154932801481 0.1046067840975481
0 0.7642068638702199 0.3188870301030473 0.05392827331285829 0.07467002834031383
0 0.7972867510078244 0.2688952042196145 0.051837963347990464 0.11725161202968856
0 0.8537703338443561 0.2913630455609442 0.06620210693940176 0.10097768755215382
0 0.75323985604733 0.43891127484731507 0.04846034454328813 0.09032010006803631
0 0.7309226583740634 0.4849843831276111 0.04344908074914689 0.06431321457252048
0 0.6604004316372842 0.48443201750333464 0.05039031818207363 0.09635372409891767
0 0.6952688133041007 0.6085117206826586 0.03232656363917367 0.0519451927944335
0 0.7544692737430168 0.6570576540755467 0.03407821229050279 0.04572564612326044
0 0.773498102847302 0.598325936845084 0.037642490666037795 0.0720110000179368
0 0.7986033519553073 0.6620278330019881 0.036312849162011177 0.03578528827037773
0 0.8224609525745892 0.6206091022299525 0.04318675018061637 0.07124832862982106
0 0.819807816100156 0.5716009905957796 0.0450743911552095 0.07628791687541438
0 0.8627104096328351 0.5594052454317416 0.03613584366917598 0.07591773383993815
0 0.8557560105775333 0.637587441435033 0.025749651017225886 0.054649662873691364
0 0.8304647949698444 0.1380282804734912 0.07032438478550326 0.10610982155661597
0 0.8657071555256374 0.10928097355531136 0.06521178649622493 0.1039135220285841
0 0.9089385474860335 0.025347912524850896 0.05698324022346369 0.05069582504970179
0 0.9424581005586592 0.0268389662027833 0.04581005586592179 0.0536779324055666
0 0.9729050279329609 0.008946322067594433 0.05418994413407821 0.017892644135188866
0 0.8794019811996917 0.18710413918170846 0.039056137751138566 0.07901552339438933
0 0.8916668204955482 0.21338783083127774 0.04129910920602325 0.06620874038422797
0 0.8918810017399215 0.3785940153654505 0.04769002200444945 0.08532678470187764
0 0.9334969461800767 0.370420686222 0.044608731849093704 0.0653535232372434
0 0.9487635672155584 0.2869328329163671 0.03605951292416781 0.06103033350033141
0 0.915891835854538 0.2600141358584038 0.04680103605640946 0.06445203321082396
0 0.8936888044251288 0.31650148344450946 0.047486693266863916 0.0674572770064061
0 0.7921968473530875 0.5390068687612757 0.04034278684366248 0.08303793941497684
0 0.8455956324898859 0.5095076275522851 0.060809849167529455 0.06602447998904344
0 0.7285603637626674 0.5535497158727846 0.05049165267721098 0.0725431381314336
0 0.9379430743490653 0.5672046514882249 0.043872407391070574 0.07425357242540319
0 0.9715007927941952 0.5583727649353863 0.027340963342472432 0.052731000622266336
0 0.9885474860335196 0.5372763419483101 0.022905027932960894 0.05268389662027833
0 0.9952513966480447 0.4870775347912525 0.009497206703910615 0.05765407554671968
0 0.9958100558659218 0.5949304174950298 0.008379888268156424 0.048707753479125246
0 0.970966807452792 0.6298392274974141 0.04556505421145447 0.048524324206494315
0 0.888268156424581 0.6694831013916501 0.04357541899441341 0.020874751491053677
0 0.9053170043898229 0.5214224109495016 0.03986879295416987 0.08500287454583605
0 0.881700655748968 0.55216894209684 0.03261455770514394 0.07180277206048159
0 0.9300211705509593 0.4782272960463429 0.04392307463863925 0.06234827944166127
0 0.9363735881032256 0.4992982917137163 0.04240809305840139 0.07915434203269281
0 0.9549786729499392 0.4945586460618939 0.04718203003414103 0.0733983552784184
0 0.2735687379981769 0.8297636501378169 0.07776461985805129 0.09748740964506311
0 0.07336474951328073 0.9214066828825047 0.06207149450992395 0.10874488231672198
0 0.11725733361548152 0.9448921120101167 0.06268082097536971 0.09686272577269715
0 0.05502793296089385 0.9681908548707754 0.050837988826815644 0.0636182902584493
0 0.03358544892649439 0.9453804706118398 0.05300594903131336 0.10539259192538117
0 0.02011173184357542 0.9537773359840954 0.04022346368715084 0.09244532803180915
0 0.20614525139664805 0.9433399602385686 0.06368715083798883 0.11332007952286283
0 0.24094968312768938 0.9278620976290033 0.051787296100421785 0.1291569050134306
0 0.2941340782122905 0.9662027833001988 0.08659217877094973 0.06759443339960239
0 0.30139664804469274 0.9875745526838966 0.07653631284916201 0.02485089463220676
0 0.27625698324022346 0.9542743538767395 0.06759776536312849 0.09145129224652088
0 0.385195530726257 0.7221669980119284 0.07430167597765364 0.08449304174950298
0 0.4206703910614525 0.7181908548707754 0.08491620111731843 0.07654075546719682
0 0.3611731843575419 0.7107355864811133 0.043016759776536316 0.061630218687872766
0 0.36312849162011174 0.9552683896620279 0.04692737430167598 0.08946322067594434
0 0.5399441340782123 0.702286282306163 0.07206703910614524 0.04473161033797217
0 0.6483240223463688 0.7122266401590457 0.08659217877094973 0.06461232604373758
0 0.5097765363128491 0.7181908548707754 0.07877094972067039 0.07654075546719682
0 0.5021517086533931 0.7393369427233922 0.0762156401969971 0.10040010768177608
0 0.4149062213845285 0.8957616691969289 0.06977406015100249 0.09318735634786833
0 0.4627399105483075 0.8332514346772468 0.05819487806560035 0.12247629179301987
0 0.6004494077550114 0.8275483022869442 0.057178894124983504 0.09861943294610138
0 0.6158667110385778 0.9107576871934164 0.0650341212560789 0.11283670765646144
0 0.7176283436415598 0.8063227641486405 0.06224082516669342 0.11272102545787506
0 0.6738572707456266 0.9043869225415276 0.05824554531316902 0.11057099880927772
0 0.7156845486330884 0.9239887542868556 0.04664903431370344 0.10016791216204995
0 0.7417975348403267 0.9328301312531687 0.050737314078988884 0.09140668161219341
0 0.7861647725793306 0.8927898158812004 0.05070331599817307 0.07751331705787495
0 0.8162605367650289 0.880132173045371 0.04695369754642632 0.09422683389003743
0 0.855443012761434 0.8636252219255565 0.060869510745785026 0.10671053786671102
0 0.8668836846001605 0.7783112521273677 0.06976572556762617 0.10608668511689853
0 0.9515163888168524 0.7683564171256889 0.03909847041533093 0.08000955917967738
0 0.9171071900488762 0.8561100346302173 0.059718194229214774 0.09277090043295791
0 0.9616687621947786 0.8507915624241867 0.051735969105542526 0.07557151836673305
0 0.9824328129153028 0.7953560917226625 0.018157414201971596 0.09898795373646999
0 0.7298882681564246 0.7181908548707754 0.08659217877094973 0.07654075546719682
0 0.8112714289239499 0.8074060212025833 0.04546371971631712 0.07233491017397839
0 0.7754492428181838 0.8366734824531245 0.04554005046132581 0.08722231051358535
0 0.7741209208087784 0.7761992546285608 0.052590956972765945 0.08255290530346826
0 0.49297451485433663 0.9024513572695375 0.07562298289830395 0.08648360668774052
0 0.5759815787913105 0.9372165643859722 0.045760048365663705 0.07929316067099627
0 0.539287735651568 0.9476667550351879 0.05069498141479652 0.09041264582690514