0 0.13277777777777777 0.5889328063241107 0.06777777777777778 0.08102766798418973
0 0.07106728616872965 0.5686202658991606 0.060547923357468045 0.07983979415771383
0 0.042777777777777776 0.5933794466403162 0.03666666666666667 0.07213438735177866
0 0.018055555555555554 0.5627470355731226 0.03611111111111111 0.07806324110671936
0 0.02120982713615032 0.5118095860065097 0.035598309120328034 0.06722317078138822
0 0.0022222222222222222 0.5217391304347826 0.0044444444444444444 0.08300395256916997
0 0.2149130934518221 0.47440265206849846 0.04294682379072419 0.07041182280121702
0 0.1716763875041411 0.4557906832275808 0.04914212986728456 0.07257783635280832
0 0.29333333333333333 0.4006916996047431 0.03333333333333333 0.07806324110671936
0 0.023443825696527726 0.4275045249212788 0.03931051979818305 0.07621993994104172
0 0.19580444474610292 0.38400738103537 0.038233217889661164 0.09000218777228217
0 0.12528618645115652 0.32408816616016584 0.03286262882527492 0.0681250726345096
0 0.1445042230037549 0.4105394920672707 0.04566592752550656 0.09516712437709121
0 0.23318763234891676 0.06987411862522368 0.04560659740046339 0.05470503464861756
0 0.26075045053197976 0.03964453698121906 0.04008485104749714 0.06834929777686817
0 0.2775 0.008399209486166008 0.042777777777777776 0.016798418972332016
0 0.15666034663267484 0.11634655766935138 0.04319112040693653 0.08916927827065557
0 0.05722267065648951 0.3673694525426209 0.0455141141548788 0.06555735177813506
0 0.04502400111057764 0.1982418877359471 0.040135236810357106 0.05650883835486056
0 0.0482728114374378 0.16380351624571962 0.034419579604038374 0.0395551865916649
0 0.01611111111111111 0.1274703557312253 0.03222222222222222 0.07509881422924901
0 0.0471189467615542 0.0976497269125029 0.03556449991773876 0.05340642677440026
0 0.07878146928815319 0.10504716877855458 0.02954587205221227 0.042364380678271606
0 0.13193812441045263 0.11557901775897025 0.03473978290556475 0.07311752836058141
0 0.10709408192114814 0.13799832554635946 0.03543820746956486 0.05044199989692991
0 0.11666666666666667 0.017292490118577076 0.03666666666666667 0.03458498023715415
0 0.55 0.6007905138339921 0.08333333333333333 0.05731225296442688
0 0.6738888888888889 0.6072134387351779 0.08666666666666667 0.044466403162055336
0 0.9233333333333333 0.6200592885375494 0.06111111111111111 0.018774703557312252
0 0.3236111111111111 0.18132411067193677 0.02722222222222222 0.08399209486166008
0 0.34462637131186113 0.20849250962166366 0.044428523966221545 0.09216820132387345
0 0.33055555555555555 0.13932806324110672 0.04111111111111111 0.06324110671936758
0 0.3322347750356686 0.10646375622101238 0.02821598524734264 0.05021777475457134
0 0.3495957221262678 0.09071997125082167 0.05400754913897528 0.08259724398069933
0 0.3722092541132147 0.08106027282643537 0.03243336571789314 0.07107225142410627
0 0.39461262672756237 0.09902543837208808 0.04535466858616347 0.11390733175865606
0 0.4138845371010406 0.10209085313495712 0.03736640339476253 0.1087251470659732
0 0.6420632250877741 0.21624664723931242 0.07180255955907165 0.12262313022864242
0 0.5447982493007795 0.1471089387039399 0.06300615391576735 0.11149484369314504
0 0.5581478311533596 0.08930011395142429 0.048788773445216725 0.09032990144188305
0 0.40305555555555556 0.008893280632411068 0.05388888888888889 0.017786561264822136
0 0.4861111111111111 0.015810276679841896 0.03888888888888889 0.03162055335968379
0 0.5175 0.009387351778656126 0.04833333333333333 0.018774703557312252
0 0.9121203793188932 0.4668990611266067 0.05665903446857909 0.07971905754259781
0 0.7899127654107981 0.24205382577045229 0.06512694853022165 0.0701136040236763
0 0.8499096053938024 0.34802764641553313 0.06255965816606729 0.07496807504675805
0 0.8711291202287209 0.24704240233124256 0.05293024723045341 0.09637949181193978
0 0.8433006286470592 0.22545488192707402 0.03533743594384507 0.07412291874094523
0 0.7497389191757363 0.11301139340087364 0.03840160782055995 0.09395475694224263
0 0.648892825381176 0.09655819259104827 0.04122977136119744 0.08220053795960353
0 0.9880555555555556 0.5770750988142292 0.02388888888888889 0.10474308300395258
0 0.9766666666666667 0.5039525691699605 0.04666666666666667 0.08300395256916997
0 0.9930555555555556 0.4901185770750988 0.013888888888888888 0.08300395256916997
0 0.9763888888888889 0.40810276679841895 0.04722222222222222 0.09090909090909091
0 0.9680555555555556 0.3073122529644269 0.06388888888888888 0.0691699604743083
0 0.9445676972688658 0.25178950566180064 0.059057934901835175 0.07091201734955514
0 0.9872222222222222 0.2682806324110672 0.025555555555555557 0.05237154150197629
0 0.9698789562082089 0.2338254622345538 0.04761004392892725 0.06266191725215972
0 0.9100259693567212 0.20285559133541642 0.04896545165625058 0.08145386889734557
0 0.8622478635379194 0.16880668034578594 0.052012390890646805 0.061811759662659435
0 0.7989732042475816 0.14217133719167485 0.038157311204347226 0.07519730147280408
0 0.8366664590188861 0.10880234714961882 0.05555621163760356 0.06685595965235246
0 0.7968134721673985 0.07845340741393592 0.048039307036308654 0.05971473846256318
0 0.9288888888888889 0.017292490118577076 0.03666666666666667 0.03458498023715415
0 0.9673986927854755 0.10397961525540873 0.041053093150163575 0.09107657050414089
0 0.9813888888888889 0.09189723320158102 0.03722222222222222 0.0691699604743083
0 0.9958333333333333 0.2099802371541502 0.008333333333333333 0.07608695652173914
0 0.8236111111111111 0.00691699604743083 0.03166666666666667 0.01383399209486166
0 0.7677777777777778 0.019268774703557312 0.058888888888888886 0.038537549407114624
0 0.04972222222222222 0.6531620553359684 0.09277777777777778 0.04743083003952569
0 0.6991666666666667 0.9629446640316206 0.08944444444444444 0.0741106719367589
0 0.8091666666666667 0.958498023715415 0.04611111111111111 0.08300395256916997
0 0.34555555555555556 0.958498023715415 0.04777777777777778 0.08300395256916997
0 0.3244444444444444 0.9095849802371542 0.028888888888888888 0.07806324110671936
0 0.39694444444444443 0.6383399209486166 0.05277777777777778 0.017786561264822136
0 0.5030555555555556 0.6413043478260869 0.03611111111111111 0.023715415019762844
0 0.45444444444444443 0.9624505928853755 0.04888888888888889 0.07509881422924901
0 0.40866641748932997 0.9493800051305815 0.05245888664034712 0.09833852830904631
0 0.4336743777284414 0.9047619919379121 0.06654103030054065 0.0642364945323568
0 0.49754188983494413 0.8736858754646566 0.042298784989583914 0.08124689184286092
0 0.4705218667462096 0.8906100323357922 0.0444789097290815 0.08032774190186562
0 0.4959667222907903 0.7650850877740493 0.03892335417352595 0.08015526102312838
0 0.5461392563617564 0.7641756839953967 0.03927671059559379 0.06240319593405376
0 0.3413888888888889 0.6625494071146245 0.03611111111111111 0.06620553359683795
0 0.32055555555555554 0.7490118577075099 0.021111111111111112 0.07114624505928854
0 0.3390178056652542 0.734061228374479 0.02820769696720731 0.06304637646906917
0 0.32416666666666666 0.6447628458498024 0.028333333333333332 0.030632411067193676
0 0.5408758792503252 0.940162377183787 0.06716420426127469 0.09188723063420631
0 0.5875 0.9525691699604744 0.04722222222222222 0.09486166007905138
0 0.6243186004305378 0.9388056452388233 0.04310692544148727 0.08719299368567522
0 0.6467972236481516 0.9064445462189749 0.05293853551058873 0.08355089009744204
0 0.6455087782439587 0.8501549317227856 0.061111767193158986 0.0670284405310897
0 0.6996368354859207 0.7793030262757563 0.04619596215860825 0.06853902674347923
0 0.7588634883596784 0.8867331882277617 0.042685950614240936 0.07731157076077415
0 0.7590972004085879 0.6903602173842709 0.048730099402221436 0.1149989625783885
0 0.7860167800126262 0.7296825547896404 0.03568250408577721 0.06919945536636846
0 0.7991666666666667 0.6610671936758893 0.04722222222222222 0.06324110671936758
0 0.8230555555555555 0.658102766798419 0.04833333333333333 0.05731225296442688
0 0.8123635714187905 0.7295136966711525 0.051153864675883495 0.06770611724185274
0 0.8296907093068004 0.699953167693974 0.037323649829990146 0.04260585390850387
0 0.8584622501096988 0.750188190536419 0.04945338880662752 0.05383762897124357
0 0.8897222222222222 0.9708498023715415 0.06055555555555556 0.058300395256917
0 0.9280555555555555 0.9772727272727273 0.051666666666666666 0.045454545454545456
0 0.9552777777777778 0.9772727272727273 0.050555555555555555 0.045454545454545456
0 0.9370829616650408 0.8700624949860128 0.04349409106614429 0.08325767260358857
0 0.9120446802813599 0.8293183124494663 0.04017733429308161 0.057496980647350676
0 0.8434000880086834 0.8459370050225619 0.04481568959087882 0.08823288024178667
0 0.868571309915554 0.7139891355596332 0.02915870642755534 0.04629970176035838
0 0.9222222222222223 0.650691699604743 0.03 0.042490118577075096
0 0.9456503350883076 0.7065138208931177 0.033333989415381085 0.06616603613740318
0 0.965 0.6408102766798419 0.03333333333333333 0.022727272727272728
0 0.9861111111111112 0.6724308300395256 0.027777777777777776 0.06422924901185771
0 0.9861111111111112 0.7223320158102767 0.027777777777777776 0.0691699604743083
0 0.9682434744159402 0.7614912021874654 0.035463728392018716 0.07708734561841558
0 0.9052721138258338 0.761509828798777 0.04709658585609607 0.06363281145677603