0 0.2945945945945946 0.5514423076923077 0.07027027027027027 0.15673076923076923
0 0.21786737389311728 0.5251392682862471 0.07548501815227118 0.16819864079468078
0 0.229827012750243 0.38417893722940777 0.06393766557856366 0.1417414202388281
0 0.23831907861242696 0.26954444977307007 0.08297449558092947 0.11174497057484765
0 0.3079201807185974 0.25537411539402477 0.07474847638937447 0.14319864079468078
0 0.3396237427123328 0.4493487355008986 0.08194547459245449 0.1499150649252158
0 0.37216216216216214 0.5442307692307692 0.07945945945945945 0.17115384615384616
0 0.41409200816640707 0.45271902161315764 0.07460683374266361 0.1383909484869885
0 0.37177671094233883 0.3722280253814844 0.08587549798902729 0.11884004494458006
0 0.35337267588409416 0.28420422085001246 0.06513435926005243 0.12753692639912909
0 0.407012518538128 0.2635658711508999 0.074238562861215 0.12589094848698837
0 0.43523011967260944 0.3382953769267702 0.06294157008550895 0.14448031356785823
0 0.4863418277660717 0.3486448410802663 0.07218511785034369 0.16583839770484807
0 0.5422418331934458 0.3152514777838796 0.09116299231098605 0.1521152408592288
0 0.55 0.56875 0.09891891891891892 0.12211538461538461
0 0.585945945945946 0.4879807692307692 0.0681081081081081 0.13942307692307693
0 0.5954054054054054 0.4326923076923077 0.049189189189189186 0.11730769230769231
0 0.605945945945946 0.34615384615384615 0.02810810810810811 0.10576923076923077
0 0.6045945945945946 0.15144230769230768 0.030810810810810812 0.12403846153846154
0 0.6089189189189189 0.08653846153846154 0.02216216216216216 0.07692307692307693
0 0.5806454657430447 0.17216326405750904 0.05511904575386202 0.1348064130249152
0 0.5489105300040543 0.18027178802953175 0.04550722710757917 0.10094832888792546
0 0.5127911651574967 0.16359172253481524 0.061156872736951425 0.08390339049093515
0 0.4649426107795463 0.1978152473373894 0.06357399166319344 0.09284868075595183
0 0.5164849930207389 0.239232558921404 0.06729881990525353 0.10963200076886148
0 0.4572674753022076 0.24817237992623548 0.0726475682519747 0.1084375341237109
0 0.057806493234791784 0.40257748227366813 0.05884617247896131 0.1333933632963867
0 0.10208257855750524 0.3525542613333848 0.0685169466669676 0.15097815461501532
0 0.13208602628206378 0.375805028903051 0.05355408119092465 0.1365109068646142
0 0.171886577335149 0.3680458972064466 0.06197150463875767 0.16637711509986494
0 0.00972972972972973 0.4048076923076923 0.01945945945945946 0.11538461538461539
0 0.021621621621621623 0.3639423076923077 0.043243243243243246 0.11442307692307692
0 0.026216216216216216 0.3072115384615385 0.05243243243243243 0.0875
0 0.005135135135135135 0.25961538461538464 0.01027027027027027 0.08076923076923077
0 0.021351351351351352 0.07211538461538461 0.042702702702702704 0.07307692307692308
0 0.08446177251360293 0.04606472836296612 0.04892274000991435 0.0889583560824739
0 0.10189189189189189 0.023557692307692307 0.04054054054054054 0.047115384615384615
0 0.12567567567567567 0.03076923076923077 0.042702702702702704 0.06153846153846154
0 0.1149514022030567 0.0893620815693548 0.041782398865518586 0.08416500887501586
0 0.10470449012961365 0.16305115083239807 0.06422554783806353 0.11496406537133645
0 0.11532619516718531 0.24111017847306734 0.06642063549564596 0.07982430846116918
0 0.2350949699663698 0.1962345985125348 0.0744414595326885 0.09622897823488133
0 0.18528867270568705 0.15985073486970763 0.0462766943658959 0.09051712786658765
0 0.24155579977299002 0.10485918670260179 0.07008880667902205 0.09468455155100179
0 0.30550725624978786 0.07229598491240252 0.06997549256165331 0.090838397704848
0 0.3178378378378378 0.027403846153846154 0.07027027027027027 0.05480769230769231
0 0.39054054054054055 0.0125 0.05783783783783784 0.025
0 0.4097297297297297 0.022596153846153846 0.05081081081081081 0.04519230769230769
0 0.47066230185719177 0.09504709604458013 0.05110863373534075 0.12660407813805916
0 0.43454178776911445 0.06926884567914453 0.042292312393677804 0.10147270118270812
0 0.3275312234897977 0.1014109296927542 0.042832852934218346 0.1015455622105008
0 0.15593218418992058 0.07809184320178046 0.053388706980949545 0.09434893661250722
0 0.21195010070074155 0.07724506554211617 0.05882473939873627 0.07784271561053384
0 0.24205269827799777 0.09713044849639778 0.06954826613848152 0.09461169052320917
0 0.2454054054054054 0.017788461538461538 0.05189189189189189 0.035576923076923075
0 0.2 0.03701923076923077 0.046486486486486484 0.07403846153846154
0 0.17189189189189188 0.020192307692307693 0.04216216216216216 0.04038461538461539
0 0.6843243243243243 0.59375 0.08756756756756756 0.07211538461538461
0 0.75 0.5975961538461538 0.10216216216216216 0.06442307692307692
0 0.8427027027027028 0.5783653846153847 0.07135135135135136 0.10288461538461538
0 0.8793274423957593 0.5440651754593115 0.08240332802800761 0.12890694082695492
0 0.7968383529046426 0.5570995591207646 0.08208941572220455 0.13652638749146975
0 0.8295437274568213 0.4612288490013505 0.098961785079369 0.12443486345775713
0 0.9040498887388306 0.42676408793842574 0.056910638551536635 0.14079422687752385
0 0.9526016860178207 0.4417683497939118 0.0719018325569217 0.15622301308946346
0 0.9932432432432432 0.26490384615384616 0.013513513513513514 0.14711538461538462
0 0.9757913174182923 0.23943679690454764 0.045877796472066475 0.09525195914648732
0 0.9416415612360992 0.2746869808830251 0.0532753928635808 0.09050278276635333
0 0.9253330906163024 0.3348273055565031 0.07904677066739561 0.12462362081404516
0 0.8742945023292347 0.34027036499059893 0.062146072780889045 0.13575360638621944
0 0.8234553629890817 0.3480808400646446 0.05358240972026677 0.13747244532615266
0 0.7807492125618203 0.3265423066481052 0.06908581573685038 0.15201255410434644
0 0.7637895591335904 0.29913902825756966 0.06570782529601324 0.0921785864055839
0 0.7583370639680934 0.2649172067449274 0.06986447692732352 0.06879587411725598
0 0.7025277903363435 0.3409168790102941 0.07958731120793616 0.12469648184183779
0 0.6736712746837067 0.3883827914277182 0.06931704093766589 0.12331212231377785
0 0.65 0.4480769230769231 0.06 0.15384615384615385
0 0.6348648648648648 0.44711538461538464 0.02972972972972973 0.14615384615384616
0 0.6291891891891892 0.15625 0.018378378378378378 0.0798076923076923
0 0.6356756756756756 0.11490384615384615 0.03135135135135135 0.07211538461538461
0 0.6316216216216216 0.07307692307692308 0.023243243243243242 0.057692307692307696
0 0.6793905632527062 0.05719847990539372 0.06556848113234132 0.06917452435645344
0 0.7140475611135827 0.09610322155718383 0.07657759164854748 0.07736251414307527
0 0.7074370439696149 0.12859903157977565 0.06215296823000601 0.08116449716190503
0 0.6926510451187422 0.19188615778526033 0.05646427753117874 0.07082050226859407
0 0.6445945945945946 0.19230769230769232 0.049189189189189186 0.06346153846153846
0 0.6427027027027027 0.23221153846153847 0.04540540540540541 0.06634615384615385
0 0.7067567567567568 0.03365384615384615 0.05891891891891892 0.0673076923076923
0 0.7470270270270271 0.058653846153846154 0.06702702702702702 0.11730769230769231
0 0.772972972972973 0.023557692307692307 0.06702702702702702 0.047115384615384615
0 0.7914428590220581 0.07322052509673403 0.05936298145623762 0.09611194637976461
0 0.8218876974344596 0.09976381625399225 0.05256488114698727 0.08466069096933
0 0.839292562641528 0.0480951851648789 0.05657529316550854 0.09286302585618611
0 0.8891891891891892 0.03942307692307692 0.04756756756756757 0.07884615384615384
0 0.8712326935350309 0.08784500118640137 0.057599717187905124 0.09108567098869443
0 0.9159440499715527 0.10528236715951275 0.05839751297556447 0.08161600842889505
0 0.9219114289977237 0.048930248167940935 0.049437250504151715 0.0698733089072899
0 0.8534300796756523 0.14387698586633413 0.0619263399952684 0.07347218946959734
0 0.7954234199032808 0.1665405314800954 0.04872444030451911 0.08222758685170467
0 0.8884526765685012 0.26174434545608416 0.055550869143111706 0.09464038072367771
0 0.8891409793297872 0.19269572879479652 0.05845417003424872 0.08353908535197198
0 0.9312193051454424 0.1989953688823058 0.037486403070536384 0.08454365911421326
0 0.9648648648648649 0.15817307692307692 0.07027027027027027 0.09903846153846153
0 0.9764864864864865 0.1110576923076923 0.047027027027027025 0.08173076923076923
0 0.987027027027027 0.09278846153846154 0.025945945945945945 0.09519230769230769
0 0.9575675675675676 0.007211538461538462 0.03945945945945946 0.014423076923076924
0 0.9221621621621622 0.004326923076923077 0.05081081081081081 0.008653846153846154
0 0.6583783783783784 0.008173076923076924 0.04108108108108108 0.016346153846153847
0 0.9837837837837838 0.02451923076923077 0.032432432432432434 0.04903846153846154
0 0.123279301381203 0.8625692460750076 0.09554397369399462 0.15462120600464682
0 0.19296998604147797 0.8819070357942232 0.10154657669862494 0.15734575423344271
0 0.22324324324324324 0.9533653846153847 0.09081081081081081 0.09326923076923077
0 0.3038504689341247 0.8554684940721689 0.08407471125919651 0.18563771005772414
0 0.29003413302135755 0.712236261580145 0.08223105836891542 0.1413340797991623
0 0.37135135135135133 0.7134615384615385 0.0627027027027027 0.1673076923076923
0 0.4283783783783784 0.6932692307692307 0.09243243243243243 0.12692307692307692
0 0.34864864864864864 0.6538461538461539 0.07675675675675675 0.04807692307692308
0 0.19243243243243244 0.6543269230769231 0.08432432432432432 0.04903846153846154
0 0.0891891891891892 0.6932692307692307 0.11459459459459459 0.12692307692307692
0 0.5528157017380523 0.7381092500141141 0.08017991184108306 0.16308515927558373
0 0.5818918918918919 0.66875 0.07621621621621621 0.07788461538461539
0 0.5913513513513513 0.854326923076923 0.057297297297297295 0.13942307692307693
0 0.8621621621621621 0.6716346153846153 0.05189189189189189 0.08365384615384615
0 0.7747186543942848 0.7066631690902406 0.05805527214041917 0.08827391663187165
0 0.6810810810810811 0.6677884615384615 0.04864864864864865 0.07596153846153846
0 0.6938753205966994 0.9105408519534162 0.07130923192377493 0.1178343356557175
0 0.6672972972972973 0.9682692307692308 0.06972972972972973 0.06346153846153846
0 0.9835135135135135 0.9432692307692307 0.032972972972972976 0.09807692307692308
0 0.8972972972972973 0.9826923076923076 0.0627027027027027 0.03461538461538462
0 0.9491891891891892 0.9375 0.06054054054054054 0.125
0 0.9751351351351352 0.7418269230769231 0.04972972972972973 0.11826923076923077
0 0.9172793410838396 0.8018945377400767 0.08277389739249502 0.12321057108551656
0 0.9240636504948561 0.6812650638810132 0.07990352199677828 0.0988806654358846
0 0.8481081081081081 0.9471153846153846 0.05945945945945946 0.10576923076923077
0 0.8081081081081081 0.925 0.057297297297297295 0.15
0 0.7898071022779742 0.8980887887509935 0.06186508597050601 0.10794185202939668
0 0.7837635290872872 0.8016948418634181 0.07316437722925113 0.0711561172070887
0 0.6278378378378379 0.7899038461538461 0.015675675675675675 0.11442307692307692
0 0.649992760326655 0.8101489921406059 0.05401653159255571 0.07911004328347705
0 0.6378378378378379 0.9572115384615385 0.03567567567567568 0.08557692307692308
0 0.7316216216216216 0.6451923076923077 0.0372972972972973 0.03076923076923077