0 0.22749232695986246 0.1980791376417759 0.07208039010085548 0.13148986579514327
0 0.3054232548020462 0.25871968111961524 0.062345592880848816 0.11911238251763316
0 0.25138678072659554 0.3825001134297795 0.07751969330239117 0.10518351417913677
0 0.24502035492500704 0.47374598019664127 0.06186011627648858 0.10562690533920993
0 0.05218122888653184 0.24332666737172404 0.05151998320370427 0.10868875117483266
0 0.02156177156177156 0.23599585062240663 0.04312354312354312 0.12136929460580913
0 0.037928998040719746 0.33486951075771937 0.0490995330801844 0.08983529671175178
0 0.10285547785547786 0.4849585062240664 0.05652680652680653 0.08817427385892117
0 0.049119331786216455 0.4669849910044311 0.05983569496481135 0.08164714731541318
0 0.6057692307692307 0.12863070539419086 0.027389277389277388 0.14315352697095435
0 0.6013986013986014 0.49636929460580914 0.03613053613053613 0.06535269709543569
0 0.46416083916083917 0.4854771784232365 0.041375291375291376 0.08713692946058091
0 0.4959207459207459 0.4849585062240664 0.05128205128205128 0.08817427385892117
0 0.561662781755713 0.471112387369882 0.04750065874865883 0.0938034190121565
0 0.5302915242655718 0.460829087033688 0.0488381226009135 0.08257388592336992
0 0.5042080660424854 0.27247019816077256 0.10617867873384162 0.14329288997902198
0 0.5299076813763335 0.37705098002786347 0.06301779125611694 0.13778458168775765
0 0.35853428615140326 0.3854476899370337 0.06275638077684602 0.1305231708993759
0 0.31479802763300524 0.39727069226481776 0.06430315167003564 0.10898061225817246
0 0.3318764568764569 0.5186721991701245 0.050699300699300696 0.02074688796680498
0 0.4919168604350008 0.3778661448468976 0.06358578275471313 0.12130790817628444
0 0.9624125874125874 0.3350622406639004 0.07517482517482517 0.15145228215767634
0 0.890826179987111 0.3998263085130341 0.07578620063829379 0.12153935082863897
0 0.8466826000218566 0.42470674346654935 0.06862123095853342 0.13216469960757074
0 0.8098989843369384 0.36969168160396015 0.05881174503016374 0.11771252753338012
0 0.7432722098779778 0.28184874111691993 0.06964518089318104 0.0960993193896038
0 0.798951048951049 0.487551867219917 0.047785547785547784 0.08298755186721991
0 0.6533098070336212 0.1469674236551798 0.06473652483605985 0.10489165309579697
0 0.6308275058275058 0.1607883817427386 0.022727272727272728 0.11203319502074689
0 0.6381118881118881 0.0700207468879668 0.037296037296037296 0.10062240663900415
0 0.7197263811640562 0.3264591817820748 0.050526444724956474 0.09721754436210442
0 0.7434467457262812 0.3760607105371324 0.06808365091583711 0.10110478608834865
0 0.7664197765610796 0.4455228289381185 0.05874488250767327 0.08360099925012279
0 0.6261655011655012 0.3983402489626556 0.013403263403263404 0.06016597510373444
0 0.6424825174825175 0.3034232365145228 0.04603729603729604 0.09647302904564316
0 0.6542863532092374 0.34469725286517444 0.05389615607476082 0.07793092981053787
0 0.5689646029870223 0.7398035966853725 0.08092585571878613 0.1675450149415227
0 0.5912004662004662 0.8677385892116183 0.05652680652680653 0.11514522821576763
0 0.49107616582212027 0.891566750071755 0.0657595814831166 0.14943704379344216
0 0.48774647868927 0.669091701379058 0.06755300377142248 0.1186188039981621
0 0.5912004662004662 0.9439834024896265 0.05652680652680653 0.1016597510373444
0 0.6043123543123543 0.9263485477178424 0.030303030303030304 0.10580912863070539
0 0.5754662004662005 0.983402489626556 0.06585081585081586 0.03319502074688797
0 0.38416793225035173 0.8708936911462384 0.07070558189441924 0.14168205448558938
0 0.38257575757575757 0.9517634854771784 0.07634032634032634 0.09647302904564316
0 0.4361888111888112 0.9548755186721992 0.058857808857808856 0.09024896265560166
0 0.30565268065268064 0.9896265560165975 0.06118881118881119 0.02074688796680498
0 0.041666666666666664 0.5736514522821576 0.051864801864801864 0.08921161825726141
0 0.013986013986013986 0.7012448132780082 0.027972027972027972 0.12240663900414937
0 0.14031118521444166 0.7181283096566308 0.05939449561291439 0.11777294596436551
0 0.06425530126720878 0.6770764728852852 0.05021986370563131 0.12095562866195925
0 0.08587264271645728 0.717004485149067 0.05142270922531405 0.12211380992227039
0 0.10320880258759398 0.7761182532463495 0.0692118077271567 0.10018827855197941
0 0.1706359074999082 0.7805809220647644 0.06338430189965087 0.09958409424212483
0 0.24161553243999828 0.7862370968947768 0.06906936320871222 0.1446128323876537
0 0.2798191268714067 0.7994562906688288 0.054597872618337866 0.12967731286557943
0 0.3232704963529158 0.877207417184219 0.06633539916758537 0.10092353079539225
0 0.3120032406800789 0.9460546362044935 0.07430718555518563 0.0965826668374876
0 0.18385780885780886 0.9740663900414938 0.05303030303030303 0.05186721991701245
0 0.13374125874125875 0.9678423236514523 0.058857808857808856 0.06431535269709543
0 0.1573315979489943 0.9553227818264287 0.04428815100145343 0.0852025716705071
0 0.008741258741258742 0.9196058091286307 0.017482517482517484 0.06950207468879668
0 0.01252913752913753 0.9647302904564315 0.02505827505827506 0.07053941908713693
0 0.01486013986013986 0.8817427385892116 0.02972027972027972 0.07053941908713693
0 0.7893356643356644 0.9735477178423236 0.05419580419580419 0.052904564315352696
0 0.9512215936208502 0.9313061799666101 0.07063871937192889 0.10757052620233204
0 0.9283216783216783 0.9771784232365145 0.07692307692307693 0.04564315352697095
0 0.8653846153846154 0.9517634854771784 0.07575757575757576 0.09647302904564316