0 0.14792146311885282 0.17628474905513872 0.07865047544427205 0.11421423443345334
0 0.216081100522696 0.3311617207332241 0.07565208873177377 0.1314995914570256
0 0.11459058899625113 0.4253238004322749 0.0730501163718059 0.09280538511042154
0 0.015111695137976347 0.4649532710280374 0.030223390275952694 0.04906542056074766
0 0.12056504599211564 0.46904205607476634 0.05847568988173456 0.04088785046728972
0 0.026281208935611037 0.272196261682243 0.052562417871222074 0.09813084112149532
0 0.08382432144476304 0.2696554409284552 0.05302629673205129 0.1123577762266636
0 0.39388961892247043 0.05724299065420561 0.032194480946123524 0.11448598130841121
0 0.37746386333771353 0.42757009345794394 0.05847568988173456 0.12383177570093458
0 0.385676741130092 0.4567757009345794 0.04862023653088042 0.06542056074766354
0 0.15341655716162944 0.4544392523364486 0.06110381077529566 0.07009345794392523
0 0.5919762128215461 0.10059317243789857 0.07769964990979884 0.1363152931307327
0 0.4178712220762155 0.10455607476635514 0.01576872536136662 0.10864485981308411
0 0.43901243534687484 0.09709548263356721 0.05018788194189113 0.09931690296701678
0 0.4472243255927904 0.157782650452736 0.05677730180275741 0.10096114219090012
0 0.47557825669355686 0.186090760612184 0.05684674140398191 0.14530606406290425
0 0.5130073338929871 0.14737968455930528 0.052388384135624494 0.11347839903324723
0 0.4280551905387648 0.28796728971962615 0.03613666228646518 0.11098130841121495
0 0.4208278580814718 0.3411214953271028 0.021681997371879105 0.09813084112149532
0 0.463059527915993 0.3835464556337426 0.057491684907038335 0.10451341658057824
0 0.5170793884362223 0.39621146026023984 0.05337744492402475 0.09371378893409864
0 0.5466491458607096 0.44567757009345793 0.07095926412614981 0.08761682242990654
0 0.6013210988720149 0.3107178475524776 0.05833989140006403 0.11624326106371408
0 0.5921498118246072 0.21145547711790905 0.06282439720201474 0.10956712571669414
0 0.5824572930354797 0.4375 0.042706964520367936 0.10397196261682243
0 0.6131753317870223 0.37341916002889447 0.08350524706515979 0.09006233609293372
0 0.6235216819973719 0.44509345794392524 0.06701708278580815 0.08878504672897196
0 0.6777266754270697 0.4719626168224299 0.06898817345597898 0.035046728971962614
0 0.2940361924082607 0.735717356310608 0.1054720337485664 0.2293408481571071
0 0.3771353482260184 0.790303738317757 0.0657030223390276 0.2044392523364486
0 0.3791064388961892 0.9375 0.06176084099868594 0.125
0 0.24820460150720586 0.862499456705232 0.10074602970271936 0.18115804294053406
0 0.19986706111353736 0.735895887933864 0.09737737717128407 0.215919162957606
0 0.1567053418132856 0.8453688305586745 0.09133731267865648 0.1676411547560694
0 0.2145203679369251 0.9386682242990654 0.10446780551905388 0.12266355140186916
0 0.13961892247043364 0.9462616822429907 0.07687253613666228 0.10747663551401869
0 0.07621550591327202 0.929322429906542 0.08804204993429698 0.1413551401869159
0 0.03318002628120893 0.9491822429906542 0.06636005256241786 0.10163551401869159
0 0.01971090670170828 0.6629672897196262 0.03942181340341656 0.17873831775700935
0 0.04664914586070959 0.5467289719626168 0.09329829172141918 0.11448598130841121
0 0.6277923784494087 0.5519859813084113 0.059789750328515114 0.125
0 0.6750985545335085 0.5508177570093458 0.06110381077529566 0.12266355140186916
0 0.7873648114932997 0.6174589827494644 0.0810230362806772 0.1388897491912725
0 0.4980289093298292 0.5087616822429907 0.06176084099868594 0.038551401869158876
0 0.7221145688412303 0.6203160921914518 0.05127758667881321 0.16590568801374583
0 0.6799750897696019 0.6318485996646941 0.07275632106072298 0.11495404530018262
0 0.6897817615065842 0.6897342104674039 0.08839122303334483 0.10791891102628762
0 0.9398814179086432 0.8542921226657482 0.06815007859036153 0.1542928595285527
0 0.44895952664669536 0.5707717531853416 0.05248397227044222 0.11931952052857421
0 0.4267411300919842 0.6016355140186916 0.03350854139290407 0.12149532710280374
0 0.4973718791064389 0.5572429906542056 0.0683311432325887 0.13551401869158877
0 0.5298688447120542 0.6425600074190749 0.04995143951169884 0.1249702360539742
0 0.5283380122759713 0.8297267969717025 0.06177798353272381 0.12582706291864645
0 0.561760840998686 0.951518691588785 0.05519053876478318 0.0969626168224299
0 0.7382505973821455 0.7842592125069545 0.061790070253057626 0.16666731189345427
0 0.61672165158876 0.8168772975221644 0.052426619389551544 0.11581484763137795
0 0.8149229512496169 0.9380026671387051 0.07329864552233219 0.10799230099827174
0 0.6373193166885677 0.9363317757009346 0.07227332457293036 0.12733644859813084
0 0.6237246283361946 0.8838944960012295 0.08052597797962507 0.10851591741557143
0 0.735545335085414 0.9585280373831776 0.059789750328515114 0.08294392523364486
0 0.5197109067017083 0.9491822429906542 0.04993429697766097 0.10163551401869159
0 0.9710906701708278 0.9363317757009346 0.05781865965834428 0.12733644859813084