0 0.3773614221546014 0.27961811143513887 0.08316562298957715 0.15796948105664665
0 0.3335391278852411 0.23932615436238894 0.0764745460735915 0.17250767514023965
0 0.2667138541681698 0.1802393866333501 0.08584549818475282 0.14400504061900135
0 0.20725915875169607 0.049516908212560384 0.08616010854816825 0.09903381642512077
0 0.20594336376016936 0.09532220905489262 0.07607628609763296 0.12330775483900493
0 0.13941655359565808 0.03804347826086957 0.08480325644504749 0.07608695652173914
0 0.13632873201951912 0.14167772432384979 0.0803249061726518 0.1275649190674538
0 0.1219167915982116 0.1984563387200566 0.05140722645367094 0.08710652952513852
0 0.17242601106676783 0.2696056194187861 0.08076591387000341 0.12283966383016616
0 0.10331143397364762 0.27101098775680743 0.059548339072395505 0.08837448117044173
0 0.08766488706636577 0.21381027046791864 0.05816596139178846 0.10134251741370531
0 0.23413756381964995 0.3145092305778125 0.06991109704503733 0.12114906163642834
0 0.27652227753664077 0.32841235352724873 0.08277566644719818 0.13633601325897282
0 0.3969559721157252 0.4025418129837165 0.0786968067042565 0.10813558493276046
0 0.34681179888880925 0.39351504836908063 0.08624437343745908 0.09732624189207334
0 0.3405698778833107 0.4390096618357488 0.0814111261872456 0.10024154589371981
0 0.27408412483039346 0.4426328502415459 0.08276797829036635 0.0929951690821256
0 0.09958900940039275 0.3397987361483981 0.07315068911466895 0.10487482489869376
0 0.14534863123127867 0.3128503824396843 0.05116980809946225 0.08227561165074239
0 0.0534907898204743 0.46405225448624043 0.043724343676204785 0.040367508621506336
0 0.9806648575305291 0.25422705314009664 0.03867028493894165 0.22584541062801933
0 0.8302398735886833 0.10910570664004084 0.14603843429764293 0.21809809344047196
0 0.826662143826323 0.024758454106280192 0.15128900949796473 0.049516908212560384
0 0.5668249660786974 0.05495169082125604 0.10651289009497965 0.10990338164251208
0 0.8870971128690294 0.259738477620037 0.12322658904270542 0.17859066763213413
0 0.9555630936227951 0.3061594202898551 0.08887381275440977 0.17753623188405798
0 0.9772727272727273 0.40458937198067635 0.045454545454545456 0.16908212560386474
0 0.8883989145183175 0.40458937198067635 0.1350067842605156 0.16908212560386474
0 0.9299997186542045 0.36742923942991335 0.09584382519250197 0.14196679176983326
0 0.8504070556309362 0.43417874396135264 0.10244233378561737 0.10990338164251208
0 0.8683853459972863 0.4782608695652174 0.1112618724559023 0.021739130434782608
0 0.7385265745708436 0.31996180451493816 0.10184755734660025 0.19563520157373385
0 0.6551775055453247 0.2771646028956864 0.13571780876964637 0.22727705646412547
0 0.6323445940680645 0.3314147048594367 0.11305019826929973 0.1770057280755051
0 0.6180216855295854 0.386381725052745 0.11080302733789617 0.1586784607723023
0 0.771370420624152 0.3834541062801932 0.11668928086838534 0.2113526570048309
0 0.7771370420624152 0.4504830917874396 0.09430122116689281 0.07729468599033816
0 0.4969470827679783 0.20772946859903382 0.05495251017639077 0.2028985507246377
0 0.5162822252374492 0.267512077294686 0.09362279511533243 0.1823671497584541
0 0.5232114910048353 0.34727587252989683 0.08360663068692883 0.1532442258193593
0 0.5711120297403898 0.2628547064256204 0.09771764644868568 0.1937934962824832
0 0.5810719131614654 0.47342995169082125 0.06309362279511534 0.03140096618357488
0 0.5210312075983717 0.4577294685990338 0.10176390773405698 0.06280193236714976
0 0.48236092265943015 0.43780193236714976 0.025780189959294438 0.07125603864734299
0 0.6289009497964722 0.4855072463768116 0.06784260515603799 0.007246376811594203
0 0.21709633649932158 0.5114734299516909 0.09090909090909091 0.04468599033816425
0 0.07225237449118047 0.5138888888888888 0.08480325644504749 0.049516908212560384
0 0.027476255088195387 0.5229468599033816 0.05495251017639077 0.06763285024154589
0 0.05359565807327001 0.5422705314009661 0.07191316146540028 0.10628019323671498
0 0.07978902426588304 0.5722338275351577 0.07637305904039386 0.1293464021820001
0 0.13271071564275627 0.6151599596774728 0.07939183962297586 0.1633741525769902
0 0.08899913475529464 0.6491206446933613 0.06424627027834552 0.11547284266516358
0 0.2859765716219715 0.7862844390541407 0.08909339368796401 0.15529725638482697
0 0.18549739861373993 0.7651587548348173 0.08844879664746949 0.1695786847337982
0 0.20109766135958654 0.8789415429619958 0.07666983198315476 0.13538504952499542
0 0.11225706233949495 0.7531433252927887 0.08796565650547253 0.1323503964814453
0 0.14317680647883874 0.8334113468384675 0.07622052085222367 0.11254385225872228
0 0.13236919673042935 0.9211756677279648 0.07955329652147335 0.11186443597566634
0 0.09650134024218367 0.8650849557844688 0.07123412013709216 0.10697329592456588
0 0.056821719659480976 0.8309145884616205 0.06606965565630425 0.09777955118461239
0 0.07971506105834464 0.9396135265700483 0.07394843962008141 0.12077294685990338
0 0.034938941655359566 0.8858695652173914 0.06987788331071913 0.12439613526570048
0 0.25780189959294436 0.9378019323671497 0.07462686567164178 0.12439613526570048
0 0.3077803117866432 0.9198964916342445 0.08961928155135428 0.13860036909865778
0 0.35447761194029853 0.9607487922705314 0.06987788331071913 0.0785024154589372
0 0.38670284938941657 0.9740338164251208 0.0773405698778833 0.051932367149758456
0 0.2947761194029851 0.9788647342995169 0.08208955223880597 0.042270531400966184
0 0.2262550881953867 0.9528985507246377 0.06716417910447761 0.09420289855072464
0 0.014246947082767978 0.9685990338164251 0.028493894165535955 0.06280193236714976
0 0.04341926729986431 0.9830917874396136 0.06919945725915876 0.033816425120772944
0 0.8086838534599728 0.5398550724637681 0.09226594301221167 0.10144927536231885
0 0.8355236625233234 0.7109661367690089 0.09198516165986209 0.15934309533905866
0 0.7135725818577423 0.7303073282616558 0.08465840641370913 0.11985045124702066
0 0.6047011921727127 0.5600122729540519 0.07432947745213322 0.10146296176711368
0 0.556431763117102 0.6449844724740734 0.05790301746009337 0.10969096105679003
0 0.5908792611968849 0.7160661401379488 0.06510276009556246 0.1192016937080692
0 0.5441016926502846 0.6941770019171583 0.06368655340388953 0.11778263896525314
0 0.5524131808778339 0.8171688641563423 0.06722291841628208 0.10754704957051345
0 0.704070773057481 0.7915016008419742 0.06736715317087287 0.09678314699023065
0 0.7774007564913019 0.8990634321287873 0.06864742854153463 0.13653255681689025
0 0.5114877292122829 0.9057188116217565 0.049567234208553156 0.04966691599856848
0 0.657055630936228 0.5356280193236715 0.08480325644504749 0.0929951690821256
0 0.7231500444753409 0.5632481221349067 0.0670531580842051 0.13149031366827682
0 0.9637042062415196 0.9160628019323671 0.07259158751696065 0.15821256038647344
0 0.9650610583446404 0.9535024154589372 0.06987788331071913 0.0929951690821256
0 0.7428470043847838 0.7884135688241176 0.07025892114277095 0.10082898594446207
0 0.7564450474898237 0.9541062801932367 0.07869742198100407 0.09178743961352658
0 0.6309362279511533 0.9740338164251208 0.07191316146540028 0.051932367149758456