0 0.13578001448900825 0.22383755385544762 0.09827247145345344 0.13671621419131627
0 0.1636733438826132 0.17978038812478087 0.06494272217949035 0.14433466603170875
0 0.24247851002865328 0.3346055979643766 0.06948424068767908 0.1297709923664122
0 0.29169645391211724 0.249880905976406 0.08477478043472081 0.13898393006442608
0 0.23403219225589106 0.09715422420975665 0.0821722406460254 0.14756366079330366
0 0.21561604584527222 0.04007633587786259 0.09169054441260745 0.08015267175572519
0 0.2718481375358166 0.015267175572519083 0.08094555873925502 0.030534351145038167
0 0.27435530085959886 0.04262086513994911 0.07449856733524356 0.08524173027989822
0 0.2899061177573237 0.10351359713404938 0.07753637387414339 0.13562409658127644
0 0.31840974212034384 0.041348600508905854 0.09240687679083094 0.08269720101781171
0 0.30050143266475643 0.3549618320610687 0.08524355300859598 0.089058524173028
0 0.8370343839541547 0.026717557251908396 0.08524355300859598 0.05343511450381679
0 0.9828080229226361 0.32188295165394404 0.034383954154727794 0.10178117048346055
0 0.9914040114613181 0.16157760814249364 0.017191977077363897 0.12468193384223919
0 0.9394699140401146 0.05025445292620865 0.07378223495702006 0.1005089058524173
0 0.7363896848137536 0.02544529262086514 0.07306590257879657 0.05089058524173028
0 0.6855300859598854 0.04262086513994911 0.07163323782234957 0.08524173027989822
0 0.75062708650094 0.12138217824103706 0.062496439915420095 0.10982046014932813
0 0.8330945558739254 0.04834605597964377 0.07879656160458452 0.09669211195928754
0 0.8353201973986129 0.10102301879795969 0.07441130062102079 0.10230062490783272
0 0.7771577701497201 0.18439906757326974 0.0670196825197883 0.11794323046822558
0 0.934103551791068 0.15120058392861027 0.051222828809700256 0.11487729655084335
0 0.8008595988538681 0.36895674300254455 0.04871060171919771 0.061068702290076333
0 0.6862464183381088 0.3683206106870229 0.07593123209169055 0.062340966921119595
0 0.6318051575931232 0.3861323155216285 0.055873925501432664 0.026717557251908396
0 0.4981772634621344 0.2490250694950502 0.06064777389411932 0.11975398593135529
0 0.01325214899713467 0.6806615776081425 0.02650429799426934 0.11959287531806616
0 0.009670487106017192 0.6323155216284987 0.019340974212034383 0.13740458015267176
0 0.016117478510028652 0.5477099236641222 0.032234957020057305 0.14631043256997456
0 0.3126790830945559 0.47010178117048346 0.0651862464183381 0.14122137404580154
0 0.26468481375358166 0.4675572519083969 0.07951289398280802 0.1361323155216285
0 0.24879212740750467 0.6632797629013483 0.05838615259193521 0.11569260077190649
0 0.12170553432453114 0.6954088328547684 0.05989390012672467 0.11840019087820569
0 0.01969914040114613 0.8854961832061069 0.03939828080229226 0.12213740458015267
0 0.06250565510670913 0.9235538041529665 0.07900962600373164 0.11296792448881655
0 0.11246418338108882 0.9885496183206107 0.06876790830945559 0.022900763358778626
0 0.20558739255014327 0.9885496183206107 0.05873925501432665 0.022900763358778626
0 0.30623209169054444 0.9942748091603053 0.05515759312320917 0.011450381679389313
0 0.19206187012429365 0.8929823553079617 0.061364106272342976 0.11983551635346164
0 0.1669054441260745 0.955470737913486 0.05730659025787966 0.089058524173028
0 0.28997568059787016 0.9239128901287509 0.06977543384913878 0.09036106069580564
0 0.3037249283667622 0.9580152671755725 0.0830945558739255 0.08396946564885496
0 0.3553008595988539 0.9790076335877863 0.04871060171919771 0.04198473282442748
0 0.37249283667621774 0.9376590330788804 0.014326647564469915 0.08651399491094147
0 0.37177650429799425 0.8924936386768448 0.015759312320916905 0.08269720101781171
0 0.36174785100286533 0.8562340966921119 0.03581661891117478 0.07888040712468193
0 0.35136103151862463 0.8263358778625954 0.05659025787965616 0.09796437659033079
0 0.35064469914040114 0.5992366412213741 0.058022922636103154 0.11195928753180662
0 0.30404711477837715 0.5444680194507638 0.07422054769119459 0.12003079932033198
0 0.3538681948424069 0.4688295165394402 0.05157593123209169 0.12340966921119594
0 0.37070200573065903 0.5241730279898219 0.01790830945558739 0.10432569974554708
0 0.22646611796559202 0.9083869624595075 0.06117944531045684 0.08938269563052953
0 0.12566973027652095 0.8898937174717786 0.05925265052684365 0.12086318971818616
0 0.30607994697079866 0.6704383289853753 0.05917756774850118 0.11831866045609936
0 0.4237106017191977 0.4796437659033079 0.08810888252148998 0.13486005089058525
0 0.4237106017191977 0.7900763358778626 0.08810888252148998 0.17302798982188294
0 0.5268264844058843 0.7849206499266899 0.10094704803652123 0.1547725102922409
0 0.7712185770810507 0.5893424396334173 0.08439632055903835 0.15035278132170907
0 0.9165472779369628 0.4681933842239186 0.08237822349570201 0.13740458015267176
0 0.8664040114613181 0.4586513994910941 0.07521489971346705 0.1183206106870229
0 0.9871060171919771 0.8142493638676844 0.025787965616045846 0.1297709923664122
0 0.9706303724928367 0.6959287531806616 0.05873925501432665 0.1297709923664122
0 0.8439765335865521 0.5472002637067872 0.07557203770135888 0.16583232603788922
0 0.8917237379139432 0.5366779636777634 0.06464543705009058 0.11006505141564715
0 0.8968425789783311 0.6189589694966483 0.0631001481261298 0.1060851966783047
0 0.8658759194394053 0.6575601898036636 0.07994816073301243 0.14477454026489825
0 0.7965900466414777 0.7281813701458831 0.056424862403120814 0.12180933266080375
0 0.8425854844044663 0.7283102586365144 0.05932773330518611 0.12340771898027238
0 0.8115701277417089 0.8294562719199152 0.08093032881940461 0.12967042553659158
0 0.9252574522548329 0.8251625060936294 0.06502085094180277 0.12278769772607957
0 0.766146948768199 0.8830070891994197 0.09913896938836188 0.14188680313759564
0 0.8810873408426042 0.7997106206152924 0.07670741732840611 0.13172577226604032
0 0.5222230952564533 0.9043912296115966 0.08436182515383724 0.12498901912295027
0 0.5726900325160085 0.9356659474130634 0.08726469605590245 0.1265874054424189
0 0.6232091690544412 0.9885496183206107 0.06446991404011461 0.022900763358778626
0 0.5218481375358166 0.9675572519083969 0.0666189111747851 0.0648854961832061
0 0.58810888252149 0.97264631043257 0.0673352435530086 0.054707379134860054
0 0.3961318051575931 0.9026717557251909 0.0329512893982808 0.13358778625954199