0 0.3174033149171271 0.46414538310412573 0.07569060773480663 0.05009823182711198
0 0.21049723756906077 0.4567779960707269 0.05966850828729282 0.06483300589390963
0 0.2718232044198895 0.45137524557956776 0.06298342541436464 0.0756385068762279
0 0.0060773480662983425 0.4317288801571709 0.012154696132596685 0.07956777996070727
0 0.09542458397502002 0.43349435664790226 0.05935720243077543 0.08521169596544374
0 0.04497916390742844 0.43849279565425564 0.054219030777851306 0.09289877784237686
0 0.10253389894009461 0.35627949378977913 0.05115982014677302 0.0643601086922937
0 0.21169825731773326 0.3519107557511515 0.05285158988346216 0.09874124818148819
0 0.23333851018872975 0.36055692215868707 0.046677569260781544 0.09658800091802024
0 0.19856619152762883 0.3273074469968623 0.05734060279215877 0.08907238333311285
0 0.010497237569060774 0.26964636542239684 0.020994475138121547 0.0618860510805501
0 0.025664311233427682 0.124740014800108 0.04325921755462238 0.07196145842321378
0 0.007458563535911602 0.10854616895874264 0.014917127071823204 0.0618860510805501
0 0.014640883977900553 0.2151277013752456 0.029281767955801105 0.0550098231827112
0 0.13976598253907932 0.03684850407248985 0.047147407997282544 0.06129312887451611
0 0.0077348066298342545 0.028978388998035363 0.015469613259668509 0.05795677799607073
0 0.13950789715098863 0.17662310055663658 0.04758243450100259 0.07013399331459474
0 0.15263658192974044 0.21250592299960136 0.039246805405131896 0.06889447860543636
0 0.30230473947529385 0.15293514964900617 0.05562804592772665 0.06547959839703402
0 0.26479415801406203 0.11928024749763434 0.04781735386925309 0.052486557292842656
0 0.27347127153880924 0.06065227285937669 0.04993738808695716 0.07314953384476455
0 0.48842997286611844 0.07555902100580784 0.03338358957934114 0.061846786415571675
0 0.498795725646016 0.033062138909616026 0.04388082714840192 0.06217256857042054
0 0.4535911602209945 0.028978388998035363 0.04640883977900553 0.05795677799607073
0 0.45658250009520784 0.061344727126401995 0.04589742678701858 0.058311881202751444
0 0.5378453038674034 0.09233791748526522 0.023756906077348067 0.06286836935166994
0 0.5281767955801105 0.2357563850687623 0.0430939226519337 0.1237721021611002
0 0.51275727230733 0.17533788304785544 0.05442640099565364 0.0634806689963892
0 0.39489163226584856 0.23882575486030072 0.05133237813179447 0.07907773632988868
0 0.40548166032031124 0.16934941316671834 0.048639070598502004 0.06918596790187999
0 0.35498452296317606 0.18660968413286724 0.05234067795110293 0.07714739264605419
0 0.35001991141452876 0.321135847988678 0.06749272439117651 0.059962910212771565
0 0.3176334765011832 0.2618206457837723 0.04905330997447921 0.0888151868950743
0 0.29488199029141854 0.3542332362971624 0.07132531547331282 0.10421867170077223
0 0.1455067303667367 0.31816514964719345 0.04598007423836289 0.09362389967545806
0 0.5295580110497238 0.4037328094302554 0.04033149171270718 0.10609037328094302
0 0.5439226519337017 0.3197445972495088 0.011602209944751382 0.0893909626719057
0 0.7817679558011049 0.4656188605108055 0.08176795580110498 0.047151277013752456
0 0.702766188886434 0.38833394560780116 0.06910134561689363 0.13749746791442877
0 0.9505003942447151 0.2864869627311648 0.08787911398092883 0.11552141912996515
0 0.9864640883977901 0.21611001964636542 0.02707182320441989 0.11591355599214145
0 0.8373750904773158 0.24242813028518984 0.05870078060421514 0.13913632230181963
0 0.8842051821848174 0.23803230220421306 0.05939827562663379 0.14210042354438182
0 0.930396258182149 0.20177971602865163 0.07819006909570696 0.08677699282945106
0 0.9391838188385025 0.13530176843603656 0.06696778735377944 0.0717164366078046
0 0.7806995493668921 0.1161902888331435 0.0901030838373479 0.08224262291630839
0 0.735037041948124 0.19214960605764697 0.09174651729584596 0.11564144413438304
0 0.796501255610821 0.20985842498015328 0.05571745540177596 0.123350644247092
0 0.5798342541436464 0.449901768172888 0.06022099447513812 0.07858546168958742
0 0.5795580110497237 0.3649312377210216 0.05966850828729282 0.09724950884086445
0 0.602313004676882 0.2605122904639996 0.06057237140825857 0.13232868012079113
0 0.6723579098377579 0.26079048963307266 0.06778224100069549 0.14432225652466005
0 0.976243093922652 0.11984282907662082 0.04751381215469613 0.11198428290766209
0 0.6574585635359116 0.018172888015717092 0.05856353591160221 0.036345776031434185
0 0.6851293313738984 0.046085361676576744 0.04962658329006736 0.07804397877116111
0 0.5839779005524862 0.23280943025540274 0.06850828729281767 0.11198428290766209
0 0.024861878453038673 0.9444990176817288 0.049723756906077346 0.11100196463654224
0 0.13314917127071824 0.9464636542239686 0.10165745856353592 0.10707269155206287
0 0.22845303867403316 0.9430255402750491 0.07679558011049724 0.11394891944990176
0 0.4248618784530387 0.9430255402750491 0.07734806629834254 0.11394891944990176
0 0.4790055248618785 0.9459724950884086 0.05856353591160221 0.10805500982318271
0 0.34903778397282664 0.923352753562189 0.08416348152329031 0.14090737631625788
0 0.34572574679747975 0.8337106817635594 0.09500633612202158 0.09220297706112736
0 0.35169552768389667 0.7516270936228435 0.06911537072193161 0.10415008598396185
0 0.27017626582626625 0.7659268647544584 0.06593819934710028 0.16290057152992438
0 0.3169538886547826 0.656094713605523 0.05458493387563725 0.11154567856445123
0 0.3693158547932562 0.6682011121977539 0.0812835908999383 0.149645362181121
0 0.43455756123719314 0.6651955152807306 0.05870078060421514 0.13913632230181963
0 0.49303243926418727 0.8389471946630701 0.06024077948362579 0.14801147960030353
0 0.5323204419889502 0.8777013752455796 0.034806629834254144 0.10707269155206287
0 0.5411602209944751 0.9602161100196464 0.01712707182320442 0.07956777996070727
0 0.50082760303874 0.5572104615729034 0.047658319929641896 0.08288698440995006
0 0.445793116494717 0.5657841859617969 0.07269951839040703 0.1209352287390121
0 0.4544198895027624 0.5162082514734774 0.06132596685082873 0.054027504911591355
0 0.40839323269490513 0.5635120291986523 0.05011670809468362 0.11042618885971084
0 0.3787731107917664 0.5712970178442275 0.042568484554908914 0.09155638455800291
0 0.3287292817679558 0.5353634577603144 0.08066298342541436 0.09233791748526522
0 0.11715524843932133 0.8319770122279466 0.10267878136862679 0.12480809072931044
0 0.1236842775362887 0.727317250280677 0.0657313301889256 0.11385324369074239
0 0.048446102421592536 0.7428933148831419 0.08338333904952723 0.10263125660098908
0 0.012154696132596685 0.7583497053045186 0.02430939226519337 0.11394891944990176
0 0.027348066298342542 0.693516699410609 0.054696132596685085 0.07465618860510806
0 0.04005524861878453 0.6257367387033399 0.08011049723756906 0.10805500982318271
0 0.04337016574585635 0.550098231827112 0.08121546961325966 0.12180746561886051
0 0.1562664364544961 0.6144927923420889 0.06676717915868204 0.12369357283114335
0 0.1936182345059305 0.656979985718938 0.06252660966364632 0.16083305641246912
0 0.23871473169144303 0.6261558696783396 0.08372845501957 0.1320665118761793
0 0.2584831432285823 0.588761675562262 0.070165244796726 0.080643033193896
0 0.2562763289587399 0.538318029247812 0.0971679445952116 0.0912892445068179
0 0.5773480662983426 0.9056974459724951 0.055248618784530384 0.17681728880157171
0 0.5743093922651934 0.7549115913555993 0.049171270718232046 0.13064833005893908
0 0.6396247316517135 0.76873887914368 0.06435662621220369 0.17560212333767172
0 0.6987579093377376 0.7497393611182117 0.09408744577676269 0.15200436659501965
0 0.6229631154344022 0.6589139308108006 0.07854194708845487 0.13877127548199256
0 0.6357215139847602 0.5677922942941765 0.09390812576903597 0.11472771158007347
0 0.6965092702825952 0.6384862873549454 0.10560700827016976 0.11705242313556716
0 0.6298342541436464 0.5196463654223968 0.08066298342541436 0.060903732809430254
0 0.8199394686255461 0.8430794841008896 0.0820294222005484 0.1535917816948028
0 0.8618933561391945 0.7584079006553269 0.09205732209273576 0.11074699920798649
0 0.8919654096028165 0.6853844791262952 0.08573829263548166 0.105646797131159
0 0.9105607274775862 0.7951494149569656 0.06336911352063831 0.1667441124683907
0 0.8911602209944751 0.537819253438114 0.049723756906077346 0.09724950884086445
0 0.9317679558011049 0.5314341846758349 0.07016574585635359 0.08447937131630648
0 0.8030039882064095 0.5650527219235971 0.07978516627601383 0.11919349577640587
0 0.7380868611345862 0.5670674273548991 0.07922591806546327 0.09661732196985202
0 0.7328729281767956 0.5098231827111984 0.06132596685082873 0.0412573673870334
0 0.7845303867403315 0.5108055009823183 0.0707182320441989 0.043222003929273084
0 0.8660220994475138 0.9548133595284872 0.08895027624309393 0.09037328094302555
0 0.9234806629834255 0.9921414538310412 0.07900552486187845 0.015717092337917484
0 0.9756906077348066 0.9724950884086444 0.04861878453038674 0.0550098231827112
0 0.9375690607734807 0.9528487229862476 0.07513812154696133 0.09430255402750491
0 0.934318134614562 0.8728775551864245 0.0671954436396971 0.10997540989387074
0 0.980110497237569 0.8541257367387033 0.039779005524861875 0.13850687622789784
0 0.9906077348066298 0.8226915520628684 0.01878453038674033 0.10707269155206287
0 0.9809392265193371 0.7205304518664047 0.03812154696132597 0.11886051080550099
0 0.9519483542281653 0.7163803143527231 0.05047584916976462 0.1065140622044339
0 0.9588791007749549 0.7941402615373006 0.043417750434606175 0.12002646799127592
0 0.9867403314917127 0.9150294695481336 0.026519337016574586 0.09724950884086445