0 0.34153005464480873 0.4679611650485437 0.036065573770491806 0.08349514563106795
0 0.292896174863388 0.37071766558088454 0.06885245901639345 0.1265423925254543
0 0.3480874316939891 0.2684466019417476 0.022950819672131147 0.0941747572815534
0 0.34672131147540985 0.21893203883495146 0.025683060109289616 0.0766990291262136
0 0.28415300546448086 0.19893912783377798 0.05081967213114754 0.10817148851913448
0 0.13142076502732242 0.1127459033601272 0.04918032786885246 0.0788756340507753
0 0.11666666666666667 0.20587932964974898 0.04644808743169399 0.0960686274125714
0 0.15437158469945356 0.3233733028103595 0.05573770491803279 0.12421439173003719
0 0.1308743169398907 0.2908446962072437 0.07213114754098361 0.10843507233595909
0 0.055191256830601096 0.48349514563106794 0.060109289617486336 0.05242718446601942
0 0.02841530054644809 0.41262135922330095 0.05683060109289618 0.12427184466019417
0 0.051092896174863386 0.37239466547848876 0.0633879781420765 0.1114138161422506
0 0.054098360655737705 0.3309581009358528 0.07103825136612021 0.09375887162242506
0 0.04289617486338798 0.2851386941075667 0.06557377049180328 0.08542641174407573
0 0.333879781420765 0.24951456310679612 0.05136612021857923 0.07961165048543689
0 0.24207650273224043 0.03349514563106796 0.05027322404371585 0.06699029126213592
0 0.28224043715846997 0.14145966008023922 0.060109289617486336 0.0800065732249497
0 0.16612021857923498 0.06633663523813102 0.048633879781420766 0.07299384437361993
0 0.17896174863387979 0.08756840138914519 0.053551912568306013 0.09486199030296935
0 0.3448087431693989 0.03058252427184466 0.029508196721311476 0.06116504854368932
0 0.32486338797814207 0.02233009708737864 0.04972677595628415 0.04466019417475728
0 0.07240437158469945 0.186735919198226 0.034972677595628415 0.0696384228330864
0 0.590983606557377 0.46893203883495144 0.058469945355191254 0.08155339805825243
0 0.4669398907103825 0.458252427184466 0.06939890710382514 0.1029126213592233
0 0.5415300546448087 0.39087296968659807 0.04972677595628415 0.10223315188327035
0 0.4907103825136612 0.3642548792257161 0.047540983606557376 0.09229822618435786
0 0.5710382513661202 0.3662566025442477 0.04590163934426229 0.09018683773541614
0 0.5316939890710383 0.21364153219683138 0.05027322404371585 0.08966833961867815
0 0.592896174863388 0.18696508283434413 0.040437158469945354 0.0731165137793969
0 0.6387978142076502 0.18394803707461463 0.05683060109289618 0.08257991283192063
0 0.7021857923497268 0.45728155339805826 0.05245901639344262 0.10485436893203884
0 0.7415300546448087 0.45817109832156305 0.046994535519125684 0.10097954330331899
0 0.7254098360655737 0.4001922834280052 0.06393442622950819 0.08622764465435731
0 0.7948087431693989 0.40785918407721683 0.06721311475409836 0.09336304291146405
0 0.8 0.46276531222378464 0.06284153005464481 0.09096891966897873
0 0.7224043715846995 0.35085214894151506 0.03278688524590164 0.07620835150310583
0 0.7480874316939891 0.3525389822144172 0.040983606557377046 0.09064878889344535
0 0.7385245901639345 0.3034911580098301 0.04972677595628415 0.07796130722307619
0 0.7882513661202186 0.3299961545532947 0.06721311475409836 0.09627566427068734
0 0.7366120218579235 0.2586330494795923 0.04480874316939891 0.0813358797403287
0 0.8510928961748634 0.4796116504854369 0.058469945355191254 0.06019417475728155
0 0.8737704918032787 0.45 0.053551912568306013 0.11941747572815534
0 0.9816939890710382 0.4956310679611651 0.0366120218579235 0.02815533980582524
0 0.937431693989071 0.45485436893203884 0.05191256830601093 0.10970873786407767
0 0.8292349726775956 0.3638488269418857 0.04316939890710383 0.09281672430109585
0 0.8683060109289618 0.35672688594587004 0.055191256830601096 0.1018277476839498
0 0.8969945355191257 0.3145499702101167 0.04316939890710383 0.09864196701954234
0 0.9081967213114754 0.24337908577626688 0.04262295081967213 0.0743135754006395
0 0.8909836065573771 0.1993648468682043 0.041530054644808745 0.08682184070652306
0 0.8620218579234973 0.20316397456149637 0.04426229508196721 0.07157059491754238
0 0.840983606557377 0.295161673932764 0.03715846994535519 0.09316558154170765
0 0.8513661202185793 0.24817781372104522 0.03989071038251366 0.08859394740321241
0 0.8595628415300547 0.09077359091721005 0.05081967213114754 0.07613265356767812
0 0.8144808743169399 0.07300167070723565 0.040983606557377046 0.06637694423325122
0 0.9726775956284153 0.06704191816603197 0.02622950819672131 0.020189982173358434
0 0.9538251366120218 0.07140172770223153 0.03224043715846994 0.03343335794245537
0 0.8726775956284153 0.05620838782913199 0.034972677595628415 0.02012385972629023
0 0.7169398907103826 0.1274711453738453 0.03442622950819672 0.07540711859282424
0 0.7434426229508196 0.13506804180325716 0.03715846994535519 0.06403936794947464
0 0.7762295081967213 0.11661619913160572 0.05081967213114754 0.06059867298515385
0 0.5885245901639344 0.13311464891224717 0.03825136612021858 0.07191945215815419
0 0.5592896174863388 0.128147639048515 0.036065573770491806 0.08140200218739702
0 0.5385245901639344 0.11920273811272922 0.048633879781420766 0.0827025822376976
0 0.4866120218579235 0.09684048577326475 0.04371584699453552 0.07345579553164916
0 0.4715846994535519 0.16179029877770693 0.04316939890710383 0.0675740058544939
0 0.38114754098360654 0.12330556351918047 0.03879781420765027 0.07003425154404742
0 0.08415300546448087 0.9407766990291262 0.07540983606557378 0.11844660194174757
0 0.13825136612021857 0.9669902912621359 0.06885245901639345 0.06601941747572816
0 0.22076502732240438 0.8482058293134611 0.07540983606557378 0.1563471696221918
0 0.28087431693989073 0.9257281553398058 0.06557377049180328 0.14854368932038836
0 0.2972677595628415 0.8396175491637501 0.08415300546448087 0.12327133843725975
0 0.323224043715847 0.9063106796116505 0.0726775956284153 0.1563106796116505
0 0.34289617486338797 0.6985436893203884 0.03333333333333333 0.16019417475728157
0 0.31420765027322406 0.5480582524271844 0.073224043715847 0.0766990291262136
0 0.32404371584699454 0.596116504854369 0.07103825136612021 0.12815533980582525
0 0.3442622950819672 0.6320388349514563 0.030601092896174863 0.1029126213592233
0 0.30191256830601093 0.666797227438988 0.060655737704918035 0.14414079008657096
0 0.2598360655737705 0.6653557329776396 0.060655737704918035 0.16647088717394973
0 0.22459016393442624 0.670446318218597 0.06557377049180328 0.15241670300621166
0 0.19153005464480874 0.6383844505176902 0.07486338797814207 0.1261935352848424
0 0.19043715846994536 0.7023490265031853 0.06284153005464481 0.10844464782431842
0 0.11775956284153005 0.7283234266259934 0.07431693989071038 0.14361271648147353
0 0.09863387978142077 0.7685772927799259 0.0726775956284153 0.16188967754709493
0 0.0680327868852459 0.7911388184320434 0.06721311475409836 0.1564698390279689
0 0.027595628415300548 0.8902912621359224 0.055191256830601096 0.14563106796116504
0 0.012295081967213115 0.8 0.02459016393442623 0.1145631067961165
0 0.01448087431693989 0.7368932038834951 0.02896174863387978 0.10679611650485436
0 0.1185792349726776 0.5330097087378641 0.04918032786885246 0.04660194174757282
0 0.08579234972677596 0.5466019417475728 0.05136612021857923 0.07378640776699029
0 0.06775956284153005 0.5189320388349514 0.048087431693989074 0.018446601941747572
0 0.019398907103825136 0.5577669902912621 0.03879781420765027 0.09611650485436893
0 0.4166666666666667 0.987378640776699 0.058469945355191254 0.02524271844660194
0 0.5030054644808744 0.9409561732805503 0.04918032786885246 0.0992639835653384
0 0.38907103825136613 0.7796515692829856 0.048087431693989074 0.07002467605568787
0 0.39289617486338796 0.7460668154696749 0.048087431693989074 0.07002467605568787
0 0.4666666666666667 0.6386521112060319 0.04207650273224044 0.07425702844193084
0 0.47185792349726774 0.5571504723623085 0.03825136612021858 0.08648255895427069
0 0.40765027322404374 0.6087586318984997 0.03989071038251366 0.0594677338109794
0 0.3628415300546448 0.633495145631068 0.006557377049180328 0.05728155339805825
0 0.8204918032786885 0.5941983058048808 0.060109289617486336 0.08680268972980407
0 0.8213114754098361 0.7462248738157594 0.047540983606557376 0.08841473103872678
0 0.7 0.8283316431571804 0.040437158469945354 0.0789417564978435
0 0.6601092896174864 0.8033299287636768 0.0453551912568306 0.07847980533981416
0 0.6202185792349727 0.8234738454381342 0.04590163934426229 0.08921596394900837
0 0.8349726775956284 0.8083181594339628 0.060655737704918035 0.09462622697977485
0 0.8584699453551913 0.8942448242895059 0.04207650273224044 0.09464537795649396
0 0.8762295081967213 0.9558252427184466 0.04972677595628415 0.0883495145631068
0 0.8584699453551913 0.9776699029126213 0.04918032786885246 0.04466019417475728
0 0.9513661202185792 0.9601941747572815 0.046994535519125684 0.07961165048543689
0 0.9240437158469945 0.9553398058252427 0.05573770491803279 0.08932038834951456
0 0.9357923497267759 0.9124403937040715 0.04918032786885246 0.10314747871096946
0 0.9188524590163935 0.8631146224501206 0.04426229508196721 0.08807544928647443
0 0.8885245901639345 0.8725976254650876 0.04426229508196721 0.10846379880103753
0 0.9775956284153006 0.9067961165048544 0.04480874316939891 0.12233009708737864
0 0.44972677595628413 0.8534040098549937 0.03224043715846994 0.08877316376769803
0 0.4360655737704918 0.8141262582173726 0.03989071038251366 0.07500171439350367
0 0.5415300546448087 0.6653310833840783 0.05136612021857923 0.0800726956720179
0 0.5407103825136612 0.7108773309071803 0.048087431693989074 0.07390817120131893
0 0.894808743169399 0.5315533980582524 0.04426229508196721 0.043689320388349516
0 0.8792349726775956 0.5861994339631557 0.0273224043715847 0.057196279974271055
0 0.923224043715847 0.5509708737864077 0.05191256830601093 0.0825242718446602
0 0.896448087431694 0.7865243524828688 0.060109289617486336 0.1062201654579594
0 0.8636612021857923 0.7418693990380154 0.05792349726775956 0.09725611354545466
0 0.8863387978142077 0.6849927968535535 0.053551912568306013 0.09486199030296924
0 0.9038251366120219 0.7290353092409705 0.059562841530054644 0.09160051170313413
0 0.9297814207650273 0.7530805130806056 0.05573770491803279 0.09508817813780418
0 0.9849726775956285 0.7320388349514563 0.030054644808743168 0.11067961165048544
0 0.47650273224043715 0.810543742870556 0.03825136612021858 0.07677382109019314
0 0.5087431693989071 0.72504506197806 0.03770491803278689 0.06700853626740659
0 0.48032786885245904 0.7512308337174393 0.048087431693989074 0.07973341391976553