0 0.19936275188587516 0.4568818185202375 0.0525083631040398 0.09261799734272469
0 0.370328738787085 0.39668209673809146 0.043164687806571005 0.08427773884383466
0 0.4156129000527435 0.4427333294961676 0.050883561485326925 0.07987411918982631
0 0.47033632817707816 0.43126068727624767 0.04971275605189573 0.09490801881470573
0 0.19541590960067035 0.373358230280475 0.07019758717746032 0.09156293890041875
0 0.18389085227339358 0.2551573959653327 0.042806283182496324 0.1056835775451634
0 0.17674872593149016 0.15046320007751307 0.048934038233026396 0.13393181742948412
0 0.20750965561032383 0.11008508225771597 0.051461374812049356 0.11522765454336167
0 0.09219858156028368 0.04040404040404041 0.059574468085106386 0.08080808080808081
0 0.040070921985815605 0.052398989898989896 0.05460992907801419 0.10479797979797979
0 0.08151994983642831 0.12683659155976815 0.049836573193336314 0.10248377639046331
0 0.1192117832698983 0.11740664879079005 0.05236936718261272 0.17078321009891723
0 0.08982529222176969 0.20369420190649215 0.051420102431569 0.11270240201810915
0 0.1007367212520976 0.27277022750584606 0.0475850964774278 0.09473159552475213
0 0.140766370857433 0.2719728414036392 0.04311582603609748 0.12462297148455734
0 0.02872340425531915 0.19255050505050506 0.0574468085106383 0.1351010101010101
0 0.11316704224481117 0.37891730456272116 0.06694039455004139 0.10894566776059694
0 0.14499013899562185 0.446889814275511 0.06533622912156845 0.09746441587032512
0 0.10463789973643836 0.5107597057457132 0.059662470256320384 0.09699395376378217
0 0.09148531208532192 0.4488045478807574 0.06873787508066806 0.08892007084853049
0 0.0638078301321235 0.4088588786154921 0.062478713498704395 0.09596655855442739
0 0.9861702127659574 0.16792929292929293 0.027659574468085105 0.16161616161616163
0 0.9206774220414268 0.21873322990430807 0.05546147028811118 0.1432994711377288
0 0.8457401619697754 0.1669448524985115 0.06312602478614013 0.09223748752986632
0 0.672695035460993 0.013257575757575758 0.07163120567375887 0.026515151515151516
0 0.6716039186224908 0.05277070289512201 0.04470694466432349 0.09197111194622812
0 0.6835688593449327 0.1223898299808122 0.05885006944696386 0.09062201468733284
0 0.7325397785380554 0.13787339750092772 0.06383524464429616 0.09229629529318419
0 0.771985091416545 0.19449610246655694 0.059551699915126724 0.13355130761662576
0 0.6703124940172286 0.24012368348682733 0.05131692148036867 0.1063892707049777
0 0.7063702737267354 0.30900597288233644 0.05459475029802769 0.09026916810742562
0 0.6824435902514611 0.3645788413517833 0.05630968606769413 0.06519306614485412
0 0.6031914893617021 0.04040404040404041 0.04326241134751773 0.08080808080808081
0 0.5601597433409173 0.04625009733485735 0.033235609792386524 0.08345443015738478
0 0.5326241134751774 0.027777777777777776 0.02553191489361702 0.05555555555555555
0 0.5620567375886525 0.020202020202020204 0.036170212765957444 0.04040404040404041
0 0.8487236267138196 0.2877453193674076 0.06855214936850734 0.07755643448489412
0 0.8804641787036702 0.3607683341307027 0.052632180245480234 0.10019375491848226
0 0.9592505575195794 0.4153898344948166 0.07271733436648994 0.1157292611802712
0 0.858855741199891 0.4911734264098228 0.05288740391835442 0.0724747849040225
0 0.8527128073693745 0.4336806959621933 0.06394601498548981 0.055738941440340445
0 0.828991419806631 0.4116902609251017 0.058148438978801 0.04769272175803991
0 0.6998384502512668 0.4703142640654333 0.03961099912579753 0.12685418519322067
0 0.633065873928273 0.525657123427732 0.05645413939937474 0.07403144998323796
0 0.6324989754220578 0.3870034655921145 0.0434535944699321 0.10195450652060263
0 0.5878181243582281 0.39070835468114 0.04869399334013858 0.07590981711199378
0 0.9535460992907802 0.5839646464646465 0.05177304964539007 0.011363636363636364
0 0.7729440775373217 0.30915986131227535 0.046269837712316075 0.10092711131124756
0 0.8106180034856784 0.25749074650863524 0.06091582045071165 0.08701055918940766
0 0.820242399331128 0.36197911522484233 0.07775137133429569 0.07705830914540002
0 0.8829787234042553 0.5795454545454546 0.04964539007092199 0.020202020202020204
0 0.9180851063829787 0.5751262626262627 0.0375886524822695 0.02904040404040404
0 0.4107923451128493 0.6879474593805931 0.06826870011539972 0.14688326340270283
0 0.49822695035460995 0.6496212121212122 0.04326241134751773 0.11994949494949494
0 0.3232302554955561 0.8452569162312621 0.06111459296311931 0.14250730698164535
0 0.39535127232482326 0.8960178984277037 0.05062833781245274 0.10759308920428609
0 0.47090761810367704 0.9099274879547123 0.08452643767226141 0.10157747800515969
0 0.20462651565144854 0.9301158636866312 0.050504520671012146 0.1000173316285288
0 0.17504624023668333 0.7465836470618792 0.057733583194259794 0.15231427826606625
0 0.15319148936170213 0.6540404040404041 0.0524822695035461 0.12878787878787878
0 0.04282073777619103 0.7115242440981202 0.05233568419212585 0.1253874724076895
0 0.12293269345233188 0.7717099471174167 0.052418228953086246 0.13043797745819455
0 0.08859304748210096 0.9227148823253064 0.07885267880701319 0.10110701589861673
0 0.14201153493644394 0.9044154111875777 0.056247777496973995 0.06140518735697534
0 0.016666666666666666 0.9191919191919192 0.03333333333333333 0.11868686868686869
0 0.6572626180528299 0.8110259503268895 0.07520126658529298 0.22437392752944776