0 0.2130715123094959 0.4848643006263048 0.10609613130128957 0.06993736951983298
0 0.29308323563892147 0.44937369519832987 0.08206330597889801 0.1409185803757829
0 0.3607854630715123 0.4342379958246347 0.08616647127784291 0.17118997912317327
0 0.4194021101992966 0.46346555323590816 0.10023446658851114 0.1127348643006263
0 0.4393317702227433 0.32411273486430064 0.06037514654161782 0.16805845511482254
0 0.2751489100146152 0.2903072754592882 0.07732136190136787 0.18392757067564974
0 0.15065797599644418 0.393357561438676 0.09027110687448225 0.1447562835888416
0 0.0477725674091442 0.4498956158663883 0.07561547479484174 0.13987473903966596
0 0.08846926723752793 0.33727331745492395 0.08127396216443926 0.1280952776633371
0 0.06044777331499303 0.2084802788015832 0.06217653588055241 0.18949525782996626
0 0.011137162954279016 0.12578288100208768 0.022274325908558032 0.11169102296450939
0 0.02813599062133646 0.2150313152400835 0.05627198124267292 0.162839248434238
0 0.10876557766724002 0.21086737715386314 0.10453010664996751 0.16097547970848014
0 0.4771395076201641 0.4613778705636743 0.015240328253223915 0.10438413361169102
0 0.5249644820882118 0.4471434272736602 0.06716503732559598 0.12335833624098468
0 0.5514569600937478 0.3693896661603529 0.05763629884850859 0.1108058032676976
0 0.6623681125439624 0.4697286012526096 0.053927315357561546 0.10020876826722339
0 0.9800703399765534 0.15970772442588727 0.03985932004689332 0.05219206680584551
0 0.7715529529247754 0.14748527094792122 0.05354677672562209 0.11138139785806399
0 0.6779363671218185 0.10501221982859457 0.05035672402412414 0.0912139505105924
0 0.6350646007118015 0.11627516970802665 0.04868008366664072 0.09727632135054365
0 0.5893981886563632 0.11523292845698896 0.05496468683722812 0.13030432669266856
0 0.5849420161272113 0.2444888046849186 0.04982513025707962 0.09532242346280992
0 0.716734460031549 0.2970509886491427 0.07214038569381284 0.10099585837666322
0 0.7118991793669402 0.45876826722338204 0.07561547479484174 0.12212943632567849
0 0.7310351244840564 0.3836291363682974 0.08051043440440286 0.11445844790156716
0 0.5982075145465939 0.40859900857190784 0.0671923236777127 0.1254460189132185
0 0.5812354831324217 0.36392852680811266 0.0497432712007295 0.08905937544610847
0 0.6143183105217793 0.230643488447618 0.05185649319208028 0.1163999273618984
0 0.5050852289255309 0.0680890282650204 0.0562047455608441 0.09083903309697618
0 0.9000201376151101 0.2814873068554472 0.04746682119590985 0.09401101255769277
0 0.9498827667057445 0.47390396659707723 0.06858147713950762 0.0918580375782881
0 0.9897420867526378 0.471294363256785 0.020515826494724502 0.09707724425887265
0 0.8479965354169209 0.46576735821752696 0.05465089378788606 0.10629597596197962
0 0.9375620781290089 0.2878561026316855 0.04832585118835509 0.11495473167228107
0 0.8989289285800572 0.22038914249648298 0.049606839440146065 0.07862096208493942
0 0.6012569696440406 0.037372619541605284 0.039559660272841 0.0264024583392097
0 0.6328963159169858 0.03994096738699207 0.04656637157605833 0.0251174843739767
0 0.8183471324515699 0.43632670520210076 0.05263366412817514 0.13108059845978512
0 0.9769097790737138 0.25326073520030595 0.0402827486039339 0.08172604915340598
0 0.985052754982415 0.28444676409185804 0.029894490035169988 0.07828810020876827
0 0.5669457663101992 0.031893652590800924 0.050655893698944895 0.024541889783610264
0 0.35345838218053927 0.9791231732776617 0.05861664712778429 0.04175365344467641
0 0.2728604923798359 0.9305845511482255 0.06037514654161782 0.13883089770354906
0 0.2737775257711347 0.8676362543227538 0.0645475079193174 0.10221393994964624
0 0.04806565064478312 0.9436325678496869 0.0668229777256741 0.1127348643006263
0 0.31515438420429864 0.6524361080169658 0.06098957956347542 0.09868106158779509
0 0.36757510880587474 0.6328823105846078 0.05661355074336339 0.07733598811970638
0 0.4604337631887456 0.6863256784968684 0.01817116060961313 0.09081419624217119
0 0.33488135698379584 0.8183259695548228 0.06536511828435584 0.07520784999510663
0 0.4054863952718121 0.7570713925575567 0.057976888150736094 0.0920835516098433
0 0.4227778160752768 0.7142264330681566 0.05490962403376345 0.08131067628742386
0 0.008206330597889801 0.9347599164926931 0.016412661195779603 0.12212943632567849
0 0.046774204861938395 0.8297447231566328 0.05876770226288922 0.10780806404384692
0 0.04146970492101088 0.6701910112414287 0.05347856084533024 0.10616219117747944
0 0.01875732708089097 0.5662839248434238 0.03751465416178194 0.08455114822546973
0 0.149870307728084 0.7466620073905063 0.05991274885332812 0.10585416615611327
0 0.4577960140679953 0.7343423799582464 0.023446658851113716 0.07828810020876827
0 0.4548651817116061 0.8763048016701461 0.029308323563892145 0.07620041753653445
0 0.45955451348182885 0.8183716075156576 0.01992966002344666 0.081419624217119
0 0.141852286049238 0.5250521920668059 0.04220398593200469 0.010438413361169102
0 0.05480656506447831 0.528705636743215 0.056858147713950764 0.017745302713987474
0 0.08798857043048074 0.7140641934693847 0.04889788438434285 0.06915949766763714
0 0.7444314185228605 0.9838204592901879 0.08089097303634232 0.032359081419624215
0 0.7247948417350527 0.9624217118997912 0.0779601406799531 0.07515657620041753
0 0.7392361037916114 0.9437697794670382 0.08034671629170251 0.10193235186816424
0 0.631994925899883 0.9336161543575094 0.09241112511871835 0.1293662331160883
0 0.6426679758185622 0.8769873618518973 0.07928352875761373 0.11014929777259934
0 0.5334114888628371 0.94258872651357 0.053927315357561546 0.11482254697286012
0 0.5381008206330598 0.9801670146137788 0.07854630715123095 0.03966597077244259
0 0.4768464243845252 0.5521920668058455 0.014654161781946073 0.06471816283924843
0 0.6143385302362512 0.6350713230143719 0.0782612707517 0.1214977676853853
0 0.6799531066822978 0.5323590814196242 0.053927315357561546 0.025052192066805846
0 0.734759671746776 0.5840292275574113 0.06858147713950762 0.12839248434237996
0 0.8100513860604535 0.7866490305276415 0.0666612200098998 0.1743727769262131
0 0.8518390100730625 0.737218979487692 0.06813272262727618 0.10783450098373121
0 0.9712778429073857 0.6983298538622129 0.05744431418522861 0.09812108559498957
0 0.9671746776084408 0.6189979123173278 0.06565064478311841 0.12943632567849686
0 0.9838804220398594 0.6184759916492694 0.03223915592028136 0.09707724425887265
0 0.5426637278757328 0.7264300677784032 0.0544735324991273 0.09272603859245979
0 0.566641980493891 0.7249972905161884 0.04986605978525467 0.09845394747116078
0 0.592740276691429 0.751426985837822 0.05184285001602188 0.11535608602578148
0 0.6455910063884591 0.787163333023535 0.09898174488729979 0.13949662145589137
0 0.49794841735052753 0.9258872651356994 0.056858147713950764 0.14822546972860126
0 0.49736225087924973 0.8810020876826722 0.05568581477139507 0.1336116910229645
0 0.488862837045721 0.8470772442588727 0.038686987104337635 0.12004175365344467
0 0.5026377491207503 0.7974947807933194 0.06623681125439625 0.10438413361169102
0 0.47567409144196954 0.6654488517745303 0.0123094958968347 0.10542797494780794
0 0.4762602579132474 0.7698329853862212 0.013481828839390387 0.09498956158663883
0 0.8912661195779601 0.9436325678496869 0.08030480656506447 0.1127348643006263
0 0.9051947823338675 0.8339865986401193 0.057514000363214905 0.14622951630342257
0 0.9404059451883289 0.8635408087138626 0.05679140213135363 0.13572421055000325
0 0.9587807732403545 0.7916355227938142 0.0646702965038427 0.11160851197469843
0 0.9800703399765534 0.9290187891440501 0.03985932004689332 0.13569937369519833
0 0.9595545134818289 0.9530271398747391 0.07502930832356389 0.09394572025052192