0 0.4326923076923077 0.27800829875518673 0.05419580419580419 0.043568464730290454
0 0.38606552381229325 0.17299313265601837 0.06813743804175061 0.11298854198315454
0 0.31699888110154484 0.12952676718913264 0.07915871504435806 0.11321424252644904
0 0.44813519813519814 0.15975103734439833 0.023310023310023312 0.09336099585062241
0 0.4143356643356643 0.028526970954356846 0.045454545454545456 0.05705394190871369
0 0.11540667212426775 0.19575777412620485 0.05552086149985308 0.11567544648620182
0 0.3735431235431235 0.025933609958506226 0.04895104895104895 0.05186721991701245
0 0.20279720279720279 0.016597510373443983 0.054778554778554776 0.03319502074688797
0 0.09528064396323875 0.08102533346812478 0.056759272551566736 0.10550143065147853
0 0.11832504827018864 0.042908699864752785 0.07058520189208316 0.08025885358318473
0 0.12733100233100234 0.0254149377593361 0.08100233100233101 0.0508298755186722
0 0.012237762237762238 0.040975103734439834 0.024475524475524476 0.08195020746887967
0 0.8178904428904429 0.2863070539419087 0.07051282051282051 0.026970954356846474
0 0.58552895029324 0.10261929856678989 0.04820768521585069 0.061201729376031216
0 0.6081139694663558 0.13768878489865746 0.05829645558466703 0.07782551214409038
0 0.6570178648194939 0.11283730343453546 0.050035979286851356 0.07482015865357393
0 0.6554223010267286 0.15701101824102806 0.058143503375705625 0.07471347894906963
0 0.5740674405155141 0.028589091814746174 0.05606028895643605 0.05590832767982576
0 0.5256410256410257 0.279045643153527 0.055944055944055944 0.04149377593360996
0 0.9681052363759476 0.06373860558244103 0.03994007648149886 0.03447040682280845
0 0.8788967151102477 0.10565451989296847 0.047471982424138706 0.05802322013145079
0 0.949009324009324 0.2837136929460581 0.035547785547785545 0.032157676348547715
0 0.9831002331002331 0.2863070539419087 0.0337995337995338 0.026970954356846474
0 0.7002178840475178 0.11931254769946478 0.052869689877855355 0.061733537772508985
0 0.7574696947112318 0.09335028015727817 0.036632715883587956 0.07329120951370047
0 0.7524357439281532 0.16188845212745903 0.04669242799930926 0.07753333555123637
0 0.80608195051952 0.10972667042852731 0.03186874308227578 0.07068471232054226
0 0.9211675296692738 0.1816519406741667 0.03956839461389973 0.06227927742931602
0 0.9874708624708625 0.1862033195020747 0.02505827505827506 0.05912863070539419
0 0.9842657342657343 0.14056016597510373 0.03146853146853147 0.06535269709543569
0 0.9935897435897436 0.07520746887966805 0.01282051282051282 0.0487551867219917
0 0.7766525175836656 0.1888918494460636 0.0551277823226452 0.07230640990459063
0 0.8075821501025641 0.16972645540836248 0.03932060670216698 0.08081852450032104
0 0.8683778821141672 0.13333740403052127 0.05112143812960361 0.061534109623829776
0 0.14743589743589744 0.9849585062240664 0.06876456876456877 0.03008298755186722
0 0.34217338917220014 0.567941702902116 0.07090537118307855 0.13393485809863873
0 0.38519245495206733 0.39387881820089743 0.04821481765238699 0.08492769843873747
0 0.33134944451862164 0.46561719136917434 0.07798608144232047 0.08935532136462332
0 0.25969991683992005 0.5110834037640036 0.050931766724061044 0.10483667015588141
0 0.2666460344884914 0.44018453697143123 0.06397100920321146 0.07537823944466687
0 0.26622389705818833 0.3844338436592966 0.06690668793352324 0.06436630736028232
0 0.14001044953435166 0.4633896385829331 0.050734962881982044 0.12441326162522666
0 0.11397277849784991 0.40523267128934115 0.032123663430544694 0.07587143431224355
0 0.09768482043392862 0.4157529986321924 0.04594193182757485 0.10942510770154526
0 0.06726885908331137 0.41589371142449816 0.0508226661482171 0.07903601229649465
0 0.049647654264905014 0.45823933486809854 0.06782440118729165 0.0830385065304068
0 0.22319347319347319 0.3200207468879668 0.04428904428904429 0.04045643153526971
0 0.2881701631701632 0.3262448132780083 0.07400932400932402 0.052904564315352696
0 0.4431818181818182 0.4745850622406639 0.033216783216783216 0.10269709543568464
0 0.969988344988345 0.9559128630705395 0.060023310023310024 0.08817427385892117
0 0.8637603885153236 0.8757469831834588 0.09257624332069392 0.162195129791735
0 0.8802447552447552 0.9678423236514523 0.1148018648018648 0.06431535269709543
0 0.8053613053613053 0.9310165975103735 0.07459207459207459 0.13796680497925312
0 0.7508819177407057 0.8133572406715608 0.09087184320555977 0.1393070769786898
0 0.6875079239933173 0.7854974154018661 0.07931166725331946 0.1163262757214698
0 0.661117194940982 0.6906809120910947 0.05754595941293261 0.10971728429439927
0 0.9460929285608215 0.7587766539198549 0.06906228373205546 0.15538671021598552
0 0.8854106561037551 0.7090460184079833 0.05987696174393494 0.1099831884926382
0 0.8515677991780537 0.6453568126775838 0.07107311677206239 0.10197660989877022
0 0.9437382839693169 0.46916430920138924 0.059767861168091 0.08418253063325135
0 0.9101868023349908 0.4055083414957698 0.05004311172338766 0.09854612771628019
0 0.8214514025692479 0.504212293516772 0.06192398547357333 0.09268071396865248
0 0.5603115142729858 0.7972917286316253 0.06576258407763082 0.13541126244928184
0 0.516663337072882 0.8170693383756933 0.05702132533637214 0.13441412170588604
0 0.588859688898178 0.6943008664770431 0.07054135025896556 0.10294747824755074
0 0.5817726389628245 0.5913711048678996 0.05226501347854604 0.07301137405513225
0 0.544017745039903 0.5777805381110155 0.05848559848325982 0.11704517113234074
0 0.5007086252360353 0.5455046359866994 0.05986982930739865 0.08625721942993184
0 0.46911421911421913 0.591804979253112 0.018648018648018648 0.06742738589211618
0 0.9822261072261073 0.3895228215767635 0.035547785547785545 0.08195020746887967
0 0.652624516871881 0.5473611949962411 0.07542921701614425 0.09628435190520639
0 0.8659007957572648 0.4948413657808865 0.04743526322755741 0.1044378138585231
0 0.46824009324009325 0.3309128630705394 0.0168997668997669 0.06224066390041494
0 0.5013181891209877 0.33978423543467445 0.058245471515013275 0.07678816774575019
0 0.5543339630247431 0.33964272757934694 0.04666336974621424 0.06515167882071307
0 0.6521305265692653 0.33687303057734547 0.03510319379397393 0.04217087756349299
0 0.872424511722058 0.4094529154363304 0.048644616026176306 0.08188214129327652
0 0.7016122850195111 0.5065305894321849 0.061843943150824414 0.07926171283978892
0 0.6472604909034273 0.4028510795764555 0.0636212531521712 0.09184279771899138
0 0.7905151661207632 0.417129498971465 0.05688316650743325 0.09623180711597602
0 0.7275961985285159 0.42800389851563053 0.05445019603712327 0.09389121412105671
0 0.7183272679993783 0.35731839113206654 0.032502477734679985 0.07178853276844217
0 0.46853146853146854 0.8729253112033195 0.017482517482517484 0.10269709543568464
0 0.7984176969171023 0.5779178807142037 0.0483019924116722 0.12207266863030734