0 0.21370420624151967 0.3864734299516908 0.051560379918588875 0.18357487922705315
0 0.176599196635083 0.39466657357888424 0.08475742938123515 0.20375576719436758
0 0.12827279722735918 0.3434465772000529 0.073070240884582 0.18793583590597857
0 0.20386702849389415 0.28381642512077293 0.07123473541383989 0.18840579710144928
0 0.1868966704237854 0.2341615156340674 0.08585719184437661 0.10836621826856206
0 0.10913819785147928 0.2599235320250579 0.11075420853170988 0.15692834613473883
0 0.10424634143155706 0.14152739909756964 0.08545113112073298 0.1361369696818338
0 0.15264586160108548 0.051328502415458936 0.052917232021709636 0.10265700483091787
0 0.19742198100407055 0.0392512077294686 0.05563093622795115 0.0785024154589372
0 0.11329715061058344 0.044082125603864736 0.05970149253731343 0.08816425120772947
0 0.060379918588873815 0.06038647342995169 0.0814111261872456 0.12077294685990338
0 0.015264586160108548 0.07548309178743962 0.030529172320217096 0.13405797101449277
0 0.027137042062415198 0.2608695652173913 0.054274084124830396 0.15458937198067632
0 0.039687924016282225 0.36835748792270534 0.07937584803256445 0.15942028985507245
0 0.054613297150610585 0.4396135265700483 0.10379918588873813 0.14009661835748793
0 0.26322930800542743 0.03743961352657005 0.04748982360922659 0.0748792270531401
0 0.3200222981890222 0.13155980615608354 0.0706086517818574 0.14443649594289548
0 0.5427408412483039 0.45893719806763283 0.10854816824966079 0.10144927536231885
0 0.4694708276797829 0.4504830917874396 0.08412483039348712 0.11835748792270531
0 0.570136337730726 0.35333084093374556 0.12028769916589199 0.16064990364361978
0 0.628168882797855 0.2875135006905664 0.08678086556513726 0.20256911681928683
0 0.47459763061742977 0.22614644679881468 0.06864442545185018 0.15166179366097168
0 0.40890528960670425 0.30637573747336344 0.10876629826014442 0.1617381849156171
0 0.7460433071930659 0.2712240108199217 0.0726084040242016 0.14083438663061626
0 0.8525300260782566 0.20047427303022486 0.06710994378704466 0.1335317989029742
0 0.7934196856309647 0.3985133978092273 0.09051984669268823 0.16879484988554963
0 0.7930800542740841 0.4891304347826087 0.08412483039348712 0.04106280193236715
0 0.8615955828273933 0.3986156827077792 0.06780021180938423 0.13474655473607916
0 0.9046926296479942 0.29701925630404985 0.07307367460174057 0.1191022825603397
0 0.9030431619925575 0.1979784135144231 0.06828916632848064 0.11542990960300066
0 0.877536283810107 0.08721821801539606 0.0720247137388732 0.1504891960149026
0 0.933853459972863 0.05495169082125604 0.06445047489823609 0.10990338164251208
0 0.4006407827437279 0.15533929025342433 0.10439969268130762 0.13150279001360535
0 0.3415875169606513 0.4673913043478261 0.0807327001356852 0.08454106280193237
0 0.2876526458616011 0.4414251207729469 0.08005427408412483 0.13647342995169082
0 0.2703527815468114 0.43719806763285024 0.06173677069199457 0.14009661835748793
0 0.26322930800542743 0.3176328502415459 0.04748982360922659 0.0966183574879227
0 0.6139755766621439 0.014492753623188406 0.0773405698778833 0.028985507246376812
0 0.7235690960182376 0.08924642167833464 0.09128116653970139 0.1772559825302489
0 0.7623721299039791 0.1723693666897036 0.0876877227786568 0.15668944974153537
0 0.6416732194387056 0.142740544477814 0.06681389451757014 0.10333856218799836
0 0.9542062415196744 0.482487922705314 0.07259158751696065 0.05434782608695652
0 0.9135006784260515 0.4535024154589372 0.06309362279511534 0.11231884057971014
0 0.21336499321573948 0.9468599033816425 0.05223880597014925 0.10628019323671498
0 0.14755766621438263 0.9359903381642513 0.09701492537313433 0.1280193236714976
0 0.23202170963364993 0.7771739130434783 0.014925373134328358 0.08574879227053141
0 0.21777476255088196 0.6871980676328503 0.04341926729986431 0.0966183574879227
0 0.03459972862957938 0.6183574879227053 0.06919945725915876 0.10386473429951691
0 0.06648575305291723 0.5440821256038647 0.04341926729986431 0.06884057971014493
0 0.10413839891451832 0.5332125603864735 0.059023066485753055 0.04710144927536232
0 0.11431633050722752 0.6087234653554053 0.05242484378545434 0.08869825491018432
0 0.20584789529186673 0.7769249900534144 0.06077911187820063 0.11052170171903883
0 0.021709633649932156 0.8254830917874396 0.04341926729986431 0.12198067632850242
0 0.20118026590709334 0.57762152227655 0.04300977285906212 0.0970539920872937
0 0.2812075983717775 0.9722222222222222 0.08344640434192672 0.05555555555555555
0 0.37618724559023065 0.9516908212560387 0.09158751696065129 0.0966183574879227
0 0.6299185888738128 0.9764492753623188 0.07530529172320218 0.04710144927536232
0 0.25169606512890097 0.5984299516908212 0.024423337856173677 0.09541062801932366
0 0.591248303934871 0.533816425120773 0.07666214382632293 0.04830917874396135
0 0.66078697421981 0.5283816425120773 0.051560379918588875 0.03743961352657005
0 0.7957937584803256 0.5374396135265701 0.06512890094979647 0.05555555555555555
0 0.8087614206404123 0.6890359749010639 0.07775160513798932 0.11190509030028742
0 0.9333803755120798 0.634172918862563 0.049340604767906145 0.12006408927122923
0 0.8733539991879963 0.7041962331523208 0.049222185060116094 0.1079867945852389
0 0.9037013378197184 0.6513758361189856 0.07477737757460992 0.08530693653308476
0 0.7977694747025605 0.8133056356056568 0.07030076054160402 0.1130355297593206
0 0.8590012447778692 0.7970333090330618 0.06158779960832994 0.12381375223813411
0 0.8930595004294983 0.9151277109000079 0.07413447743538681 0.0889230985743758
0 0.8978968792401628 0.966183574879227 0.08344640434192672 0.06763285024154589
0 0.9796472184531886 0.967391304347826 0.0407055630936228 0.06521739130434782
0 0.7021709633649932 0.9722222222222222 0.06648575305291723 0.05555555555555555
0 0.7469470827679783 0.9782608695652174 0.05834464043419267 0.043478260869565216
0 0.7371576912345691 0.9274005359525203 0.05653092600715358 0.0923636015030173
0 0.7023803330433049 0.9089262493337296 0.07178787432329341 0.12633460664292193
0 0.6274929440145256 0.8815833009288926 0.04991245308245566 0.10920155041834384
0 0.6686400937441291 0.8578573197917769 0.05195957320791569 0.11043035898046089
0 0.6224513461012869 0.7825073263167357 0.0730026227770665 0.11185590574874549
0 0.7250214542972421 0.7274159134317904 0.058053565701180226 0.10928586679241574
0 0.5723501918960193 0.7578362991535653 0.09005800983230783 0.12169340061018731
0 0.6901932945057035 0.7729442622842425 0.06896759238004117 0.11543693596750672
0 0.35057077428471134 0.8660353847901608 0.07702581120331278 0.10706714606138523
0 0.3900591016563301 0.8114982494747579 0.07975135738033334 0.10830298098800818
0 0.41920104653682727 0.7049268647242598 0.05845962642482401 0.08151511537914401
0 0.33488159403513873 0.7879822540463914 0.060648850199631926 0.09723667756444931
0 0.3931805834447947 0.7493388268466906 0.06120885654340248 0.08516640924296502