0 0.22529066355816368 0.3507325063123297 0.07241486818372679 0.16914077569975258
0 0.3163906878895942 0.35041827076836335 0.07054894789853906 0.15607746134271905
0 0.40859826589595377 0.41838046272493573 0.06864161849710983 0.08097686375321336
0 0.5447976878612717 0.35732647814910024 0.030346820809248554 0.12082262210796915
0 0.9526734104046243 0.03470437017994859 0.09465317919075145 0.06940874035989718
0 0.6347543352601156 0.02313624678663239 0.08742774566473989 0.04627249357326478
0 0.5924855491329479 0.217866323907455 0.06502890173410404 0.16066838046272494
0 0.6338614357502492 0.1638691366462327 0.08066455483495528 0.15754636878282877
0 0.6595045985009643 0.18210022876889267 0.07514383442876321 0.1426730975820541
0 0.7007698360610358 0.2561784206179846 0.08450194092120566 0.12100575823553159
0 0.6505809038800022 0.30866748728810844 0.08398268809197125 0.14907354927695532
0 0.5950144508670521 0.37532133676092544 0.05852601156069364 0.16709511568123395
0 0.5711705202312138 0.36503856041131105 0.022398843930635837 0.14395886889460155
0 0.6430635838150289 0.4074550128534704 0.07369942196531792 0.10282776349614396
0 0.7104043732720248 0.3619703885851673 0.06034917424612581 0.15203785981520557
0 0.8744890767245549 0.1960829361161377 0.10488723569278033 0.17257691685640386
0 0.9884393063583815 0.35218508997429304 0.023121387283236993 0.2133676092544987
0 0.971820809248555 0.36503856041131105 0.05635838150289017 0.18766066838046272
0 0.9613439306358381 0.39331619537275064 0.0773121387283237 0.13110539845758354
0 0.880057803468208 0.41259640102827766 0.09826589595375723 0.09254498714652956
0 0.854407514450867 0.37146529562982006 0.09031791907514451 0.17480719794344474
0 0.8125 0.36889460154241643 0.08453757225433527 0.17994858611825193
0 0.7698699421965318 0.38110539845758357 0.0657514450867052 0.15552699228791775
0 0.7420520231213873 0.41002570694087404 0.07658959537572255 0.09768637532133675
0 0.6950867052023122 0.4241645244215938 0.057803468208092484 0.06940874035989718
0 0.5169797687861272 0.5610539845758354 0.08598265895953758 0.2043701799485861
0 0.47832369942196534 0.5372750642673522 0.08526011560693642 0.15681233933161953
0 0.42846820809248554 0.5263496143958869 0.09104046242774566 0.13496143958868895
0 0.3511560693641618 0.5392030848329049 0.1069364161849711 0.16066838046272494
0 0.42884459846832285 0.6307808849665216 0.1322946734669998 0.1970245820759229
0 0.4713794630349766 0.721463666423729 0.11602709575441324 0.16140219777951142
0 0.4053191819090297 0.7659257788844072 0.09285649884655195 0.1785053257984813
0 0.3333494149967221 0.6853288594841794 0.1348624325466679 0.14366953800049428
0 0.31504079442120636 0.5917738658885601 0.10148493571976733 0.17847904227487355
0 0.21245355376421554 0.6292712794344633 0.12819766096613228 0.2475990881439321
0 0.11769059168251925 0.8503110153297042 0.08014530200572091 0.1856141598242525
0 0.18561322996034085 0.8294704402374976 0.10476098561878468 0.16872087572529845
0 0.21002138567496792 0.9208482501293486 0.09120812161798282 0.15012276887703366
0 0.029624277456647398 0.6368894601542416 0.059248554913294796 0.15552699228791775
0 0.014089595375722543 0.537917737789203 0.028179190751445087 0.15809768637532134
0 0.01300578034682081 0.9350899742930592 0.02601156069364162 0.10411311053984576
0 0.26511081441303286 0.7630394703792887 0.09132724542535249 0.17572478779106188
0 0.29089380552923844 0.8742352374885096 0.1053151955393917 0.16368440951049903
0 0.4839459198934902 0.8946314322252485 0.11809630656296795 0.20263822513797677
0 0.30238439306358383 0.9383033419023136 0.10621387283236994 0.12339331619537275
0 0.0684210413525846 0.8200132614028737 0.08767244530434821 0.1739148309473209
0 0.546242774566474 0.6651670951156813 0.02745664739884393 0.18380462724935734
0 0.5476878612716763 0.8142673521850899 0.024566473988439308 0.19408740359897173
0 0.02601156069364162 0.8637532133676092 0.05202312138728324 0.16195372750642673
0 0.7651734104046243 0.550771208226221 0.0953757225433526 0.18380462724935734
0 0.6889450867052023 0.5449871465295629 0.10621387283236994 0.17223650385604114
0 0.6069364161849711 0.5417737789203085 0.08815028901734104 0.16580976863753213
0 0.6065751445086706 0.6767352185089974 0.09320809248554913 0.15552699228791775
0 0.9671242774566474 0.5475578406169666 0.0657514450867052 0.17737789203084833
0 0.8955680726613486 0.619921249971287 0.08879511767881404 0.12034994295187672
0 0.8142155944442863 0.5742647221274197 0.10438936166342372 0.13540677454905944
0 0.8962970680388188 0.7308807835696731 0.10961549856362596 0.14128261644392165
0 0.9664017341040463 0.7024421593830334 0.06719653179190752 0.13496143958868895
0 0.8240627630950668 0.941546068984307 0.06620010949143734 0.06717867140727904
0 0.8815052967477371 0.8666946345330171 0.06911811372658852 0.11237566185685757
0 0.9085828568037156 0.9176496152900692 0.06993907632843877 0.0715593223384236
0 0.9682839763759342 0.8896084259738871 0.06330280981440675 0.08850496135017047
0 0.6583378200432289 0.8577745708569677 0.06510526794171824 0.16552086201227065
0 0.7505530533616209 0.891522031971099 0.07323583078557687 0.1283244361813186
0 0.8666907514450867 0.4845758354755784 0.08598265895953758 0.05141388174807198
0 0.9270231213872833 0.4768637532133676 0.07369942196531792 0.03598971722365039
0 0.8885640824461473 0.5279533336048006 0.12814912558326472 0.13629850514191474
0 0.7347005314459079 0.6290751076123086 0.09672884202417481 0.16499604007780846
0 0.7214626183883383 0.7569145714134222 0.09087145475399439 0.13983999252741955
0 0.5726156069364162 0.8457583547557841 0.025289017341040464 0.12082262210796915