0 0.15440870369386003 0.2837792966261428 0.07501132128927332 0.1660878425875458
0 0.20024695461298314 0.36549838333628143 0.06823887231834223 0.1497171467748191
0 0.1484848484848485 0.4364224137931034 0.07636363636363637 0.0668103448275862
0 0.21606060606060606 0.42834051724137934 0.07454545454545454 0.08297413793103449
0 0.3252369071388759 0.25513015953270884 0.07554686035915754 0.15533078985578724
0 0.36929907685899527 0.37667291255500196 0.06402465669038837 0.15389582624195525
0 0.4074002198792661 0.29755891904805104 0.08859810754778581 0.11264114699848228
0 0.42650480867235513 0.3886874638865932 0.09126212319502759 0.14935431538179367
0 0.5112121212121212 0.4051724137931034 0.09272727272727273 0.12931034482758622
0 0.5021212121212121 0.4401939655172414 0.08181818181818182 0.059267241379310345
0 0.563030303030303 0.2257543103448276 0.05333333333333334 0.14331896551724138
0 0.5162308361939061 0.20177845470504116 0.0870620118743092 0.15568816726272294
0 0.5812121212121212 0.078125 0.01696969696969697 0.15625
0 0.5721212121212121 0.056573275862068964 0.03515151515151515 0.09590517241379311
0 0.5684848484848485 0.03125 0.04242424242424243 0.0625
0 0.4993939393939394 0.02209051724137931 0.07757575757575758 0.04418103448275862
0 0.4989058546766295 0.07028745045089614 0.08319292716856387 0.12001496641189391
0 0.5263967741064479 0.13041992134173458 0.07151557612020676 0.09487310624633777
0 0.4539972142198671 0.12440065382134445 0.05913385892019781 0.14727983430291916
0 0.41024470235134036 0.09448094239106883 0.05748492878883912 0.173085475256815
0 0.3715151515151515 0.07650862068965517 0.06424242424242424 0.15301724137931033
0 0.34484848484848485 0.04040948275862069 0.07757575757575758 0.08081896551724138
0 0.3284653073780555 0.08601495773017512 0.06551138728854174 0.10330570252943885
0 0.24545454545454545 0.0668103448275862 0.07515151515151515 0.1336206896551724
0 0.21627357372066702 0.09331109241582143 0.0719598617981173 0.16276103728082053
0 0.17897616391027812 0.09592586990172079 0.06587104712304084 0.158262599081163
0 0.10788703078141004 0.16754923728950386 0.06336923100900446 0.14633391345647243
0 0.052954132392041324 0.1324324151898618 0.06339743962347491 0.1506442582840586
0 0.05454545454545454 0.04202586206896552 0.07272727272727272 0.08405172413793104
0 0.10344778314527524 0.058553151026691515 0.051656619192559365 0.11580412225643352
0 0.11696969696969697 0.02209051724137931 0.06666666666666667 0.04418103448275862
0 0.013030303030303031 0.07219827586206896 0.026060606060606062 0.14439655172413793
0 0.6687878787878788 0.3922413793103448 0.06484848484848485 0.15517241379310345
0 0.8827272727272727 0.4051724137931034 0.08424242424242424 0.12931034482758622
0 0.9854545454545455 0.2677801724137931 0.02909090909090909 0.10237068965517242
0 0.8866682820207266 0.21677362152271046 0.06023314567443694 0.13007607366698853
0 0.9521645034893947 0.3513763473951671 0.05737209433095703 0.15584409594647017
0 0.9324242424242424 0.4488146551724138 0.08666666666666667 0.04202586206896552
0 0.9296969696969697 0.022629310344827586 0.05090909090909091 0.04525862068965517
0 0.7313265710240632 0.1947076472187365 0.05176240149682378 0.1319679153598818
0 0.6790784201377337 0.21248659594306113 0.048027307709813394 0.11676885244008725
0 0.6069696969696969 0.13092672413793102 0.034545454545454546 0.12823275862068967
0 0.6268447981636949 0.13541914912328212 0.04318587501494614 0.11769596394932678
0 0.9860606060606061 0.023706896551724137 0.027878787878787878 0.04741379310344827
0 0.8510801702525014 0.14345619009681718 0.058781251239316504 0.09340052395809147
0 0.7700549311112475 0.11237970442830303 0.05701243449645806 0.10088719939474604
0 0.7490909090909091 0.021551724137931036 0.05696969696969697 0.04310344827586207
0 0.03090909090909091 0.9655172413793104 0.06181818181818182 0.06896551724137931
0 0.18454545454545454 0.9779094827586207 0.06363636363636363 0.04418103448275862
0 0.2887994354647821 0.8176116298096098 0.06518741282718635 0.14639034146809382
0 0.32048094949753086 0.6542296047868458 0.06191028442026629 0.10858077754067891
0 0.34565735948923537 0.6048930289916485 0.07899986800146287 0.12742640449971998
0 0.38382881174315475 0.5613487849808874 0.055208356985511436 0.10298594379691772
0 0.425607994413912 0.6149189649512657 0.04601871774395559 0.08761759684225895
0 0.425114980568261 0.5513131647385584 0.05630059158613304 0.08470459695409054
0 0.5101003455047066 0.67197037560854 0.047935629712784165 0.10276023175043209
0 0.5529192962290086 0.6592878131919875 0.049873698142465867 0.12113562527929488
0 0.573939393939394 0.7225215517241379 0.03151515151515152 0.07866379310344827
0 0.5718181818181818 0.8044181034482759 0.03575757575757576 0.13254310344827586
0 0.5742424242424242 0.662176724137931 0.03090909090909091 0.07004310344827586
0 0.17313748838609963 0.7067804094796337 0.0545317748432746 0.092191272390745
0 0.13103743272574042 0.7022404019230485 0.04477133576374626 0.08219204713336199
0 0.09882806868430793 0.7147133346372775 0.053340810092006245 0.09538641233702046
0 0.03519501882222545 0.7585451726922358 0.05031755921532088 0.0963699518578814
0 0.01 0.8367456896551724 0.02 0.09375
0 0.013939393939393939 0.4849137931034483 0.027878787878787878 0.03017241379310345
0 0.12727272727272726 0.4892241379310345 0.041212121212121214 0.03879310344827586
0 0.15107333040141152 0.5584363443209351 0.041008033362265356 0.06268263938598123
0 0.12549515995602992 0.6228497223440806 0.05931679030920088 0.08264347122633305
0 0.4536363636363636 0.4870689655172414 0.04909090909090909 0.034482758620689655
0 0.5663636363636364 0.4870689655172414 0.04666666666666667 0.034482758620689655
0 0.018787878787878787 0.6966594827586207 0.037575757575757575 0.10668103448275862
0 0.5951515151515151 0.853448275862069 0.01090909090909091 0.11422413793103449
0 0.6721686664737866 0.8445968050214648 0.07352416608606456 0.12402436184416608
0 0.7758577089597548 0.8860769166973154 0.05563148620256911 0.16764111621071082
0 0.6788604402831703 0.7483409328762948 0.07029640275446802 0.09375790136502703
0 0.6042424242424242 0.5894396551724138 0.02909090909090909 0.07543103448275862
0 0.7048445341666207 0.529275124826287 0.03990169445440849 0.07880881381501526
0 0.7575757575757576 0.4978448275862069 0.06424242424242424 0.05603448275862069
0 0.7609090909090909 0.48060344827586204 0.0696969696969697 0.021551724137931036
0 0.7684375233686402 0.7694436803001916 0.04542676144513032 0.08975395991884495
0 0.7926488498273682 0.6360083570240453 0.06112791997376503 0.08162231303105796
0 0.8198406896360204 0.6029014070125214 0.07019062045020347 0.0775941082615787
0 0.9012121212121212 0.9552801724137931 0.05818181818181818 0.0894396551724138
0 0.9836363636363636 0.9423491379310345 0.03272727272727273 0.11530172413793104
0 0.9622495539378617 0.887550443060922 0.04959161199776039 0.0780321770034328
0 0.9775757575757575 0.8302801724137931 0.044848484848484846 0.08081896551724138
0 0.8826270564589324 0.7810711369154599 0.07086720259244045 0.08838877966775137
0 0.9654545454545455 0.7618534482758621 0.06909090909090909 0.09698275862068965
0 0.8635649928900768 0.6371314632703832 0.0308107853634994 0.07852667375690826
0 0.8927967327508107 0.6628281988835498 0.05436252315645161 0.06632920342522775
0 0.8993478880928971 0.4954328277460001 0.04759712633913819 0.051036093819397596
0 0.9402076139266647 0.5042455614557573 0.047583022031902865 0.048880921405604495
0 0.9772727272727273 0.6686422413793104 0.045454545454545456 0.07435344827586207
0 0.9839393939393939 0.5258620689655172 0.03212121212121212 0.05172413793103448
0 0.9516412410701581 0.6096864033723137 0.035095522527629354 0.0851238563587375
0 0.8782763853480732 0.5659139999361301 0.031987645807532425 0.07317636139683982
0 0.9371242074417018 0.5585790228866011 0.04764649141446143 0.05857919726767346
0 0.9567354897826217 0.803849418654368 0.04595524836139703 0.07791932098018997