0 0.3644859813084112 0.2648456057007126 0.049399198931909215 0.1496437054631829
0 0.5336843036358391 0.23464337600826302 0.13924689386734518 0.19497551519240144
0 0.5914552736982643 0.30522565320665085 0.14419225634178906 0.0688836104513064
0 0.7059412550066756 0.27137767220902614 0.11415220293724966 0.13657957244655583
0 0.904539385847797 0.27019002375296913 0.11748998664886515 0.13895486935866982
0 0.8082576947027655 0.17596680519255045 0.10617997630090828 0.20650652292334246
0 0.7760347129506008 0.08016627078384798 0.10080106809078772 0.16033254156769597
0 0.8453427378319154 0.08767315678536947 0.10788635266607488 0.16971705893194555
0 0.43974259382940156 0.16611945737870473 0.11761987620617524 0.15913186587632122
0 0.37616822429906543 0.2013064133016627 0.07276368491321762 0.16033254156769597
0 0.39552736982643527 0.06175771971496437 0.11148197596795728 0.12351543942992874
0 0.37783711615487314 0.11817102137767221 0.07610146862483311 0.12707838479809977
0 0.4045393858477971 0.019002375296912115 0.09746328437917223 0.03800475059382423
0 0.5387182910547397 0.03147268408551069 0.09612817089452604 0.06294536817102138
0 0.4903204272363151 0.02494061757719715 0.11014686248331108 0.0498812351543943
0 0.926679519711214 0.1848388290921477 0.12313225618667553 0.1912467409460084
0 0.975634178905207 0.27672209026128264 0.048731642189586116 0.12589073634204276
0 0.9836448598130841 0.19536817102137768 0.03271028037383177 0.14133016627078385
0 0.9883177570093458 0.09679334916864608 0.02336448598130841 0.1508313539192399
0 0.9382510013351135 0.04928741092636579 0.09813084112149532 0.09857482185273159
0 0.9809746328437917 0.04691211401425178 0.038050734312416554 0.09382422802850356
0 0.9516936704125625 0.08182049187462434 0.08753226457960754 0.13151193177693635
0 0.22993780221790777 0.8238003205705833 0.11731079723559829 0.19831044585301716
0 0.128577949754592 0.6122027654374147 0.08309347733520496 0.16589846070984893
0 0.2157846196239601 0.5382399622547989 0.07255156296583802 0.14560479390799105
0 0.04372496662216288 0.5249406175771971 0.08744993324432576 0.16864608076009502
0 0.130247712427364 0.42092226864631077 0.08635261086982056 0.13743635498403609
0 0.11481975967957277 0.35748218527315917 0.0801068090787717 0.035629453681710214
0 0.21728971962616822 0.38004750593824227 0.06475300400534045 0.08076009501187649
0 0.7052736982643525 0.9008313539192399 0.1288384512683578 0.19833729216152018
0 0.43469848322522564 0.8041461818224731 0.12431190989646267 0.18532231773890853
0 0.4922893930574198 0.6574297443609436 0.09750173865070802 0.20641669894763873
0 0.8589142772318915 0.5568154214565987 0.09704998501404641 0.16366826406617913
0 0.546582764556069 0.5505444421651755 0.10262454890449015 0.19815843604798045
0 0.6164192537266917 0.5272501653895748 0.1207711081879601 0.152040522822942
0 0.7411965731855547 0.48556767023593456 0.09330984646693864 0.1992493509917412
0 0.8238565542576891 0.4674865303173313 0.10757543311635706 0.15784057437137533
0 0.7990654205607477 0.39073634204275537 0.12283044058744993 0.1021377672209026
0 0.9819759679572764 0.8717339667458432 0.036048064085447265 0.11401425178147269
0 0.982977303070761 0.5629453681710214 0.03404539385847797 0.20190023752969122
0 0.9642857142857143 0.3859857482185273 0.07142857142857142 0.09263657957244656
0 0.9118825100133512 0.42577197149643703 0.09479305740987984 0.17220902612826602
0 0.6488651535380507 0.3853919239904988 0.08411214953271028 0.09144893111638955
0 0.5884512683578104 0.39014251781472686 0.07810413885180241 0.10095011876484561
0 0.4190693530596882 0.4877138731857991 0.09203691689223605 0.20161082883067008
0 0.3621495327102804 0.7232779097387173 0.04472630173564753 0.15676959619952494