0 0.03120893561103811 0.03154205607476635 0.06241787122207622 0.0630841121495327
0 0.03646517739816032 0.2488317757009346 0.07293035479632064 0.13317757009345793
0 0.009198423127463863 0.3726635514018692 0.018396846254927726 0.12383177570093458
0 0.06007597516027036 0.35866419297511454 0.05410354368388322 0.127028769966701
0 0.09551837990869 0.3322192173128786 0.04182657040904633 0.13209619449124255
0 0.02102496714848883 0.4772196261682243 0.04204993429697766 0.09228971962616822
0 0.12275209759431949 0.3401929043828683 0.052100813338508134 0.10345987122014531
0 0.13641479212552185 0.36481352284365065 0.05344651346049294 0.12692656358407736
0 0.1925378290731331 0.34678018592810916 0.06801006649931905 0.08849166629975742
0 0.20966018218654917 0.520291150227313 0.05545762526504451 0.08421329643177533
0 0.3122727342864591 0.1897731709975453 0.05033632363791581 0.11016259786666648
0 0.25243273062541205 0.21187331591471367 0.06323589364121317 0.10402915542568343
0 0.2703833383561161 0.23524548073890897 0.058880510361714794 0.08939722554115581
0 0.35856172536026926 0.20582990062125608 0.04345891376937069 0.07653246004922103
0 0.22997552578850225 0.37467961721751736 0.05583639370927158 0.09706376372149522
0 0.3781208935611038 0.2272196261682243 0.042706964520367936 0.09462616822429906
0 0.3692775622552545 0.3082396413525126 0.044253677972480164 0.0813075636281065
0 0.38272010512483573 0.4304906542056075 0.03350854139290407 0.07126168224299065
0 0.34709861919750806 0.4837942035624122 0.050548512246945114 0.07298383306182045
0 0.07555847568988174 0.5601635514018691 0.03810775295663601 0.017523364485981307
0 0.1287779237844941 0.5508177570093458 0.07227332457293036 0.036214953271028034
0 0.35413929040735875 0.5286214953271028 0.0328515111695138 0.08060747663551401
0 0.20254777932205928 0.47313852479020685 0.043975416193316956 0.09405582453520221
0 0.8025624178712221 0.04672897196261682 0.09658344283837056 0.09345794392523364
0 0.7660400380137433 0.1037900614642809 0.08394257787615776 0.1630679068769122
0 0.7087499991389978 0.32783255144472373 0.0626449365879568 0.12835745294080983
0 0.6544444990442365 0.36186330620799806 0.06571789909587888 0.16604724965877452
0 0.5753914774480995 0.35904336261762054 0.06602780055024635 0.1765612683503633
0 0.5290005827993629 0.3575383335409156 0.09196746835628566 0.14687322536503955
0 0.5327961948716973 0.42846427048982527 0.07443704711405212 0.12902894352897173
0 0.5226675427069645 0.5093457943925234 0.09526938239159001 0.1191588785046729
0 0.46257491089592284 0.25914323813641554 0.08791360507197828 0.2090374800709586
0 0.5518923970524824 0.21327031144922307 0.10168239390769536 0.1658274792077532
0 0.5332763776392115 0.12371818710879375 0.11976933870825547 0.1581752392296292
0 0.44940867279894875 0.07768691588785047 0.08541392904073587 0.15537383177570094
0 0.48226018396846254 0.02394859813084112 0.1340341655716163 0.04789719626168224
0 0.42936925098554535 0.4439252336448598 0.059789750328515114 0.205607476635514
0 0.4392247043363995 0.530373831775701 0.0795006570302234 0.07710280373831775
0 0.7820446994518061 0.32631534313292065 0.08449910143448447 0.13757138506272037
0 0.7648828144556484 0.38712840807784965 0.09487385102900998 0.13453378998843846
0 0.8028360705142125 0.2533090032842187 0.07336122731205404 0.15909615615680145
0 0.8349533030113 0.18435517323492842 0.07435979866501603 0.19297466082969866
0 0.8715473791008909 0.24087609985143946 0.06613110103503561 0.18006594124755956
0 0.908606307372033 0.2816259984305673 0.08411474535080632 0.16890902837223917
0 0.9198423127463863 0.07242990654205607 0.09198423127463863 0.14485981308411214
0 0.9648488830486203 0.04614485981308411 0.0519053876478318 0.09228971962616822
0 0.9835742444152431 0.04380841121495327 0.0328515111695138 0.08761682242990654
0 0.990473061760841 0.11448598130841121 0.019053876478318004 0.11214953271028037
0 0.9779894875164258 0.1746495327102804 0.04402102496714849 0.10163551401869159
0 0.9671484888304862 0.28738317757009346 0.0657030223390276 0.11682242990654206
0 0.9720762155059133 0.3773364485981308 0.05584756898817345 0.12149532710280374
0 0.8817345597897503 0.5186915887850467 0.05387647831800263 0.10046728971962617
0 0.9491807351973717 0.5026549893489476 0.057285394316045346 0.12403512898262355
0 0.9931011826544021 0.5426401869158879 0.007227332457293035 0.052570093457943924
0 0.2187910643889619 0.9953271028037384 0.07227332457293036 0.009345794392523364
0 0.08147174770039421 0.9813084112149533 0.06044678055190539 0.037383177570093455
0 0.17082785808147175 0.9404205607476636 0.06964520367936924 0.1191588785046729
0 0.3590670170827858 0.897196261682243 0.08081471747700394 0.11448598130841121
0 0.014126149802890934 0.8247663551401869 0.028252299605781867 0.09813084112149532
0 0.054533508541392904 0.6057242990654206 0.06307490144546649 0.07359813084112149
0 0.1350197109067017 0.5917056074766355 0.06504599211563732 0.0455607476635514
0 0.16590013140604468 0.5981308411214953 0.08869908015768725 0.05841121495327103
0 0.25065703022339025 0.6203271028037384 0.07293035479632064 0.102803738317757
0 0.2904539460156119 0.6646444317905179 0.10442219674522205 0.1034588117365867
0 0.04446314360683838 0.8226856897824173 0.04909113018099456 0.11229463369954988
0 0.08158814504811444 0.8390050844637951 0.04369436059442806 0.12889814074191752
0 0.12804790668671057 0.8381736649423691 0.06025785015890371 0.1361261975037729
0 0.15779806332193552 0.7829610334802024 0.06863545704750508 0.06533159308369658
0 0.18602336781121323 0.7018210776282469 0.06116709012570418 0.05602975278137741
0 0.3075362779946472 0.7951355097895487 0.050161362343541564 0.12641553167095856
0 0.35610626119299577 0.8003716015737995 0.06271659739754165 0.10859984623932133
0 0.38370565045992117 0.8183411214953271 0.03153745072273324 0.06191588785046729
0 0.980946123521682 0.8533878504672897 0.03810775295663601 0.12266355140186916
0 0.8971747700394218 0.9304906542056075 0.0519053876478318 0.13901869158878505
0 0.7811494285836332 0.900987433191348 0.0829440065231959 0.12918940220401487
0 0.6803547963206308 0.9386682242990654 0.06767411300919843 0.12266355140186916
0 0.7171484888304862 0.9573598130841121 0.07818659658344283 0.0852803738317757
0 0.46747700394218134 0.6360981308411215 0.10052562417871222 0.13434579439252337
0 0.44766283217821107 0.7435477591760474 0.06953072791567805 0.09570542485939752
0 0.47614408331137537 0.908895981325788 0.061227575656387034 0.12464836727836599
0 0.5429071056147988 0.9403736954905857 0.06506925033166502 0.09966287737729285
0 0.5532194480946123 0.9853971962616822 0.06964520367936924 0.029205607476635514
0 0.47963206307490147 0.9766355140186916 0.06307490144546649 0.04672897196261682
0 0.4080157687253614 0.889018691588785 0.017082785808147174 0.14953271028037382
0 0.4247700394218134 0.8913551401869159 0.05059132720105125 0.1308411214953271
0 0.4244415243101183 0.9725467289719626 0.04993429697766097 0.054906542056074766