0 0.2537916386704564 0.6718185814594735 0.0702207508947903 0.11034676351877007
0 0.1648461874037404 0.5162523425733431 0.04833472684881498 0.13327455751309777
0 0.04872353910902455 0.3751214293994061 0.04898033279281486 0.09783963026397416
0 0.03267108064896282 0.326111741298314 0.033166163255530894 0.07614205048688107
0 0.1154289978729504 0.38044871935318214 0.06638358480224699 0.11381564920690773
0 0.16104413508987642 0.2539904368863217 0.058050251468913655 0.1127791846030021
0 0.03002423563011108 0.16692757341143666 0.05276577608901233 0.09041817540587592
0 0.05646577632566663 0.08113870971917354 0.049031591084000056 0.05937117849711997
0 0.3141322496457283 0.249276872938165 0.03485869132037048 0.0783256279926425
0 0.005833333333333334 0.18181818181818182 0.011666666666666667 0.0691699604743083
0 0.0125 0.06225296442687747 0.025 0.06521739130434782
0 0.6929523044927405 0.6152499337712614 0.055337127186567914 0.11737440786415075
0 0.8801934582584318 0.6796128413176117 0.05828253954730877 0.08814472493100935
0 0.8137731716321479 0.5887075966030498 0.0453625240795802 0.07568591398762917
0 0.8826618282684565 0.6185553121040054 0.04811444045918506 0.07405511760395088
0 0.8438830825743825 0.5840396596909446 0.04498799831123455 0.08945080844223062
0 0.9167054210412219 0.653471776867343 0.04925141296846909 0.07616959746945198
0 0.9700387543745552 0.6601051503323401 0.042055052144419784 0.07724761273104724
0 0.9897222222222222 0.6408102766798419 0.020555555555555556 0.0800395256916996
0 0.8625422381632591 0.3275406353119393 0.032855826477456905 0.052426635467118225
0 0.8553468063495308 0.23954764896890307 0.03286875717654311 0.053414777759608234
0 0.8732799847689259 0.20862145783868627 0.036137437014444405 0.04888865213872002
0 0.8583386374199752 0.1597499650181148 0.043424312732098666 0.0547276329245556
0 0.8076994968255184 0.11732578843826999 0.029212620871209967 0.07071765554260771
0 0.9148436703480616 0.17914970298080066 0.02803685626466682 0.06563874879963642
0 0.9391782038502715 0.19058920863842366 0.028514827625703624 0.05977899268495603
0 0.7488690283350987 0.08427519014579583 0.03723561742646931 0.04803870512675069
0 0.5999085560960741 0.11375102138204357 0.03985869132037035 0.07894750675498591
0 0.6362267906451482 0.08115248321045902 0.039587146639555613 0.05819651861269339
0 0.605206194427642 0.07036601930844659 0.037804103681111076 0.049095945059501184
0 0.557854200709395 0.11693335902855045 0.04841138203301234 0.054361369394409
0 0.5737323269843703 0.1580033599695915 0.04303685626466669 0.06750438508666681
0 0.536354936373111 0.1652315255820271 0.040388385477753114 0.07704031981026604
0 0.4909284555558394 0.17096370426444202 0.05294634137106174 0.06183114656392291
0 0.4906188155355061 0.13084029495820165 0.03551722796345681 0.04387884303600905
0 0.5047339916584074 0.1152752458461342 0.04943197825051849 0.047582568627498927
0 0.41555555555555557 0.12648221343873517 0.011111111111111112 0.06719367588932806
0 0.6482393346510246 0.35383820528004234 0.05392860999646928 0.09450893985635715
0 0.6348875342793826 0.26854364291785726 0.05040131617683957 0.0792722196274431
0 0.6048801399195184 0.3504248739247125 0.0524946959133581 0.1120882082003982
0 0.8440789010813208 0.398980660434251 0.05077584194518497 0.06550732517284187
0 0.8029486261741603 0.3740700403850499 0.04224854812555552 0.049648726181584356
0 0.8066943483627776 0.47054172151893486 0.039290205065728466 0.0778902668222354
0 0.85371591249658 0.5130108345833323 0.0505306231677039 0.0891536425523444
0 0.8733672481264072 0.4996189753126038 0.041525357987037145 0.07915479967576705
0 0.8326248941918394 0.44506408648869916 0.04531080128323462 0.07173334481766869
0 0.8214161060798393 0.5149320252031706 0.059277274366642006 0.07938963957911915
0 0.43763712813318495 0.458786346297078 0.04661633738580248 0.129114695422356
0 0.41833333333333333 0.4599802371541502 0.016666666666666666 0.12154150197628459
0 0.4272222222222222 0.38537549407114624 0.034444444444444444 0.0691699604743083
0 0.4211111111111111 0.3339920948616601 0.022222222222222223 0.09486166007905138
0 0.9836143249245308 0.3668479558748415 0.03143484309343219 0.07099404610364929
0 0.9875 0.33152173913043476 0.025 0.07213438735177866
0 0.9947222222222222 0.4540513833992095 0.010555555555555556 0.07015810276679842
0 0.02861111111111111 0.8142292490118577 0.05722222222222222 0.0691699604743083
0 0.14277777777777778 0.7989130434782609 0.08777777777777777 0.038537549407114624
0 0.17583333333333334 0.8236166007905138 0.0661111111111111 0.08794466403162056
0 0.20805555555555555 0.8547430830039525 0.06944444444444445 0.15019762845849802
0 0.2688888888888889 0.8562252964426877 0.08222222222222222 0.15316205533596838
0 0.305 0.8295454545454546 0.07777777777777778 0.09980237154150198
0 0.37305555555555553 0.8542490118577075 0.07388888888888889 0.1492094861660079
0 0.9775 0.9861660079051383 0.042777777777777776 0.02766798418972332
0 0.9213888888888889 0.9896245059288538 0.06055555555555556 0.020750988142292492
0 0.9238888888888889 0.9728260869565217 0.042222222222222223 0.05434782608695652
0 0.8680931863899135 0.9539650595101685 0.06814030185735798 0.07851891723830509
0 0.8286111111111111 0.9728260869565217 0.07944444444444444 0.05434782608695652
0 0.8325 0.9891304347826086 0.065 0.021739130434782608
0 0.8433908247214814 0.9068487848625106 0.06253348801061748 0.11629639260255549
0 0.7975 0.9412055335968379 0.07055555555555555 0.11758893280632411
0 0.7748766938535185 0.8909041590966771 0.07000092901032101 0.09354834454643805
0 0.7502777777777778 0.9520750988142292 0.06277777777777778 0.0958498023715415
0 0.7163888888888889 0.967391304347826 0.055 0.06521739130434782
0 0.7031901666330617 0.9260319931591581 0.06011730530209888 0.1011978676541622
0 0.652563724485111 0.9038992823954909 0.05067286085765444 0.1000232077697356
0 0.6663888888888889 0.9560276679841897 0.06055555555555556 0.08794466403162056
0 0.6188888888888889 0.9649209486166008 0.06111111111111111 0.07015810276679842
0 0.6176087496793333 0.9173672411440388 0.052029190746246866 0.07651508567075394
0 0.6802777777777778 0.9901185770750988 0.065 0.019762845849802372
0 0.5544444444444444 0.983201581027668 0.09111111111111111 0.03359683794466403
0 0.5536111111111112 0.9644268774703557 0.05388888888888889 0.07114624505928854
0 0.5369444444444444 0.9510869565217391 0.04611111111111111 0.09782608695652174
0 0.5033642665655679 0.9303761379341381 0.0637475802092593 0.08191870528618247
0 0.45861111111111114 0.9575098814229249 0.051666666666666666 0.08498023715415019
0 0.5873704607565555 0.8467981685463742 0.04192574515355558 0.06736618980614603
0 0.6240759195204815 0.8483941859260894 0.052959272070148194 0.06281928885641302
0 0.6744377468423209 0.8482245974684685 0.05445783964869141 0.050180731974822625
0 0.9674540457954567 0.9301972458006278 0.0414477737925184 0.07322594592082633
0 0.9880555555555556 0.9481225296442688 0.02388888888888889 0.08794466403162056
0 0.9516338754137902 0.905960212652049 0.052106310435604986 0.04002291848887987
0 0.894760549814321 0.8934429219166639 0.04169299256999996 0.04957962854132387
0 0.546569221918358 0.8605287443646784 0.05682276406602474 0.10374770869007018
0 0.4581451414388395 0.8777388237193756 0.07010437460301243 0.10145348288635901