0 0.013174404015056462 0.5290178571428571 0.026348808030112924 0.12053571428571429
0 0.040607361096859564 0.3587672837452512 0.06718510430898386 0.13583771915509527
0 0.013801756587202008 0.24720982142857142 0.027603513174404015 0.08370535714285714
0 0.01631116687578419 0.18136160714285715 0.03262233375156838 0.10825892857142858
0 0.06500600247289033 0.20155296933236425 0.058706114736783874 0.1132825173926637
0 0.10593121317479423 0.19637070733147333 0.058497244169591574 0.13779712662273472
0 0.04360100376411543 0.03850446428571429 0.06963613550815559 0.07700892857142858
0 0.010351317440401506 0.10546875 0.02070263488080301 0.0859375
0 0.05411193761218507 0.1080172614241169 0.062051748164703976 0.08886531365884398
0 0.026662484316185696 0.12220982142857142 0.05332496863237139 0.09040178571428571
0 0.22329011370071122 0.311745197708537 0.09556794327445226 0.12557313543489215
0 0.39308443077201094 0.34558676310947195 0.06964697666224338 0.13479957212352467
0 0.27761583606962875 0.10498824009103044 0.07109183354782515 0.13930282003631092
0 0.11804500262275723 0.1194425275426995 0.07658529260764775 0.07705607432656413
0 0.08847334483893783 0.0667185267886565 0.04077865806002897 0.07482958024072886
0 0.11323713927227101 0.04799107142857143 0.0671267252195734 0.09598214285714286
0 0.11888331242158093 0.014508928571428572 0.04077791718946048 0.029017857142857144
0 0.04422835633626098 0.017299107142857144 0.06838143036386449 0.03459821428571429
0 0.6891246492275773 0.4453547567934484 0.06402888175178617 0.09115589981373771
0 0.5873739468311238 0.3719623965185936 0.06523604896075431 0.0900787905836667
0 0.6318637618116593 0.3767273718785944 0.053610937114876064 0.08191563079716221
0 0.5311682534052554 0.3133601733616323 0.08245979602062008 0.09730120883485174
0 0.612719408077701 0.31809183529444013 0.05945662141842718 0.07206579893252194
0 0.5111296678778328 0.18211181007295935 0.05649129147308853 0.10541157409491296
0 0.4684743726784111 0.17617231998663638 0.05162444411484299 0.0941144921144471
0 0.5743412797992472 0.017857142857142856 0.055834378920953574 0.03571428571428571
0 0.5529188095226429 0.07185324444272702 0.054390262905940436 0.07079387870994847
0 0.5697407067439714 0.2898114355374384 0.048573397711809796 0.11073867694751703
0 0.7242861877307819 0.09838190226019695 0.03715715643312357 0.07806090793094171
0 0.562943152428114 0.16709228114270688 0.048107377771533885 0.08508851518962438
0 0.8832809108936728 0.37699583488081245 0.07128198528911583 0.14376710575059676
0 0.8385681862265186 0.4186160076539017 0.05879183119447841 0.1300041077219848
0 0.815490136320719 0.5109715520645194 0.08872396232912476 0.11198546729953256
0 0.9008782936010038 0.049107142857142856 0.07277289836888332 0.09821428571428571
0 0.9601631116687579 0.04017857142857143 0.07967377666248432 0.08035714285714286
0 0.8042659974905897 0.010602678571428572 0.04140526976160602 0.021205357142857144
0 0.7782308657465495 0.03459821428571429 0.038268506900878296 0.06919642857142858
0 0.05614805520702635 0.9693080357142857 0.06085319949811794 0.06138392857142857
0 0.0075282308657465494 0.9352678571428571 0.015056461731493099 0.12946428571428573
0 0.07967674014475819 0.9265151948081904 0.05862039827908941 0.09656092706334261
0 0.012547051442910916 0.8420758928571429 0.025094102885821833 0.10379464285714286
0 0.021957340025094103 0.8147321428571429 0.043914680050188205 0.09821428571428571
0 0.06031378599537227 0.8701215416308042 0.05274589486611701 0.07631579255505486
0 0.02132998745294856 0.9447544642857143 0.04265997490589712 0.09709821428571429
0 0.05213332228396617 0.7591795805338234 0.05712800345818496 0.09094160772198492
0 0.0799874529485571 0.69140625 0.06336260978670012 0.06361607142857142
0 0.15025094102885822 0.6819196428571429 0.055834378920953574 0.044642857142857144
0 0.30771643663739023 0.6651785714285714 0.04956085319949812 0.011160714285714286
0 0.23180677540777916 0.6902901785714286 0.05081555834378921 0.06138392857142857
0 0.18921884827543456 0.7035154907859837 0.04632039592574259 0.08726221474901652
0 0.27728983688833125 0.9715401785714286 0.06148055207026349 0.056919642857142856
0 0.2737134161019786 0.8584659059075251 0.048687192408356755 0.08399192486030316
0 0.4203262233375157 0.9854910714285714 0.07528230865746549 0.029017857142857144
0 0.35727728983688833 0.9866071428571429 0.05834378920953576 0.026785714285714284
0 0.34473023839397743 0.9787946428571429 0.06085319949811794 0.04241071428571429
0 0.3509245795406349 0.7834276823463512 0.06316383950302698 0.08555606157163023
0 0.4571376864098072 0.8214787221783286 0.05924775085123488 0.09658040816259282
0 0.3538341234435529 0.8738586897095122 0.05191903113972983 0.0863214732136973
0 0.5671267252195734 0.9743303571428571 0.04015056461731493 0.05133928571428571
0 0.5404642409033877 0.9732142857142857 0.04328732747804266 0.05357142857142857
0 0.5150564617314931 0.9581473214285714 0.05269761606022585 0.08370535714285714
0 0.4749058971141782 0.9821428571428571 0.07653701380175659 0.03571428571428571
0 0.5769008210701417 0.8753134351899617 0.04712854082622802 0.10623542903473078
0 0.6363804705856618 0.8706725521897601 0.05846842506017051 0.10770216024980657
0 0.45882885151438463 0.7431978733843267 0.06141503617960755 0.10333528003177207
0 0.49717691342534504 0.6953125 0.04705144291091593 0.07142857142857142
0 0.7146385799072696 0.9308250797301059 0.03533199606496041 0.06462908858958409
0 0.7377666248431619 0.9313616071428571 0.02383939774153074 0.07254464285714286
0 0.7349435382685069 0.7946428571428571 0.029485570890840654 0.08258928571428571
0 0.6930741007430463 0.7711266355624866 0.048211813055130316 0.07283121057458894
0 0.7157913068627345 0.7145438201639054 0.03722341319434814 0.05019808441515648
0 0.804512441661805 0.809009660256868 0.0695994387269207 0.13368350069495336
0 0.9777289836888331 0.9821428571428571 0.04454203262233375 0.03571428571428571
0 0.9714554579673776 0.6729910714285714 0.05708908406524467 0.026785714285714284
0 0.927839439730203 0.7990334908474273 0.0701979721896452 0.10360801542127542
0 0.9636135508155583 0.7511160714285714 0.07277289836888332 0.078125