0 0.12721249289970774 0.116457766892089 0.08992579805405294 0.1430328920008423
0 0.03021188824820886 0.3694362001494619 0.057665990446972924 0.1194395846825115
0 0.08455516867287806 0.3520216491542231 0.06612550681600263 0.141333300368695
0 0.13574875781679796 0.41068702807838703 0.08667217236375829 0.11642068407764504
0 0.45047489823609227 0.050724637681159424 0.09090909090909091 0.10144927536231885
0 0.6113733031297544 0.09677599621158497 0.0752080698031557 0.1620333397909522
0 0.554282028260456 0.28497886797854094 0.09011957008716741 0.1768212107122696
0 0.4998073476451824 0.3717746239971965 0.08181231916813203 0.17302938385039887
0 0.4342077215111716 0.3833894321288778 0.08164629283565086 0.11028366430194024
0 0.40494533973484664 0.3490046983521186 0.0969454491537213 0.13352564150345092
0 0.5501285707526828 0.3755585781234685 0.07158066092911904 0.11248832516904618
0 0.35721318911639716 0.3331012899258378 0.07595574813846982 0.14877642204570846
0 0.409527959859799 0.23428445203988324 0.09504856359871769 0.16606407113226082
0 0.263839657435446 0.35916711513332034 0.06857618670537587 0.12087216542587555
0 0.2081880238998495 0.39772395843137864 0.07584498927159586 0.14636096310851038
0 0.3701868571014334 0.5970740749761325 0.08221396002033705 0.10788225856941479
0 0.6831750339213026 0.13828502415458938 0.032564450474898234 0.16304347826086957
0 0.669606512890095 0.2922705314009662 0.05970149253731343 0.1111111111111111
0 0.687584803256445 0.3508454106280193 0.023744911804613297 0.09782608695652174
0 0.6099050203527816 0.6382850241545893 0.06241519674355495 0.042270531400966184
0 0.5548570797416196 0.5311097484909698 0.05956287600197646 0.08690115505370172
0 0.5749469489393924 0.6103280312549576 0.04712968934014187 0.0818172794951948
0 0.028744725149532933 0.6083698900666513 0.05183716511794404 0.06622922204078986
0 0.04647218453188602 0.6376811594202898 0.04952510176390773 0.043478260869565216
0 0.6746947082767978 0.5036231884057971 0.04952510176390773 0.11594202898550725
0 0.7479647218453188 0.30495169082125606 0.09701492537313433 0.19444444444444445
0 0.7992278991764815 0.20669723865845074 0.09000881122029353 0.17440575177507156
0 0.7459294436906377 0.08816425120772947 0.09294436906377204 0.17632850241545894
0 0.8177251897835799 0.09892825185968059 0.09662693343558651 0.17092309541600254
0 0.8270013568521031 0.041666666666666664 0.11940298507462686 0.08333333333333333
0 0.9392261607588872 0.3093732079632218 0.09848220043963989 0.18182076704273953
0 0.973202170963365 0.16606280193236714 0.05359565807327001 0.17995169082125603
0 0.9884667571234735 0.24758454106280192 0.023066485753052916 0.13768115942028986
0 0.9738805970149254 0.5006038647342995 0.05223880597014925 0.17995169082125603
0 0.9559023066485753 0.5664251207729468 0.08819538670284939 0.14251207729468598
0 0.9424594250450257 0.4975330739828969 0.08157704055189711 0.12355463525185686
0 0.8495774278237637 0.535051249335061 0.09702846231996189 0.16489850127768016
0 0.816590639189015 0.50798315839326 0.09479930016433648 0.19019055409489588
0 0.7744174651253974 0.5112699160201722 0.08773814248154783 0.18401137470517256
0 0.7177747625508819 0.4414251207729469 0.036635006784260515 0.17028985507246377
0 0.7113297150610584 0.5640096618357487 0.023744911804613297 0.13526570048309178
0 0.7228629579375848 0.6165458937198067 0.046811397557666216 0.08574879227053141
0 0.3138354283996531 0.7684460268084025 0.05957663688446346 0.13154498577784746
0 0.419102225258386 0.7638523211469191 0.09286101999404238 0.14792002269392954
0 0.5349389416553596 0.7276570048309179 0.0780189959294437 0.13647342995169082
0 0.4264405040440189 0.8698795566995235 0.08661679293032128 0.115212954609046
0 0.1546811397557666 0.6805555555555556 0.07598371777476255 0.042270531400966184
0 0.1310064319614594 0.7203501845343203 0.07728496650878693 0.11863939814942386
0 0.11034917549857431 0.7865368238944607 0.07398972226754234 0.13546329148177358
0 0.031492495658502796 0.7694682686802305 0.0588705771000994 0.10136580226754435
0 0.012890094979647219 0.7415458937198067 0.025780189959294438 0.09178743961352658
0 0.1413146148128734 0.8576870404401264 0.04952487782824829 0.11927094622643773
0 0.2100434028717328 0.8960805796179226 0.07573434237255171 0.08482297302865091
0 0.2227673035671542 0.8698754915636057 0.08092636020097004 0.0945831812101528
0 0.24561909604378782 0.8223454195457226 0.08671367894687866 0.13210711396475974
0 0.5271520905749436 0.8315959047593228 0.058413668782286966 0.10618266693726788
0 0.5532564450474898 0.9631642512077294 0.07530529172320218 0.07367149758454106
0 0.583785617367707 0.9806763285024155 0.08480325644504749 0.03864734299516908
0 0.6553191789025036 0.8005863129734304 0.08633989576313643 0.10917430726605097
0 0.6329715061058344 0.9589371980676329 0.04206241519674356 0.0821256038647343
0 0.6659596383545396 0.9306767920676422 0.06674866540195548 0.08101709296210743
0 0.8520210033362341 0.8918068786612584 0.057389093279788 0.11340093733951633
0 0.7853414222662874 0.89741114585929 0.0671639551688182 0.11963632954793076
0 0.7344938706054764 0.786855559399386 0.04913722179418952 0.11081683994624462
0 0.7829036635006784 0.980072463768116 0.05698778833107191 0.03985507246376811
0 0.7394843962008141 0.9758454106280193 0.051560379918588875 0.04830917874396135
0 0.9589552238805971 0.964975845410628 0.08208955223880597 0.07004830917874397