0 0.012177650429799427 0.43384223918575066 0.024355300859598854 0.0916030534351145
0 0.18517191977077363 0.4268447837150127 0.09097421203438395 0.10559796437659033
0 0.3133954154727794 0.4535623409669211 0.08524355300859598 0.05216284987277354
0 0.31523816458307957 0.3275928758113667 0.06916233977913613 0.15336511240216766
0 0.21362102984614795 0.17727127465077383 0.08857643567186735 0.14082174417291
0 0.2603868194842407 0.07188295165394402 0.08237822349570201 0.14376590330788805
0 0.3934426651994517 0.3383585031565358 0.09345916693895988 0.1538554353502464
0 0.36405118394481767 0.37580283548957677 0.07903021995586132 0.13505875510377852
0 0.45466728890204583 0.413634863182995 0.04767248665634308 0.08967628439113115
0 0.027220630372492838 0.26717557251908397 0.054441260744985676 0.07124681933842239
0 0.01790830945558739 0.19720101781170485 0.03581661891117478 0.13994910941475827
0 0.04999761423381027 0.19542754975466828 0.06511288828981747 0.14292779129806826
0 0.08620907839835712 0.2676172167598115 0.06727653340540969 0.12786797897015173
0 0.1630028862296649 0.3012576870581839 0.07189619213546983 0.10410967746953524
0 0.0247134670487106 0.05788804071246819 0.0494269340974212 0.11577608142493638
0 0.054441260744985676 0.05089058524173028 0.08022922636103152 0.10178117048346055
0 0.07987106017191978 0.03435114503816794 0.08237822349570201 0.06870229007633588
0 0.4752865329512894 0.2595419847328244 0.0680515759312321 0.13486005089058525
0 0.4835243553008596 0.20165394402035625 0.05157593123209169 0.09541984732824428
0 0.49641833810888253 0.32188295165394404 0.025787965616045846 0.11450381679389313
0 0.5917064337446039 0.2185346223234497 0.13817855442079027 0.2724827613884686
0 0.7751678500170647 0.1909637997567552 0.14013760069912543 0.22190322101364218
0 0.8333518413313511 0.33239792059746365 0.11625008943772781 0.23031875048286624
0 0.7365665837119775 0.33496731623052584 0.15016625399425443 0.22262899236975142
0 0.9434097421203438 0.18575063613231552 0.11318051575931232 0.22646310432569974
0 0.9799426934097422 0.1991094147582697 0.04011461318051576 0.1895674300254453
0 0.6998567335243553 0.05407124681933842 0.12750716332378223 0.10814249363867684
0 0.7779369627507163 0.03307888040712468 0.09169054441260745 0.06615776081424936
0 0.3133954154727794 0.9840966921119593 0.07808022922636103 0.031806615776081425
0 0.07000442134626915 0.9176644605596846 0.0674081287858818 0.11519717347086994
0 0.2782951289398281 0.9790076335877863 0.0680515759312321 0.04198473282442748
0 0.4401862464183381 0.9802798982188295 0.06088825214899714 0.039440203562340966
0 0.22851002865329512 0.5095419847328244 0.08022922636103152 0.05979643765903308
0 0.49140401146131807 0.8874045801526718 0.03581661891117478 0.10305343511450382
0 0.23617150201078158 0.8754388390882697 0.09337151550125312 0.12088023656542299
0 0.4708506833262224 0.8515746345188466 0.06479134205301014 0.10486353398907182
0 0.12677677408419633 0.5815867830278191 0.08214409224877763 0.12513984211118565
0 0.025071633237822348 0.522264631043257 0.050143266475644696 0.08524173027989822
0 0.01683381088825215 0.5483460559796438 0.0336676217765043 0.09923664122137404
0 0.04968380577115532 0.8281156134385779 0.09161718628408681 0.14484590131064232
0 0.03724928366762178 0.7716284987277354 0.07449856733524356 0.13358778625954199
0 0.03187679083094556 0.7175572519083969 0.06375358166189111 0.1272264631043257
0 0.49498567335243554 0.6348600508905853 0.02865329512893983 0.09669211195928754
0 0.4718664717459587 0.7278280000351715 0.05471886303902782 0.08765016324055103
0 0.913513969539116 0.5727327714216669 0.08055065437392704 0.10600403183438616
0 0.85434401777454 0.8671508035777228 0.09842966786767098 0.1377307216358893
0 0.9899713467048711 0.7538167938931297 0.02005730659025788 0.12595419847328243
0 0.5401146131805158 0.5025445292620865 0.06160458452722063 0.04580152671755725
0 0.9810171919770774 0.9669211195928753 0.03796561604584527 0.06615776081424936
0 0.7778938463753342 0.8807655674669782 0.1132972267110389 0.13500258477692323
0 0.5884670487106017 0.5031806615776081 0.08094555873925502 0.047073791348600506
0 0.7363896848137536 0.9732824427480916 0.0988538681948424 0.05343511450381679
0 0.6143726119577132 0.818509966759394 0.1001693491039154 0.12898039165203842
0 0.7479319214321347 0.7586065719969548 0.08541873766009768 0.13425305777309102
0 0.6891632522320528 0.6611692625495399 0.0975963880898971 0.13513435156265208
0 0.7153316515683726 0.8424108021463487 0.08857643567186751 0.14082174417291
0 0.5911869033175291 0.853850416725129 0.08794787295526259 0.11161149847006571
0 0.5436962750716332 0.9758269720101781 0.06876790830945559 0.04834605597964377
0 0.8800143266475645 0.9529262086513995 0.08810888252148998 0.09414758269720101
0 0.5361747851002865 0.6698473282442748 0.053724928366762174 0.12340966921119594
0 0.5576647564469914 0.6119592875318066 0.09670487106017192 0.11959287531806616
0 0.6766862048726965 0.8153606091376658 0.07993662141433203 0.12371205504669047
0 0.5239971346704871 0.6119592875318066 0.029369627507163324 0.11959287531806616
0 0.5627452945684834 0.6986125408479811 0.08338668792497748 0.1366420646017256