0 0.1594501414066983 0.570092283504247 0.09596296789653705 0.1214103423743173
0 0.41511763400901147 0.5093035510767201 0.07812249188891579 0.1361615133304926
0 0.5363866224834868 0.36038678962432663 0.03863486735486013 0.10441788694753039
0 0.4957731556090249 0.34033409976820245 0.05700750931766278 0.13035194083075577
0 0.46771179620375686 0.25679686589440565 0.0753936525735259 0.1113617408355701
0 0.1455716436430001 0.3673305481006295 0.07885021591129829 0.14584111384180362
0 0.10127729201780948 0.4218853110807363 0.09154161244163674 0.15103991944014683
0 0.01895306859205776 0.39400428265524623 0.03790613718411552 0.2012847965738758
0 0.03538132648717714 0.19775845613547396 0.06568317396892638 0.15023465634028643
0 0.11732851985559567 0.08029978586723768 0.07821901323706378 0.16059957173447537
0 0.17689530685920576 0.06156316916488223 0.07099879663056559 0.12312633832976445
0 0.23050323560151068 0.07825043196444595 0.07051015299965245 0.10565941211981504
0 0.24610452207301756 0.12632305970080668 0.08402730412306468 0.12803246491041148
0 0.13808664259927797 0.028907922912205567 0.06197352587244284 0.057815845824411134
0 0.28006419460299486 0.1725297562104923 0.06552912592926863 0.13845735441309157
0 0.21963639055111622 0.21969711629363883 0.08258636351972198 0.15573884538932656
0 0.35797486022365266 0.2134104119683557 0.059190178310629636 0.11339582467471454
0 0.40899902406479455 0.2188028267510378 0.06610280191199351 0.13635965299720776
0 0.028279181708784597 0.020342612419700215 0.056558363417569195 0.04068522483940043
0 0.5691937424789411 0.15792291220556745 0.0012033694344163659 0.048179871520342615
0 0.5670878459687124 0.11241970021413276 0.005415162454873646 0.055674518201284794
0 0.95208401022031 0.34246622330897114 0.07016054689279318 0.12488773452070957
0 0.9756317689530686 0.31745182012847967 0.048736462093862815 0.11884368308351177
0 0.7114921780986763 0.5819057815845824 0.10048134777376655 0.13597430406852248
0 0.7109469730697016 0.4872384473674673 0.06926477046351126 0.10236016827064073
0 0.7606294845636447 0.34244254076535746 0.06475938880516117 0.125565762467091
0 0.8264091798807192 0.32269799081405043 0.06568267089474533 0.10423973865031255
0 0.8474198843089316 0.2559260203660764 0.0686070682773366 0.09803388681714553
0 0.7783101680334401 0.2545190513295745 0.06517901674822843 0.11169075912401233
0 0.816433624446891 0.21217785234908662 0.051158211478299305 0.09676872680711568
0 0.84085837603697 0.16013341801954248 0.0631358883534965 0.09335859570571126
0 0.8756935730566385 0.11642616746154313 0.06257621673801313 0.09652696093315831
0 0.9249469390529882 0.18826517787200536 0.07525360890110978 0.1006551027199384
0 0.9747292418772563 0.07601713062098502 0.05054151624548736 0.1006423982869379
0 0.8953068592057761 0.013383297644539615 0.048134777376654635 0.02676659528907923
0 0.8658243080625753 0.032119914346895075 0.04693140794223827 0.06423982869379015
0 0.8273164861612515 0.010171306209850108 0.04332129963898917 0.020342612419700215
0 0.5962695547533092 0.5364025695931478 0.052948255114320095 0.13276231263383298
0 0.621402240645447 0.3707214794349279 0.07794093818895585 0.1682378014701454
0 0.6754980992623075 0.3480803171843768 0.0680478997360343 0.1471971697345665
0 0.7103327932077951 0.3503679843163513 0.05819687438483764 0.12936852943367727
0 0.7232980295106163 0.25529885785756545 0.0584904630227303 0.10585755178652996
0 0.7249640461381868 0.17388478197152218 0.050486504924883074 0.09137178154205744
0 0.660003857841837 0.10799804010139685 0.04782819051988242 0.11792024579492466
0 0.7193403273972322 0.05235262194022981 0.05003886824733258 0.1031054572620099
0 0.5827316486161251 0.4330835117773019 0.025872442839951864 0.12955032119914348
0 0.38929001203369434 0.9726980728051392 0.11672683513838748 0.05460385438972163
0 0.5180505415162455 0.9791220556745182 0.10348977135980746 0.0417558886509636
0 0.5237665463297232 0.9245182012847966 0.09205776173285199 0.15096359743040685
0 0.25962695547533093 0.9507494646680942 0.10288808664259928 0.09850107066381156
0 0.12063778580024068 0.9421841541755889 0.1125150421179302 0.11563169164882227
0 0.02527075812274368 0.8447537473233405 0.05054151624548736 0.18201284796573874
0 0.04993983152827918 0.734475374732334 0.09987966305655836 0.16916488222698073
0 0.07069795427196149 0.7066381156316917 0.11131167268351384 0.11349036402569593
0 0.283688055736395 0.7820546181536366 0.10672427711843847 0.20883213042681265
0 0.37624821393031116 0.8978181231441824 0.10349178365653168 0.19148337840558982
0 0.5155809936770018 0.8155142881979144 0.07980200980954667 0.17265133533812513
0 0.5345968712394705 0.7864025695931478 0.0703971119133574 0.15524625267665954
0 0.4742535556103085 0.8270679938865247 0.07782940632520403 0.20566740866761402
0 0.43562719966161223 0.792965795858352 0.08276892336804381 0.21565239262962174
0 0.39560770156438024 0.7002141327623126 0.10409145607701564 0.1006423982869379
0 0.3095667870036101 0.69593147751606 0.08363417569193743 0.09207708779443255
0 0.2629362214199759 0.7050321199143469 0.07701564380264742 0.11027837259100642
0 0.23044524669073405 0.7018201284796574 0.07099879663056559 0.10385438972162742
0 0.5487364620938628 0.6905781584582441 0.0421179302045728 0.08137044967880086
0 0.931107099879663 0.9598501070663812 0.09927797833935018 0.08029978586723768
0 0.7295427196149218 0.9180942184154176 0.09566787003610108 0.16381156316916487
0 0.670339753767589 0.9123946461537829 0.07620590587353933 0.1734602419062339
0 0.8155836341756919 0.9159528907922913 0.10409145607701564 0.16809421841541755
0 0.8402674257048265 0.8348251894133125 0.10948011901994925 0.14378339516491373
0 0.8534354737955607 0.7472288965318475 0.08362168054723894 0.14297813206505333
0 0.9351380529565179 0.7969266243409222 0.08679865961436031 0.20203914652999735
0 0.9121540312876053 0.6921841541755889 0.06979542719614922 0.08458244111349036
0 0.8537906137184116 0.7002141327623126 0.1022864019253911 0.1006423982869379
0 0.7867027677496992 0.6793361884368309 0.0776173285198556 0.058886509635974305
0 0.6847256787341621 0.7776455193562961 0.07995605784920454 0.18442863726532
0 0.623458618796149 0.797062872753285 0.06974091894972596 0.13876273786378848
0 0.6368832731648616 0.9539614561027837 0.10890493381468111 0.09207708779443255
0 0.5950661853188929 0.9528907922912205 0.05054151624548736 0.09421841541755889
0 0.5737063778580024 0.9694860813704497 0.007821901323706379 0.061027837259100645
0 0.5932611311672683 0.8940042826552462 0.04693140794223827 0.139186295503212
0 0.5842358604091457 0.826017130620985 0.02888086642599278 0.09314775160599571
0 0.9747292418772563 0.7018201284796574 0.05054151624548736 0.10385438972162742