0 0.007702182284980745 0.1021689497716895 0.01540436456996149 0.1358447488584475
0 0.023106546854942234 0.07705479452054795 0.04621309370988447 0.1358447488584475
0 0.061938382541720155 0.04223744292237443 0.07766367137355584 0.08447488584474885
0 0.10109114249037227 0.039383561643835614 0.05969191270860077 0.07876712328767123
0 0.2352374839537869 0.023401826484018264 0.05327342747111682 0.04680365296803653
0 0.2089216944801027 0.04509132420091324 0.05455712451861361 0.09018264840182648
0 0.26572528883183566 0.03424657534246575 0.028241335044929396 0.0684931506849315
0 0.17043735063188473 0.07829894468012932 0.05802812345524305 0.12193973901930981
0 0.13686477774473602 0.09927538666179049 0.05002470424603238 0.1008069385238472
0 0.09340901830172253 0.10571815267431679 0.051793068909281176 0.09754178697777785
0 0.21437740693196405 0.5136986301369864 0.06033376123234917 0.05251141552511415
0 0.10943517329910141 0.523972602739726 0.07509627727856226 0.0319634703196347
0 0.03273427471116817 0.5068493150684932 0.06546854942233633 0.06621004566210045
0 0.018613607188703467 0.4623287671232877 0.037227214377406934 0.1552511415525114
0 0.05533096347736477 0.4199000050673153 0.08987160042337872 0.16096834653271633
0 0.16806063822614112 0.47140270513741267 0.08347936496942045 0.1331457369569379
0 0.13543003851091143 0.4868721461187215 0.07060333761232349 0.10616438356164383
0 0.24037227214377407 0.466324200913242 0.06482670089858793 0.14726027397260275
0 0.20459339858169437 0.3580668470565454 0.06652933517196859 0.12605558916899104
0 0.2503209242618742 0.3595890410958904 0.059050064184852376 0.1461187214611872
0 0.21175836071834447 0.27161378913104456 0.06380476016897861 0.12241825698384148
0 0.13016495478277337 0.25221683886010804 0.1141177883095842 0.14591863670778737
0 0.25994865211810014 0.5102739726027398 0.03979460847240052 0.0593607305936073
0 0.27118100128369704 0.3150684931506849 0.017329910141206675 0.1643835616438356
0 0.8039152759948652 0.4794520547945205 0.06354300385109114 0.12100456621004566
0 0.8478818998716303 0.4737442922374429 0.06033376123234917 0.1324200913242009
0 0.30038510911424904 0.4874429223744292 0.0410783055198973 0.1050228310502283
0 0.29974326059050066 0.295662100456621 0.03979460847240052 0.13013698630136986
0 0.39821583355699297 0.4450175615940797 0.09585781168110927 0.16601307454291026
0 0.37549541169852696 0.2922387628583153 0.06212805788596432 0.14161197502700243
0 0.5170089858793325 0.5136986301369864 0.10718870346598203 0.05251141552511415
0 0.48880141644328995 0.3311843853028418 0.07159849890314066 0.19470824584209978
0 0.46566110397946087 0.490296803652968 0.10077021822849808 0.09931506849315068
0 0.6678433889602053 0.5079908675799086 0.08793324775353016 0.0639269406392694
0 0.3064826700898588 0.0502283105022831 0.05327342747111682 0.1004566210045662
0 0.3648908857509628 0.03767123287671233 0.07381258023106547 0.07534246575342465
0 0.38353783482434006 0.11701045235603218 0.08505127998043739 0.1116689138909459
0 0.45025673940949934 0.03881278538812785 0.07381258023106547 0.0776255707762557
0 0.6245186136071887 0.033105022831050226 0.07958921694480103 0.06621004566210045
0 0.7150192554557124 0.023972602739726026 0.0693196405648267 0.04794520547945205
0 0.8620032029804146 0.09898295901679893 0.0628878185734732 0.13030278723829866
0 0.9310935816636017 0.0773387612766902 0.07682516133546859 0.0996153648240817
0 0.94190032522638 0.1344413974416414 0.05020802900650168 0.13266407151803047
0 0.9620008004572739 0.2049893257270377 0.05472711252521337 0.16146872761704734
0 0.8260337006946115 0.2139779772020637 0.06595300517598192 0.11349851154342026
0 0.9906931964056482 0.18949771689497716 0.018613607188703467 0.16210045662100456
0 0.6949791134103913 0.43635562158051633 0.09884446079514633 0.11963477087667969
0 0.7880533940066303 0.26829870099704095 0.05887954652298644 0.12655911772769762
0 0.7365744750512352 0.24754437608941013 0.06616247378892386 0.1737881199975401
0 0.9080530300261608 0.34251203493572185 0.0695027534631893 0.14904614538547878
0 0.9446910013779245 0.4497866654658547 0.0721356660859449 0.1367549110735367
0 0.9655705538752856 0.3570800793217434 0.06693546529924907 0.09311007232611804
0 0.9775353016688062 0.4617579908675799 0.044929396662387676 0.09474885844748858
0 0.5617754866362683 0.2318880324551145 0.08368893951341573 0.1377119470026
0 0.6852199247744288 0.1892517399618813 0.08123945758218279 0.12613691590026752
0 0.537227214377407 0.04337899543378995 0.07188703465982028 0.0867579908675799
0 0.498395378690629 0.0410958904109589 0.05455712451861361 0.0821917808219178
0 0.06047279080297321 0.8193343222650002 0.09166621487015346 0.130412272038126
0 0.05680359435173299 0.5873287671232876 0.051989730423620026 0.09474885844748858
0 0.1135690322352894 0.6307075933562463 0.056416939699990495 0.12862954809962568
0 0.08093314124681716 0.7078984570079844 0.060163243570483305 0.1266654550531491
0 0.337612323491656 0.968607305936073 0.07188703465982028 0.06278538812785388
0 0.29492939666238766 0.9480593607305936 0.030166880616174584 0.10388127853881278
0 0.36690237870498704 0.9209105480607672 0.06275688744900293 0.09958720675553098
0 0.2865853658536585 0.8898401826484018 0.013478818998716302 0.08561643835616438
0 0.31065468549422337 0.860730593607306 0.06161745827984596 0.1004566210045662
0 0.34141165658446715 0.8354567631671558 0.05849977211028528 0.07649031321359175
0 0.4081900998722996 0.8293564459879711 0.07544980190773744 0.08358046100153861
0 0.4166976092072734 0.6927548305542757 0.04964482390227808 0.10646153241819914
0 0.33430522680548436 0.7046974056845403 0.046933373791051176 0.08917873875878903
0 0.2923620025673941 0.5656392694063926 0.02503209242618742 0.05136986301369863
0 0.538831835686778 0.5445205479452054 0.04942233632862644 0.0091324200913242
0 0.5134788189987163 0.5644977168949772 0.04749679075738126 0.04908675799086758
0 0.7018354287285041 0.6099998883613426 0.06169588983726412 0.09040161800148103
0 0.5749658228438317 0.7620923002936517 0.06595300517598192 0.11349851154342026
0 0.6922336328626444 0.954337899543379 0.07124518613607189 0.091324200913242
0 0.9791399229781772 0.8738584474885844 0.0417201540436457 0.1404109589041096
0 0.8973640926960896 0.933260822982108 0.06795719416675168 0.08750864709449191
0 0.8232697510163324 0.8688913911327972 0.06366070415274507 0.10534813797533435
0 0.8748337699060807 0.8668944188062062 0.042204609797291 0.11153127102256782
0 0.9155191231559874 0.8720532682273754 0.061014772569279965 0.0755614353530792
0 0.9945442875481386 0.8493150684931506 0.010911424903722721 0.13013698630136986
0 0.9813863928112966 0.627283105022831 0.037227214377406934 0.07876712328767123
0 0.8250962772785623 0.5616438356164384 0.06097560975609756 0.04337899543378995
0 0.8812580231065469 0.5644977168949772 0.05391527599486521 0.04908675799086758
0 0.8171327094343804 0.7727367105974524 0.05436046300427504 0.09775446162868076
0 0.8843235275022153 0.6392344457728976 0.0478371904947936 0.09493966997859238
0 0.46598202824133506 0.5667808219178082 0.05263157894736842 0.05365296803652968
0 0.4338896020539153 0.5662100456621004 0.04621309370988447 0.05251141552511415