0 0.054317548746518104 0.09282178217821782 0.0905292479108635 0.18564356435643564
0 0.11140956000002768 0.1684823527002337 0.08390782965781471 0.16033493357880452
0 0.18036211699164345 0.31683168316831684 0.09610027855153204 0.18564356435643564
0 0.24566033765791312 0.24639029976607216 0.07032471648236534 0.17935401068558407
0 0.3488857938718663 0.31992574257425743 0.0766016713091922 0.17945544554455445
0 0.43515375035897524 0.18106258346173304 0.08461701906474225 0.20365176526197282
0 0.5589993706745745 0.26296117319253626 0.08118310200093143 0.16364369949520993
0 0.5805892077856003 0.13205103001663593 0.10309504660526024 0.18657749631633505
0 0.3355651723686034 0.17380042145216576 0.11938262488310923 0.16301202953077382
0 0.36246518105849584 0.07982673267326733 0.10515320334261838 0.15965346534653466
0 0.4453342618384401 0.03589108910891089 0.0967966573816156 0.07178217821782178
0 0.6155988857938719 0.3323019801980198 0.08913649025069638 0.1547029702970297
0 0.6399721448467967 0.38366336633663367 0.09331476323119778 0.05198019801980198
0 0.6977715877437326 0.33601485148514854 0.04317548746518106 0.14727722772277227
0 0.49930362116991645 0.3582920792079208 0.06963788300835655 0.10272277227722772
0 0.4376740947075209 0.3533415841584158 0.06615598885793872 0.11262376237623763
0 0.11350974930362116 0.36448019801980197 0.06685236768802229 0.09034653465346534
0 0.07973537604456825 0.3341584158415842 0.06476323119777158 0.15099009900990099
0 0.03307799442896936 0.338490099009901 0.06337047353760446 0.14232673267326731
0 0.1451949860724234 0.38923267326732675 0.08565459610027855 0.04084158415841584
0 0.40041782729805014 0.3787128712871287 0.06963788300835655 0.06188118811881188
0 0.7416434540389972 0.3719059405940594 0.04456824512534819 0.07549504950495049
0 0.05523099630866687 0.49810733907535654 0.07829627390817887 0.15705147531260544
0 0.5445682451253482 0.46410891089108913 0.08774373259052924 0.10891089108910891
0 0.4039078845003913 0.8184518834268881 0.09509786802575877 0.12244842100833883
0 0.2116991643454039 0.9461633663366337 0.07103064066852367 0.10767326732673267
0 0.12465181058495822 0.9597772277227723 0.052924791086350974 0.08044554455445545
0 0.02054317548746518 0.9492574257425742 0.04108635097493036 0.10148514851485149
0 0.5868609291663393 0.9079028561120531 0.06008911155358785 0.148236671591023
0 0.620125348189415 0.9832920792079208 0.04805013927576602 0.03341584158415842
0 0.7064763231197771 0.9003712871287128 0.02576601671309192 0.11014851485148515
0 0.6967270194986073 0.7667079207920792 0.04526462395543175 0.1373762376237624
0 0.7029944289693594 0.4535891089108911 0.032729805013927575 0.08787128712871287
0 0.6481588027793569 0.9213402788502536 0.04438378875656046 0.12249924056689636
0 0.6639972144846796 0.9900990099009901 0.06754874651810584 0.019801980198019802
0 0.9245070749732701 0.7357718204118582 0.06301646475530774 0.15730414329837994
0 0.9613509749303621 0.5284653465346535 0.07729805013927576 0.16336633663366337
0 0.9825905292479109 0.5625 0.034818941504178275 0.15717821782178218
0 0.9721448467966574 0.7407178217821783 0.055710306406685235 0.15717821782178218
0 0.7823525187626111 0.8785902139408472 0.05095513654456701 0.1419728340866674
0 0.7506963788300836 0.9455445544554455 0.05988857938718663 0.10891089108910891
0 0.9930362116991643 0.9034653465346535 0.013927576601671309 0.09900990099009901
0 0.9321030640668524 0.9585396039603961 0.04944289693593315 0.08292079207920793
0 0.9597568887208092 0.8423086945770402 0.0733682864117826 0.11065323804859971
0 0.9613272366932918 0.9382245361611986 0.05368731617908981 0.09668588659215066
0 0.858044007730424 0.9184724563600849 0.04314032095541818 0.08898237264005704