0 0.3778040141676505 0.09716386554621849 0.06375442739079103 0.17121848739495799
0 0.3367768595041322 0.06039915966386555 0.0690672963400236 0.1207983193277311
0 0.2484555955658835 0.11725033947655591 0.07412147285601373 0.16300571113171294
0 0.1756198347107438 0.04779411764705882 0.0820543093270366 0.09558823529411764
0 0.07111665319663954 0.08658145980554163 0.07711327103811554 0.14663970364396192
0 0.05194805194805195 0.030987394957983194 0.09681227863046045 0.06197478991596639
0 0.2603305785123967 0.03203781512605042 0.10861865407319952 0.06407563025210083
0 0.03217237308146399 0.15546218487394958 0.06434474616292798 0.14915966386554622
0 0.022727272727272728 0.24422268907563024 0.045454545454545456 0.15021008403361344
0 0.12129319797196914 0.18897198696569142 0.06770255283709437 0.14651488327516354
0 0.17395481731237658 0.17714588437226267 0.06436693312329254 0.1523766890822422
0 0.3955135773317591 0.4317226890756303 0.02833530106257379 0.07563025210084033
0 0.34903189368399196 0.3831761211454171 0.08295351662139225 0.12748969831977966
0 0.3961038961038961 0.19065126050420167 0.02715466351829988 0.11869747899159663
0 0.35251723720327893 0.23613938231431505 0.10253718256142161 0.13306489243126693
0 0.20488042419919433 0.2165404845853136 0.0679088457561144 0.1528174042835669
0 0.1502957645090788 0.26921175258387825 0.1039986994993023 0.12383146851932438
0 0.13705060994513496 0.31726655331768894 0.09243882129700029 0.11193166870112402
0 0.22163519404244592 0.3209802395551361 0.06434419530661649 0.11575888826699757
0 0.2648027754548748 0.35410544580724823 0.05837806544715385 0.0951398322717333
0 0.2733175914994097 0.4206932773109244 0.05430932703659976 0.0976890756302521
0 0.22195985832349469 0.4269957983193277 0.05548996458087367 0.08508403361344538
0 0.16942148760330578 0.4375 0.043683589138134596 0.06407563025210083
0 0.12072018890200709 0.4385504201680672 0.05726092089728453 0.06197478991596639
0 0.07024793388429752 0.4364495798319328 0.047225501770956316 0.0661764705882353
0 0.01977567886658796 0.4427521008403361 0.03955135773317592 0.05357142857142857
0 0.029070661361548185 0.3955662911616645 0.0532714894169413 0.10078128047814947
0 0.015938606847697757 0.3865546218487395 0.031877213695395513 0.10294117647058823
0 0.34386068476977566 0.4417016806722689 0.07378984651711924 0.05567226890756303
0 0.70543093270366 0.0546218487394958 0.1038961038961039 0.1092436974789916
0 0.631934317575519 0.12624132108952657 0.0776575633205889 0.18123011665662625
0 0.5679360286002587 0.19010354748837263 0.08325131166342825 0.17251086047956232
0 0.50496975507641 0.17684438641698638 0.10295559056770849 0.12788624412448496
0 0.4194214876033058 0.15231092436974789 0.01948051948051948 0.17436974789915966
0 0.4439656245110633 0.3231278697423327 0.06623521373096661 0.1735319975106948
0 0.49693086106175377 0.33868614405220593 0.06061290540320397 0.16341714319610293
0 0.6643608194371672 0.302032595735054 0.07283186668398312 0.17749123588399177
0 0.7789980028840516 0.1464388814361158 0.08843829633647464 0.133402871962103
0 0.8748524203069658 0.05514705882352941 0.07201889020070838 0.11029411764705882
0 0.8448584748705832 0.1756857449783276 0.0796924833821773 0.11766865413940429
0 0.9867178276269185 0.017857142857142856 0.026564344746162927 0.03571428571428571
0 0.9911452184179457 0.0661764705882353 0.01770956316410862 0.10084033613445378
0 0.9681227863046045 0.15231092436974789 0.06375442739079103 0.14705882352941177
0 0.8824605924969398 0.29229726989347454 0.057237081367985235 0.18601221915870317
0 0.9855371900826446 0.20588235294117646 0.028925619834710745 0.13865546218487396
0 0.9620472937636392 0.3425122113109413 0.070356351655743 0.10186098378315143
0 0.9887839433293979 0.3434873949579832 0.02243211334120425 0.07983193277310924
0 0.916722094525715 0.270631637640673 0.058704420474113 0.15899510492317165
0 0.834762198405818 0.310888693394941 0.10242821393366464 0.14769732225065418
0 0.14167650531286896 0.49789915966386555 0.089728453364817 0.05672268907563025
0 0.13016528925619836 0.5409663865546218 0.10448642266824085 0.14285714285714285
0 0.06345926800472255 0.5015756302521008 0.11747343565525384 0.06407563025210083
0 0.1380316030231031 0.6087946315319039 0.09049013204649241 0.12424290058371434
0 0.30991735537190085 0.5304621848739496 0.09917355371900827 0.12184873949579832
0 0.2682114476999187 0.5477718594064809 0.07589825134067167 0.1454423784087865
0 0.3274522534886019 0.5920808256202496 0.06304294479809197 0.1658117936664538
0 0.032467532467532464 0.5304621848739496 0.06493506493506493 0.12184873949579832
0 0.03128689492325856 0.6186974789915967 0.06257378984651712 0.11764705882352941
0 0.06972917187703412 0.6679189248252927 0.07429920579011089 0.15047412164846038
0 0.019185360094451005 0.7137605042016807 0.03837072018890201 0.12710084033613445
0 0.17606668407636392 0.6752541145964183 0.0798183676583635 0.1574377154588506
0 0.2511059324440971 0.6680264831711811 0.11305977400037663 0.1312357775310394
0 0.250214356689489 0.7403842536183337 0.09952264656264373 0.11281309910377346
0 0.3721244672444518 0.589686419841116 0.05846374540192328 0.1516421637467011
0 0.3934474616292798 0.6423319327731093 0.032467532467532464 0.1565126050420168
0 0.39403778040141674 0.9059873949579832 0.03128689492325856 0.11449579831932773
0 0.39728453364817 0.9611344537815126 0.024793388429752067 0.07773109243697479
0 0.3875442739079103 0.9821428571428571 0.04427390791027155 0.03571428571428571
0 0.03659976387249114 0.9747899159663865 0.07319952774498228 0.05042016806722689
0 0.1782762691853601 0.9742647058823529 0.08146399055489964 0.051470588235294115
0 0.10596221959858323 0.9574579831932774 0.048996458087367176 0.08508403361344538
0 0.06993990982352231 0.9278758317236215 0.06034949251433779 0.1194464012043876
0 0.0688425920062057 0.8852970886501217 0.07608180644301551 0.11512709860194512
0 0.028925619834710745 0.904936974789916 0.05785123966942149 0.0976890756302521
0 0.16049935703266627 0.9239905352663136 0.06955973996458602 0.09548501024119392
0 0.11436590176709115 0.8817420839025899 0.08476467725921989 0.11097678576492066
0 0.18332714056348126 0.8789621746679062 0.060533047616681636 0.0891311213975461
0 0.14431771488496653 0.8189521176789034 0.05979937806361775 0.10263967851531197
0 0.04826794122064884 0.7818599852324346 0.061535952226858655 0.10180961594790698
0 0.21821043243344004 0.8672388077449663 0.050251131249916474 0.09831317747424445
0 0.25290171137684037 0.8587034275930049 0.05125985802834044 0.09320798170101663
0 0.308317089483127 0.8676286444934814 0.08695404158191763 0.10601849505880069
0 0.31064925373044033 0.9569878113127498 0.05501388574842902 0.08216752758715602
0 0.3479929161747344 0.9532563025210085 0.05962219598583235 0.0934873949579832
0 0.2644628099173554 0.9863445378151261 0.04014167650531287 0.0273109243697479
0 0.2694805194805195 0.960609243697479 0.06080283353010626 0.07878151260504201
0 0.256325646701379 0.9542549366203456 0.06189724026329925 0.05896274665781316
0 0.22136953955135774 0.9669117647058824 0.06257378984651712 0.0661764705882353
0 0.9281243419546287 0.8219761820510814 0.059822115880294076 0.1392574793305567
0 0.8524834059064205 0.8108214605351421 0.06976603288360604 0.10178753124959727
0 0.8077482500124773 0.793184430587444 0.0561770567879622 0.13566550362503044
0 0.8400634230185567 0.8840863453025662 0.08313707172373595 0.0971744185129384
0 0.7166264931598081 0.9247581876493193 0.045803638298180925 0.10612891855034946
0 0.981995277449823 0.9002100840336135 0.03600944510035419 0.1092436974789916
0 0.9787485242030697 0.9879201680672269 0.04250295159386069 0.02415966386554622
0 0.5949587102459697 0.7569069850662606 0.05323128509552438 0.11751455063367106
0 0.5534959564995794 0.7668122794381277 0.056526700487909164 0.12838601498211388
0 0.5723829706956828 0.8277440923158692 0.05609137683319291 0.07916317215006241
0 0.5622843340031056 0.8632783459155821 0.06852245320123904 0.08175609552276593
0 0.5608254527211926 0.9183041835896256 0.03848496012859431 0.08011085664764098
0 0.5134909823224794 0.9389597211604493 0.07404161506949151 0.08871968933315613
0 0.5102646066645903 0.8766066262275576 0.06404640026458035 0.07073772610721489
0 0.4972921490981946 0.8333960934890056 0.06980623720502283 0.08505426109407581
0 0.5060239574881862 0.7832661363366826 0.06130109932291548 0.0766729844478477
0 0.4960319291955541 0.7043523602329997 0.07233942305942072 0.09060017206862835
0 0.43417945690672965 0.5766806722689075 0.048996458087367176 0.12394957983193278
0 0.42384887839433294 0.7384453781512605 0.02833530106257379 0.08823529411764706
0 0.416469893742621 0.7983193277310925 0.01357733175914994 0.07563025210084033
0 0.44096273284877935 0.8056000398300962 0.04452567646264389 0.08504706265545088
0 0.4318181818181818 0.8876050420168067 0.04427390791027155 0.10504201680672269
0 0.4214876033057851 0.9784663865546218 0.023612750885478158 0.0430672268907563