0 0.06894150417827298 0.03527227722772277 0.07520891364902507 0.07054455445544554
0 0.1469359331476323 0.05012376237623763 0.08635097493036212 0.10024752475247525
0 0.23259052924791088 0.022896039603960396 0.09192200557103064 0.04579207920792079
0 0.282033426183844 0.04764851485148515 0.10584958217270195 0.0952970297029703
0 0.20717270194986073 0.06188118811881188 0.09261838440111421 0.12376237623762376
0 0.15710391468629206 0.1065787025780355 0.11097591800548963 0.15961946050357048
0 0.2801928024837497 0.11596947238488277 0.08401972116477016 0.18690257524704945
0 0.3220765771141069 0.1480432151216251 0.11539728402503863 0.1973108625003849
0 0.3275744359021345 0.21160250783735915 0.10316179194984 0.13507301228828864
0 0.30601886063382366 0.26273017095812917 0.09051352959011358 0.11605821223843964
0 0.442894008642028 0.18556186414470136 0.08189817226931309 0.18167073563478084
0 0.5023655222531095 0.18806334608613615 0.0783109378019745 0.1651127191192837
0 0.3978241030587611 0.10878376168583254 0.07742818764195446 0.136553591063709
0 0.40459610027855153 0.04579207920792079 0.08774373259052924 0.09158415841584158
0 0.4035515320334262 0.024752475247524754 0.09958217270194986 0.04950495049504951
0 0.479108635097493 0.053836633663366336 0.11838440111420613 0.10767326732673267
0 0.5466573816155988 0.08106435643564357 0.09749303621169916 0.16212871287128713
0 0.5947075208913649 0.14727722772277227 0.05013927576601671 0.12623762376237624
0 0.5589866957334436 0.2008409442102657 0.06989767013186042 0.1553239745315955
0 0.6072423398328691 0.2431930693069307 0.025069637883008356 0.11014851485148515
0 0.5582169011097927 0.3184152016360082 0.06848060316778855 0.15142354020262436
0 0.40824069283267916 0.2712215151054841 0.09792298846253689 0.18506533437834483
0 0.2366195312320108 0.3419402841035863 0.05129753137029089 0.07739060548269347
0 0.14376234928342632 0.33775219635448805 0.05775941527228125 0.10793760946801409
0 0.1983832764469008 0.39036820867696037 0.05705493334089605 0.10660620418471664
0 0.05925766174519372 0.3330575422355237 0.07589767725966033 0.11532642406147056
0 0.053039114823177864 0.2733049023278395 0.06467458496530726 0.10144968210296892
0 0.3281602031600134 0.4940713022171052 0.05087665798446146 0.11937603188256435
0 0.3799715496401755 0.4976043808886733 0.04949200342559613 0.12042609260309844
0 0.4328963407265265 0.4904769852986616 0.0611197629031752 0.08984216063697659
0 0.48604777470839533 0.5018670553838327 0.04786425582768271 0.08434744045234484
0 0.555584368950482 0.5079592003214151 0.049054435955310095 0.05359440943478161
0 0.04596100278551532 0.16831683168316833 0.09192200557103064 0.12376237623762376
0 0.12853568856840944 0.21924085450399275 0.10831194920467908 0.17780869085552922
0 0.29545519533184383 0.38842430036983794 0.06746010028564167 0.10182480818665364
0 0.26567296766428233 0.36770443052192503 0.06690957727898673 0.1240082543885047
0 0.3037952911493168 0.44294510066525367 0.0745049195994932 0.11513886101962814
0 0.09935187069253254 0.37279148134882634 0.05293338206950594 0.11470688139582332
0 0.1445433227953233 0.43100522737205155 0.05629372970039973 0.09661143256478552
0 0.07505105166946881 0.4712770827631177 0.05141907788981477 0.09595496191833733
0 0.04390061958657158 0.3938609736482009 0.07508785501135452 0.09790590986728202
0 0.05306625597310026 0.5348278742681107 0.055670278782030555 0.10765626490525046
0 0.10708804152211038 0.5726861829629892 0.05317598722670021 0.045493732223674935
0 0.12789051625122644 0.5303156676997741 0.04592097516086064 0.10634332361235348
0 0.16663248304490597 0.5640490510430379 0.05945149979875393 0.047575389674342085
0 0.23715311621328264 0.5261117708953424 0.07437526997866768 0.09533688082160834
0 0.9139972144846796 0.037747524752475246 0.09261838440111421 0.07549504950495049
0 0.9731894150417827 0.06002475247524752 0.05362116991643454 0.12004950495049505
0 0.9972144846796658 0.09034653465346534 0.005571030640668524 0.13861386138613863
0 0.791782729805014 0.04455445544554455 0.07381615598885793 0.0891089108910891
0 0.9023388986842052 0.14428610800910285 0.06912026028876116 0.1428539553869119
0 0.9651810584958217 0.1318069306930693 0.06963788300835655 0.09777227722772278
0 0.9349793256428887 0.2066631689336624 0.08279664075008322 0.10636324917167278
0 0.8961317745913618 0.24218982552300722 0.07099061304386883 0.10971945836551712
0 0.8352720427526173 0.13291523269879138 0.07933905590357014 0.10960721285419543
0 0.8146151799060034 0.2061794512609519 0.06139526834742918 0.13192136855776868
0 0.7500666808927239 0.18210410300365396 0.06422129917427145 0.1384846134533347
0 0.7041137812085101 0.18705605962207736 0.06438336120030334 0.1632370887008596
0 0.9197347511387821 0.46282359175994275 0.05284424795518844 0.10109302000968441
0 0.9881615598885793 0.38985148514851486 0.023676880222841225 0.09405940594059406
0 0.9720563490600179 0.4415573044235255 0.042940985409288264 0.07626522723163921
0 0.9556673811900759 0.39430311043058497 0.061889069644973 0.10107455601928393
0 0.9324512534818942 0.5915841584158416 0.06267409470752089 0.07673267326732673
0 0.6925487465181058 0.5928217821782178 0.060584958217270196 0.07425742574257425
0 0.6973549144043786 0.5286309860427186 0.06806734500140758 0.08830472832143624
0 0.6399721448467967 0.5643564356435643 0.0403899721448468 0.10643564356435643
0 0.7572239678610911 0.36414704158428257 0.0758166462466443 0.10295018643770819
0 0.8234612316729724 0.28969062845128796 0.067508718893451 0.10925055076091106
0 0.7528638629831572 0.28621440331983994 0.06822130392613784 0.11181957980658475
0 0.7863629747388827 0.27057427645423593 0.06335475521685437 0.1124007329225125
0 0.683379938899531 0.27207770392681213 0.08346871027626206 0.10274415940546527
0 0.7108177823858417 0.33206406685234013 0.04443098028507437 0.09130427542199648
0 0.6814442734521572 0.35518605904786243 0.07389767488372713 0.12865894088484553
0 0.6691925751743554 0.4198991567847112 0.045216493229475435 0.10501191832905632
0 0.7062665228045404 0.44272838006889187 0.060472002680901124 0.09717412169031295
0 0.7524057938186908 0.409311076915815 0.07439147618127095 0.09781212834636081
0 0.5779944289693594 0.6707920792079208 0.08356545961002786 0.08168316831683169
0 0.21692200557103064 0.6639851485148515 0.09818941504178273 0.06806930693069307
0 0.13753481894150418 0.693069306930693 0.09818941504178273 0.12623762376237624
0 0.03586350974930362 0.6478960396039604 0.060584958217270196 0.03589108910891089
0 0.03969359331476323 0.9814356435643564 0.07242339832869081 0.03712871287128713
0 0.09613811070784704 0.9394898000803538 0.0737113035537905 0.10019359435019207
0 0.08972962878709699 0.802479456545076 0.10034386422429935 0.12974739115509898
0 0.055882815498183004 0.7118246121277054 0.09278903741030091 0.14480490333585674
0 0.008356545961002786 0.8125 0.016713091922005572 0.1547029702970297
0 0.14589136490250695 0.9647277227722773 0.05083565459610028 0.07054455445544554
0 0.3725626740947075 0.9591584158415841 0.09331476323119778 0.08168316831683169
0 0.36232093737645166 0.8782939719597398 0.07692628324310916 0.1661627798398175
0 0.29152504270474744 0.9051395290065096 0.07941198381528437 0.12074582671558157
0 0.2706541794964212 0.8516879842064876 0.100392482832109 0.13717313372935627
0 0.28379267948489384 0.7577969465328762 0.10280574337442332 0.18695942878716942
0 0.23175063855856298 0.7363652140673133 0.11264418110991074 0.201886231466205
0 0.18314763231197773 0.682549504950495 0.07103064066852367 0.1051980198019802
0 0.5644150417827298 0.7419554455445545 0.1107242339832869 0.18193069306930693
0 0.5145447805010501 0.7947307885177285 0.0932347079818884 0.21287421026654982
0 0.4542272246267325 0.7620481966794577 0.07832714400457776 0.16758796664403616
0 0.4110150292647675 0.8266028889289831 0.11042539499883453 0.18180290670542157
0 0.5385572076051275 0.8996936237329466 0.09718609412594531 0.17878343404554242
0 0.564066852367688 0.9368811881188119 0.0905292479108635 0.12623762376237624
0 0.5974930362116991 0.8341584158415841 0.04456824512534819 0.18811881188118812
0 0.6110724233983287 0.8768564356435643 0.017409470752089137 0.15717821782178218
0 0.7333125855823571 0.6975528185261998 0.06058544609912345 0.11450085436358026
0 0.6753027059925064 0.6843439715627246 0.06386476271700153 0.08402916790878039
0 0.8868669494618008 0.9421098363904735 0.052909072765601035 0.11099401010869432
0 0.9632541325274276 0.9114199677703935 0.05086045178185835 0.11690078435781187
0 0.6751392757660167 0.9647277227722773 0.060584958217270196 0.07054455445544554
0 0.9387186629526463 0.9876237623762376 0.06406685236768803 0.024752475247524754
0 0.9916434540389972 0.8978960396039604 0.016713091922005572 0.0952970297029703
0 0.9484679665738162 0.6775990099009901 0.052924791086350974 0.0952970297029703
0 0.8931058495821727 0.6639851485148515 0.06476323119777158 0.06806930693069307
0 0.9801532033426184 0.713490099009901 0.03969359331476323 0.07797029702970297
0 0.6361420612813371 0.9375 0.032729805013927575 0.08044554455445545