0 0.2913247362250879 0.04592901878914405 0.05627198124267292 0.0918580375782881
0 0.0872615584864642 0.1899151012944873 0.04649324331870817 0.10008803764472898
0 0.058118845202334124 0.2567759703339252 0.04749437551613205 0.06150234678920428
0 0.2506689405517358 0.35764948833837606 0.06081989495301768 0.08369023110686592
0 0.1949561445396566 0.3452395124576846 0.058372882146769785 0.07842243965188028
0 0.06495372705699583 0.326543293143354 0.04840805213504652 0.07821595436067508
0 0.04834195006054382 0.3967964636967947 0.03890657228923732 0.07175856724636902
0 0.017531928200515717 0.3395252370935224 0.03451125756950996 0.11653442895699338
0 0.10228604923798358 0.43997912317327764 0.0627198124267292 0.038622129436325675
0 0.13488989396739173 0.40543724040511986 0.029371599346286945 0.09347275001361893
0 0.5662368112543963 0.014613778705636743 0.05861664712778429 0.029227557411273485
0 0.6125439624853458 0.029227557411273485 0.07151230949589683 0.05845511482254697
0 0.802168815943728 0.03549060542797495 0.06623681125439625 0.0709812108559499
0 0.8180845841813755 0.24137898472980018 0.058536637220588064 0.08677317034081533
0 0.5966448538298844 0.1645809871775943 0.05977037831582577 0.08992898673636679
0 0.5409022875563207 0.10886981513845162 0.05202181984224956 0.14298270197432472
0 0.4754265663539907 0.05649057930206439 0.06424199253086173 0.10880315414167323
0 0.45374398495831103 0.11641465223673869 0.05457675761123419 0.09399503633843176
0 0.3923239784300144 0.05143037010854666 0.06336925468040183 0.09417722924243613
0 0.335873388042204 0.02348643006263048 0.032825322391559206 0.04697286012526096
0 0.37465896196071374 0.13057441130938155 0.04907609614323344 0.08240346589874309
0 0.42262602579132474 0.42693110647181626 0.044548651817116064 0.06471816283924843
0 0.5920281359906213 0.44676409185803756 0.05158264947245018 0.025052192066805846
0 0.7596717467760844 0.4331941544885177 0.06213364595545135 0.05219206680584551
0 0.6843493552168816 0.4394572025052192 0.04865181711606096 0.03966597077244259
0 0.6765867770966891 0.40551897284953303 0.05782765444394658 0.08049797613051374
0 0.7212377758349416 0.39937665545532597 0.05772530752281019 0.07527876944992919
0 0.7811867881434431 0.4049166392960553 0.04953944630914764 0.07615256407564198
0 0.791031652989449 0.4462421711899791 0.03927315357561548 0.026096033402922755
0 0.8437866354044549 0.07150313152400835 0.05920281359906213 0.1430062630480167
0 0.8867098015339071 0.10326932291845159 0.06497889036304412 0.146381442241882
0 0.9147136749726227 0.06460431614777057 0.056990277320340836 0.12743439767497375
0 0.956557579050937 0.17173092991584846 0.056076600701426435 0.11072079010350293
0 0.9088324622667042 0.18524086763087547 0.04819033457985994 0.09699295221717934
0 0.8711670767440179 0.22358436592790298 0.06090177248992669 0.08786559645133368
0 0.8822828364992131 0.2692643877482409 0.059135827404779906 0.05756990531674257
0 0.9827080890973037 0.22338204592901878 0.03458382180539273 0.08977035490605428
0 0.9871043376318874 0.15970772442588727 0.02579132473622509 0.081419624217119
0 0.9941383352872216 0.43580375782881003 0.011723329425556858 0.04697286012526096
0 0.8449589683470106 0.44258872651356995 0.03927315357561548 0.033402922755741124
0 0.8783704572098476 0.45041753653444677 0.04630715123094959 0.017745302713987474
0 0.8695071889918948 0.39786943047862616 0.0419806903352177 0.07912618756718873
0 0.9642438452520515 0.4279749478079332 0.032825322391559206 0.06263048016701461
0 0.9862250879249707 0.40970772442588727 0.027549824150058615 0.06784968684759916
0 0.9915005861664713 0.33194154488517746 0.016998827667057445 0.06471816283924843
0 0.5873601577244055 0.23468233031103133 0.0678948313768063 0.08592366810230326
0 0.4590976254772948 0.2915978038003752 0.03624184192780278 0.08526777364788728
0 0.3264947245017585 0.38674321503131526 0.01406799531066823 0.06576200417536535
0 0.38397620492470813 0.2978498025937393 0.05002326585928909 0.07094550358865756
0 0.7207558363382822 0.1400974722694765 0.0547888971248205 0.13469270225339103
0 0.6659306570955205 0.21688127275557958 0.04554607360265252 0.11154599995481451
0 0.08025080681238839 0.6164378476536764 0.04016822844001554 0.10621747753182718
0 0.16739794090342805 0.6542818893860743 0.06840656598248838 0.11201970150522601
0 0.27007942029818693 0.6469370988254378 0.050529422423370704 0.1565162007630437
0 0.1623317807309443 0.7482944137013978 0.06666109028156872 0.0827678517067518
0 0.06059188058687122 0.8719607091742683 0.05226558482326393 0.06577488168247422
0 0.16031652989449002 0.9639874739039666 0.0369284876905041 0.0720250521920668
0 0.20603751465416179 0.9937369519832986 0.0615474794841735 0.012526096033402923
0 0.035169988276670575 0.9859081419624217 0.03751465416178194 0.028183716075156576
0 0.012895662368112544 0.6664926931106472 0.02579132473622509 0.06576200417536535
0 0.025205158264947247 0.6351774530271399 0.05041031652989449 0.09916492693110647
0 0.24919327725765836 0.7558852759768059 0.04204209848789946 0.08225771157553946
0 0.25622447346842303 0.8903403961414824 0.05764342998590091 0.07110340410546155
0 0.277700493392117 0.9305886528932308 0.06691974660521001 0.06607853652248184
0 0.3141852286049238 0.9107515657620042 0.010550996483001172 0.07411273486430063
0 0.56455271885862 0.5348660303597993 0.06645081839769547 0.1318041021170462
0 0.6150802612285086 0.6324219522956207 0.07751912752797921 0.09864410323331102
0 0.45446413624192267 0.6211423037332655 0.06195128912711873 0.0816268408218327
0 0.3548995812913115 0.529297874975595 0.06243510867726018 0.07641978033484852
0 0.40760524545169285 0.6054186109402189 0.05279778881317341 0.09291475642151388
0 0.8279098637629337 0.6254032806784205 0.05464561143522947 0.12738581290057266
0 0.8745603751465416 0.4932150313152401 0.07033997655334115 0.06784968684759916
0 0.9000586166471278 0.5104384133611691 0.05568581477139507 0.1022964509394572
0 0.9306564741460311 0.5997973398325382 0.06502540717309883 0.08899446114265254
0 0.9830011723329426 0.4890396659707724 0.03399765533411489 0.059498956158663886
0 0.8683209233691073 0.6412605816010704 0.05171477907884025 0.12732508193257108
0 0.6999432037722622 0.712050012956696 0.04447608758123336 0.11674091424819846
0 0.6679208315923111 0.776362009623843 0.05213719047629982 0.11898649743723616
0 0.9284895084387393 0.7401818533466623 0.053929182987274595 0.09085136613648079
0 0.7095545134818289 0.971294363256785 0.038100820633059786 0.05741127348643006
0 0.8926812464153662 0.7883993326591995 0.05368355037654704 0.07832527010307787
0 0.8178659328113324 0.8238606695734366 0.042689673111859054 0.08540138177749054
0 0.8491393172610439 0.7230445916261984 0.06266027190376021 0.08790203503213453
0 0.39387218111243616 0.8874258184021887 0.04510877086256618 0.05936607934256913
0 0.3530126626829754 0.8047991105488576 0.04555909731556645 0.08233058873714115
0 0.4206460487153401 0.6724487953765523 0.055803053035158375 0.06689160018019306
0 0.37081538680026654 0.658873516223741 0.0662517025970231 0.06189102498441384
0 0.5660730064855012 0.8457728480058346 0.056245933816845194 0.059596857020974815
0 0.8889214536928488 0.9702505219206681 0.03458382180539273 0.059498956158663886
0 0.9621177686181374 0.9674716827041879 0.053294632076228726 0.05849228471685657
0 0.7870112369234237 0.9481449582929049 0.04480917577047039 0.07396771185460574
0 0.7372447721818323 0.9611754870174745 0.0499618577066072 0.06781397958030683
0 0.7450175849941383 0.9895615866388309 0.05158264947245018 0.020876826722338204
0 0.8437428579201232 0.8040212454336609 0.04604291686570783 0.0771235282501572
0 0.399179366940211 0.9812108559498957 0.04220398593200469 0.037578288100208766
0 0.37029900796784054 0.5806279276925738 0.05956568447355279 0.07949057337519769
0 0.4357756505612578 0.7524784117399459 0.053478856534274255 0.06788685674190877
0 0.7598912822659072 0.7624569549600521 0.037148072875403795 0.07172212866556793
0 0.9471044836448957 0.7022331063416445 0.059729439547371 0.08784130406413296