0 0.10476104918403562 0.3479608992427945 0.07144884395047582 0.13162424984060375
0 0.2710393986330506 0.3626218694266159 0.09222396780359726 0.14896670320107483
0 0.35345807722324457 0.40929012774809564 0.09044721319526082 0.15750041321533806
0 0.348928539935487 0.5349089396292838 0.10274955003799395 0.19037013142309547
0 0.3544568245125348 0.009282178217821782 0.06128133704735376 0.018564356435643563
0 0.3506267409470752 0.028465346534653466 0.04805013927576602 0.05693069306930693
0 0.3334155459599743 0.0650774844543255 0.0500313194335195 0.0771963023829689
0 0.2946103299493793 0.06701052565879084 0.05099545416238669 0.08466526373134971
0 0.23084958217270196 0.04455445544554455 0.04247910863509749 0.0891089108910891
0 0.201949860724234 0.039603960396039604 0.05153203342618384 0.07920792079207921
0 0.43697771587743733 0.36324257425742573 0.08565459610027855 0.12995049504950495
0 0.44080779944289694 0.2747524752475248 0.07799442896935933 0.08168316831683169
0 0.35192102196433783 0.27771303996910335 0.05871788417644291 0.10613705543298026
0 0.3083480430094254 0.25702310325780886 0.07304709462628974 0.11814004477683542
0 0.11759783035810636 0.20487194932250888 0.05473575202847025 0.1305869992616409
0 0.174262385577426 0.11411877960235875 0.07461835621897932 0.12317697737458726
0 0.09451404872441045 0.14824181602832207 0.04862920959023431 0.11538976392013847
0 0.05197842076396477 0.28266542796823 0.06205654819435081 0.1409201771018852
0 0.022284122562674095 0.30074257425742573 0.04456824512534819 0.12623762376237624
0 0.006963788300835654 0.28155940594059403 0.013927576601671309 0.1051980198019802
0 0.017757660167130918 0.21225247524752475 0.035515320334261836 0.09034653465346534
0 0.49895543175487467 0.6423267326732673 0.0383008356545961 0.1806930693069307
0 0.6025443120352966 0.578917219235679 0.0923484935698711 0.19095947357361986
0 0.48746518105849584 0.33044554455445546 0.01532033426183844 0.12623762376237624
0 0.571888547770713 0.4225856845654181 0.08659067427979178 0.12762456782181456
0 0.5350458075516354 0.2733125328893652 0.06830632076509659 0.12155038464510004
0 0.7030485346420827 0.40467749631660227 0.07501063788403685 0.17259549032138988
0 0.6955877107423815 0.6696586377874875 0.07850188421757273 0.13453168510659058
0 0.584895548160418 0.33284421274968107 0.0666904331892764 0.1152758282849718
0 0.5541926167536041 0.35202540942276866 0.0640834218014646 0.12005344823798296
0 0.6084509775091999 0.2505795626259268 0.07673448179235436 0.1047854960354375
0 0.5590116891985959 0.16998666941815313 0.06608330632545405 0.1177078570356009
0 0.5995801652759651 0.16754286326780832 0.0677884458675355 0.12645766092048147
0 0.5807799442896936 0.01051980198019802 0.04874651810584958 0.02103960396039604
0 0.5389972144846796 0.03712871287128713 0.052924791086350974 0.07425742574257425
0 0.5607168287406773 0.16140974062976637 0.061699540329305906 0.13101918700287543
0 0.753385424933498 0.11196769911490627 0.06246753422564436 0.113778891877855
0 0.7952646239554317 0.050742574257425746 0.055710306406685235 0.10148514851485149
0 0.7545264623955432 0.04455445544554455 0.04805013927576602 0.0891089108910891
0 0.7091248855985051 0.08131194414341662 0.07377046253949757 0.09966212588943875
0 0.8295487149016322 0.43857663099109456 0.08087641350661327 0.16184584542711486
0 0.8351498095176394 0.33163022248085877 0.08924231165073426 0.12408457163117965
0 0.7720917178619494 0.31903394769899107 0.0672259449868438 0.1301273134334868
0 0.8510715270855115 0.2191223673835316 0.08104663272224763 0.10875767996730691
0 0.9304457529065907 0.2631208936967033 0.07159207408298576 0.097057222042316
0 0.9777158774373259 0.5507425742574258 0.04456824512534819 0.16584158415841585
0 0.9500321384223219 0.5328816267643437 0.061672551246181644 0.14954032466439549
0 0.9022175561375415 0.43626445280686416 0.07700223769113798 0.11221123860969492
0 0.9194609500324405 0.35484845747837507 0.08718016424360783 0.10543377764728933
0 0.08913649025069638 0.9449257425742574 0.0905292479108635 0.11014851485148515
0 0.30362116991643456 0.9498762376237624 0.06824512534818941 0.10024752475247525
0 0.26541652475859295 0.930325867115126 0.07780550538748901 0.1344884663324672
0 0.3631615598885794 0.9795792079207921 0.08565459610027855 0.04084158415841584
0 0.3342618384401114 0.9455445544554455 0.06406685236768803 0.10891089108910891
0 0.3369956380331313 0.8808111108641046 0.053682365333341794 0.12064279038850764
0 0.44707520891364905 0.9573019801980198 0.06545961002785515 0.0853960396039604
0 0.23328690807799443 0.8842821782178217 0.07103064066852367 0.12995049504950495
0 0.9463788300835655 0.9746287128712872 0.054317548746518104 0.050742574257425746