0 0.20320447993870802 0.040639082401719887 0.09343465222073422 0.06913955817455797
0 0.10348209721362782 0.25946864128240865 0.08602993110170376 0.13653776892961808
0 0.11888331242158093 0.35435267857142855 0.07340025094102885 0.09040178571428571
0 0.07124853274452106 0.3336381168662164 0.047038104787885164 0.10921013552400538
0 0.5370138017565872 0.34598214285714285 0.025094102885821833 0.10714285714285714
0 0.7143364707210823 0.11178247667112443 0.0700830915569959 0.1264722868547182
0 0.6335079571920109 0.12488066167896683 0.0655601109314425 0.12168966615946049
0 0.8569067944192533 0.20223641015891097 0.1029026942393662 0.1355334895705099
0 0.875231098302079 0.323970628111194 0.08210676014237454 0.08836479179763401
0 0.9858845671267252 0.3119419642857143 0.028230865746549563 0.11049107142857142
0 0.972396486825596 0.37220982142857145 0.05269761606022585 0.0546875
0 0.6069530106974178 0.32504209801783457 0.05681538832575083 0.0798493061920801
0 0.7525094102885822 0.36886160714285715 0.04705144291091593 0.06138392857142857
0 0.6599749058971142 0.38950892857142855 0.05269761606022585 0.020089285714285716
0 0.7733480602017859 0.2973885833796798 0.0971552190000492 0.1529358681691215
0 0.5765370138017566 0.359375 0.053952321204516936 0.08035714285714286
0 0.5068475934465048 0.48488868283789666 0.06281788593231871 0.134855141173052
0 0.53732747804266 0.57421875 0.024466750313676285 0.08370535714285714
0 0.5367001254705144 0.64453125 0.025721455457967377 0.10825892857142858
0 0.48946745319894697 0.6498607113549594 0.05529232269117822 0.11314954334581044
0 0.44938531251650554 0.6716989404694214 0.05413358438768182 0.13756668549682236
0 0.4838941725738631 0.9665521385141262 0.06018496589702022 0.06672930760434172
0 0.43224592220828106 0.9888392857142857 0.043914680050188205 0.022321428571428572
0 0.5169385194479298 0.8018973214285714 0.06524466750313676 0.07700892857142858
0 0.5047331881719698 0.7372923117895736 0.05955494570026862 0.0878437118954926
0 0.5272898368883312 0.7103794642857143 0.04454203262233375 0.09040178571428571
0 0.3276695768341481 0.6064617845754158 0.09194179711668911 0.12471574747386376
0 0.15822129366918955 0.6421324431299096 0.0659546487930463 0.13508252330231763
0 0.28345279147868496 0.8324046558408897 0.06734086655787201 0.1396377618683096
0 0.44074455962542713 0.7525108475850955 0.07421686957015773 0.07554228897311077
0 0.47272843697649547 0.7930693470148792 0.03849065111299535 0.07406620412805356
0 0.44895879698214125 0.8243051294156617 0.06437382972202486 0.10267097544789294
0 0.4456149951745602 0.8846866776231516 0.038224958247319925 0.08629751341648577
0 0.4817877363506331 0.889303509209384 0.05295263842747649 0.07622823335124705
0 0.5175658720200753 0.8420758928571429 0.06398996235884567 0.07254464285714286
0 0.3989962358845671 0.98828125 0.05144291091593475 0.0234375
0 0.03136762860727729 0.73046875 0.06273525721455459 0.09709821428571429
0 0.04874073410841668 0.8522030176813915 0.05318011788880601 0.10520061406825094
0 0.09135005796931024 0.8402047875077333 0.04845986833245065 0.09372156480156464
0 0.018820577164366373 0.9715401785714286 0.037641154328732745 0.056919642857142856
0 0.010351317440401506 0.8872767857142857 0.02070263488080301 0.08482142857142858
0 0.7063989962358845 0.44252232142857145 0.06775407779171895 0.0859375
0 0.810853199498118 0.41964285714285715 0.06587202007528231 0.04017857142857143
0 0.7232602560377761 0.5385112848206871 0.0772772056221935 0.15817705111324962
0 0.6747252947089365 0.5604054099698806 0.07110498199074543 0.13991062042342847
0 0.5724592220828105 0.6082589285714286 0.045796737766624844 0.14732142857142858
0 0.5964306334198326 0.6362432957110367 0.07394584145527006 0.13009335969555127
0 0.632869067461581 0.6530914365857017 0.08570381717497343 0.10421717392689978
0 0.6301361791485786 0.7139855440816242 0.09217727945183686 0.09020848603985547
0 0.5734002509410289 0.8482142857142857 0.04767879548306148 0.10267857142857142
0 0.5803011292346298 0.9330357142857143 0.06148055207026349 0.09151785714285714
0 0.6997074588288401 0.8492670640438806 0.06232471360531384 0.11811406974448044
0 0.6441796538025141 0.9279093459556831 0.054042952796099525 0.0707388290600959
0 0.8662544614682188 0.8483310490526605 0.07143909879129422 0.10875157327513486
0 0.9600614438938477 0.8515542280318329 0.03730170227897157 0.07620739413348991
0 0.9940401505646174 0.8604910714285714 0.01191969887076537 0.03571428571428571
0 0.9067493462320639 0.6956045474232481 0.0784412791749023 0.09144014752822953
0 0.8595281772962674 0.6622758750710824 0.08610102266118318 0.09645015035275277
0 0.8465088273707576 0.5835909403616271 0.056574570741390495 0.15667632906009615
0 0.8076005302570761 0.6187083355543133 0.054991084045763014 0.1454246619226756
0 0.7684074335755463 0.6209925764558487 0.057297890154331024 0.18122990048866733
0 0.7367465691966724 0.6544709213226524 0.06783937413408914 0.11405907186287324
0 0.6979329051114826 0.6545002811541183 0.046410752215739544 0.10916465909815212
0 0.7199009156350014 0.7375481291172745 0.09068975959700407 0.10346491390515336
0 0.9121275922210221 0.5342867495688235 0.06434095156689114 0.10155490401932177
0 0.933102589029016 0.5979170385966126 0.0526211892515339 0.08622739978253666
0 0.8030095928490926 0.8701777987808315 0.04605176013387534 0.07572799266686252
0 0.7610289553726477 0.8927104928871383 0.043838253241496254 0.08559072982059288
0 0.7639097953837515 0.8267940639626444 0.05384301624069112 0.08520228120567148