0 0.2641277641277641 0.048580786026200876 0.085995085995086 0.09716157205240175
0 0.3584152334152334 0.021834061135371178 0.0952088452088452 0.043668122270742356
0 0.4442937408750173 0.09020355903670986 0.08738977775229587 0.1618353169272908
0 0.48464373464373467 0.04421397379912664 0.10933660933660934 0.08842794759825327
0 0.7787532003344766 0.11788968904134876 0.025046656101067776 0.09135013858921273
0 0.7668918918918919 0.06222707423580786 0.057125307125307126 0.12445414847161572
0 0.7603377983111478 0.15358388013377566 0.06058952327492524 0.1291320620812148
0 0.7112632430174928 0.12872292420324336 0.09863122713212397 0.1497009711002244
0 0.7355651105651105 0.07041484716157205 0.07678132678132678 0.1408296943231441
0 0.47682565040440694 0.18758499289672015 0.09421808655754146 0.1645780387984973
0 0.47848403711216586 0.28733674615914595 0.09855361688154018 0.16602567006469204
0 0.5694103194103194 0.3624454148471616 0.09705159705159705 0.1331877729257642
0 0.6342802362773751 0.3352626236197898 0.07921958144372085 0.17422389718966141
0 0.5897646681621657 0.27465512469472975 0.06770404027412646 0.14060840840657005
0 0.5500290881671255 0.2467359113714203 0.06983300031083393 0.14949457352190124
0 0.37369704105669793 0.15824951090483205 0.07875449312854285 0.16003175745167014
0 0.32494144088019566 0.11425832803731946 0.07586212017851202 0.16523603830020872
0 0.02872376910648904 0.1318823899336957 0.05589623270848178 0.11676740024733474
0 0.045574399960365865 0.22851307970203838 0.049867112840803765 0.10102593546902701
0 0.11067587776778881 0.20598815145229996 0.0923098408683956 0.14373398694577322
0 0.018427518427518427 0.06168122270742358 0.036855036855036855 0.10152838427947598
0 0.05405405405405406 0.04039301310043668 0.08722358722358722 0.08078602620087336
0 0.07954545454545454 0.02019650655021834 0.0866093366093366 0.04039301310043668
0 0.1375921375921376 0.06823144104803494 0.11302211302211303 0.13646288209606988
0 0.2861244942996461 0.13348573370330152 0.07893337324976508 0.16549027273551292
0 0.32860660064085384 0.21855485763153257 0.1131228097044275 0.14327937499230525
0 0.33142467903551037 0.27352136212291683 0.10102273574273225 0.129212847456926
0 0.2480354712023374 0.22447392402292854 0.07341723412569902 0.128016440595956
0 0.19920557647046097 0.2297364959276533 0.06533070626980245 0.10557221681585444
0 0.1755602435170218 0.29345903828663666 0.06196718680249894 0.11509246300440627
0 0.22382680916412903 0.33357841356839846 0.06290947983704441 0.10646053232437953
0 0.2714987714987715 0.38155021834061137 0.04914004914004914 0.09497816593886463
0 0.3181818181818182 0.39737991266375544 0.06388206388206388 0.06331877729257641
0 0.3679361179361179 0.41102620087336245 0.05405405405405406 0.036026200873362446
0 0.41984029484029484 0.39465065502183405 0.060810810810810814 0.06877729257641921
0 0.4499385749385749 0.3990174672489083 0.07063882063882064 0.060043668122270744
0 0.496007371007371 0.3968340611353712 0.060810810810810814 0.06441048034934498
0 0.7096750988221479 0.35573435390979735 0.09015116300953822 0.1152480136956687
0 0.7280068323927983 0.28500397122665494 0.0851595478449498 0.13116593756364942
0 0.7517394360882874 0.3783730160539771 0.023382784379538585 0.09665611321187305
0 0.7192874692874693 0.39192139737991266 0.07125307125307126 0.07423580786026202
0 0.09659629266262076 0.2973218157821477 0.08277409743643618 0.1331459561289431
0 0.07415248562241843 0.3337772051654477 0.06688724991859867 0.09699113302288843
0 0.059037851726884236 0.35332466139812 0.06190169295610477 0.0944009518128644
0 0.009828009828009828 0.2052401746724891 0.019656019656019656 0.13973799126637554
0 0.17905405405405406 0.3804585152838428 0.05958230958230958 0.09716157205240175
0 0.10810810810810811 0.4099344978165939 0.06756756756756757 0.03820960698689956
0 0.12031100834598774 0.39123671213785416 0.06552170279521435 0.07401452194368795
0 0.05866093366093366 0.39737991266375544 0.05466830466830467 0.06331877729257641
0 0.8243243243243243 0.25 0.04914004914004914 0.1615720524017467
0 0.831081081081081 0.29858078602620086 0.06265356265356266 0.1517467248908297
0 0.8439803439803439 0.3935589519650655 0.0773955773955774 0.07096069868995633
0 0.933886969862839 0.32544482118407253 0.08653721137252365 0.11712633848684063
0 0.9708230958230958 0.2625545851528384 0.05835380835380835 0.12336244541484716
0 0.9686732186732187 0.0927947598253275 0.06265356265356266 0.12882096069868995
0 0.9791154791154791 0.3400655021834061 0.04176904176904177 0.11899563318777293
0 0.9554668304668305 0.38209606986899564 0.06695331695331695 0.09388646288209607
0 0.952088452088452 0.41593886462882096 0.07002457002457002 0.026200873362445413
0 0.980958230958231 0.3804585152838428 0.038083538083538086 0.09716157205240175
0 0.37285012285012287 0.46997816593886466 0.09213759213759214 0.08187772925764192
0 0.5017181089462204 0.5259366701643822 0.10123739188819904 0.13576306579753747
0 0.7625921375921376 0.6790393013100436 0.07432432432432433 0.14410480349344978
0 0.032862407862407864 0.46179039301310043 0.06572481572481573 0.06550218340611354
0 0.02764127764127764 0.6948689956331878 0.05528255528255528 0.12554585152838427
0 0.04627637107025521 0.7317986430715492 0.061102504018537125 0.1073996947199655
0 0.08428532800425698 0.7278296567567966 0.055788904635748385 0.11349229107702906
0 0.052165702536164794 0.787019381998238 0.05980850894364172 0.086606489754302
0 0.051781253572617876 0.8269428139008816 0.03452296388872794 0.06273855313649634
0 0.06651446760565251 0.8566236889969162 0.065366482294047 0.106663919872623
0 0.08780464116105202 0.8835633472367841 0.040838291950361656 0.08721364236895243
0 0.11403550835155876 0.8819033792381805 0.05838295298763392 0.1365705959303514
0 0.1342909197107542 0.8934320774656366 0.049533012218414045 0.1282168181141195
0 0.020577395577395578 0.986353711790393 0.041154791154791155 0.027292576419213975
0 0.3882063882063882 0.9339519650655022 0.08722358722358722 0.13209606986899564
0 0.2757985257985258 0.9372270742358079 0.0773955773955774 0.12554585152838427
0 0.27825552825552824 0.9798034934497817 0.060196560196560195 0.04039301310043668
0 0.10196560196560196 0.9819868995633187 0.06265356265356266 0.036026200873362446
0 0.7119933358192948 0.884878326661613 0.06775193270256048 0.10468390130732921
0 0.5442260442260443 0.990174672489083 0.07616707616707617 0.019650655021834062
0 0.6253071253071253 0.9557860262008734 0.07371007371007371 0.08842794759825327
0 0.7776412776412777 0.8968340611353712 0.044226044226044224 0.10589519650655022
0 0.7933046683046683 0.9252183406113537 0.012899262899262898 0.0906113537117904
0 0.7675061425061425 0.9716157205240175 0.06326781326781326 0.056768558951965066
0 0.8237100737100738 0.46179039301310043 0.04791154791154791 0.06550218340611354
0 0.9751228501228502 0.699235807860262 0.049754299754299756 0.13209606986899564
0 0.9237215437172301 0.6084541769311073 0.0686584497128616 0.09496026757053404
0 0.877643946939454 0.6331012102081164 0.06262327164308878 0.09772690787023106
0 0.8386087419240662 0.5368234386191199 0.055961726554875885 0.13745891143887662
0 0.9598057999207742 0.9075479468730365 0.05915242410305188 0.10397204488847722
0 0.8135749385749386 0.9246724890829694 0.02764127764127764 0.0851528384279476
0 0.8788199305082369 0.8603414509064444 0.035208766551467464 0.06497280613709433
0 0.9587770959266647 0.9107467857127509 0.05532381632057039 0.0993001513390378
0 0.8999840281962944 0.7219763255907121 0.05814463722211225 0.09191246437696234
0 0.8971510908905631 0.6768605720537751 0.06330907430582837 0.09996116087082892