0 0.08693430745103846 0.21281269408609443 0.06188184485809118 0.08042683119448149
0 0.08595828571596824 0.11426696321387052 0.056550126732030234 0.0945854757690343
0 0.15913095697215368 0.2837571060126697 0.058873733735723736 0.08688789171801964
0 0.19825493656192109 0.2592721394288406 0.0457423756565774 0.09885193212377721
0 0.3344113842173351 0.3482758620689655 0.09314359637774904 0.06206896551724138
0 0.16720569210866754 0.021264367816091954 0.04463130659767141 0.04252873563218391
0 0.12063389391979301 0.013218390804597701 0.057567917205692105 0.026436781609195402
0 0.008408796895213453 0.06666666666666667 0.016817593790426907 0.0735632183908046
0 0.38565729352664385 0.1906696975809404 0.06891525398619579 0.09853919290602549
0 0.3832470892626132 0.032758620689655175 0.06791720569210867 0.06551724137931035
0 0.3745148771021992 0.008045977011494253 0.062095730918499355 0.016091954022988506
0 0.4576326002587322 0.011494252873563218 0.04721862871927555 0.022988505747126436
0 0.4948253557567917 0.04252873563218391 0.050452781371280724 0.08505747126436781
0 0.46735617938832635 0.11927739722693548 0.06306248515407431 0.07715275181265231
0 0.45830662969732666 0.15753899779880978 0.059068481206849384 0.07318188650986383
0 0.5494825355756792 0.35747126436781607 0.05627425614489004 0.04367816091954023
0 0.4532693171573963 0.31821439147413233 0.05506171820010252 0.10811728449695036
0 0.3654133857876744 0.30981730667989144 0.0758796954675154 0.09489957239791943
0 0.38808176582592663 0.1074584375248883 0.06759029886688156 0.07776243949349176
0 0.556921086675291 0.0339080459770115 0.055627425614489 0.067816091954023
0 0.6416558861578266 0.3454022988505747 0.08408796895213454 0.067816091954023
0 0.9945019404915912 0.3005747126436782 0.010996119016817595 0.12298850574712644
0 0.9683053040103493 0.314367816091954 0.06338939197930142 0.1206896551724138
0 0.8972517930103637 0.277136101825793 0.07175353216618893 0.14583982616787455
0 0.9577058348692555 0.18628999112128397 0.06963105216338189 0.12037827336579561
0 0.8966151353648963 0.13000109096128523 0.06274195785860824 0.1263167444486143
0 0.7516804398467385 0.24666300668898464 0.079641278355342 0.1114270176215076
0 0.6540192026411157 0.08646325980648797 0.07587331593775451 0.11435270404285698
0 0.8544361035649932 0.13004328267021165 0.07088066010615016 0.13885617620361668
0 0.6322768434670116 0.15804597701149425 0.06532988357050452 0.1206896551724138
0 0.6206338939197931 0.20862068965517241 0.04204398447606727 0.14367816091954022
0 0.6274256144890039 0.014367816091954023 0.055627425614489 0.028735632183908046
0 0.9767141009055628 0.14310344827586208 0.04657179818887452 0.10689655172413794
0 0.02652005174644243 0.9712643678160919 0.05304010349288486 0.05747126436781609
0 0.05918499353169469 0.9655172413793104 0.05627425614489004 0.06896551724137931
0 0.08505821474773609 0.9459770114942528 0.06921086675291074 0.10804597701149425
0 0.2607986553893772 0.8953675729028824 0.05367995090323286 0.1445505007318731
0 0.30402646992630805 0.8880283133063797 0.06733873921820055 0.148678414349104
0 0.3313034849982361 0.8459271734974635 0.07925178341309057 0.13883902803781945
0 0.4824453568770818 0.8302319124939819 0.08807498977930657 0.15261498332029796
0 0.5776196636481242 0.8057471264367816 0.04398447606727038 0.10804597701149425
0 0.25862406194962556 0.622718886033337 0.06605783721692012 0.10959795457898905
0 0.08978124954023457 0.8351479630323214 0.05213533378404186 0.09742406395026375
0 0.28181319089879214 0.5148392101247508 0.05061563119360206 0.09035331574588595
0 0.07707568099760856 0.47697133866064734 0.048788160367217816 0.0935402968875952
0 0.4052390255011023 0.42961161461354347 0.061115614033110464 0.09634458873723006
0 0.3985588167209798 0.7268158968468073 0.06445002839041286 0.1391346190897737
0 0.3178525050090618 0.7302528838037107 0.07096238681245687 0.12170189513339179
0 0.3599999409553067 0.768542242740981 0.06796065521985031 0.10870982401199253
0 0.35801599983636195 0.6687164392212208 0.056506073613996365 0.11288918212661551
0 0.11775173443518566 0.8829718644404567 0.04847401260151249 0.12325115787861977
0 0.14333602420941904 0.897288236035019 0.06613318439346608 0.11189680515370169
0 0.18848549354341662 0.8896355585151978 0.06480184974439096 0.11057318338610564
0 0.13873316511521197 0.835445590200976 0.04989345348665514 0.08796736693105352
0 0.4328165238937757 0.5735081998389503 0.06248462227045835 0.09881763579218257
0 0.45668058766697495 0.4960447449252466 0.05221706049034864 0.08026978288003885
0 0.5269807987149209 0.5484241557738807 0.06362758897816864 0.09439413112299715
0 0.5827943078913325 0.65 0.03363518758085381 0.10459770114942529
0 0.48058779917276984 0.577079906389434 0.06990752634081432 0.08951798708741485
0 0.47980303334879865 0.5334888437100137 0.060324468679378546 0.07220665770274737
0 0.5412774518559405 0.46395064994165647 0.05982195297230839 0.09617039225699027
0 0.5908796895213454 0.41724137931034483 0.017464424320827943 0.04597701149425287
0 0.5074541981288679 0.39474030744014793 0.04724992277778771 0.02696072846104843
0 0.31979450557599537 0.4358436406316164 0.04940369683910677 0.07302483819542123
0 0.31300886274139933 0.4744100850439104 0.045026577479391296 0.0770128516640071
0 0.2683963929378644 0.4689750191193137 0.057165663203919186 0.07407001707686037
0 0.010025873221216041 0.621264367816092 0.020051746442432083 0.07471264367816093
0 0.8165720766163471 0.9031971617252104 0.11603301740988196 0.18041104043981768
0 0.8785397433310638 0.7799408232915257 0.08843896660251445 0.2030154994837364
0 0.935301169948914 0.6943192495830784 0.09392137908166716 0.19345455605860887
0 0.9734799482535575 0.6919540229885057 0.05304010349288486 0.1471264367816092
0 0.9750970245795602 0.514367816091954 0.04980595084087969 0.18275862068965518
0 0.8146174469716184 0.5979640506462496 0.08311362800621425 0.19772101241335166
0 0.719692415469815 0.7963150433446028 0.09899576161957821 0.15179680282762426
0 0.6384217335058214 0.9281609195402298 0.07761966364812418 0.14367816091954022
0 0.6451562101206042 0.781701044581386 0.0887658734277414 0.13439837520283682
0 0.6086675291073739 0.6649425287356322 0.018111254851228976 0.2057471264367816
0 0.6445666235446313 0.6327586206896552 0.08990944372574386 0.16896551724137931