0 0.01178343949044586 0.3925339366515837 0.02356687898089172 0.0746606334841629
0 0.0267515923566879 0.27601809954751133 0.0535031847133758 0.1425339366515837
0 0.07411824134365276 0.3110957244571263 0.07608239654782592 0.13385351820755167
0 0.03716512356951847 0.1892257342212074 0.05362536138171808 0.10286299126417058
0 0.01751592356687898 0.1595022624434389 0.03503184713375796 0.13800904977375567
0 0.01019108280254777 0.09898190045248868 0.02038216560509554 0.1165158371040724
0 0.11210191082802548 0.3987556561085973 0.07643312101910828 0.06221719457013575
0 0.21019108280254778 0.36312217194570134 0.07388535031847134 0.1334841628959276
0 0.2607337115170274 0.3517369210031053 0.07205307792372759 0.12585598843287457
0 0.2085873110069454 0.311045053961625 0.0845982238095003 0.09445820237275108
0 0.3257586094951993 0.2172605399621174 0.0737579995464786 0.16659313328974013
0 0.36528662420382163 0.10916289592760181 0.04904458598726115 0.11425339366515837
0 0.3573248407643312 0.3009049773755656 0.06496815286624204 0.10633484162895927
0 0.2843538704728157 0.10718281856381265 0.08486697471681426 0.15325540587168976
0 0.16353456920263032 0.10921332520137879 0.07214207616936032 0.12924965359124563
0 0.10352758228400519 0.13740093496085293 0.05467762920316293 0.11871325829298177
0 0.22897737937891308 0.09245639924419172 0.06526832602584955 0.1098872547963465
0 0.24086640632634645 0.04007177807025495 0.053890599948199946 0.06442777871545807
0 0.19652472519808567 0.04198500689819456 0.0434325224087543 0.05403617593773709
0 0.3289808917197452 0.033936651583710405 0.05923566878980892 0.06787330316742081
0 0.11279555141131573 0.06345728633516792 0.07211065391706668 0.07950222384796302
0 0.9671974522292993 0.40158371040723984 0.06050955414012739 0.05656108597285068
0 0.971656050955414 0.32861990950226244 0.056687898089171976 0.08710407239819004
0 0.6601910828025478 0.006787330316742082 0.05286624203821656 0.013574660633484163
0 0.6336261733816078 0.10813634037169428 0.0645563400607885 0.08273793352937815
0 0.7320721692200698 0.27881419403148744 0.06954892826069904 0.10319206517449525
0 0.7694267515923567 0.3829185520361991 0.06878980891719745 0.09389140271493213
0 0.589171974522293 0.38574660633484165 0.07133757961783439 0.08823529411764706
0 0.5050588034339333 0.34486244640555824 0.054634008165554686 0.14132452972570897
0 0.40732484076433123 0.38687782805429866 0.03503184713375796 0.08597285067873303
0 0.42080612999206496 0.30124340662630783 0.05664778939239581 0.12101519060113472
0 0.9590637244874021 0.20144714298464006 0.05757963671591424 0.08372436272829226
0 0.8743433712133584 0.18781206024920702 0.05912051680313088 0.09393168411623144
0 0.5283753240930807 0.09973615162833058 0.055283149626028615 0.06897899150611209
0 0.46248230138118546 0.07290813399539015 0.043388901371145906 0.07664744737046436
0 0.42229382451198244 0.12301017102976326 0.044886160420754 0.10946604019113075
0 0.4773884878280483 0.14848319668422583 0.03653086235378213 0.08215876344720652
0 0.5000697275748549 0.2677945769619384 0.0482331591616687 0.09144547041829652
0 0.40191082802547773 0.09219457013574661 0.024203821656050957 0.057692307692307696
0 0.40382165605095544 0.1244343891402715 0.02802547770700637 0.083710407239819
0 0.04713375796178344 0.956447963800905 0.09426751592356689 0.08710407239819004
0 0.052716844728425534 0.8821714336488997 0.09030279797447188 0.14206165528483633
0 0.10868319232284575 0.76505128934792 0.09399007857177032 0.11274203127384513
0 0.020700636942675158 0.7562217194570136 0.041401273885350316 0.10294117647058823
0 0.01751592356687898 0.6527149321266968 0.03503184713375796 0.12895927601809956
0 0.04428918483097456 0.6567621449576617 0.04888581296297475 0.11633234824635069
0 0.08177282694187145 0.649048015011894 0.056113799918599924 0.10065319965090846
0 0.15212708263550553 0.6029648835655091 0.05832128876285305 0.11200490571471754
0 0.14829234971402738 0.554782656837282 0.08738332316515757 0.10356062795405918
0 0.08068045042365037 0.5448966390833708 0.0706151510378746 0.09529983905112228
0 0.022929936305732482 0.5107466063348416 0.045859872611464965 0.0916289592760181
0 0.13312101910828025 0.4751131221719457 0.06369426751592357 0.09049773755656108
0 0.6503184713375796 0.9423076923076923 0.10063694267515924 0.11538461538461539
0 0.5955414012738853 0.9134615384615384 0.0840764331210191 0.17307692307692307
0 0.7541401273885351 0.9010180995475113 0.09681528662420383 0.19796380090497737
0 0.8601910828025477 0.9400452488687783 0.11019108280254777 0.11990950226244344
0 0.824203821656051 0.9473981900452488 0.09171974522292993 0.10520361990950226
0 0.8004867616877578 0.807227159114103 0.07997909588868314 0.1610686542565849
0 0.9231793693384699 0.8188173834574666 0.0815618408430918 0.1000484961879711
0 0.9526515075796107 0.7520822797537393 0.08724894771150074 0.07416202620458977
0 0.9700636942675159 0.7154977375565611 0.05987261146496815 0.0916289592760181
0 0.9815286624203822 0.8037330316742082 0.03694267515923567 0.14592760180995476
0 0.7357803822509644 0.735150272702882 0.0963319428696805 0.15349233908712362
0 0.6335266381134788 0.7947221093000366 0.10049388077701965 0.1422722625874444
0 0.5749122008726824 0.8184111580945087 0.06518108395063305 0.15510979766180108
0 0.5307572498839683 0.7767526062887337 0.08492630688056935 0.1555178493106037
0 0.6626070178975542 0.7064740484920067 0.0706465732901683 0.14504726879440488
0 0.8387723132983552 0.5380757638878418 0.07819913097603033 0.0931953510891641
0 0.854616493665193 0.4806796227148265 0.07738419180960579 0.08639485781600909
0 0.8729299363057325 0.4496606334841629 0.06815286624203822 0.03959276018099547
0 0.9483997405452298 0.5618461680169727 0.04910743049184855 0.10050840713036556
0 0.9396116972392081 0.47168368958291274 0.055579810444804104 0.08029120870068227
0 0.909636113691357 0.5333151325926704 0.06883694229563786 0.07604274390752705
0 0.9024255468284959 0.6503110213397868 0.08756307582683902 0.15896416629462673
0 0.6029560711652585 0.5145271486875812 0.0658598914929846 0.08389548116166116
0 0.5130573248407644 0.4479638009049774 0.05796178343949045 0.03619909502262444
0 0.5939490445859873 0.4485294117647059 0.07579617834394904 0.03733031674208145
0 0.410828025477707 0.9219457013574661 0.04203821656050955 0.15610859728506787
0 0.466779398419792 0.8348517768317538 0.07655705385786657 0.15195306571886388
0 0.40764331210191085 0.7782805429864253 0.035668789808917196 0.12895927601809956
0 0.4855221211623479 0.7033803574689235 0.08456855772762269 0.09332698065329408
0 0.5317371558749342 0.5085280106914981 0.07686591346195676 0.09090658173742408
0 0.4601910828025478 0.46097285067873306 0.06815286624203822 0.06221719457013575
0 0.7400601536044045 0.5598043247088383 0.07262893226471565 0.0749904999265479
0 0.7474522292993631 0.4457013574660634 0.06050955414012739 0.03167420814479638
0 0.6652220235288183 0.48525438755609557 0.06940059785131122 0.09753595657721031
0 0.6415390672722419 0.6228488042028419 0.07375624337606253 0.11797692526591441
0 0.6091003680471451 0.596146230921855 0.0604258244057429 0.14370543977234
0 0.5936087155258046 0.530745582229926 0.08347266886856951 0.10008798505721016
0 0.696775961605038 0.6064468818027755 0.06423176933055147 0.11891070263917666