0 0.3078804347826087 0.045454545454545456 0.06141304347826087 0.09090909090909091
0 0.19945652173913042 0.041586073500967116 0.058695652173913045 0.08317214700193423
0 0.2545049430724045 0.07744418958724979 0.05470654356661333 0.11248686947288482
0 0.2194563726833043 0.12862822937313687 0.043466705995591756 0.09822209841822452
0 0.19671804416779956 0.14757120345878763 0.04690309244284329 0.06795121767181028
0 0.15076564863558053 0.15568802364054837 0.047389605726231285 0.06610159355529756
0 0.12138934005988322 0.16122418208387515 0.04298481466179319 0.06349046269629616
0 0.08351791221885568 0.17048961933247445 0.0552854372406077 0.058666709563893894
0 0.06014256956447769 0.12840135452631346 0.06597717460117021 0.10942812859671883
0 0.024456521739130436 0.0367504835589942 0.04891304347826087 0.0735009671179884
0 0.049728260869565215 0.010154738878143133 0.07771739130434782 0.020309477756286266
0 0.11486066800506438 0.10736763464953167 0.04278312626581299 0.07501126669675451
0 0.15177446601108363 0.10306470513332008 0.042094924586444905 0.08838169481372579
0 0.1439440632815725 0.047485451372878656 0.04956120779491483 0.084730670915624
0 0.37710779206858935 0.10264011291035358 0.045011693311978164 0.09557458003387055
0 0.3480978260869565 0.031431334622823985 0.042934782608695654 0.06286266924564797
0 0.3828804347826087 0.02321083172147002 0.04728260869565217 0.04642166344294004
0 0.6125 0.18520309477756286 0.04565217391304348 0.04932301740812379
0 0.6116847826086956 0.1702127659574468 0.044021739130434785 0.07930367504835589
0 0.8441826979736771 0.14872179599060364 0.053621898019668914 0.09402701583311104
0 0.8561596137897669 0.08187601235885364 0.051417191512655086 0.11101208032283111
0 0.5964673913043478 0.1513539651837524 0.01358695652173913 0.08800773694390715
0 0.9130434782608695 0.0367504835589942 0.04673913043478261 0.0735009671179884
0 0.9915760869565218 0.04690522243713733 0.01684782608695652 0.08800773694390715
0 0.9698369565217392 0.049806576402321084 0.050543478260869565 0.09961315280464217
0 0.5 0.24806576402321084 0.04456521739130435 0.07640232108317214
0 0.4764060706354649 0.2641485996956257 0.04506865828945973 0.09750881601065961
0 0.43559054706756056 0.2907193551123746 0.0497297917525647 0.10882400876521227
0 0.4561642064387659 0.3452773481447122 0.04323884608566548 0.09048515451106807
0 0.5445652173913044 0.2441972920696325 0.03804347826086957 0.06866537717601548
0 0.5668478260869565 0.22147001934235977 0.041304347826086954 0.02321083172147002
0 0.5739130434782609 0.24129593810444874 0.03152173913043478 0.06286266924564797
0 0.5397147597985781 0.42901942019440087 0.03837833520137496 0.07240013583775332
0 0.5671677202924773 0.36939107249857756 0.031742666115976786 0.06751632156085674
0 0.5136736180765398 0.5692933958934338 0.04161072227785138 0.07194068901101786
0 0.4469643625754928 0.6576564583961629 0.037032725306173984 0.08181748014086959
0 0.3720890673126343 0.6375449192877165 0.046214890763475146 0.08132164578878114
0 0.37465018032451025 0.5322136704129833 0.03234310935432829 0.06953516939792236
0 0.4417982280306423 0.5207969876804384 0.031111429414090213 0.08282098565461697
0 0.270425498791105 0.277925864821207 0.06234141073273325 0.13292918342437118
0 0.3352795506662067 0.3352168651948157 0.08588649283215881 0.10578894150818792
0 0.22908420466889357 0.33153361798286607 0.06643520539581736 0.10661138649181152
0 0.2844701107118891 0.388854648928722 0.07449962086784383 0.12326984034999611
0 0.2633252706828686 0.4547210392141865 0.07124106227742102 0.10447153926911645
0 0.25406574617112654 0.5211437635445539 0.07041275912914374 0.09471574752489416
0 0.19107576642554655 0.5015885584810105 0.05207459972848779 0.1149651641366859
0 0.13173579179277387 0.5050508492509221 0.059567054450903975 0.13057188814619936
0 0.054378273455480144 0.4222699767848427 0.05773724224710972 0.1235482266466077
0 0.02282608695652174 0.49032882011605416 0.04565217391304348 0.12572533849129594
0 0.01576086956521739 0.5643133462282398 0.03152173913043478 0.09381044487427466
0 0.010054347826086956 0.6353965183752418 0.02010869565217391 0.0851063829787234
0 0.04049765284334722 0.590493925477471 0.057741864196699154 0.08696696680816661
0 0.1471776058454464 0.8073361588653647 0.039292085815874664 0.08505728154715958
0 0.21620281143807324 0.824026397489077 0.04816094389702713 0.07392314932273068
0 0.10981964289354801 0.9185661257919924 0.04267150728564462 0.05285216482395574
0 0.3613615391433447 0.7446289050607948 0.041207345485891084 0.09498229701193477
0 0.2784168310632681 0.8148218984816127 0.032917381078733175 0.052296269327372955
0 0.25684128724094385 0.8677591137141649 0.040039563447519216 0.05533045948775703
0 0.025888417793529607 0.7650887529549407 0.04993379112333969 0.07901257484553316
0 0.08099449629430897 0.758434885113663 0.0395530501641311 0.05718008360426953
0 0.13631303797324676 0.7353823173998154 0.053453314062018795 0.06993367798352311
0 0.1826961372987696 0.7401946722709668 0.055712674571719474 0.07317347938981288
0 0.10213780544032976 0.793650518378109 0.05222394509657568 0.06492886432099708
0 0.06976159164767148 0.8275715459259847 0.034946570703712855 0.06608975674572669
0 0.010054347826086956 0.789651837524178 0.02010869565217391 0.06866537717601548
0 0.02298089296717503 0.8454441578519678 0.03317141250260558 0.07929096114214464
0 0.050769490493374786 0.8387111580068787 0.038062716850431666 0.08005246788463355
0 0.5732783989153631 0.5109169094357221 0.030283126265812924 0.07306519391039468
0 0.5839673913043478 0.4811411992263056 0.01141304347826087 0.05705996131528046
0 0.5470474990669204 0.6208958922208785 0.022358812262695725 0.07953295991340355
0 0.5055045165487289 0.6629828413820791 0.04069234971376249 0.0958648031400529
0 0.3108084415876941 0.7895626268991498 0.03923743181318781 0.06483241565114954
0 0.33869788331188394 0.78859002905429 0.032573280239049165 0.058981483385858374
0 0.29737083043404283 0.8417142232217517 0.03431764497662075 0.06310379092026627
0 0.6290760869565217 0.29642166344294 0.07771739130434782 0.17311411992263057
0 0.7383152173913043 0.29497098646034814 0.09945652173913043 0.1702127659574468
0 0.6350543478260869 0.3984526112185687 0.0907608695652174 0.14893617021276595
0 0.6350543478260869 0.47775628626692457 0.0907608695652174 0.1760154738878143
0 0.8853260869565217 0.2799806576402321 0.0782608695652174 0.1402321083172147
0 0.795737275284254 0.39396226821420094 0.0562469089334103 0.1464206109269717
0 0.7524476170536959 0.42188089499058873 0.08047094881302502 0.17907246057069964
0 0.7198993528411957 0.45245931550922175 0.08325223801923856 0.12655786609120964
0 0.7582261251064732 0.5379473289558299 0.06486173559069036 0.10829178688777112
0 0.6846702682248696 0.5465108820581148 0.10218621870865634 0.14490855715492482
0 0.6051630434782609 0.574468085106383 0.03097826086956522 0.13152804642166344
0 0.8561072414612841 0.3922649897005253 0.07521168308636364 0.14744779005986072
0 0.8783209549098792 0.409504328319395 0.06840743004331547 0.11847063793337609
0 0.9474997231239906 0.2832121346185857 0.07518551157241726 0.12819004215224558
0 0.9888586956521739 0.2688588007736944 0.022282608695652174 0.11798839458413926
0 0.8539310467436019 0.7141401377105835 0.04675605804955012 0.09969688756827823
0 0.8281416254706412 0.8091287916756239 0.05528081529101833 0.0952479694023352
0 0.8913382909573933 0.7665587220685461 0.04218037205266732 0.09128304877890954
0 0.8810914986345048 0.8297657571600856 0.04876138713537814 0.07594199715979652
0 0.9573104682133716 0.730776672142907 0.052729696969525904 0.13720887786976133
0 0.942240111302317 0.7648914741271179 0.049843721707528085 0.11269248071879072
0 0.9650323137287138 0.6063509806763263 0.04852890527586268 0.10478631309108093
0 0.6936958092946868 0.8921531958345459 0.06391719151265508 0.11295815310919093
0 0.5967391304347827 0.9008704061895552 0.014130434782608696 0.09574468085106383
0 0.8923405508041145 0.5488361752941353 0.07358587025334412 0.11061269464058997
0 0.9284068070722943 0.6284186751874229 0.04226581951888949 0.09418440274409329
0 0.8103542526508413 0.7334393144516964 0.07547495840941466 0.10127996219775035
0 0.60625 0.9530947775628626 0.03315217391304348 0.05125725338491296
0 0.9120616417916981 0.42109834591887924 0.0565363557704077 0.11951053097247635
0 0.7168086274172183 0.6676189557595549 0.04946882740430851 0.13670120670810199
0 0.6795803665476531 0.6734148681884966 0.05284362692448892 0.14107734982333967