0 0.016052631578947367 0.21629213483146068 0.032105263157894734 0.10674157303370786
0 0.26661559358668757 0.059307266223214396 0.06043695078476551 0.08861964336050189
0 0.2928911781887334 0.12971143759027373 0.04347599850777825 0.10623014112851546
0 0.3318747333393806 0.09326781150291956 0.03813867610156577 0.07996388600838568
0 0.42578947368421055 0.0800561797752809 0.028421052631578948 0.10767790262172285
0 0.38861319208194156 0.1890996495751789 0.03908407905534372 0.07529313288069082
0 0.4276315789473684 0.19756554307116106 0.024736842105263158 0.0749063670411985
0 0.401934180297496 0.377119408658824 0.03415422542477532 0.06681713993284578
0 0.3821052631578947 0.44288389513108617 0.037894736842105266 0.033707865168539325
0 0.20763157894736842 0.426498127340824 0.045789473684210526 0.06647940074906367
0 0.3380627674402051 0.3974387424530376 0.05339200665992872 0.05671906849371223
0 0.27171391385282695 0.37659498251482726 0.05430434550001265 0.07357844848417187
0 0.26263157894736844 0.42181647940074907 0.037894736842105266 0.07584269662921349
0 0.23894736842105263 0.4232209737827715 0.037894736842105266 0.07303370786516854
0 0.07503265152742332 0.3716098405197873 0.0501250922456309 0.09787399111685097
0 0.08710526315789474 0.4447565543071161 0.05105263157894737 0.0299625468164794
0 0.9021052631578947 0.023876404494382022 0.06526315789473684 0.047752808988764044
0 0.9631578947368421 0.03089887640449438 0.05578947368421053 0.06179775280898876
0 0.9378947368421052 0.050093632958801496 0.06947368421052631 0.10018726591760299
0 0.8971901974342884 0.07427795695740934 0.04574300012957026 0.09033977516321089
0 0.9183362121599876 0.12741722871118696 0.06636671720783947 0.07183107965051284
0 0.9886842105263158 0.0351123595505618 0.022631578947368423 0.0702247191011236
0 0.9868421052631579 0.2542134831460674 0.02631578947368421 0.07958801498127341
0 0.9569342037486965 0.2571366963562567 0.05362790963530164 0.06701869396187703
0 0.9352949373472175 0.22553300512682375 0.0650781826535192 0.06152055936996767
0 0.8802069273573244 0.3103528560733654 0.04710749024765224 0.0809928215016312
0 0.708421052631579 0.02200374531835206 0.09157894736842105 0.04400749063670412
0 0.7565575485457884 0.10334868985040019 0.05649360050575668 0.12321481146134604
0 0.7238459958926143 0.1186649787393268 0.0692440264669547 0.10556073444381207
0 0.789289651397853 0.06416144387328142 0.052368857090102784 0.1269165505638855
0 0.8286842105263158 0.06179775280898876 0.05526315789473684 0.12359550561797752
0 0.8525351200871171 0.1056316917787716 0.04494771725102965 0.10156483540701071
0 0.8360969249462313 0.27196093139999145 0.04630058898045143 0.11468434445160039
0 0.802383232410794 0.3425179422787072 0.049803406370122406 0.08382904729662624
0 0.847466788221172 0.4188121493450226 0.04131801656344171 0.08093290003354084
0 0.9492105263157895 0.42134831460674155 0.035263157894736843 0.07677902621722846
0 0.4560526315789474 0.027153558052434457 0.032105263157894734 0.054307116104868915
0 0.45210526315789473 0.10580524344569288 0.024210526315789474 0.12359550561797752
0 0.47536551975412056 0.1123437470779752 0.055645598840774496 0.10916442023493113
0 0.6103498832234167 0.12311604833133138 0.05033775844368368 0.1531065419973549
0 0.5729707393082681 0.1239709789648312 0.057900982073906565 0.11574051697579613
0 0.5419784267623787 0.15611941081326758 0.0586104820523116 0.10077013837993637
0 0.5117054415312681 0.17983542896337892 0.06910552478037756 0.07653996462153763
0 0.5147686215577438 0.2298854826726602 0.07514251982862107 0.06443304885162343
0 0.6410651923961517 0.1490091561274439 0.06028503965724212 0.1279345912447512
0 0.6522433757094019 0.20084743421680964 0.06382092116060675 0.07554916097162247
0 0.7432088928245992 0.30709025744579405 0.05845053464070038 0.07081303896964716
0 0.6948454726476487 0.2706145711979705 0.0434116613326765 0.10342115236447053
0 0.5677799783239211 0.3276281117642798 0.04550709715419735 0.08004014969504608
0 0.5592709157024491 0.41196586726300344 0.05157536526384846 0.09227235580733122
0 0.46131578947368423 0.3604868913857678 0.04263157894736842 0.09176029962546817
0 0.5052631578947369 0.42275280898876405 0.045263157894736845 0.07397003745318352
0 0.4681578947368421 0.44335205992509363 0.034210526315789476 0.03277153558052434
0 0.4457894736842105 0.20646067415730338 0.011578947368421053 0.08707865168539326
0 0.4573684210526316 0.19662921348314608 0.034736842105263156 0.08614232209737828
0 0.4581578947368421 0.2720037453183521 0.03631578947368421 0.07584269662921349
0 0.6717389651336338 0.34901871174791765 0.06558305271795904 0.06058967718814266
0 0.8110526315789474 0.4400749063670412 0.03263157894736842 0.03932584269662921
0 0.5977942832910106 0.41858795481814837 0.036216597132602266 0.06496627038157594
0 0.6321549296820373 0.41167956629969144 0.040093819184223174 0.07343136851704103
0 0.1881578947368421 0.5191947565543071 0.04473684210526316 0.11891385767790262
0 0.10473684210526316 0.49250936329588013 0.05473684210526316 0.06554307116104868
0 0.09631089925669788 0.5916201422142808 0.04806272053780396 0.09972486066812092
0 0.11847246330560675 0.657854409684793 0.06131801656344171 0.08113990146876215
0 0.1784282402919245 0.7625459707029595 0.053842366885640716 0.07638198984202683
0 0.2462389852861805 0.8114578286568592 0.039179689291852955 0.10244124352693532
0 0.4326315789473684 0.8043071161048689 0.014736842105263158 0.10861423220973783
0 0.42236842105263156 0.8778089887640449 0.035263157894736843 0.0852059925093633
0 0.2707073197910485 0.9492804540640921 0.03306852973213393 0.08833637823862021
0 0.3675815936417573 0.9468736369431037 0.0391698619554793 0.07903845123275097
0 0.1809280222731889 0.8257073623475456 0.06737645733671917 0.06996931528686283
0 0.07479452146229283 0.8188489368998049 0.05311142118220178 0.09041603884987139
0 0.053609633428569566 0.7329463006747882 0.03709587185899217 0.10335578349019017
0 0.018947368421052633 0.6605805243445693 0.037894736842105266 0.07771535580524344
0 0.02 0.5575842696629213 0.04 0.1151685393258427
0 0.20570552873876236 0.9040839537282073 0.03548565142916352 0.0790003193894205
0 0.19905912157933892 0.964531686217074 0.04782860861471734 0.0435559801996021
0 0.19842105263157894 0.9929775280898876 0.04736842105263158 0.014044943820224719
0 0.11933612495249338 0.9073181523134102 0.04345634383503047 0.05942455654014657
0 0.12409262173050416 0.8604635410693309 0.03646232744434901 0.09866868814392529
0 0.156446301778575 0.8952327140299206 0.033918322449402405 0.056517514464680785
0 0.0839054193995291 0.8805377415849931 0.04326333230972535 0.05099759024801174
0 0.041504829759346676 0.8823807521653131 0.04415422542477532 0.0669206406504564
0 0.029300833749041848 0.9672248043013747 0.030545970462221343 0.047121534147390905
0 0.0551215804946601 0.9426187595158636 0.03579750996829812 0.06964247091546087
0 0.08363913888889161 0.9381111164355342 0.04192028791667721 0.06128087349760639
0 0.016842105263157894 0.9269662921348315 0.03368421052631579 0.056179775280898875
0 0.021052631578947368 0.9934456928838952 0.04105263157894737 0.013108614232209739
0 0.06184210526315789 0.9911048689138576 0.032105263157894734 0.017790262172284643
0 0.6736842105263158 0.4700374531835206 0.05052631578947368 0.020599250936329586
0 0.5952631578947368 0.46863295880149813 0.06210526315789474 0.017790262172284643
0 0.6020074492828282 0.5739142292960185 0.07668840308334822 0.08597952418834795
0 0.5986641432672974 0.6394763663787324 0.062027516541846746 0.06616952287290251
0 0.6413511275795368 0.6825635575076562 0.045064773212572955 0.12964927564127016
0 0.5079095247490671 0.7078154320650216 0.05074701827161406 0.1250275491692854
0 0.4507894736842105 0.6718164794007491 0.02157894736842105 0.10018726591760299
0 0.9128947368421053 0.47191011235955055 0.04263157894736842 0.024344569288389514
0 0.7788357090675687 0.6301227167576213 0.05664551163328006 0.08389986357709678
0 0.7969087164304183 0.656614727096302 0.04773120732592169 0.062277124553711746
0 0.8290716120429417 0.6193055877014033 0.043208822470997374 0.07159139377815114
0 0.7412671357316875 0.731143123683964 0.045635771504400846 0.08565812722313597
0 0.9648981679828899 0.60479426637526 0.035002227089757504 0.08086753115926049
0 0.5640689489157128 0.8289281690136855 0.05798855602632844 0.07361658032750212
0 0.5110875336473287 0.8102863241876668 0.0527253981315916 0.07356210626560172
0 0.6297368421052632 0.9873595505617978 0.03 0.025280898876404494
0 0.8698668949214822 0.6301166450747605 0.03571172706816254 0.06589715256340074
0 0.8919944993305539 0.6518861519269411 0.03962201323347735 0.05283211758071144
0 0.8917058775687393 0.6874612288653204 0.04172727639137209 0.05285390720547135
0 0.9124689918597291 0.6998837820559213 0.03714055436134626 0.05935918766586601
0 0.8710205098937978 0.740565404617198 0.03246804943118485 0.062119149774200744
0 0.9342221916068506 0.7609736841985412 0.03166293921627058 0.04994141772381601
0 0.9306090229761098 0.7923706861310881 0.031598602041168836 0.047132428959771065
0 0.9520105953499296 0.7884047478283319 0.03661423857187258 0.05935374025967603
0 0.9889473684210527 0.7588951310861424 0.022105263157894735 0.06273408239700375
0 0.8501613493288273 0.8816654957208188 0.02941738331951216 0.06676811327713537
0 0.8771526791410794 0.8518987433888453 0.02598069415722947 0.054563144195800335
0 0.8958409078094389 0.8170693368218299 0.03598069415722947 0.05466664491341115
0 0.8628805022286175 0.9236586946205521 0.03155571059110092 0.045259769783741105
0 0.8745948286677151 0.9520887330095433 0.037119108636312424 0.058422858077851025
0 0.9153865294416832 0.8711612803821924 0.03479938822807861 0.0490377725729411
0 0.884533614108514 0.8972235699085314 0.02366097374899542 0.045178058690890616
0 0.899142677389717 0.9256236475634774 0.02016977474798487 0.05356689313969519
0 0.9465084118639192 0.8563294985058433 0.030298449098188365 0.05928837138539547
0 0.9386842105263158 0.9831460674157303 0.024736842105263158 0.033707865168539325
0 0.9774761560688741 0.8826880473928682 0.023768202374165076 0.04985970663096552
0 0.9724908970734347 0.8476356093103968 0.030158156359324687 0.07613685656347516
0 0.9821052631578947 0.9499063670411985 0.035789473684210524 0.05337078651685393
0 0.5023689274437045 0.8922859794194481 0.04402555107457195 0.061302663122366506
0 0.6199603015194346 0.9617450258125366 0.030996330687933216 0.06678445549570551
0 0.6413766148978151 0.9226748990685036 0.04172727639137209 0.05285390720547156
0 0.7489800433996764 0.8883293752373951 0.0459592484321954 0.05383381604300677
0 0.7334090451078488 0.8444934778956769 0.03424000832491114 0.0705624582849055
0 0.7724958107416217 0.8380042275155171 0.03013671063429109 0.07520052697546017
0 0.686336846063648 0.8665111538678395 0.029300327357968853 0.038683673042875906
0 0.7061009430882751 0.876603777900783 0.027516750075582613 0.05270682723834072
0 0.707311294989076 0.9271410623257369 0.04286569087045504 0.05661012036991165
0 0.667107560601254 0.9364501962823216 0.035744791181856556 0.044367019445246354
0 0.9773684210526316 0.4789325842696629 0.04 0.03838951310861423
0 0.9947368421052631 0.5065543071161048 0.010526315789473684 0.06179775280898876
0 0.9957894736842106 0.6203183520599251 0.008421052631578947 0.060861423220973786
0 0.9232616116110409 0.9178851538777109 0.02166293921627058 0.04983791700620519
0 0.7854124293462321 0.710559902827869 0.03345634383503047 0.05932105582253575