0 0.006687898089171975 0.1340497737556561 0.01337579617834395 0.10067873303167421
0 0.018152866242038216 0.18891402714932126 0.03630573248407643 0.083710407239819
0 0.04837979945127316 0.14592760180995476 0.06201171325301815 0.10407239819004525
0 0.03630301665639489 0.2228506787330317 0.07071260659581455 0.07805429864253394
0 0.08799754057243973 0.248868778280543 0.06752161121173157 0.09728506787330317
0 0.07428247475438075 0.4145927601809955 0.05553727545085275 0.08144796380090498
0 0.02384672553137159 0.45701357466063347 0.03890257052413937 0.07918552036199095
0 0.20382165605095542 0.48642533936651583 0.05859872611464968 0.04524886877828054
0 0.571656050955414 0.01753393665158371 0.056687898089171976 0.03506787330316742
0 0.5298465333339386 0.12839366515837103 0.0920159323497886 0.1255656108597285
0 0.3885043441638787 0.19457013574660634 0.05597616567800542 0.11425339366515837
0 0.2926290637134138 0.20475113122171945 0.08010579196148294 0.11199095022624435
0 0.27009777894440384 0.16346153846153846 0.07763849864170613 0.09502262443438914
0 0.23969745495162 0.11934389140271494 0.06358238009362953 0.11312217194570136
0 0.16941431557052783 0.13574660633484162 0.06405836800706867 0.14705882352941177
0 0.14975899303388177 0.18156108597285067 0.06904889835776955 0.1244343891402715
0 0.1568615448622104 0.24660633484162897 0.0716092330749801 0.08597285067873303
0 0.2482014845732782 0.34558823529411764 0.0689809849934831 0.10294117647058823
0 0.11934759093310983 0.3902714932126697 0.05646471760801809 0.10972850678733032
0 0.47346916947850154 0.3908371040723982 0.049279141758120204 0.08484162895927602
0 0.46466610890755844 0.3388009049773756 0.06624772586141302 0.09728506787330317
0 0.541727641134547 0.4847285067873303 0.05041720037986579 0.0418552036199095
0 0.5888535031847134 0.3031674208144796 0.022292993630573247 0.083710407239819
0 0.5557520524594725 0.34841628959276016 0.0515980443327506 0.09728506787330317
0 0.5105879100567401 0.3563348416289593 0.06350818472105625 0.11085972850678733
0 0.5792993630573249 0.24660633484162897 0.041401273885350316 0.083710407239819
0 0.5929936305732484 0.09558823529411764 0.014012738853503185 0.08484162895927602
0 0.5805732484076433 0.16289592760180996 0.038853503184713374 0.11312217194570136
0 0.6643312101910828 0.018665158371040724 0.07261146496815286 0.03733031674208145
0 0.6378980891719745 0.1334841628959276 0.07579617834394904 0.11538461538461539
0 0.6461199815919331 0.22680995475113122 0.07823206162229196 0.11312217194570136
0 0.7042295614131358 0.10576923076923077 0.0806622572557822 0.12895927601809956
0 0.7452229299363057 0.06900452488687783 0.07006369426751592 0.13800904977375567
0 0.9057324840764331 0.058823529411764705 0.061146496815286625 0.11764705882352941
0 0.8747909334413776 0.08088235294117647 0.057324246400897026 0.1165158371040724
0 0.9312936402808336 0.14479638009049775 0.07021149064922802 0.12104072398190045
0 0.9687898089171975 0.02319004524886878 0.05605095541401274 0.04638009049773756
0 0.9305732484076433 0.018665158371040724 0.06369426751592357 0.03733031674208145
0 0.9859872611464968 0.019230769230769232 0.02802547770700637 0.038461538461538464
0 0.8795968669057966 0.2839366515837104 0.0697726004220756 0.08823529411764706
0 0.825763538383419 0.42024886877828055 0.06407093202364235 0.1085972850678733
0 0.6980891719745222 0.4677601809954751 0.08152866242038216 0.08257918552036199
0 0.7429936305732484 0.4841628959276018 0.06178343949044586 0.049773755656108594
0 0.878343949044586 0.48812217194570134 0.0535031847133758 0.0418552036199095
0 0.7840960015040584 0.3506787330316742 0.09793390485765485 0.13122171945701358
0 0.979936305732484 0.43834841628959276 0.040127388535031845 0.04638009049773756
0 0.961036223296323 0.3546380090497738 0.058796184199222314 0.083710407239819
0 0.9674764072346279 0.2845022624434389 0.056316326862871524 0.10520361990950226
0 0.9926751592356687 0.29581447963800905 0.01464968152866242 0.0757918552036199
0 0.9043021016901512 0.38518099547511314 0.06988389348093531 0.0916289592760181
0 0.8948997904937697 0.4485294117647059 0.08134886163380169 0.0916289592760181
0 0.16019108280254776 0.5390271493212669 0.12547770700636943 0.05995475113122172
0 0.044585987261146494 0.5927601809954751 0.08917197452229299 0.14705882352941177
0 0.0535031847133758 0.6985294117647058 0.1070063694267516 0.1504524886877828
0 0.03471337579617834 0.8863122171945701 0.06942675159235669 0.12104072398190045
0 0.554140127388535 0.5757918552036199 0.09171974522292993 0.1334841628959276
0 0.5611464968152866 0.6493212669683258 0.07770700636942675 0.12669683257918551
0 0.589171974522293 0.6883484162895928 0.02165605095541401 0.1504524886877828
0 0.3302383084989402 0.6233031674208145 0.11581736710153952 0.21040723981900453
0 0.20828025477707007 0.6006787330316742 0.11210191082802548 0.1832579185520362
0 0.0951856630630468 0.7890271493212669 0.08664186111964807 0.1753393665158371
0 0.07375249540706953 0.8404977375565611 0.09871295626967375 0.15497737556561086
0 0.13235690916657183 0.7432126696832579 0.08528121638018278 0.21153846153846154
0 0.17922784232020558 0.7415158371040724 0.0906735392717495 0.22058823529411764
0 0.25008344919803105 0.8144796380090498 0.11250310900545715 0.14819004524886878
0 0.3231186937360537 0.8501131221719457 0.10737675192618354 0.12782805429864252
0 0.33768131869385215 0.755656108597285 0.09069238529660988 0.16289592760180996
0 0.3795152007980682 0.7036199095022625 0.08345714774385189 0.1753393665158371
0 0.409553376576982 0.6713800904977375 0.0775083595579859 0.1493212669683258
0 0.08439490445859872 0.9513574660633484 0.08598726114649681 0.09728506787330317
0 0.06847133757961783 0.9852941176470589 0.06050955414012739 0.029411764705882353
0 0.4466293318240813 0.7352941176470589 0.0796046760148966 0.15497737556561086
0 0.49480182500188996 0.7036199095022625 0.09220142078122173 0.13122171945701358
0 0.4852542640645052 0.7811085972850679 0.08594956909677606 0.11538461538461539
0 0.5579617834394904 0.7618778280542986 0.0840764331210191 0.1414027149321267
0 0.48842102296059237 0.8981900452488688 0.09868842259996063 0.11538461538461539
0 0.48546173952494215 0.8427601809954751 0.1009765094965913 0.1074660633484163
0 0.39872611464968155 0.9677601809954751 0.0751592356687898 0.06447963800904978
0 0.5907643312101911 0.9298642533936652 0.018471337579617834 0.09276018099547512
0 0.456687898089172 0.9717194570135747 0.08152866242038216 0.05656108597285068
0 0.49713375796178344 0.9530542986425339 0.07834394904458598 0.09389140271493213
0 0.5507024373934811 0.9315610859728507 0.08325968965927925 0.0916289592760181
0 0.5257961783439491 0.9790723981900452 0.054140127388535034 0.0418552036199095
0 0.5519108280254778 0.9632352941176471 0.05159235668789809 0.07352941176470588
0 0.8971337579617834 0.540158371040724 0.08089171974522293 0.06221719457013575
0 0.933855332911885 0.5831447963800905 0.06332269628962311 0.10520361990950226
0 0.8792703304696277 0.6549773755656109 0.083321321015279 0.1323529411764706
0 0.9840764331210191 0.622737556561086 0.03184713375796178 0.08710407239819004
0 0.850886737098046 0.7630090497737556 0.08696377064308812 0.1074660633484163
0 0.8820786765194223 0.8218325791855203 0.05631632686287167 0.10520361990950226
0 0.9191260655475139 0.7409502262443439 0.08063144157778218 0.1085972850678733
0 0.969108280254777 0.9785067873303167 0.056687898089171976 0.042986425339366516
0 0.8544585987261146 0.9892533936651584 0.06687898089171974 0.021493212669683258
0 0.6245222929936306 0.8450226244343891 0.04904458598726115 0.15610859728506787
0 0.6862470729452479 0.9083710407239819 0.08662360945822187 0.1165158371040724
0 0.6267515923566879 0.9519230769230769 0.0535031847133758 0.09615384615384616
0 0.8409468066322255 0.9010180995475113 0.07535041174507545 0.10294117647058823