0 0.09532871348094227 0.0549945373764017 0.06363202604205792 0.09517379695181831
0 0.3334269662921348 0.035 0.03314606741573034 0.07
0 0.3057736213999648 0.06253678784021792 0.05333622989624631 0.0901254163373585
0 0.25980945829402624 0.10163801387034664 0.059837019218832284 0.09776609337952846
0 0.16146052673041447 0.14915587307518377 0.05144442410844988 0.10983419950000871
0 0.0991469280368567 0.203387913394472 0.06203835108125572 0.09699906684940833
0 0.08672442545479782 0.2609071723251966 0.07489095703235762 0.07245515103615799
0 0.21095505617977528 0.4665 0.06573033707865168 0.047
0 0.07219101123595506 0.448 0.04887640449438202 0.084
0 0.15192187013714542 0.3815393863402437 0.04619341249028693 0.06848473929518878
0 0.1315825495237046 0.41051966083422325 0.043338564577429475 0.06719352245783876
0 0.027122306884416376 0.28649360422581005 0.04466847989298959 0.09619352245783876
0 0.3351123595505618 0.48 0.029775280898876405 0.02
0 0.27691005765208926 0.18595388759022227 0.06593656416916623 0.0844650137891681
0 0.2429273621086717 0.36613308249384147 0.04737435511177726 0.057659469397598744
0 0.6896067415730337 0.477 0.05112359550561798 0.026
0 0.7355491804571237 0.44063967921978076 0.06482445663060833 0.07240677042169819
0 0.6408804687655653 0.420099295057148 0.0599974798799619 0.1256496066445884
0 0.8138222265345402 0.2822427715510929 0.054666145211806426 0.1191254163373585
0 0.8178581097883155 0.340543851141453 0.05909178487077349 0.09370785001205832
0 0.849811839334923 0.3631074924607241 0.05223551760532092 0.11489244286747863
0 0.8873663608187441 0.3915595784215602 0.05842678085327989 0.10359136327711849
0 0.8858931704329305 0.44197221337035525 0.0668882110465945 0.06863974389157806
0 0.7491980212123477 0.1491105575360458 0.06038732900458118 0.10976609337952835
0 0.4253615928041069 0.1025664407710461 0.06513388998580774 0.1401155535843482
0 0.3887640449438202 0.0165 0.07752808988764046 0.033
0 0.3561797752808989 0.316 0.012359550561797753 0.112
0 0.4370623469290784 0.3412075843885118 0.05334771786330641 0.07818365970482842
0 0.4498691864507954 0.4155185267318823 0.06250843053643994 0.09505731021687824
0 0.4976392273901494 0.42848047544572865 0.06560406216041942 0.08940677042169819
0 0.45308988764044944 0.4635 0.04662921348314607 0.053
0 0.3930530807103389 0.4169302285300855 0.05541147227929275 0.0744166331747083
0 0.36207865168539327 0.4535 0.024157303370786518 0.073
0 0.39185393258426965 0.47 0.03876404494382023 0.04
0 0.9508839244276259 0.3964198345299821 0.049300439361898526 0.09965946939759862
0 0.0050561797752808986 0.563 0.010112359550561797 0.126
0 0.024157303370786518 0.6775 0.048314606741573035 0.089
0 0.012921348314606741 0.751 0.025842696629213482 0.064
0 0.04874545186603613 0.7880471818403214 0.05811725477865289 0.0846496066445884
0 0.03917779719683464 0.8442752239336963 0.0613619518161295 0.07005731021687825
0 0.11730200965932276 0.7988541259577785 0.04939215765952356 0.10165946939759862
0 0.15849098458581232 0.8090149950812647 0.047752623549909105 0.10248473929518877
0 0.11207406669470715 0.9128541259577785 0.04361371947030392 0.07319352245783875
0 0.0441537930012644 0.8820763035240563 0.05748671466233906 0.05870785001205832
0 0.04508255666400027 0.9227850866867064 0.0537834261367382 0.06330014643976847
0 0.09410112359550561 0.9645 0.04662921348314607 0.071
0 0.3103932584269663 0.5115 0.07247191011235955 0.043
0 0.3152270917942728 0.9330952968312345 0.04121746304557072 0.08190230562048874
0 0.7089665762259577 0.6064806763974779 0.09297159866750253 0.1131442086927874
0 0.9058988764044944 0.539 0.06797752808988763 0.098
0 0.3660112359550562 0.5465 0.03202247191011236 0.113
0 0.3846028603258016 0.6202035861625984 0.05068770179333124 0.11771771276506865
0 0.44789682581443757 0.6116512073222252 0.06788562435340767 0.10258150052410815
0 0.36404494382022473 0.636 0.028089887640449437 0.09
0 0.3676966292134832 0.681 0.03539325842696629 0.074
0 0.4144814402087903 0.6758254708493393 0.06678500478190975 0.07858150052410814
0 0.36207865168539327 0.812 0.024157303370786518 0.096
0 0.35674157303370785 0.87 0.01348314606741573 0.098
0 0.3783707865168539 0.8945 0.056741573033707866 0.093
0 0.4473700482793737 0.9401368797680056 0.05805990766278054 0.0955913632771185
0 0.5692513480018467 0.8488766509155742 0.050905602289760814 0.08589244286747862
0 0.6576025678869277 0.7999071723251967 0.07600306457091575 0.0845133944036279
0 0.6867074253027766 0.9516504751233827 0.04633098993672409 0.07148473929518877
0 0.9378992995747619 0.6558970439486399 0.04296011070044269 0.11990230562048897
0 0.8397854540984561 0.728769294734802 0.052201146423568504 0.10195068623494853
0 0.8855662269688586 0.7180515819697333 0.0713825930690664 0.06910569083133805
0 0.8935286723504843 0.6236730000811784 0.05718858383534455 0.07659136327711849
0 0.8683802096132659 0.9343087457468431 0.05040115165282443 0.07489244286747862
0 0.8120786516853933 0.969 0.060112359550561795 0.062
0 0.8306651811086013 0.909356659786007 0.043338564577429475 0.06719352245783876
0 0.9648545673396709 0.884994738328151 0.049690288486517804 0.0837759561325388
0 0.9537677704164159 0.9438683888402006 0.04568896185335029 0.057484739295188776
0 0.7519662921348315 0.95 0.039887640449438204 0.1
0 0.3960674157303371 0.959 0.06853932584269663 0.082
0 0.3668539325842697 0.7495 0.033707865168539325 0.071
0 0.4189989372445234 0.7723935769698196 0.06138483503082196 0.09494082348193832
0 0.39015802491277163 0.7490095971294636 0.041630195384882517 0.09090230562048884