0 0.3305635838150289 0.230719794344473 0.03829479768786127 0.11696658097686376
0 0.27528901734104044 0.2326478149100257 0.07225433526011561 0.11311053984575835
0 0.249203164343304 0.10347868218827909 0.07512949518603414 0.14565227905104886
0 0.17882947976878613 0.04627249357326478 0.08164739884393063 0.09254498714652956
0 0.19191574742322318 0.1268352601717861 0.08671973880072595 0.11561188554314587
0 0.07297687861271676 0.06876606683804627 0.07369942196531792 0.13753213367609254
0 0.024205202312138727 0.07005141388174807 0.04841040462427745 0.13239074550128535
0 0.4226878612716763 0.2712082262210797 0.07514450867052024 0.03598971722365039
0 0.9357962914059184 0.170182127023016 0.08660165815740715 0.1758436553658104
0 0.6287080983061334 0.09599304689348945 0.08651324673613656 0.14251440284522363
0 0.6828176469497558 0.1525442487169598 0.06712253761024942 0.14387319362121695
0 0.7307856963452428 0.14591146151380696 0.08245811511985321 0.16405110543334422
0 0.7704592721723534 0.12338321405401743 0.09142353883692725 0.17101646434581336
0 0.8407304262084246 0.06110102652626989 0.09671738434279814 0.11366958576536242
0 0.865259903106035 0.13247655698900324 0.05886488225923988 0.1523319992331695
0 0.47934066926452795 0.09889014243392948 0.08545159418703985 0.11937815605859124
0 0.38878676777620785 0.1195393227354051 0.05454439713016956 0.1366834081695978
0 0.5379335260115607 0.04884318766066838 0.08020231213872832 0.09768637532133675
0 0.5895953757225434 0.04113110539845758 0.0476878612716763 0.08226221079691516
0 0.09710701350242518 0.8325193728314022 0.13846249319073642 0.22264254109194223
0 0.2708122619880755 0.8811198138841476 0.14244386912331103 0.21519977067671164
0 0.037210982658959536 0.6111825192802056 0.07442196531791907 0.21722365038560412
0 0.24298731316658673 0.6986739774107837 0.1427093418850725 0.18958260041833552
0 0.24690994689993875 0.5643409321317148 0.0940188087614717 0.1647692703586244
0 0.14858507024900952 0.5569511832231318 0.11594580711473121 0.15587793855174026
0 0.07184063563708849 0.5566696125921919 0.10130322298465526 0.16650347048062616
0 0.102534132009563 0.4797528215264567 0.10995908747830711 0.1196189094811098
0 0.12182177397661735 0.3976415935364001 0.13297716910476196 0.16590772993774303
0 0.13258670520231214 0.34061696658097684 0.11632947976878613 0.10282776349614396
0 0.2838336520642558 0.42693122283801926 0.09605370243839434 0.17771251141130234
0 0.3190028901734104 0.4961439588688946 0.06141618497109826 0.2236503856041131
0 0.03359826589595376 0.4222365038560411 0.06719653179190752 0.18894601542416453
0 0.9714595375722543 0.9640102827763496 0.05708092485549133 0.07197943444730077
0 0.986271676300578 0.7082262210796915 0.02745664739884393 0.10796915167095116
0 0.9285042511915171 0.6178889409157167 0.07745929234881695 0.16502225532223588
0 0.8456033634714624 0.6640063563398475 0.06878877211760324 0.16448363162827576
0 0.7618771633624102 0.4723202894669146 0.05974959271682038 0.1716122048886965
0 0.7601521270313465 0.35622080855105187 0.060339518937515504 0.12166321141564627
0 0.5318060862561141 0.45930966596675826 0.06409962781896397 0.15650223751908496
0 0.47824946674235785 0.42265890066675077 0.07445115754406832 0.16227202000351224
0 0.40627496185912904 0.5969825440940206 0.08797298917890088 0.19002735815436014
0 0.377528901734104 0.62146529562982 0.05563583815028902 0.13239074550128535
0 0.368135838150289 0.5308483290488432 0.03684971098265896 0.10025706940874037
0 0.36235549132947975 0.38174807197943444 0.025289017341040464 0.11825192802056556
0 0.37716763005780346 0.3393316195372751 0.05491329479768786 0.10025706940874037
0 0.4259393063583815 0.32904884318766064 0.08742774566473989 0.07969151670951156
0 0.4401612207435734 0.36197623009464835 0.07884551760582206 0.10102421498412596
0 0.8924438691233112 0.3894317592743838 0.09037666127436723 0.1325009383425893
0 0.9844653179190751 0.4993573264781491 0.03106936416184971 0.10154241645244216
0 0.9732658959537572 0.42930591259640105 0.05346820809248555 0.09768637532133675
0 0.9848265895953757 0.5282776349614395 0.030346820809248554 0.10539845758354756
0 0.9801300578034682 0.36118251928020567 0.039739884393063585 0.13110539845758354
0 0.9270231213872833 0.31683804627249357 0.05057803468208093 0.055269922879177376