0 0.01798780487804878 0.22125813449023862 0.03597560975609756 0.0911062906724512
0 0.0064024390243902435 0.32483731019522777 0.012804878048780487 0.10954446854663774
0 0.11983335461047384 0.224563757846727 0.05851976971761493 0.12315279392866565
0 0.1268448573032624 0.317757215777809 0.06746388786783683 0.10264006881713034
0 0.07159429189320898 0.3562860711823492 0.05798451694596715 0.1307386748073957
0 0.15399805480111844 0.3776653380593725 0.05885279917607011 0.09495953777878618
0 0.016158536585365854 0.4116052060737527 0.03231707317073171 0.08351409978308026
0 0.0534765315197266 0.4318455160300847 0.06116410357903433 0.08196959343957122
0 0.09786585365853659 0.44414316702819956 0.061585365853658536 0.09002169197396963
0 0.12926829268292683 0.45878524945770066 0.054878048780487805 0.06073752711496746
0 0.19207317073170732 0.4522776572668113 0.07073170731707316 0.0737527114967462
0 0.03567073170731707 0.470173535791757 0.07134146341463414 0.03796095444685466
0 0.35 0.4571583514099783 0.06219512195121951 0.06399132321041215
0 0.49573170731707317 0.06453362255965293 0.02804878048780488 0.12906724511930587
0 0.46293445755638357 0.2405339984285406 0.06663817896682714 0.14275760063966625
0 0.5371951219512195 0.3345986984815618 0.054878048780487805 0.12906724511930587
0 0.5375 0.42787418655097614 0.05548780487804878 0.09436008676789588
0 0.6054878048780488 0.4804772234273319 0.05731707317073171 0.01735357917570499
0 0.9094005548003147 0.07486586863377825 0.0430736439653978 0.1023876683914923
0 0.9844512195121952 0.026572668112798264 0.031097560975609756 0.05314533622559653
0 0.9411581605975354 0.2247388927935428 0.04138273899226777 0.11646852143982983
0 0.7970253468502777 0.21863901942075636 0.0510430465627839 0.1068080933237509
0 0.8787151558460473 0.1885124681411875 0.04076233956243358 0.11537761273070726
0 0.8536475172652621 0.22672897801900058 0.04137209565999456 0.11538392274134827
0 0.8320415136227866 0.28497270375487693 0.0648332834966734 0.08309205220189833
0 0.7619940657291876 0.27810616408921524 0.05814725308804937 0.085191839481811
0 0.6879778815353056 0.27182293884196035 0.058626203040348185 0.13399878091348127
0 0.647365241053861 0.2787501467404729 0.04449537947371249 0.12300766368392387
0 0.5972618938891104 0.3519293704006545 0.06119603357585425 0.08522338953501565
0 0.604459654896682 0.426142351108309 0.0708776278109168 0.07773215881589984
0 0.7335365853658536 0.47288503253796094 0.046341463414634146 0.03253796095444685
0 0.7859756097560976 0.4712581344902386 0.0524390243902439 0.03579175704989154
0 0.7637195121951219 0.45607375271149675 0.03841463414634146 0.06616052060737528
0 0.9875 0.21366594360086769 0.025 0.0737527114967462
0 0.9957317073170732 0.1540130151843818 0.00853658536585366 0.09544468546637744
0 0.9823170731707317 0.25976138828633405 0.03536585365853658 0.06832971800433839
0 0.9476816130847434 0.3987317987561807 0.03487008805799932 0.07410607209263935
0 0.9766929227141196 0.3935513791075685 0.03176809090882782 0.06865152854702689
0 0.9929878048780488 0.443058568329718 0.01402439024390244 0.0596529284164859
0 0.9312957879344929 0.4531257939569235 0.03414325530543188 0.062169176398701294
0 0.9253048780487805 0.4793926247288503 0.04451219512195122 0.019522776572668113
0 0.925297795536488 0.4119772985263541 0.04325766677202659 0.059010030462870594
0 0.13182093158236388 0.8495424776365785 0.06395435793429737 0.11778659053202653
0 0.04689076211787015 0.8992233555420204 0.05409182705058863 0.10683964337695569
0 0.400780365855266 0.8098865622008673 0.04344924675294611 0.07853280703553896
0 0.4577058712400394 0.7870654578923869 0.0473206499837782 0.10026264106901586
0 0.49634146341463414 0.8573752711496746 0.026829268292682926 0.08568329718004339
0 0.4712422112783612 0.8677197756792009 0.035469200823287084 0.07302778340479868
0 0.3106118173919834 0.9274021838412136 0.04366211339841235 0.10022478100517018
0 0.3469029485291348 0.9259421395095956 0.04198185175755553 0.11539023275198916
0 0.31920731707317074 0.9918655097613883 0.043292682926829265 0.016268980477223426
0 0.4555353238854482 0.9150575693291727 0.03517874469392504 0.10555943434860465
0 0.5387195121951219 0.5249457700650759 0.057926829268292686 0.07158351409978309
0 0.5457615600264052 0.6231671226917447 0.06591134621425983 0.13082070494572806
0 0.6185202879330461 0.7265250864584197 0.06664882229910042 0.1438421993381478
0 0.7237983123236116 0.8089412443899747 0.0685845239145164 0.15470711635488618
0 0.5777439024390244 0.9707158351409978 0.05548780487804878 0.05856832971800434
0 0.6832131308226788 0.9373308864971404 0.06802042730403131 0.09722338533536329
0 0.7942073170731707 0.9544468546637744 0.05426829268292683 0.0911062906724512
0 0.8127876864127114 0.7494579631290328 0.06016810136165182 0.10473354608640201
0 0.6856707317073171 0.9864425162689805 0.051829268292682924 0.027114967462039046
0 0.6609756097560976 0.9734273318872018 0.04878048780487805 0.05314533622559653
0 0.9067073170731708 0.9560737527114967 0.06097560975609756 0.0878524945770065
0 0.9695121951219512 0.9755965292841648 0.06097560975609756 0.04880694143167028