0 0.29152542372881357 0.032696177062374245 0.05875706214689266 0.06539235412474849
0 0.4172316384180791 0.03621730382293763 0.05480225988700565 0.07243460764587525
0 0.384180790960452 0.05835010060362173 0.04858757062146893 0.11670020120724346
0 0.22693548301669636 0.0964343449905805 0.052549342741135895 0.09345636607983104
0 0.19799392779439323 0.06947230278088065 0.044758070968504975 0.11066244176910875
0 0.22614041981250535 0.13158114286605788 0.04896229098742257 0.06288846117977721
0 0.23548197792619838 0.17291857697087126 0.0711276701226664 0.08552350500195745
0 0.23025240534117553 0.23776293838928952 0.054717193165674104 0.07962973795820363
0 0.4788135593220339 0.03873239436619718 0.059322033898305086 0.07746478873239436
0 0.47767137984731556 0.09886972866509082 0.05983480913592567 0.08524014661613101
0 0.5051974165794696 0.08288182244890872 0.038333012374713774 0.07776011578366486
0 0.5167105079567269 0.05147503998966452 0.03727538332847645 0.08869757471369387
0 0.617231638418079 0.021629778672032193 0.04463276836158192 0.043259557344064385
0 0.6152542372881356 0.09154929577464789 0.04858757062146893 0.07243460764587525
0 0.5474576271186441 0.04074446680080483 0.05084745762711865 0.08148893360160966
0 0.562571632534617 0.08489833708192673 0.04009366804403073 0.08801388714717266
0 0.04785238799283616 0.11727716030550364 0.06781672811228728 0.0972091212286644
0 0.09219918554882191 0.1661328444405838 0.06007804867172024 0.12246348665637245
0 0.03415810019888876 0.17964542144561851 0.03669726349404803 0.0866210325489297
0 0.05931249121975779 0.18050225200297532 0.03729510545300017 0.09171568336560533
0 0.526045294119776 0.1371103025209246 0.05521642450200699 0.06963384551532192
0 0.5327261466049699 0.19626627475150255 0.037176772705856946 0.07360703145413652
0 0.34595367745185224 0.18250430056455652 0.04119074133931563 0.0831126455209666
0 0.6889830508474576 0.23843058350100604 0.07175141242937853 0.08249496981891348
0 0.7497175141242938 0.24698189134808854 0.10056497175141244 0.06539235412474849
0 0.8700564971751412 0.1886317907444668 0.08813559322033898 0.18209255533199195
0 0.9146892655367231 0.23893360160965796 0.09717514124293786 0.08148893360160966
0 0.9629943502824859 0.20422535211267606 0.07062146892655367 0.15090543259557343
0 0.914879714831318 0.10541784847438644 0.09227446864244875 0.03867758010001727
0 0.9745762711864406 0.14989939637826963 0.05084745762711865 0.11066398390342053
0 0.9937853107344633 0.21428571428571427 0.012429378531073447 0.13078470824949698
0 0.14463276836158193 0.33098591549295775 0.0847457627118644 0.10261569416498995
0 0.3245315608252794 0.5014104391873593 0.06589869126505143 0.1492651256078371
0 0.6203389830508474 0.3953722334004024 0.0384180790960452 0.13279678068410464
0 0.6240112994350282 0.5246478873239436 0.031073446327683617 0.1096579476861167
0 0.5931361843728418 0.5381020131806002 0.04423911750764836 0.11764022556007898
0 0.13910886974723136 0.5406587755993336 0.062199880805702754 0.10159460501361828
0 0.2273919830832275 0.6146638230326975 0.06620070135614557 0.10908814664584071
0 0.013559322033898305 0.5276659959758552 0.02711864406779661 0.10160965794768612
0 0.018926553672316385 0.7127766599597586 0.03785310734463277 0.06740442655935613
0 0.023163841807909605 0.6383299798792756 0.04632768361581921 0.09758551307847083
0 0.007344632768361582 0.6559356136820925 0.014689265536723164 0.06639839034205232
0 0.06956336662748716 0.8438198339925126 0.03994903913085548 0.06588109036648856
0 0.04386004314070371 0.9269670275800249 0.03251236978138248 0.05095847683220045
0 0.0663931727821213 0.9396061789593234 0.03425987736768342 0.05920017576110038
0 0.03192090395480226 0.9889336016096579 0.029943502824858758 0.022132796780684104
0 0.0064971751412429375 0.9225352112676056 0.012994350282485875 0.06841046277665996
0 0.016666666666666666 0.8219315895372233 0.03333333333333333 0.07847082494969819
0 0.029496192658624437 0.8754920218394165 0.03722936503792063 0.0816553211925671
0 0.42401129943502824 0.9934607645875252 0.03333333333333333 0.013078470824949699
0 0.46836158192090394 0.9859154929577465 0.04632768361581921 0.028169014084507043
0 0.4787506326748791 0.9111518959456284 0.047536911435011556 0.10394253689876438
0 0.5053895696217308 0.9443952946471771 0.041657102468108685 0.06808657199156579
0 0.5147972639687752 0.8890887821606671 0.038346160457729504 0.0797721882182725
0 0.5481864766549263 0.8843411883928183 0.04890969865535889 0.054840171441346626
0 0.5959432226621824 0.8439819978386408 0.05467117487511841 0.07258748443707687
0 0.5590984390524772 0.8584031353985888 0.03490373761719125 0.07133708009890277
0 0.23702240320499868 0.698319247994428 0.04224837038555296 0.0721751865909376
0 0.23315555886892525 0.8574536397863015 0.04739885656334436 0.0828157763353841
0 0.20699922024550058 0.8801419557403498 0.04171626884168023 0.0771408979473002
0 0.2513564725911562 0.7976132089220462 0.02918170564647955 0.05962598440699594
0 0.2049367523942256 0.8064111980914663 0.030305075107796415 0.05874888765000516
0 0.22904357334025513 0.7512718442630698 0.03879279946199884 0.06172800603696022
0 0.09867703438381291 0.584874181297457 0.051307640532675676 0.076224810925353
0 0.18413548687188283 0.615265087870896 0.04683388481193193 0.08275130660522757
0 0.4378665738113633 0.7217412551737173 0.05896782729341923 0.12535265584797087
0 0.5868683090478336 0.6753165125147371 0.06662761823589107 0.08802585581261695
0 0.5816880417741203 0.7326156023033766 0.07450435254812499 0.08389825094828873
0 0.5718271343812987 0.7707550293655653 0.054053610791642295 0.06447472496848976
0 0.6262711864406779 0.6383299798792756 0.02655367231638418 0.08350100603621731
0 0.14482721887891728 0.6173236770374938 0.05486182207884916 0.10176253473888773
0 0.1768299025342971 0.6949743484933237 0.06207497401705154 0.08247991688484564
0 0.3733377785641773 0.8195869603742819 0.05247045424304024 0.08138393147218517
0 0.7844382885995208 0.7166377199602211 0.057174301416562566 0.11006870339794418
0 0.8332228825570924 0.7352928224437083 0.06051811363448145 0.10341326825775646
0 0.6528248587570622 0.8269617706237424 0.02655367231638418 0.10865191146881288
0 0.6435028248587571 0.9250503018108652 0.007909604519774011 0.08148893360160966
0 0.7057554184711022 0.8606906370938827 0.06902556011320772 0.1094104952966231
0 0.9125808998694711 0.9205360970191793 0.04745802293691591 0.09187010229111874
0 0.8461702250033429 0.9602768408041479 0.05527559087557854 0.07868817147105633
0 0.8001813024343194 0.8598876655310249 0.05213557394440639 0.11653072934766245