0 0.3676293622141998 0.4614561027837259 0.07701564380264742 0.03640256959314775
0 0.033393501805054154 0.4159528907922912 0.06678700361010831 0.12740899357601712
0 0.015944645006016847 0.3078158458244111 0.031889290012033694 0.12955032119914348
0 0.055241681433341114 0.29907451800603474 0.05128281607658738 0.1189938057423556
0 0.0961357529975769 0.3114273286073252 0.052731494519601727 0.12660067464874328
0 0.279482551143201 0.03907922912205567 0.05595667870036101 0.07815845824411134
0 0.23856799037304452 0.031049250535331904 0.04512635379061372 0.06209850107066381
0 0.20276774969915765 0.016059957173447537 0.05415162454873646 0.032119914346895075
0 0.14620938628158844 0.02462526766595289 0.061371841155234655 0.04925053533190578
0 0.1871239470517449 0.029443254817987152 0.04091456077015644 0.058886509635974305
0 0.28886519962523716 0.23440241656945562 0.06865565031969799 0.13662487407204
0 0.12636962829841147 0.1813560730492683 0.07457923359503522 0.09768364639687568
0 0.1420312337490919 0.12837944092850614 0.0828626430596081 0.09418654672874144
0 0.1587120865121277 0.09737947250115041 0.059934469785282156 0.07176782313829978
0 0.014741275571600482 0.15417558886509636 0.029482551143200964 0.0835117773019272
0 0.019855595667870037 0.21895074946466808 0.039711191335740074 0.09314775160599571
0 0.06244790456412443 0.18019822669633048 0.06598042683369358 0.0915447717609414
0 0.04942732064903785 0.11227173844462307 0.05592700736158155 0.0959442019024707
0 0.37319191825969933 0.18089119208028698 0.059928535517526235 0.08991299682215091
0 0.04383425107108403 0.0605151532568931 0.03777726768083568 0.07290370340224783
0 0.7415764139590855 0.4213062098501071 0.08002406738868832 0.11670235546038545
0 0.6555092357462673 0.37634043293099756 0.08518742510475835 0.12856001092420835
0 0.43832731648616124 0.3816916488222698 0.057160048134777375 0.1252676659528908
0 0.9338146811070999 0.4539614561027837 0.05054151624548736 0.05139186295503212
0 0.9140320199516822 0.421797320963956 0.07351604073696068 0.10185407941768287
0 0.90191099597853 0.3630275862232583 0.06269165009496944 0.0826989057048222
0 0.9819494584837545 0.256423982869379 0.036101083032490974 0.07387580299785867
0 0.99338146811071 0.2044967880085653 0.013237063778580024 0.0728051391862955
0 0.9975932611311673 0.2767665952890792 0.0048134777376654635 0.07173447537473233
0 0.8797834652128629 0.2734375980679506 0.04707695732388601 0.1004558542694455
0 0.8891945022871504 0.23108571372865164 0.05533125691212915 0.07774291710589683
0 0.8420703515524421 0.22082039597268033 0.04573934558088388 0.07791580311389608
0 0.7819143098295855 0.06897723141803386 0.07146567757673787 0.09419109939857245
0 0.43200962695547535 0.25963597430406854 0.044524669073405534 0.10171306209850108
0 0.43832731648616124 0.17291220556745182 0.057160048134777375 0.10813704496788008
0 0.4774407922538744 0.15906396923114027 0.08363361422948756 0.11774115058313116
0 0.6765803501152904 0.28704312155125633 0.07117939015629872 0.10377096258991823
0 0.6403364041038047 0.2334955334262297 0.07362117316921683 0.10506607085237238
0 0.6122125153719764 0.13480717920755067 0.054162931621798444 0.07870135869201451
0 0.6890963225374661 0.22043069177870225 0.05642355964653357 0.09278832158050394
0 0.6364082121011337 0.1776246263304153 0.05731153178418091 0.08326456950188091
0 0.7983247128568751 0.37791757583181534 0.0714246991648967 0.11126560927086042
0 0.8950060168471721 0.0208779443254818 0.05836341756919374 0.0417558886509636
0 0.3649217809867629 0.9031049250535332 0.08965102286401926 0.1766595289079229
0 0.17039253210318758 0.8578207498602022 0.09243081731983009 0.16659435545614648
0 0.025872442839951864 0.8276231263383298 0.05174488567990373 0.15631691648822268
0 0.030685920577617327 0.6718415417558886 0.061371841155234655 0.14025695931477516
0 0.028580024067388687 0.5433618843683083 0.057160048134777375 0.11670235546038545
0 0.3285198555956679 0.5455032119914347 0.07581227436823104 0.1316916488222698
0 0.391395908543923 0.5176659528907923 0.036702767749699154 0.07601713062098502
0 0.38567990373044525 0.5455032119914347 0.048134777376654635 0.1316916488222698
0 0.17448856799037304 0.541220556745182 0.08784596871239471 0.12312633832976445
0 0.22081829121540314 0.49839400428265523 0.07099879663056559 0.03747323340471092
0 0.12605294825511432 0.5096359743040685 0.06197352587244284 0.059957173447537475
0 0.08664259927797834 0.5069593147751607 0.07340553549939831 0.05460385438972163
0 0.9780385078219013 0.6156316916488223 0.043922984356197355 0.10706638115631692
0 0.987063778580024 0.8463597430406852 0.025872442839951864 0.14025695931477516
0 0.8482497087157645 0.8233266976370025 0.08289175293593756 0.11340238422415562
0 0.8193979521661012 0.8398492017217252 0.054927968523922 0.12040113623025549
0 0.7800264566606034 0.6632594419360183 0.058888518268025235 0.1314444410222234
0 0.7266894680962408 0.7105878018884827 0.07156487574123852 0.11554826451711309
0 0.7511504015774669 0.8623043466708155 0.06940344588100378 0.12281846674716454
0 0.7546491624494789 0.9325450485536485 0.07716119318429517 0.10326140990558251
0 0.7391696750902527 0.9678800856531049 0.08604091456077016 0.06423982869379015
0 0.6985559566787004 0.9427194860813705 0.07460890493381468 0.1145610278372591
0 0.708544539758351 0.8892855415337486 0.06297200324765267 0.09126421619732757
0 0.707008531686348 0.824031160141118 0.06547794028098579 0.1128458257667593
0 0.6685149839919641 0.8850188206319045 0.0788842905122371 0.13757876298832655
0 0.6606498194945848 0.9411134903640257 0.07099879663056559 0.11777301927194861
0 0.41997593261131166 0.8961456102783726 0.02045728038507822 0.11991434689507495
0 0.4139590854392298 0.7425053533190579 0.00842358604091456 0.11027837259100642
0 0.519887832499706 0.7425371642850846 0.05774930285402393 0.15161872010375552
0 0.4670856882294835 0.7237368679278849 0.05868418767126863 0.10687528446899339
0 0.6144313227911954 0.7262701760799049 0.0600800191669299 0.16784701061537116
0 0.5851447623055672 0.6653659427208274 0.07279735505198436 0.13487632423797277
0 0.5957009490616119 0.5846946056161452 0.06144730224871149 0.0996611933516648
0 0.8981265091485284 0.5878140068566727 0.06685653043582922 0.11831136705002064
0 0.8850649468216005 0.5369620284772533 0.04428473287011348 0.08845410789135953
0 0.851985559566787 0.5422912205567452 0.05896510228640193 0.1252676659528908
0 0.8191937424789411 0.5321199143468951 0.0631768953068592 0.10492505353319058
0 0.7867027677496992 0.5091006423982869 0.060770156438026475 0.058886509635974305
0 0.4360059421277426 0.6263739538629368 0.05209476565830814 0.1254738997244575
0 0.4703982020392315 0.6600020392485993 0.04860165832282709 0.09205887711510825
0 0.5296495917460727 0.6559210651040823 0.05815852550998714 0.09081532729554584
0 0.5566000631134889 0.6088004757207253 0.059075607523964145 0.10050741271233711
0 0.5459686959951923 0.5405631000141272 0.06799574584983066 0.09813708796848879
0 0.516245487364621 0.49839400428265523 0.06257521058965103 0.03747323340471092
0 0.4335138387484958 0.5251605995717344 0.04753309265944645 0.08029978586723768
0 0.4250902527075812 0.5835117773019272 0.030685920577617327 0.10278372591006424
0 0.6254512635379061 0.5064239828693791 0.043922984356197355 0.05353319057815846
0 0.6516245487364621 0.5123126338329764 0.04091456077015644 0.06531049250535331
0 0.6820096269554753 0.5149892933618844 0.048736462093862815 0.07066381156316917
0 0.7063778580024067 0.5289079229122056 0.07340553549939831 0.09850107066381156
0 0.7258578715022742 0.5477324039705199 0.0645317483906791 0.08393790285455373
0 0.7367199926910041 0.613856507610353 0.07153576586490892 0.09633242702169892
0 0.7527075812274369 0.49571734475374735 0.05174488567990373 0.032119914346895075