0 0.031500967481884724 0.1470703834883457 0.06253018608243202 0.11304029884651239
0 0.14387304168426399 0.18014525551654548 0.06016525726763012 0.13316695578511795
0 0.08946062757026976 0.18858330396181608 0.07257318476920493 0.1436519515532484
0 0.07667930025915289 0.11304460003640865 0.062410871415529603 0.09395878768351035
0 0.022439949431099875 0.042134831460674156 0.04487989886219975 0.08426966292134831
0 0.28422831934898074 0.1442913964784323 0.06304298266710988 0.09397840011601392
0 0.18941827656541269 0.139358286598397 0.05994424964454695 0.12754897825702807
0 0.32782637399729814 0.1103146441077543 0.06469172898487269 0.11984070917773111
0 0.2976265965984677 0.05050343383454256 0.04521126304901196 0.09005846548905881
0 0.2718078381795196 0.037640449438202245 0.05056890012642225 0.07528089887640449
0 0.38558786346396967 0.1662921348314607 0.02781289506953224 0.1101123595505618
0 0.643173198482933 0.22191011235955055 0.0777496839443742 0.13595505617977527
0 0.4800760463398505 0.12069286560744244 0.054564659052640796 0.13523763490382132
0 0.46297581777981445 0.1605972750629283 0.06448834307251126 0.14676777644755543
0 0.4358635021506746 0.1873127249385528 0.05876843019061957 0.1297569444032566
0 0.4191921461776696 0.1737678981471702 0.028307775447863778 0.1097340364800811
0 0.43742098609355246 0.26348314606741574 0.03286978508217446 0.052808988764044947
0 0.5018963337547409 0.021910112359550562 0.051833122629582805 0.043820224719101124
0 0.37041719342604296 0.9359550561797753 0.05815423514538559 0.12134831460674157
0 0.33462228478319905 0.8539461085704348 0.07021721405757611 0.09981211440164356
0 0.26801517067003794 0.9573033707865168 0.07838179519595449 0.0853932584269663
0 0.2076673030220444 0.9006338677984037 0.07840808051422486 0.1314885253164867
0 0.24251532720253155 0.8292422089633149 0.06486853508333919 0.12433509120020303
0 0.28417949152496524 0.7863257236289523 0.07215774933693346 0.10099454720477241
0 0.316658255086876 0.6868834020184214 0.05715955359369908 0.05676246140309548
0 0.2858351772918262 0.6434035514416775 0.04956526047156267 0.1204936063032623
0 0.3193636534394759 0.6108641934966752 0.053402129505661 0.12173487640390188
0 0.3661575077671381 0.6420363680193363 0.05598806594354621 0.10722619699338633
0 0.08470290771175727 0.950561797752809 0.07838179519595449 0.09887640449438202
0 0.014854614412136535 0.8230337078651685 0.02970922882427307 0.10674157303370786
0 0.026472675937212264 0.7510103318266242 0.05148817404019837 0.08913099430847708
0 0.07576406365352652 0.7652305116024976 0.05555934060432723 0.08027951729105844
0 0.0980825325158368 0.7212268122010681 0.04873872141079409 0.08343456705037262
0 0.12863823526129958 0.733778367724562 0.04457915179743197 0.09003885305655518
0 0.09619053056487026 0.7696590935376627 0.06073554528387194 0.09951792791408949
0 0.15670088366969703 0.7312202212197243 0.05328281483875844 0.10265336524089996
0 0.19274234901483314 0.6901656410363208 0.08203723183218746 0.11140109324288854
0 0.1715401895208112 0.6418874157332991 0.048371819306913644 0.0901565276515769
0 0.2152620378876177 0.5949697026155107 0.06092564128928588 0.08830158529041329
0 0.21578797713143066 0.6405145454580461 0.07224615238616679 0.10324173821600836
0 0.25489509797957344 0.5245545460422629 0.058472309425250515 0.10618105121778279
0 0.28397669460385283 0.49159067737197704 0.06868778240671572 0.09303131650292855
0 0.2949613624623348 0.4490635972612306 0.07112782436380366 0.09086257522170703
0 0.28215345533732294 0.40502479235813366 0.06905468451059617 0.08630935590172432
0 0.27380571764262884 0.34566054866916524 0.055294131456627475 0.07353794425735063
0 0.21897309454915206 0.504294721439472 0.05761919055058721 0.10054346125718933
0 0.2251351699250223 0.451792568805689 0.05682356310748786 0.08031874215606573
0 0.2422508542938931 0.4203249318585898 0.06005923250767514 0.0983747199759678
0 0.19663946437363175 0.37899136670410793 0.062145662267829846 0.0872172146498025
0 0.17058581943340387 0.4084863866950218 0.04647548555217281 0.09009769035406605
0 0.13073623076995144 0.44122186896506016 0.05364971694263897 0.09593140463969574
0 0.036293090090263956 0.42952757361881333 0.05217777672334271 0.07456347760045053
0 0.06682885797530559 0.4657040534090403 0.056500862528223936 0.08816429826288792
0 0.026935067787236533 0.4973159401734607 0.04810661015921381 0.08341495461786903
0 0.009797724399494312 0.4926966292134832 0.019595448798988623 0.08202247191011236
0 0.024968394437420986 0.6735955056179775 0.04993678887484197 0.1
0 0.006321112515802781 0.7252808988764045 0.012642225031605562 0.07528089887640449
0 0.11211725282067851 0.6757926811637587 0.06364418230102094 0.07716369239675154
0 0.10429993342138401 0.6299115835422059 0.04988362924705224 0.06439228075237786
0 0.04996046654778838 0.6321600504903258 0.05198768071792873 0.0857798202241266
0 0.15355824361814188 0.6030714962817639 0.06912979765288206 0.10426727155910832
0 0.1439020818956706 0.5426228819521847 0.07572940922333211 0.09549424427170425
0 0.1662360065668155 0.5070559550591418 0.0610140443385192 0.09054877630164926
0 0.12097808159567496 0.5551462947638073 0.050944465837851345 0.09135857288720932
0 0.08418519033205608 0.5770997513517049 0.06992542509598142 0.12449199066023191
0 0.04314216050395463 0.579498154970058 0.046696493175255906 0.09571566788215592
0 0.9655499367888748 0.7264044943820225 0.06890012642225031 0.17191011235955056
0 0.9100070399127712 0.8641988901276659 0.09343718787512847 0.19255493126992984
0 0.790635374516505 0.806029437331846 0.08692164755013738 0.1553193801245077
0 0.7825537294563844 0.9179775280898876 0.10872313527180784 0.16404494382022472
0 0.9699747155499368 0.8578651685393258 0.06005056890012642 0.16067415730337078
0 0.9649178255372945 0.9337078651685393 0.07016434892541087 0.13258426966292136
0 0.9175094816687737 0.9786516853932584 0.10050568900126422 0.04269662921348315
0 0.48577749683944377 0.9792134831460674 0.07142857142857142 0.04157303370786517
0 0.5420353982300885 0.9634831460674157 0.09924146649810367 0.07303370786516854
0 0.7322403441354273 0.7454055870466183 0.09396327436675378 0.1577823078932834
0 0.7005752714707745 0.6563906998435909 0.09838805312781572 0.1579195949208087
0 0.5964537210584951 0.6641211332291593 0.09778252169013031 0.1264785331960089
0 0.5480749623024833 0.7454948273770804 0.07742668886948578 0.17073591828310158
0 0.6056943001008828 0.7622690342944517 0.06661897435728274 0.13673386662700793
0 0.6493387221757039 0.7536025994489336 0.06823680905737631 0.14576185553695903
0 0.8323659883736759 0.6843632044417067 0.07743997877643322 0.1550251936369535
0 0.8889399453901108 0.6826078917326331 0.07391252041465138 0.16164909207563974
0 0.9173585191451407 0.6327900904780775 0.07770518792413306 0.16176676667066134
0 0.8543419690441134 0.5914340694646362 0.11498213005664766 0.1303788553904605
0 0.8350803448294489 0.5442206023697216 0.10189788977887576 0.11875065168420837
0 0.9235737541488007 0.5172881397996735 0.07299757830464962 0.12234286181151398
0 0.9654434702854829 0.4715528594850139 0.06516032404493388 0.09965521494161474
0 0.9671343994737875 0.39387767635359633 0.06180967178161856 0.11077349540277283
0 0.9122733251601532 0.3989547444982648 0.0627202820878461 0.10182395622283619
0 0.8551844056571534 0.3956636836483093 0.049092333607727245 0.09242333109531645
0 0.8033225373117886 0.40458508011637434 0.06371929544330682 0.0951216080541356
0 0.7507335097121364 0.4191538727612848 0.053826523041105544 0.1004257866621676
0 0.6871112809256115 0.42675270597223985 0.06421880212103712 0.09177043396978525
0 0.7125660393816277 0.35790242463594135 0.046506397169841895 0.10693201050583212
0 0.7130188841372298 0.4900719897898308 0.059780733453027875 0.10734387158840805
0 0.6839063758952814 0.5061623134433434 0.07052662472989246 0.10767728294096947
0 0.6431019754009847 0.5468021891177148 0.060090144125344226 0.11520904012773389
0 0.5650009924093768 0.48397733547605415 0.05397241752190282 0.08808584853287355
0 0.6191769430914533 0.461484536994307 0.08433137930847796 0.12157229009096113
0 0.6160761914148154 0.39070782635662626 0.051134561843265355 0.08014223026353319
0 0.6635995181464646 0.3599841859077805 0.07225944229311422 0.08753101356986036
0 0.47516549255144247 0.7905057236259903 0.0912536914581918 0.10495370669673487
0 0.4804940894174459 0.8696505632582949 0.0850518936092915 0.1238390935347006
0 0.42035398230088494 0.8095505617977528 0.041719342604298354 0.10674157303370786
0 0.40486725663716816 0.7640449438202247 0.010745891276864728 0.1146067415730337
0 0.4442694675159941 0.753215454546397 0.08303624518764818 0.10469874507418783
0 0.4216182048040455 0.6820224719101123 0.04424778761061947 0.09887640449438202
0 0.9361567635903919 0.32696629213483147 0.05941845764854614 0.07415730337078652