0 0.3975806451612903 0.43355640535372847 0.06505376344086021 0.052581261950286805
0 0.4508064516129032 0.42065009560229444 0.07043010752688172 0.07839388145315487
0 0.42489310397630164 0.36174631326717055 0.06732778940972332 0.12970272507481825
0 0.9803763440860215 0.44120458891013387 0.03924731182795699 0.0372848948374761
0 0.6699700581685618 0.3707988964672338 0.0583589833773905 0.12100952691327395
0 0.6088709677419355 0.3121414913957935 0.038172043010752686 0.07170172084130019
0 0.6168337516320307 0.35973757015607355 0.038433791675959984 0.1074249744532411
0 0.8067204301075269 0.4077437858508604 0.06827956989247312 0.10420650095602295
0 0.7668621422979963 0.3493446374094841 0.058472546041252585 0.07323062760088764
0 0.8513077909488702 0.38892011139694793 0.046620526303225045 0.11037647296869457
0 0.8861808868845036 0.40648171005181954 0.05858674362322515 0.08852143273491153
0 0.9139298507175754 0.3766673341529587 0.05057098790986382 0.07697128969728875
0 0.8995069145994736 0.3282602499410543 0.04855068968994826 0.06739437431542183
0 0.8375567391119935 0.3247525535469244 0.04350026159921424 0.07498693808395948
0 0.6285647061984567 0.029698617795582003 0.04612299647592298 0.048257229488048115
0 0.6212378289760067 0.07214708518871181 0.04727974429194915 0.05018039933472297
0 0.7169354838709677 0.006692160611854685 0.03924731182795699 0.01338432122370937
0 0.796236559139785 0.024378585086042064 0.03333333333333333 0.04875717017208413
0 0.8206989247311828 0.02676864244741874 0.03602150537634408 0.05353728489483748
0 0.8543010752688172 0.014340344168260038 0.03655913978494624 0.028680688336520075
0 0.9077956989247312 0.02390057361376673 0.02956989247311828 0.04780114722753346
0 0.9516129032258065 0.022944550669216062 0.035483870967741936 0.045889101338432124
0 0.9740074800178393 0.07770778916193044 0.036934451114015616 0.059629389204494405
0 0.9905913978494624 0.08030592734225621 0.01881720430107527 0.06118546845124283
0 0.9692394878010734 0.22434329058532948 0.02708605284527293 0.06812791810850188
0 0.9846774193548387 0.24665391969407266 0.03064516129032258 0.08221797323135756
0 0.8040805000716665 0.28952677833301255 0.04684026563279995 0.09031111509070404
0 0.6807612636266278 0.1511221934250835 0.054627626182215415 0.07127964786027892
0 0.645859777025029 0.14550531959830856 0.04355704293114516 0.05109748842776632
0 0.6746145620508732 0.09515591731736205 0.048640189605030124 0.056883683904151175
0 0.9503167417523961 0.2595047843398072 0.039891757820382685 0.09119483231102678
0 0.9644143967933211 0.36333338944171667 0.04555327840228074 0.09794261271074917
0 0.988978494623656 0.3422562141491396 0.02204301075268817 0.0745697896749522
0 0.7740945567700682 0.22901367190819544 0.05152403822883531 0.07411434482121027
0 0.7286391166581848 0.13967248470900895 0.04057567347599762 0.056800254222349716
0 0.9176907519053471 0.12442745021882466 0.03672273270070095 0.067272010782113
0 0.20725806451612902 0.9631931166347992 0.07258064516129033 0.07361376673040153
0 0.2803763440860215 0.9435946462715105 0.07903225806451612 0.11281070745697896
0 0.24144767876479314 0.9041258933322385 0.08293522909170567 0.10501854985889067
0 0.2080325489735825 0.8703341525351526 0.06014286551710068 0.11242756832746507
0 0.16117719388542898 0.899473066714808 0.07124553243321115 0.08291878255848986
0 0.1424731182795699 0.9780114722753346 0.09032258064516129 0.04397705544933078
0 0.064247311827957 0.982791586998088 0.07365591397849462 0.03441682600382409
0 0.11478494623655915 0.9636711281070746 0.07795698924731183 0.07265774378585087
0 0.0774895538908427 0.9029075012745508 0.05699853806430965 0.11430624234384575
0 0.02446236559139785 0.9206500956022945 0.0489247311827957 0.13575525812619502
0 0.012096774193548387 0.888623326959847 0.024193548387096774 0.10994263862332695
0 0.01827956989247312 0.8154875717017208 0.03655913978494624 0.08795411089866156
0 0.05338856349979156 0.7913305969980743 0.06718889416085956 0.08861042439549979
0 0.006989247311827957 0.6108986615678776 0.013978494623655914 0.07839388145315487
0 0.0239247311827957 0.5449330783938815 0.0478494623655914 0.12619502868068833
0 0.04059139784946236 0.48326959847036327 0.05 0.04684512428298279
0 0.06236559139784946 0.502868068833652 0.053763440860215055 0.08604206500956023
0 0.0614996178311069 0.5592033477616183 0.04780133686803132 0.07503143391425367
0 0.03497780181565937 0.7060916005164287 0.04363852192996691 0.05300953431686771
0 0.05447090085608964 0.6843144279856603 0.06659384350221564 0.04942460762649588
0 0.04636099985140566 0.6264166390630839 0.03737456469127567 0.0825683778949237
0 0.16573188039360306 0.6028059257530017 0.043850875261392426 0.10843661718565938
0 0.23220719839666054 0.6116162441724543 0.07840575865894296 0.07439244376054849
0 0.5223118279569893 0.9560229445506692 0.07903225806451612 0.08795411089866156
0 0.5135882103488232 0.8840068278866987 0.06623584384188806 0.09146736927157818
0 0.5674731182795699 0.8479923518164436 0.044623655913978495 0.124282982791587
0 0.564247311827957 0.7476099426386233 0.051075268817204304 0.09751434034416825
0 0.5186293476870756 0.7626975915257121 0.0533573157023274 0.11713537732599037
0 0.47694167635259255 0.6987188222510523 0.05274622321116337 0.10279503315773034
0 0.48030300251304997 0.8091255673996877 0.049398198261317666 0.09989359245135777
0 0.44686813789024477 0.8379255195767368 0.05522267684085946 0.11046546462928274
0 0.35408546290696286 0.8360100552914693 0.07530280562367347 0.14029684516789034
0 0.2960126084026151 0.8162972456596655 0.07394236031059287 0.13359356059846203
0 0.2701650998312456 0.783539395510145 0.07466701546561874 0.10015500545433566
0 0.2574041448136768 0.7552171361019847 0.08745604369009753 0.08499768781119411
0 0.25144910936058684 0.7226650791675746 0.08390432124319715 0.07731613238206819
0 0.4396331837457295 0.7059776672923841 0.04716618162808719 0.0979592986471094
0 0.40636528757869805 0.73239034309745 0.07181588542496424 0.09630310378219924
0 0.39907914985565895 0.7757948334351304 0.07033322161365059 0.08673175037911902
0 0.37721144593406 0.792291631855723 0.0775996245050951 0.10591895301557352
0 0.5741935483870968 0.6821223709369025 0.03118279569892473 0.0621414913957935
0 0.19578199102528174 0.5639371417748432 0.04330458501841943 0.057784087060834245
0 0.3056451612903226 0.48422562141491393 0.056451612903225805 0.04875717017208413
0 0.35875371207899903 0.4915640150172765 0.054554168099653536 0.05694486567080559
0 0.44623655913978494 0.49282982791587 0.047311827956989246 0.06596558317399617
0 0.442694762363477 0.5760475384940814 0.04833897127663359 0.07503699589304037
0 0.28435710111295837 0.54908605166836 0.03903622833275317 0.07111835047546272
0 0.3384628172600363 0.5639798127259031 0.052069693553697456 0.061697170499625135
0 0.15 0.5019120458891013 0.035483870967741936 0.0841300191204589
0 0.12381708373139629 0.6343849551031145 0.052517828047217746 0.07221342288968255
0 0.09742856521140533 0.6709026155714035 0.04900684509972842 0.0654878904051072
0 0.2946869873764828 0.627552238845743 0.042351534699447815 0.06064103193691273
0 0.5018817204301075 0.48661567877629064 0.044623655913978495 0.05353728489483748
0 0.4010752688172043 0.48709369024856597 0.04408602150537634 0.05449330783938815
0 0.5548643597214765 0.5284722888141846 0.03120812828392641 0.08919379476133722
0 0.49519158574287864 0.5847132454650782 0.05218389113567052 0.07698797563364908
0 0.49288178310990094 0.5431206853983374 0.04292188769120091 0.0740253531606221
0 0.9758064516129032 0.969885277246654 0.04838709677419355 0.06022944550669216
0 0.9876344086021506 0.7260994263862333 0.024731182795698924 0.12523900573613767
0 0.989247311827957 0.5879541108986616 0.021505376344086023 0.06692160611854685
0 0.9257634054602297 0.835967065637023 0.056061529577858135 0.09231771461918035
0 0.9165415065970605 0.7708907616621363 0.05478256326359916 0.0875264759388536
0 0.8770534507717125 0.7270023791700074 0.05944227311085479 0.10859791457047548
0 0.9309431205882903 0.7242152777321499 0.04618041272596475 0.08743748427826521
0 0.9407628107320118 0.6961266214330338 0.050049395333781777 0.05212025511775816
0 0.9292588649837196 0.5144433281168993 0.05115738273413702 0.06551013832025424
0 0.8393356584164077 0.5354918814266015 0.04726370245942905 0.07502587193546685
0 0.9296221449383988 0.5923286072144516 0.041064547468928965 0.06827252955695776
0 0.7160088350237546 0.8572093320941029 0.053023378790779924 0.12190993006995701
0 0.6075268817204301 0.874282982791587 0.035483870967741936 0.10803059273422562
0 0.6792086337823618 0.7818139072727025 0.03976151840588989 0.10074949977774676
0 0.6580168246001179 0.77633886390499 0.042197232536175036 0.10746390830474849
0 0.7149406347456441 0.7501709151665419 0.04825749227781154 0.07312495000393893
0 0.723635978197435 0.7020029960424683 0.04376074042819971 0.05587760315051972
0 0.7501834442569395 0.6755207955025679 0.031460586196652075 0.08250719612826929
0 0.7728008184595108 0.6829217897063486 0.03199019968899417 0.09493549440742799
0 0.7939312009335829 0.65542794643403 0.04113800555149072 0.08260731174643109
0 0.8304338768456536 0.7112304628709284 0.06068852084196282 0.10001039400587979
0 0.738052999103074 0.5674123350653276 0.03646225387171517 0.08638134571555287
0 0.686818782746356 0.5568484871521965 0.046098933727142945 0.08552543838916388
0 0.8352150537634409 0.4837476099426386 0.0489247311827957 0.04780114722753346
0 0.6217165763488802 0.5991770532980243 0.028006384581093606 0.05189221398750084
0 0.6 0.5965583173996176 0.02043010752688172 0.05736137667304015
0 0.6126107798220163 0.7386006677963928 0.039435602410602406 0.0931013162213413
0 0.600268817204301 0.4861376673040153 0.020967741935483872 0.052581261950286805
0 0.6349462365591397 0.47609942638623326 0.03870967741935484 0.032504780114722756