0 0.32624309392265194 0.05108055009823183 0.07237569060773481 0.10216110019646366
0 0.4002762430939227 0.057465618860510805 0.08453038674033149 0.11493123772102161
0 0.28646408839779003 0.0756385068762279 0.06795580110497237 0.1512770137524558
0 0.2618615966870993 0.1129879507378087 0.07709528620062753 0.16161524853089393
0 0.2468435102232416 0.22240247899368276 0.08206766189123527 0.16171812130223173
0 0.13701657458563535 0.07956777996070727 0.0718232044198895 0.15913555992141454
0 0.10923336686672097 0.2050996708014755 0.07895777606173442 0.14987315050916147
0 0.1697705123796996 0.2333347456790186 0.09064919900729868 0.134407524945625
0 0.20658596120275932 0.328898972311289 0.05508975024411695 0.10814714049714526
0 0.2718384151560063 0.3201770937886107 0.08250667906056669 0.13914766168232806
0 0.04094068262357379 0.1106781308565703 0.07906889580200382 0.19110765728034215
0 0.012154696132596685 0.14783889980353634 0.02430939226519337 0.14636542239685657
0 0.04980783016030156 0.35524108944163196 0.06715288409765628 0.14275688614486803
0 0.014364640883977901 0.39538310412573674 0.028729281767955802 0.11493123772102161
0 0.04668508287292818 0.43320235756385067 0.05580110497237569 0.09233791748526522
0 0.14000667701091155 0.36762727933482814 0.0873921910286059 0.13630357964030632
0 0.1372227209498573 0.42321970411651055 0.08300595465652164 0.09988922176131353
0 0.35130410069141516 0.12784708177069418 0.10396912594220938 0.11799387203474786
0 0.3217077379545246 0.2021781948104509 0.09562392397615063 0.11585778087361212
0 0.34977262077287236 0.2821967837237 0.08070679690432743 0.1155491625595991
0 0.3428438436638561 0.3472126745444321 0.08914121187119904 0.1019795916907437
0 0.38669255290533305 0.2406418842253042 0.05095470792676096 0.15518411443163369
0 0.42172104060249727 0.20993820694093246 0.06371745011733765 0.1760642648995314
0 0.44696132596685084 0.10658153241650295 0.06519337016574586 0.17976424361493124
0 0.4734806629834254 0.14194499017681728 0.012154696132596685 0.11493123772102161
0 0.4544198895027624 0.23084479371316308 0.05027624309392265 0.1650294695481336
0 0.46878453038674034 0.4086444007858546 0.02154696132596685 0.09430255402750491
0 0.45773480662983423 0.45137524557956776 0.04364640883977901 0.055992141453831044
0 0.3270718232044199 0.4430255402750491 0.051933701657458566 0.07269155206286837
0 0.9787292817679558 0.015225933202357564 0.042541436464088395 0.030451866404715127
0 0.9845303867403314 0.13899803536345776 0.030939226519337018 0.08349705304518663
0 0.9257003566791772 0.1438455930739114 0.06636876131629477 0.13488690966798283
0 0.8735772756503646 0.14787271198631655 0.05738655871806669 0.11113981654221045
0 0.992817679558011 0.2450884086444008 0.014364640883977901 0.08153241650294696
0 0.7751381215469614 0.032907662082514735 0.06519337016574586 0.06581532416502947
0 0.7140883977900553 0.01424361493123772 0.06574585635359116 0.02848722986247544
0 0.6751381215469613 0.014734774066797643 0.05082872928176796 0.029469548133595286
0 0.6488950276243094 0.021611001964636542 0.042541436464088395 0.043222003929273084
0 0.6870165745856354 0.05992141453831041 0.054696132596685085 0.11984282907662082
0 0.711070044453376 0.06424661913690594 0.06405004610288843 0.07495406482174595
0 0.7226796838504892 0.12052417418362156 0.05387130884991246 0.08554238995346251
0 0.7554814002309331 0.10805053645459892 0.052327319304890305 0.10808998895751336
0 0.7847741215564625 0.13594910545886427 0.06163272077569195 0.1053373493789027
0 0.8105977557709952 0.23370657479190254 0.04287714496314109 0.10593103718052468
0 0.7457287591169448 0.19917215846152855 0.07137244085933644 0.1173194838670898
0 0.6465355816592563 0.14421514808558888 0.06032506638067459 0.09843826086521108
0 0.5947513812154697 0.032907662082514735 0.04696132596685083 0.06581532416502947
0 0.49337016574585635 0.09233791748526522 0.027624309392265192 0.09430255402750491
0 0.5478686667110966 0.18213293556218008 0.03901209092646831 0.08719840818168918
0 0.6204075130118691 0.2705691234169549 0.06680777848562632 0.11231645004807927
0 0.8493938620301642 0.3026910565643052 0.05686772566089955 0.07480547081870273
0 0.8897790055248619 0.43222003929273084 0.044751381215469614 0.09430255402750491
0 0.8621546961325967 0.4361493123772102 0.04033149171270718 0.08644400785854617
0 0.9595909821052303 0.37462146083424025 0.03645469128481277 0.0753648676965454
0 0.923518955098121 0.3792994190878995 0.0396248355409369 0.07052185818850479
0 0.8934675416480531 0.37254926868252675 0.04645970109265152 0.0588826329381099
0 0.9792817679558011 0.3948919449901768 0.04143646408839779 0.07465618860510806
0 0.9842541436464088 0.34528487229862476 0.03149171270718232 0.05795677799607073
0 0.7582676757839961 0.3807524446156561 0.047214869299823575 0.06577029114387527
0 0.7289546039757612 0.39905141012383943 0.04532107558628287 0.09518268773783843
0 0.7395027624309393 0.45137524557956776 0.042541436464088395 0.055992141453831044
0 0.769889502762431 0.4425343811394892 0.03591160220994475 0.07367387033398821
0 0.7866459787443111 0.3963834655388499 0.0445948619533004 0.0892773478031929
0 0.6853591160220994 0.4430255402750491 0.03370165745856354 0.07269155206286837
0 0.6574585635359116 0.44646365422396855 0.04088397790055249 0.06581532416502947
0 0.6207182320441988 0.43762278978388996 0.04585635359116022 0.08349705304518663
0 0.5554281598528071 0.4198425268652557 0.04723912531752449 0.1040578431016962
0 0.49171270718232046 0.4582514734774067 0.02430939226519337 0.04223968565815324
0 0.48922651933701655 0.42534381139489197 0.019337016574585635 0.07662082514734773
0 0.49171270718232046 0.1881139489194499 0.02430939226519337 0.07760314341846758
0 0.5308577948022791 0.2989605720831586 0.04773135307874642 0.12075725371073352
0 0.8013812154696133 0.44204322200392926 0.04696132596685083 0.07465618860510806
0 0.36595162110018425 0.5531455160391561 0.08777329904955827 0.11176848347816318
0 0.2955663666591649 0.5659052555716146 0.07988902099228774 0.14400210149829537
0 0.219060773480663 0.4916502946954813 0.09116022099447514 0.02455795677799607
0 0.24613259668508286 0.5392927308447937 0.07016574585635359 0.11984282907662082
0 0.1927037693493972 0.5552554401674056 0.07881535246903107 0.12630894231021172
0 0.15662983425414365 0.5147347740667977 0.06795580110497237 0.07072691552062868
0 0.10331491712707182 0.5147347740667977 0.07845303867403315 0.07072691552062868
0 0.04861878453038674 0.5279960707269156 0.09723756906077348 0.09724950884086445
0 0.008287292817679558 0.6650294695481336 0.016574585635359115 0.1237721021611002
0 0.0060773480662983425 0.7298624754420432 0.012154696132596685 0.07662082514734773
0 0.025966850828729283 0.6444007858546169 0.051933701657458566 0.13555992141453832
0 0.054426877765024154 0.6372410743598242 0.04936220634633716 0.10115660952004232
0 0.09311303892304587 0.6556075893997388 0.06433959184478377 0.0847772475329446
0 0.13910438665454763 0.6217283511434792 0.06681012776387067 0.09366383320472862
0 0.08224761436337635 0.5776904566185707 0.07114080426582023 0.10946093769813117
0 0.14257112448730003 0.5705449282739099 0.07718919775792898 0.10860435281420183
0 0.42513812154696135 0.5083497053045186 0.06795580110497237 0.05795677799607073
0 0.46988950276243097 0.5844793713163065 0.019337016574585635 0.08055009823182711
0 0.3761632184623451 0.6276359651793313 0.07847024685700123 0.09586850621342306
0 0.43063631855699785 0.6658256713092264 0.049596192218097856 0.09036253884565053
0 0.3778089306346595 0.7209790615515691 0.07402140278004908 0.0947947454788919
0 0.3146181246444795 0.7527568436757477 0.07335309829544567 0.09085404208648606
0 0.3077183021096528 0.8187550527675997 0.07405035735423854 0.09577706375001174
0 0.3429835065744507 0.8711029906245603 0.0527084273258428 0.08355489279537
0 0.32151988505368595 0.9025089436358549 0.060182642787971245 0.0748740526662611
0 0.36898791606885356 0.9187279372067074 0.03883836348133115 0.08130449855497013
0 0.30649319449834433 0.9647436191081605 0.04817506880456661 0.06088156040412877
0 0.2533723552991152 0.9255430189373295 0.05616811732386232 0.08853506599852759
0 0.270706807698135 0.8947139523710428 0.047533369615908434 0.07657579212619355
0 0.23565876253975845 0.849733401547481 0.06151690247893384 0.10140807629442333
0 0.18302935808025794 0.9491139746060694 0.05288215477097996 0.08944880242208905
0 0.13939742652757373 0.9505081280678158 0.0490437060302523 0.09035110853772428
0 0.09849662206168217 0.9695382891780135 0.044278710915459894 0.059819229977524084
0 0.04392265193370166 0.9803536345776032 0.049171270718232046 0.03929273084479371
0 0.006906077348066298 0.8526522593320236 0.013812154696132596 0.08055009823182711
0 0.2127208070135722 0.8123656452724604 0.05393156727653587 0.06885440965235154
0 0.14246429189965476 0.7263395318637794 0.05566884172790724 0.1277935059195421
0 0.18222529622005537 0.7530386067463232 0.0460762437934548 0.10207034594360358
0 0.28913489748548815 0.7228136259737579 0.046628729981300104 0.10208177625153027
0 0.4593922651933702 0.74950884086444 0.04033149171270718 0.09430255402750491
0 0.41044552366145015 0.7497913669793959 0.06189801049988634 0.07687298013227997
0 0.3780405672281756 0.7288376077205279 0.07288747583016901 0.09378956659191912
0 0.382913158165871 0.8285029061614496 0.055704844136829884 0.0728179736606101
0 0.426345931616595 0.7922193086130592 0.04977226894147912 0.07760383162901882
0 0.45773480662983423 0.8325147347740668 0.04364640883977901 0.0893909626719057
0 0.4209865747094241 0.8635916924262543 0.057999303332535265 0.09446326654902583
0 0.4598405901169721 0.9345408107408967 0.030727147387033103 0.06837433671944247
0 0.43487619601514804 0.9409547993782674 0.03346062375206991 0.06744916998795476
0 0.4029478154168784 0.9455470303224784 0.043026616390577366 0.07353739484942269
0 0.13052361277374183 0.8745156257511448 0.05919348870903875 0.07878046513488776
0 0.016298342541436465 0.9631630648330058 0.03259668508287293 0.07367387033398821
0 0.01270718232044199 0.9042239685658153 0.02541436464088398 0.07956777996070727
0 0.04854240320121077 0.95337073199283 0.05343464095882527 0.08946023273001552
0 0.027889128140123863 0.8997375727046997 0.042442826350298245 0.09119626311372693
0 0.6121546961325967 0.5103143418467584 0.08287292817679558 0.0618860510805501
0 0.7312553477709419 0.7187385117284405 0.06625294301953666 0.13095763658350346
0 0.6307607707314756 0.7227834643132868 0.07352447646233855 0.11540056855655577
0 0.9834254143646409 0.918958742632613 0.03314917127071823 0.1031434184675835
0 0.9612918725300506 0.9552855180400558 0.05663373978913898 0.08559954149309476
0 0.8076463270780435 0.9284852909125527 0.07015399946513196 0.09471473332340684
0 0.7964088397790056 0.9675834970530451 0.054696132596685085 0.06483300589390963
0 0.5434710953516553 0.5840322128860738 0.06657379261386581 0.12311052072247118
0 0.564517606442545 0.6322511913751185 0.06154585705312331 0.10239039456554318
0 0.4953038674033149 0.6488212180746562 0.03149171270718232 0.1031434184675835
0 0.4908839779005525 0.5275049115913556 0.022651933701657457 0.0962671905697446
0 0.48922651933701655 0.5903732809430255 0.019337016574585635 0.09233791748526522
0 0.5132768469050196 0.788120780177061 0.06116005047568224 0.1642307244143877
0 0.4977900552486188 0.7671905697445972 0.036464088397790057 0.12573673870333987
0 0.6187535783656998 0.821815068874844 0.05921774472673969 0.1170680170927088
0 0.5968904660018924 0.7927798724424523 0.051540847245284495 0.11887262932397868
0 0.5666520224587148 0.7703069145451988 0.04828383926659172 0.12076868401865999
0 0.770479899447343 0.8491464612156494 0.05857839481632581 0.11410963197142292
0 0.7163554288820866 0.8134068356095906 0.06221416153772672 0.10633109795794901
0 0.7223509933999338 0.8855272163814142 0.05756263544144807 0.09838110932557896
0 0.6165745856353592 0.9759332023575639 0.05082872928176796 0.0481335952848723
0 0.6063351487656596 0.9537829112887319 0.06652058202197539 0.08384065049353019
0 0.6076197217820982 0.9129652666515897 0.06442880484559657 0.06907158550295336
0 0.6202725188715277 0.8827245168382374 0.06669430946711256 0.08973456012024925
0 0.6651541956708501 0.8862190941162376 0.05948303445093408 0.08860364784608618
0 0.7189699446506279 0.948995332793945 0.07070648565297726 0.09472616363133353
0 0.5892519202076041 0.7211849417299678 0.06078599028946274 0.13280797004647912