0 0.20322376738305942 0.5157303370786517 0.084070796460177 0.06741573033707865
0 0.40739570164348926 0.4904494382022472 0.10176991150442478 0.11797752808988764
0 0.4549144681588242 0.35360596843064857 0.10448499029550244 0.1403071961893515
0 0.5268647281921618 0.47921348314606743 0.08912768647281921 0.1404494382022472
0 0.2643289111691716 0.3412491730308671 0.07936308618785581 0.1802205914789779
0 0.20825262191614347 0.4160344324305151 0.09681136003130086 0.13565592355830733
0 0.09955752212389381 0.4949438202247191 0.10429835651074588 0.10898876404494381
0 0.02010721468757371 0.39913095813873767 0.02379548820632266 0.1498696514207638
0 0.04687261072884245 0.39351912412476453 0.05983987408131068 0.11916728187155805
0 0.04226621983016389 0.31998898959369204 0.07179781096231941 0.08459730554502048
0 0.12834672673088698 0.2917933274304733 0.07451890501191194 0.15878075735056912
0 0.24289631438434822 0.18376315679559008 0.06772019792369591 0.16650210949870403
0 0.290050809422809 0.16986124217740867 0.06582386416895507 0.1664628868465611
0 0.32651760534193636 0.1269550318912559 0.07678246428251818 0.1453499081526774
0 0.3580910240202276 0.07808988764044944 0.06131479140328698 0.15617977528089888
0 0.4392772270565725 0.1853215898268813 0.1012662418800698 0.1694422340311328
0 0.47201255525300684 0.0812317213540727 0.06466198144594505 0.13948352049434856
0 0.05251444334362187 0.246151610954166 0.07318043179842525 0.12281262695341304
0 0.09152072117472511 0.20375490155129827 0.0666305518931293 0.07887473427788286
0 0.0983475173327655 0.13279841987141278 0.08773303511968385 0.09166573401325341
0 0.5147723746181126 0.10114226564347861 0.052439158829221316 0.1605703507534704
0 0.5467762326169405 0.08089887640449438 0.07711757269279393 0.16179775280898875
0 0.5847029077117573 0.08314606741573034 0.08343868520859671 0.1662921348314607
0 0.5783817951959545 0.038202247191011236 0.10240202275600506 0.07640449438202247
0 0.1286346396965866 0.019662921348314606 0.09292035398230089 0.03932584269662921
0 0.007901390644753476 0.02359550561797753 0.01580278128950695 0.04719101123595506
0 0.4233801218657459 0.06818695516349398 0.08050088108167372 0.10948637149456905
0 0.4200379266750948 0.024719101123595506 0.05752212389380531 0.04943820224719101
0 0.18849461376402388 0.19893902041927072 0.08574239086118991 0.15115092472410127
0 0.193843471573264 0.10103585793062522 0.07236370077997104 0.08123959324554775
0 0.9554361567635904 0.010674157303370787 0.0461441213653603 0.021348314606741574
0 0.9756637168141593 0.11179775280898877 0.048672566371681415 0.08426966292134831
0 0.9883059418457648 0.4134831460674157 0.02338811630847029 0.10337078651685393
0 0.9017067003792667 0.49157303370786515 0.04993678887484197 0.11573033707865168
0 0.9555576029184926 0.47994052258994424 0.061368982320186144 0.1326765763737359
0 0.9540234730324773 0.4018506349494948 0.05597295586150288 0.08314685460487796
0 0.9864096080910241 0.3056179775280899 0.02718078381795196 0.07640449438202247
0 0.8999267777347216 0.23941996338124916 0.05348865847780092 0.08534174874658979
0 0.8302039050355022 0.26334311162289903 0.03809725032677849 0.07379201247326614
0 0.7601137800252844 0.5162921348314606 0.05625790139064475 0.06629213483146068
0 0.8505388399109283 0.47761646065271735 0.04972609405602623 0.11895809439346218
0 0.7120733249051833 0.503370786516854 0.05625790139064475 0.09213483146067415
0 0.73031930377773 0.4418852405467141 0.03829591462856471 0.08390437202382794
0 0.7508659270833465 0.4094247823543384 0.04402906351540636 0.08626923099149296
0 0.7805621049840821 0.31158006024933355 0.0523929971887196 0.061733168911231324
0 0.7343728155895948 0.08491486870883876 0.04668192211318748 0.06049190544918435
0 0.6974856102466442 0.05813854632060546 0.03182028543359487 0.07590846131069219
0 0.7034886665163409 0.13838410545062388 0.03251861811910389 0.0792923220449271
0 0.6704503202200871 0.1626725445897941 0.0417795487797123 0.06825248024946226
0 0.644712363413655 0.26886578768264774 0.02427909803725069 0.07799876171335618
0 0.646048822609259 0.20813933350975297 0.02885036420108227 0.05338425432880868
0 0.3836915297092288 0.9657303370786516 0.07458912768647281 0.06853932584269663
0 0.5970290771175727 0.9668539325842697 0.06510745891276865 0.06629213483146068
0 0.5140188708018962 0.8959999226715 0.07929686475392698 0.1768498049621237
0 0.25758533501896336 0.9449438202247191 0.10050568900126422 0.1101123595505618
0 0.3857333974480641 0.9003393820582687 0.10566091755342484 0.13583896260164122
0 0.40458836655924063 0.8139594138136111 0.1370096236731212 0.1555807228488156
0 0.0881795195954488 0.9280898876404494 0.07901390644753477 0.14382022471910114
0 0.19595152055332846 0.8323253864782544 0.052916753401634604 0.15271825643152562
0 0.24692075691258042 0.8194686220614051 0.07875304874758515 0.1813311127672148
0 0.285082214655405 0.7984463757000408 0.08819658515718504 0.11526123963123093
0 0.24390065940136738 0.6818347097318934 0.06772621318221063 0.10248331411324131
0 0.32908919096193534 0.7048018657264357 0.10932114219504897 0.12917583487221945
0 0.48080291360865807 0.6859271793676549 0.09123272782362614 0.14115623312996842
0 0.4392752130386898 0.7126393114527045 0.061368982320186144 0.1326765763737359
0 0.12622764084516777 0.8079143166522599 0.07615035303093791 0.14533683393529645
0 0.10129536475396855 0.7780805953697426 0.07108543374189831 0.11266104475070805
0 0.028128950695322376 0.8932584269662921 0.05625790139064475 0.12134831460674157
0 0.5973451327433629 0.6623595505617977 0.06447534766118837 0.17640449438202246
0 0.6207332490518331 0.6876404494382022 0.017699115044247787 0.1348314606741573
0 0.09007186550712401 0.6091428994914996 0.077795845584876 0.10044531058010135
0 0.5518552232360254 0.6170144511404526 0.07514298698709489 0.12622263612240978
0 0.0627837336594481 0.7490897675137259 0.056069280383138624 0.12021243207289015
0 0.29582806573957016 0.5848314606741573 0.045512010113780026 0.07078651685393259
0 0.3388116308470291 0.5910112359550562 0.0493046776232617 0.08314606741573034
0 0.6839765315081502 0.6662812681824589 0.0628980905590616 0.1461858708759135
0 0.7726366533052695 0.62454362597361 0.0599060955152393 0.12253806838841198
0 0.9737673830594185 0.5752808988764045 0.05246523388116309 0.051685393258426963