0 0.23449197860962567 0.46482889733840305 0.08288770053475936 0.07034220532319392
0 0.07019951859791687 0.29185188796367856 0.05287497615699684 0.10919292145306009
0 0.2521552125560469 0.3129420101173523 0.05603939120820313 0.07999637025814631
0 0.1848578635113531 0.24023465834969313 0.04355318388471766 0.06959981304903833
0 0.25206693035899425 0.25392918335392184 0.04617095805130853 0.06694176588917343
0 0.21329008420110085 0.2291320367245068 0.04274510408412119 0.08283033229321247
0 0.2857728997172866 0.27956957650126646 0.047296499392739055 0.06987094246248979
0 0.33708178680058193 0.27442537474633927 0.04038197615155394 0.07126855709334783
0 0.3820855614973262 0.4824144486692015 0.039037433155080216 0.03517110266159696
0 0.4176470588235294 0.4619771863117871 0.04385026737967915 0.07604562737642585
0 0.4286096256684492 0.31749049429657794 0.021925133689839574 0.0779467680608365
0 0.39231054245180585 0.23710783795405696 0.028374505561504507 0.0580590216309744
0 0.36685684664921514 0.24989857001022783 0.04202360264298915 0.07328589609780915
0 0.3745319122514918 0.19079940320432218 0.03135897121182472 0.046884574164611566
0 0.021122994652406416 0.051330798479087454 0.04224598930481283 0.08745247148288973
0 0.20605469174390462 0.051646512145562706 0.04869536117647777 0.05953086701828191
0 0.1656022670189863 0.03696591881602927 0.040393857677880826 0.04469132028494908
0 0.17328668105960326 0.12826989633199073 0.03772685356839442 0.07202546356880218
0 0.22020629994567645 0.1586647585854874 0.04862745702529766 0.0832563928000647
0 0.23834737336994724 0.1416440672585177 0.0404193245681226 0.07316969777775847
0 0.19706734271735368 0.0984657300494996 0.043478487051580354 0.06579753168021715
0 0.18906293404791621 0.16805990339301405 0.05695951625850581 0.0724692730672041
0 0.33796791443850266 0.011406844106463879 0.029946524064171122 0.022813688212927757
0 0.4235294117647059 0.010456273764258554 0.03208556149732621 0.02091254752851711
0 0.4377005347593583 0.02899239543726236 0.0037433155080213902 0.05798479087452472
0 0.42406417112299466 0.09553231939163498 0.031016042780748664 0.04847908745247148
0 0.40563707781388925 0.1385704938375307 0.029126562737247758 0.04197679136018418
0 0.3643782657917647 0.06921273944451604 0.03331805924409372 0.06506160898656328
0 0.367379679144385 0.022813688212927757 0.03208556149732621 0.045627376425855515
0 0.4062974564516013 0.04951786936125707 0.032503186761539564 0.05076432108013335
0 0.38473986616428546 0.08344467109027136 0.0306629366609342 0.06581851546201764
0 0.6553069054963303 0.43052621670625446 0.0975027676026615 0.12476515608979577
0 0.8024064171122994 0.4529467680608365 0.08502673796791443 0.094106463878327
0 0.9649732620320856 0.47338403041825095 0.0679144385026738 0.053231939163498096
0 0.7693532497961555 0.40227542602299987 0.08658348993747368 0.11258365651632783
0 0.7672091121844333 0.30676247301803994 0.08505390869574468 0.11626973956509866
0 0.8278864770607185 0.3423483567754411 0.05573551503128421 0.11889228874186417
0 0.8414277658180719 0.2547425715942761 0.04795009668269171 0.10314090443967609
0 0.8129250852207618 0.16685031292338298 0.07177150309798987 0.09252646479176586
0 0.8844945683686023 0.2525751536817903 0.058241243948168875 0.11053081952876712
0 0.9139912189305585 0.2956550415623074 0.054598092163526804 0.14254034897694656
0 0.539572192513369 0.42870722433460073 0.07914438502673797 0.14258555133079848
0 0.5359426600952362 0.24259972008449843 0.08501147143480682 0.16847364283969082
0 0.6295832742582124 0.32053844352453786 0.0831084060273908 0.15314831904435497
0 0.9796791443850268 0.38640684410646386 0.040641711229946524 0.09220532319391635
0 0.9762032085561497 0.44771863117870725 0.04759358288770053 0.06653992395437262
0 0.9890374331550802 0.07034220532319392 0.021925133689839574 0.060836501901140684
0 0.9572090963165559 0.08310171583564356 0.051133185942182566 0.07489492358696785
0 0.9716577540106952 0.028041825095057035 0.047058823529411764 0.05608365019011407
0 0.9419786096256685 0.028517110266159697 0.03796791443850268 0.057034220532319393
0 0.8949197860962567 0.026615969581749048 0.05401069518716577 0.053231939163498096
0 0.9852941176470589 0.3032319391634981 0.029411764705882353 0.10836501901140684
0 0.7434352318744424 0.21424405284707118 0.06206604897128525 0.14213203746164405
0 0.7668924912281952 0.18160754192463915 0.07448944098796005 0.12214907649353186
0 0.7084959241847864 0.2348612523900856 0.05735337847006564 0.174064101363123
0 0.6708819677848923 0.21473949192499667 0.06124608764436213 0.18193979351421705
0 0.6230252421436223 0.12301347621258162 0.08713692350404678 0.11357295963188324
0 0.5687862081972712 0.06078338199098142 0.08466175032177334 0.09630776237878665
0 0.545808537495748 0.13146207298830145 0.06663611848818744 0.13012321797312668
0 0.5063704607813484 0.15478492696030588 0.05941092638812573 0.1428889439370984
0 0.4782429681873136 0.16776932288322763 0.055772863447852865 0.12079342942627481
0 0.773568486687259 0.07165286181074873 0.06506239614793236 0.10438035318688256
0 0.7919642063455531 0.0403348825773489 0.04572956973444164 0.07165588482684997
0 0.7671122994652406 0.0185361216730038 0.05401069518716577 0.0370722433460076
0 0.9523512917430326 0.31286699184075495 0.03697479639265092 0.08810769383959219
0 0.9451829628524201 0.22057371120923794 0.06055343810025234 0.06513583974301286
0 0.9882352941176471 0.24001901140684412 0.023529411764705882 0.06178707224334601
0 0.46203208556149733 0.0979087452471483 0.044919786096256686 0.12547528517110265
0 0.45187165775401067 0.043726235741444866 0.02459893048128342 0.08745247148288973
0 0.09239883598305638 0.8226647237484003 0.08025974867943009 0.11687171494715193
0 0.41711229946524064 0.8365019011406845 0.044919786096256686 0.10456273764258556
0 0.11060780222430906 0.6319131819421827 0.057022331565316234 0.10284879124442414
0 0.06554710764712544 0.5871048334622054 0.060653601823631664 0.09741649860464366
0 0.03074866310160428 0.5213878326996197 0.058288770053475936 0.04277566539923954
0 0.15672697457633958 0.5943035319546486 0.053148296599304555 0.09592366943553565
0 0.1320855614973262 0.5413498098859315 0.044919786096256686 0.08269961977186312
0 0.09518716577540107 0.5194866920152091 0.07914438502673797 0.03897338403041825
0 0.2876912429920081 0.63669755168074 0.05115865283242433 0.10337330107977746
0 0.38529416298385083 0.6301041057154312 0.04536287825071206 0.08017228513334757
0 0.41066636927134675 0.5859058195931346 0.03994058783468705 0.07598267603102414
0 0.35378410560236084 0.6480931163761559 0.041544865909553357 0.07609887435107483
0 0.32697738161794837 0.6329001224972951 0.04655123489895324 0.11348097988388396
0 0.3029683812010126 0.5965621844498158 0.04326798191608331 0.10944630187496174
0 0.28850267379679145 0.533745247148289 0.04866310160427807 0.06749049429657794
0 0.2529411764705882 0.5427756653992395 0.053475935828877004 0.08555133079847908
0 0.23101604278074866 0.5232889733840305 0.05026737967914439 0.04657794676806084
0 0.2676470588235294 0.5209125475285171 0.05401069518716577 0.04182509505703422
0 0.8561497326203209 0.9629277566539924 0.05668449197860963 0.0741444866920152
0 0.8444911652271047 0.8935032403793274 0.04824209133328399 0.0908222227643572
0 0.7320991808638354 0.9378168949466968 0.04301333568205993 0.12366612423469128
0 0.5697860962566845 0.9771863117870723 0.07112299465240642 0.045627376425855515
0 0.5314769912272882 0.9342614820644457 0.0580612945472828 0.12855292325731818
0 0.45240641711229945 0.9187262357414449 0.025668449197860963 0.12642585551330798
0 0.6866463052442844 0.5731908509788788 0.04453612424183125 0.09245223403531638
0 0.7726373093610278 0.5888567251135692 0.04311179556785101 0.07431393198671486
0 0.8078482449896012 0.6229554194073862 0.041084803384401895 0.07986242294654598
0 0.8471691876099254 0.6481891184345537 0.044872259990949626 0.10956250019501221
0 0.8328512267053808 0.764408845815254 0.04213564789269511 0.0789893181510411
0 0.7128715956838951 0.7359740109263412 0.06293524024110415 0.07764818528508294
0 0.6936015959114132 0.8863456795755075 0.06458365941449681 0.10719333144014834
0 0.6885103410659392 0.8043731080015233 0.07062728754827478 0.08864671787624419
0 0.7988532740306944 0.9010924590406933 0.05648757220702771 0.10281005847107406
0 0.8197020963219989 0.8719766081827309 0.042539687792993344 0.07237405852895402
0 0.8097844218880109 0.7351420861742894 0.0430438914166709 0.09803945776849775
0 0.9580731987420057 0.8143582036147377 0.057071561508212014 0.07817269512043604
0 0.9260029037777869 0.6539022448585382 0.04840336652588549 0.07184954869360093
0 0.5576767807740631 0.6187052215201047 0.0399779362512557 0.07788381671543496
0 0.4869765115644374 0.7680423846998635 0.05939734102421061 0.08783332963589004
0 0.4502673796791444 0.7333650190114068 0.0213903743315508 0.09980988593155894
0 0.4475935828877005 0.8479087452471483 0.016042780748663103 0.07984790874524715
0 0.5769663293420199 0.8100724653895268 0.04551227191698692 0.08777684787099016
0 0.975668449197861 0.9519961977186312 0.04866310160427807 0.09600760456273764
0 0.5249690296401898 0.6029877178058906 0.039281901700365184 0.09681775801284102
0 0.5673355493800567 0.5651739120607051 0.04286903086015428 0.06195651753804566
0 0.44572192513368986 0.6568441064638784 0.01229946524064171 0.07224334600760456
0 0.9711977141539399 0.7191672220826051 0.05225872728361308 0.07782410016028424
0 0.9877005347593583 0.6188212927756654 0.02459893048128342 0.07034220532319392
0 0.9179704724617249 0.5721427035379801 0.027181060068893873 0.07885537083944077
0 0.853475935828877 0.5413498098859315 0.03208556149732621 0.08269961977186312
0 0.8251336898395721 0.5327946768060836 0.039572192513368985 0.0655893536121673
0 0.6065147542690561 0.8012688040731534 0.042235811616074426 0.11126997701267179
0 0.4958110592495366 0.5498881085588673 0.033374081868946824 0.0679133200131793
0 0.4777166713459769 0.5692852257413503 0.037540111485550906 0.06251976014674895
0 0.8831423581029808 0.5575307012593723 0.043702577550992765 0.07720437578668103
0 0.9850267379679144 0.8265209125475285 0.029946524064171122 0.094106463878327