0 0.24712235821026496 0.08822290724913438 0.0818672907591981 0.15589897666555655
0 0.05827505827505827 0.08143153526970955 0.09906759906759907 0.1628630705394191
0 0.022727272727272728 0.21784232365145229 0.045454545454545456 0.13278008298755187
0 0.16651437614581746 0.27732242414392744 0.07769076270155341 0.1692395985333722
0 0.2259319036725542 0.2230893576454102 0.09255134920548877 0.12929016058522916
0 0.33611950751401865 0.1522599587649705 0.09985787011610302 0.15438560219748057
0 0.32896270396270394 0.03890041493775934 0.09731934731934731 0.07780082987551867
0 0.42657342657342656 0.10062240663900415 0.06643356643356643 0.12863070539419086
0 0.4554195804195804 0.13641078838174273 0.008741258741258742 0.12344398340248963
0 0.43504253554541866 0.2565878544365123 0.04424298046139917 0.1132825720747375
0 0.4135259345237014 0.28707444440281144 0.06517683090036602 0.14501853909502738
0 0.36933025112011103 0.2831049579561885 0.05815430573905027 0.11164244920988001
0 0.3729657326859181 0.3522784830409875 0.08449794121124352 0.08344783100617273
0 0.28416357798274006 0.3557502985294843 0.07231921531009933 0.1493851996542999
0 0.16787576519948527 0.4258709026155814 0.06675311996186453 0.1564655413044222
0 0.12378473531636233 0.42709719161757276 0.06438477327668063 0.1553557692507778
0 0.08595111797762871 0.4570767879967451 0.07416474103674116 0.13597215013118033
0 0.05128205128205128 0.47406639004149376 0.06060606060606061 0.10995850622406639
0 0.019522144522144524 0.375 0.03904428904428905 0.1607883817427386
0 0.347631734708013 0.4158786126419578 0.06995869481078797 0.11615396507975984
0 0.30750445939245863 0.4447484369674862 0.0632575097529515 0.0755345713200565
0 0.2931235431235431 0.49636929460580914 0.08275058275058275 0.06535269709543569
0 0.014568764568764568 0.48132780082987553 0.029137529137529136 0.0954356846473029
0 0.2189411298985244 0.42538056877867164 0.08313006590308936 0.14246782022861118
0 0.4070353964381862 0.4592645610703797 0.05393350042894217 0.07524486069884134
0 0.4336213235687646 0.44191679176468035 0.03223711053459895 0.08700493075353824
0 0.20279720279720279 0.5015560165975104 0.06876456876456877 0.054979253112033194
0 0.9146270396270396 0.01504149377593361 0.07284382284382285 0.03008298755186722
0 0.6580375476891752 0.10898517567146342 0.06147884654880026 0.12314377216075245
0 0.6139538973481294 0.1019036560298197 0.06433266983834447 0.13773902139281974
0 0.5919218549099473 0.13860525892924738 0.057608899510481065 0.11266168669439422
0 0.5779215284835744 0.1952880091045291 0.050526444724956474 0.09379031147218428
0 0.5682657797086627 0.2609330419763105 0.07002645062086929 0.06952778789592651
0 0.5741050248149775 0.3094049463788694 0.050212930807349475 0.0689121528258441
0 0.597124119477421 0.35062186829482905 0.04427339191729899 0.06561905049256393
0 0.6057051548107354 0.3877554119709491 0.05122905455612447 0.06479898906013518
0 0.636209665968828 0.3668946322109275 0.04887546695509494 0.08026862046610897
0 0.652321734981641 0.41360871880876 0.04835264599655307 0.06574579888934548
0 0.6390309512847177 0.45058192541557696 0.04928625485109215 0.09167940884785171
0 0.6679135561974623 0.36943747561195217 0.0601344497982639 0.08579937382050348
0 0.6850408556714594 0.33933375599112847 0.055472445136259235 0.0856545185098959
0 0.7082870362643378 0.3094201589654773 0.06673142797942806 0.0911852718642902
0 0.7146217106786403 0.23069062617457414 0.08460997427378837 0.08655986420119348
0 0.7012588114349039 0.16433037020666763 0.06891998579198605 0.13580918790674681
0 0.8144774542769885 0.22808151424794051 0.08766527841839492 0.12292123888458006
0 0.7487022204221266 0.30496414182859666 0.04510190060757517 0.13714149323656324
0 0.7093526902898987 0.401360940072284 0.04874084862252315 0.09269864633236614
0 0.743824869108496 0.4242406407238993 0.05846088675837517 0.08781974187570588
0 0.7737353370488246 0.3955726176055869 0.057183352530329405 0.08467149485303353
0 0.7780508431757724 0.47826783369646103 0.06058258204844268 0.09824750660058647
0 0.7141608391608392 0.48651452282157676 0.049533799533799536 0.08506224066390042
0 0.7427156177156177 0.5114107883817427 0.05536130536130536 0.035269709543568464
0 0.6101398601398601 0.5015560165975104 0.06643356643356643 0.054979253112033194
0 0.5968375505665727 0.4477131575656852 0.06197997552490586 0.07238632429738416
0 0.5782676870760581 0.4206542937948393 0.041942389586296654 0.06554662283726026
0 0.5682297752858674 0.38347548283415445 0.045490996521136175 0.0832720121781742
0 0.9045753687415077 0.18051350837307015 0.06380202269392991 0.155337662336952
0 0.9506465426838444 0.20531136389871493 0.08305537719472621 0.1403931314319307
0 0.9688228438228438 0.29564315352697096 0.06235431235431235 0.11825726141078838
0 0.9386989225072936 0.43185341999619054 0.04702994122845298 0.09368166998922853
0 0.9107681519823836 0.44604388882230445 0.04791144664465617 0.10199853208977655
0 0.8796322532523453 0.46013476962237565 0.04711938902097051 0.1123357622455272
0 0.8427917277485639 0.4382199857137967 0.05212531905648191 0.08969525462030115
0 0.8294739990448818 0.4030162755237496 0.06109847010870267 0.06406946219683614
0 0.81104222033608 0.3640188977150781 0.06528975725050147 0.06730824378863866
0 0.8182362615403539 0.30193214258218365 0.08241359027535784 0.07405741067963262
0 0.49279051982642574 0.4533075542905578 0.038759400007400156 0.09031614000064445
0 0.4865967365967366 0.5057053941908713 0.03146853146853147 0.046680497925311204
0 0.4828088578088578 0.3941908713692946 0.04603729603729604 0.08298755186721991
0 0.4979327480684682 0.30236489087513857 0.04705252649848011 0.07813961092795083
0 0.501047535193488 0.24015138734546257 0.06696332029039014 0.06528787573343581
0 0.5073639840744951 0.20244222557356406 0.06752348560311362 0.08084804170853954
0 0.5034297476752355 0.141567455675487 0.05252134786832474 0.08452663954242583
0 0.48717948717948717 0.0954356846473029 0.054778554778554776 0.10995850622406639
0 0.5331530472008607 0.07758445572904121 0.041389157171855 0.09868732284267023
0 0.4822261072261072 0.03475103734439834 0.04487179487179487 0.06950207468879668
0 0.4662004662004662 0.3184647302904564 0.01282051282051282 0.08506224066390042
0 0.4787296037296037 0.3132780082987552 0.03787878787878788 0.08506224066390042
0 0.32504679979796225 0.6394902430268474 0.07526337967975198 0.101812212641256
0 0.2962962400562394 0.8385090838957852 0.07184156489161164 0.10377825995498076
0 0.009615384615384616 0.6047717842323651 0.019230769230769232 0.11203319502074689
0 0.030303030303030304 0.7116182572614108 0.06060606060606061 0.0995850622406639
0 0.01048951048951049 0.8044605809128631 0.02097902097902098 0.09647302904564316
0 0.051190137029206134 0.8568558969612176 0.06012662361239121 0.11792083634139937
0 0.026223776223776224 0.966804979253112 0.05244755244755245 0.06639004149377593
0 0.17540635223518866 0.923025761161864 0.06825561360259048 0.08501552621572657
0 0.06322843822843822 0.9699170124481328 0.060023310023310024 0.06016597510373444
0 0.36480186480186483 0.9548755186721992 0.04428904428904429 0.09024896265560166
0 0.33653846153846156 0.9543568464730291 0.04487179487179487 0.0912863070539419
0 0.30011655011655014 0.9688796680497925 0.06526806526806526 0.06224066390041494
0 0.9402928837570694 0.6211790041417204 0.09169936195759486 0.1541321054039172
0 0.9737762237762237 0.8449170124481328 0.05244755244755245 0.1338174273858921
0 0.8937688778852493 0.8601472829588013 0.05484452401345439 0.1167205297186255
0 0.9391025641025641 0.9730290456431535 0.06818181818181818 0.05394190871369295
0 0.8534382284382285 0.9766597510373444 0.0472027972027972 0.046680497925311204
0 0.7010356385974054 0.8821984070652498 0.06055999677841549 0.11378956566186417
0 0.6599478094205529 0.8648249245524204 0.05241624770406184 0.1301154723279189
0 0.5984150728582349 0.840065908009558 0.06469918048187834 0.09941159939570827
0 0.6139277389277389 0.5897302904564315 0.05419580419580419 0.12136929460580913
0 0.546037296037296 0.5586099585062241 0.06293706293706294 0.05912863070539419
0 0.5338256922199243 0.730054528207623 0.06394446721237432 0.11078617394979917
0 0.5391794607218787 0.792011909788605 0.05776610311307999 0.08468960176685933
0 0.48455710955710957 0.7531120331950207 0.049533799533799536 0.07261410788381743
0 0.49213286713286714 0.5586099585062241 0.03787878787878788 0.05912863070539419
0 0.479020979020979 0.5975103734439834 0.038461538461538464 0.08713692946058091
0 0.47465034965034963 0.6965767634854771 0.02972027972027972 0.11099585062240663
0 0.48776223776223776 0.8558091286307054 0.055944055944055944 0.08713692946058091
0 0.4787296037296037 0.9076763485477178 0.03787878787878788 0.06016597510373444
0 0.5276942852358658 0.9489885169988932 0.06173332412978934 0.08170431696862036
0 0.4761072261072261 0.9730290456431535 0.03263403263403263 0.05394190871369295
0 0.4662004662004662 0.933091286307054 0.01282051282051282 0.07157676348547717
0 0.5836247086247086 0.9600622406639004 0.051864801864801864 0.07987551867219916
0 0.6203379953379954 0.9559128630705395 0.06235431235431235 0.08817427385892117
0 0.7284382284382285 0.970954356846473 0.06177156177156177 0.058091286307053944
0 0.6856060606060606 0.9797717842323651 0.07051282051282051 0.04045643153526971
0 0.5084498834498834 0.983402489626556 0.03904428904428905 0.03319502074688797