0 0.6139947437582128 0.30490654205607476 0.07818659658344283 0.08878504672897196
0 0.7368593955321945 0.3037383177570093 0.09921156373193167 0.0911214953271028
0 0.7449538577080055 0.20284806339041114 0.07304985750067487 0.15344454095120125
0 0.7733245729303548 0.23014018691588786 0.052562417871222074 0.14485981308411214
0 0.6195315587849537 0.21617123920462636 0.06411853541949289 0.11284037766018515
0 0.5645130475983066 0.19293240407906723 0.07556329334214526 0.1420344632290983
0 0.7325886990801577 0.026285046728971962 0.05387647831800263 0.052570093457943924
0 0.7634691195795007 0.02219626168224299 0.045992115637319315 0.04439252336448598
0 0.5247003884174404 0.09467178634175537 0.07923023055746893 0.11440532795435523
0 0.3269474223954127 0.1063515387661362 0.08997208423589495 0.13885847500986884
0 0.24802890932982918 0.32885514018691586 0.0795006570302234 0.04088785046728972
0 0.6961836140090659 0.0791021569327959 0.07317933648444747 0.09977426451132966
0 0.6675389764000436 0.18313694497749297 0.07727060839250739 0.11536942830200715
0 0.7524834428401026 0.13931016077176028 0.07775561103776144 0.09791410513316359
0 0.6560446780551905 0.04264018691588785 0.06898817345597898 0.0852803738317757
0 0.604783530387195 0.11056628497649595 0.06856865641550655 0.09812975099229945
0 0.6336338549770854 0.08607281124395424 0.07784735907943419 0.10725989952568696
0 0.5420499342969777 0.04322429906542056 0.04993429697766097 0.08644859813084112
0 0.4707621550591327 0.018691588785046728 0.07030223390275953 0.037383177570093455
0 0.2564977606381716 0.14758644690217218 0.08582346980178997 0.11742218972386437
0 0.23864566838067508 0.0901906358167054 0.06983684284145088 0.09359293643031341
0 0.15111695137976347 0.29205607476635514 0.09329829172141918 0.11448598130841121
0 0.022996057818659658 0.037383177570093455 0.045992115637319315 0.07476635514018691
0 0.02923784494086728 0.3247663551401869 0.05847568988173456 0.04906542056074766
0 0.1573587385019711 0.04964953271028037 0.0821287779237845 0.09929906542056074
0 0.9024310118265441 0.32651869158878505 0.06504599211563732 0.0455607476635514
0 0.9687910643889619 0.286214953271028 0.06241787122207622 0.1261682242990654
0 0.8718791064388962 0.2967289719626168 0.06307490144546649 0.10514018691588785
0 0.9537189333937676 0.2021583085697025 0.0701464924820958 0.12513499250507976
0 0.9325948212377654 0.1765824797814146 0.07206024062622111 0.11949799496116605
0 0.8862488446522009 0.24136295403472782 0.05605067665546406 0.09333229306948437
0 0.9342969776609724 0.30315420560747663 0.04730617608409987 0.09228971962616822
0 0.8827907493567724 0.12464834705775364 0.06145600901030424 0.10906353949443749
0 0.84526938239159 0.04964953271028037 0.06767411300919843 0.09929906542056074
0 0.6993788502850268 0.8219693405410459 0.08468143693314564 0.1348094715755702
0 0.6227995071440913 0.6836494351144187 0.08351646705408307 0.1498603048291446
0 0.7167080384677236 0.5641544757841238 0.07789323310027012 0.11193279672194864
0 0.707097495265628 0.5046886204152163 0.0619295431503493 0.09043999202652865
0 0.6162765711568156 0.4771574213561127 0.06165097359885874 0.12892335257854964
0 0.7917214191852825 0.6921728971962616 0.01576872536136662 0.11565420560747663
0 0.7570130972596847 0.7127508003569555 0.06029103913124166 0.12411437274801233
0 0.4444809461235217 0.969626168224299 0.08081471747700394 0.06074766355140187
0 0.16012092138101014 0.8164091053478375 0.06558168643399126 0.1281633761823111
0 0.02102496714848883 0.9047897196261683 0.04204993429697766 0.09929906542056074
0 0.09112626755953128 0.9104182308932308 0.07468836151978245 0.1197701602297173
0 0.09404517262268748 0.8475722633536805 0.056337389285691056 0.12253790054611989
0 0.122463765554001 0.8335587876541587 0.057028825024708546 0.1261106147604539
0 0.10077012918946708 0.5980145319150766 0.06005020052185115 0.0995816624676385
0 0.12645830128067886 0.7281406745158584 0.06267832141541219 0.09985382773618977
0 0.06363387374912997 0.4281122437366547 0.054079585985293235 0.09312816911807086
0 0.14586070959264127 0.4024532710280374 0.07621550591327202 0.10630841121495327
0 0.24133761216578145 0.44885386862056886 0.0771673918456255 0.10485540961041837
0 0.1530835653725622 0.6958155982294091 0.05667330136322709 0.08989566148942586
0 0.1377267895983814 0.5182287669744797 0.05127943751359597 0.07533263936353829
0 0.09332564124609691 0.5188929874134705 0.04680637950716389 0.08770681743329314
0 0.4342969776609724 0.3814252336448598 0.05913272010512484 0.06425233644859812
0 0.4143446567244239 0.4790491108265743 0.05625710974922754 0.11436033045266195
0 0.45734091318859615 0.6214923670230976 0.06775921019792543 0.1493955375169022
0 0.4297726523559909 0.5823856577737117 0.08725221530066124 0.12924051534879408
0 0.3333934042726977 0.8530636018572717 0.07298104646942039 0.14643519515680872
0 0.30078347782546994 0.7245594740246735 0.07430657542141007 0.14773950209014963
0 0.3315057480780175 0.6768716176036678 0.07677413724204407 0.13165652717178503
0 0.33594107514234955 0.6270462206466817 0.08642315749913472 0.11164910954567502
0 0.3239907863901565 0.5714310057145209 0.07974963871835038 0.10045467768270794
0 0.6761613949534762 0.5406602131869988 0.06459206955953765 0.09421683019227617
0 0.6153106374056755 0.40806208441840836 0.07246496373501198 0.09386510169886467
0 0.4921156373193167 0.37207943925233644 0.0657030223390276 0.0455607476635514
0 0.049277266754270695 0.37383177570093457 0.04730617608409987 0.04906542056074766
0 0.3616429540774564 0.45429608386239945 0.04282979265119506 0.08379389663326985
0 0.9724047306176085 0.8639018691588785 0.05519053876478318 0.14602803738317757
0 0.9740473061760841 0.7949766355140186 0.0519053876478318 0.125
0 0.9057161629434954 0.9497663551401869 0.06110381077529566 0.10046728971962617
0 0.9280551905387647 0.9871495327102804 0.08869908015768725 0.02570093457943925
0 0.9018283396776178 0.570962657706809 0.08733249483712478 0.13741808544225215
0 0.9296977660972404 0.38434579439252337 0.06176084099868594 0.07009345794392523
0 0.9822601839684626 0.4147196261682243 0.035479632063074903 0.1308411214953271
0 0.8555274909999944 0.7316395864591935 0.061410134989468006 0.10439064229817595
0 0.8787815901858582 0.7077359858300457 0.0562227042336003 0.11085565755546568
0 0.9109760711319818 0.7110700103697993 0.05903432121050662 0.12981941160906366
0 0.9582785808147175 0.6991822429906542 0.08344283837056504 0.15771028037383178
0 0.8630091984231275 0.9491822429906542 0.07424441524310119 0.10163551401869159
0 0.8475689881734559 0.9316588785046729 0.07490144546649145 0.1366822429906542
0 0.8288436268068331 0.9135514018691588 0.05847568988173456 0.13551401869158877
0 0.8360709592641261 0.8417056074766355 0.07293035479632064 0.11799065420560748
0 0.8058475689881734 0.8557242990654206 0.012483574244415242 0.10630841121495327