0 0.36719745222929934 0.17816742081447964 0.08980891719745222 0.16176470588235295
0 0.3853503184713376 0.04920814479638009 0.08917197452229299 0.09841628959276018
0 0.29044585987261146 0.06900452488687783 0.06496815286624204 0.13800904977375567
0 0.2232484076433121 0.050339366515837106 0.1 0.10067873303167421
0 0.07600950001109658 0.11980816127144088 0.08632983392996466 0.17368321160398095
0 0.04235668789808917 0.041289592760180995 0.08471337579617834 0.08257918552036199
0 0.028980891719745223 0.22850678733031674 0.05796178343949045 0.06108597285067873
0 0.9818471337579617 0.1351809954751131 0.03630573248407643 0.1414027149321267
0 0.7085987261146497 0.07183257918552036 0.07707006369426751 0.1436651583710407
0 0.7947942929172256 0.07631472088844984 0.09225451052189684 0.1398781895844004
0 0.7757516600790231 0.16814072824463278 0.10992583036781314 0.12780331344993717
0 0.6936305732484076 0.21153846153846154 0.07643312101910828 0.09502262443438914
0 0.5519108280254778 0.04242081447963801 0.0821656050955414 0.08484162895927602
0 0.4484076433121019 0.11029411764705882 0.03694267515923567 0.12330316742081449
0 0.2664683642000848 0.366360018001573 0.052778357113658934 0.09156393702601344
0 0.31379959696527926 0.5953410680287876 0.07222761249084238 0.11797692526591454
0 0.38316016858737406 0.5532106311222956 0.06086641937523023 0.1256585440866798
0 0.41464968152866244 0.48642533936651583 0.030573248407643312 0.09954751131221719
0 0.374281365032668 0.4285590532012098 0.06218424718782751 0.0804491641776382
0 0.3129196393633685 0.4680259727642216 0.07040520194360936 0.07609539573317892
0 0.1391655838780464 0.64887427776062 0.07692287874842196 0.0875392424918789
0 0.11072500602202381 0.6799693158232448 0.04346141707142269 0.10946604019113075
0 0.05653485505276695 0.512514801420514 0.04615743782527959 0.12083090921135288
0 0.018152866242038216 0.5865384615384616 0.03630573248407643 0.09615384615384616
0 0.041512418176305445 0.7351153839816988 0.0599626266042746 0.1052833901800405
0 0.05075470063824451 0.8077241813295555 0.07234567997973117 0.07839732804133213
0 0.03980891719745223 0.8789592760180995 0.07961783439490445 0.08823529411764706
0 0.013057324840764332 0.8574660633484162 0.026114649681528664 0.12217194570135746
0 0.014012738853503185 0.7828054298642534 0.02802547770700637 0.07239819004524888
0 0.010828025477707006 0.7149321266968326 0.02165605095541401 0.09502262443438914
0 0.172659890887813 0.3779997240423474 0.057992498557508966 0.10071901443297353
0 0.15512226236663823 0.3306788784271111 0.03669171517613588 0.07879142420166148
0 0.1214233343276432 0.34978420330592674 0.046764730489794716 0.11858162872885178
0 0.08613231587759362 0.34452877234717766 0.052437914544939915 0.11417520845874071
0 0.05010084599197439 0.3228508820216824 0.05340047478349612 0.09044587826296942
0 0.0589171974522293 0.2816742081447964 0.04904458598726115 0.04524886877828054
0 0.3995157908354422 0.32611148759610875 0.04149128902465676 0.10490166444406378
0 0.35819578820251935 0.34336202441878305 0.07025695189038911 0.06478317853860885
0 0.4171974522292994 0.39762443438914025 0.025477707006369428 0.0667420814479638
0 0.010828025477707006 0.416289592760181 0.02165605095541401 0.06334841628959276
0 0.02038216560509554 0.4802036199095023 0.04076433121019108 0.07352941176470588
0 0.016878980891719745 0.3082579185520362 0.03375796178343949 0.09841628959276018
0 0.01337579617834395 0.27658371040723984 0.0267515923566879 0.03506787330316742
0 0.8035031847133758 0.9626696832579186 0.1 0.0746606334841629
0 0.7295148149392212 0.8836779546704328 0.06849543902550606 0.1733146488244173
0 0.6639327557363338 0.8076417922411123 0.07535355839903769 0.16214722415039
0 0.5956761144570415 0.8141519079411212 0.10198601815946225 0.10502092358384094
0 0.47382733843244135 0.8263436656191809 0.0652366006230999 0.16759272544506718
0 0.44331210191082804 0.7460407239819005 0.0267515923566879 0.0916289592760181
0 0.4748407643312102 0.5610859728506787 0.08980891719745222 0.1493212669683258
0 0.5379383037584429 0.65001866243649 0.05633422817619266 0.16853966577474236
0 0.5957298659135738 0.6398976927972957 0.05175702940750186 0.1593977513241953
0 0.7736584485322999 0.699585377184262 0.06400719028874759 0.17096006469061223
0 0.8885209624233826 0.8801747819787321 0.08558858366386428 0.11712212563113028
0 0.9761146496815286 0.9700226244343891 0.04777070063694268 0.05995475113122172
0 0.9608142223307994 0.8573409290850743 0.07711560381760808 0.10224512484482033
0 0.9923566878980892 0.7358597285067874 0.015286624203821656 0.18665158371040724
0 0.9535031847133758 0.709841628959276 0.0929936305732484 0.12782805429864252