0 0.4573091849935317 0.04195402298850575 0.08020698576972833 0.0839080459770115
0 0.5452781371280725 0.06494252873563218 0.08408796895213454 0.12988505747126436
0 0.6526520051746443 0.023563218390804597 0.09961190168175937 0.047126436781609195
0 0.6836998706338939 0.05344827586206897 0.09961190168175937 0.10689655172413794
0 0.621280724450194 0.0735632183908046 0.1093143596377749 0.11264367816091954
0 0.42852522639068563 0.09310344827586207 0.06274256144890039 0.0735632183908046
0 0.8386157826649417 0.06494252873563218 0.1054333764553687 0.12988505747126436
0 0.9767141009055628 0.045402298850574715 0.04657179818887452 0.09080459770114943
0 0.7454721862871928 0.06494252873563218 0.08085381630012936 0.12988505747126436
0 0.3758085381630013 0.48333333333333334 0.027166882276843468 0.16436781609195403
0 0.33993604229881624 0.49483666783084923 0.06680980866167668 0.13523859178709746
0 0.23038696631551392 0.36042012127770046 0.07598528292385122 0.10385771388849549
0 0.21299685316366238 0.29815277510943705 0.08574420341849247 0.1081090198979395
0 0.1602365737001106 0.3249029310087102 0.07594764123143395 0.10155886331378285
0 0.11553593326105496 0.313106395978904 0.05906666314307297 0.1357455929565539
0 0.08387292942037126 0.333518952076106 0.048642091271821966 0.13029132631659535
0 0.1255697004574372 0.4104186218710195 0.0631734964799825 0.14985990846377975
0 0.1529658937684381 0.41389049622357194 0.0745222342471715 0.09340581561597205
0 0.16449689045426302 0.47893851105497304 0.06243948347784666 0.1050323222568832
0 0.20355139327903712 0.4607838617298409 0.060931871349441634 0.13130849783660362
0 0.2363361819008492 0.4902106996031639 0.0718715278276335 0.12877032280822623
0 0.26261004619864153 0.6016750156240523 0.04925128010980575 0.12804601108504104
0 0.1882176134432143 0.5688046556603038 0.08309349699895432 0.1434735270901938
0 0.07411692557330381 0.5151155559378893 0.06981811115917862 0.12171316505461341
0 0.02328589909443726 0.35977011494252875 0.04657179818887452 0.14022988505747128
0 0.054911689226481514 0.248104078721789 0.07329693481189581 0.1369233705060372
0 0.03848641655886158 0.6655172413793103 0.07697283311772316 0.13793103448275862
0 0.30495364776610845 0.6785211500758074 0.065466606821557 0.09265632081175534
0 0.34740519708323486 0.8276740069446942 0.05163157292311513 0.11561647429675471
0 0.31427568368621744 0.8390249991009414 0.04643810783369822 0.11403876626413197
0 0.37742561448900386 0.7591954022988506 0.023932729624838292 0.08620689655172414
0 0.3534327289492809 0.7554334114112365 0.053522523735000625 0.07330188003720416
0 0.35316946959896506 0.9701149425287356 0.06597671410090557 0.059770114942528735
0 0.33667529107373867 0.9534482758620689 0.07438551099611902 0.09310344827586207
0 0.2970390539516088 0.9449075484861668 0.05136808107619463 0.09952452027376647
0 0.259379042690815 0.9626436781609196 0.047865459249676584 0.07471264367816093
0 0.1950944558041418 0.7800170556870119 0.05496675156547157 0.0826043530223714
0 0.15980801108452225 0.8047470446773318 0.05227840345351623 0.11567000963991318
0 0.16931728325085937 0.8946415415447897 0.049898110640206786 0.12809954642819937
0 0.20553633207366326 0.8721301001144448 0.040898945753218174 0.13079832748605164
0 0.22779108973836107 0.79510284513996 0.05151864784586336 0.10871992257261678
0 0.10744394160720927 0.8664743688262354 0.03907830099857497 0.09850734875375795
0 0.07393455040636557 0.8813004045161309 0.046934371594430375 0.1048968993084396
0 0.08732212160413971 0.9683908045977011 0.045278137128072445 0.06321839080459771
0 0.1148124191461837 0.9925287356321839 0.04851228978007762 0.014942528735632184
0 0.19340232858990944 0.9844827586206897 0.050452781371280724 0.03103448275862069
0 0.03130960836162742 0.8808107486588337 0.05332047175429809 0.13986147601755414
0 0.012289780077619664 0.9454022988505747 0.02457956015523933 0.07471264367816093
0 0.24287965434139167 0.8598564155839901 0.054846904728911676 0.11473472572519021
0 0.44236858224807146 0.31668692560832085 0.06966062263020147 0.15154468718271932
0 0.40620957309184996 0.27873563218390807 0.03363518758085381 0.1367816091954023
0 0.40103492884864167 0.18850574712643678 0.02328589909443726 0.11724137931034483
0 0.4695096056710958 0.6513397126179057 0.07217958312627937 0.10813420297897064
0 0.5348523605443588 0.6648713925287143 0.0864474964875194 0.11161083110316694
0 0.7661413272782501 0.6428589441312198 0.06253358770888973 0.11077944869366495
0 0.7944998724096864 0.548108491757965 0.09070489659409786 0.13492054890924327
0 0.8952360475363705 0.5501018058114722 0.06618179897748427 0.13633448173129545
0 0.9757438551099612 0.5252873563218391 0.04851228978007762 0.1310344827586207
0 0.9763906856403622 0.7471264367816092 0.04721862871927555 0.10114942528735632
0 0.9776843467011643 0.7511494252873563 0.04463130659767141 0.09540229885057472
0 0.8493249233965133 0.6319566640296269 0.0589606598251294 0.08982211680545935
0 0.8661544162738408 0.5903883953931974 0.07303344296497516 0.12083141648304864
0 0.7527163468846635 0.7329298077497639 0.04436587031903487 0.10583218322316257
0 0.6449338255328724 0.9048476918175904 0.06881368455081395 0.09982054925168483
0 0.5514153286788892 0.8368285506247688 0.057949311457456604 0.1069564254294875
0 0.5202382059599753 0.8078425870372283 0.05013780431332642 0.06383880102256176
0 0.5044146561389509 0.7288015035159815 0.04406473677969697 0.08744137862546142
0 0.42214484327766344 0.7430717564649058 0.04254522556439166 0.07354120449086889
0 0.5099507853235546 0.9429945374473971 0.03841957138127343 0.05827746369628668
0 0.5497120420970097 0.940851539130516 0.04420340446246564 0.05646043120999894
0 0.6981467775212887 0.9096264283058787 0.05618512924143927 0.07811372255926279
0 0.9131466506065328 0.758105254429776 0.04260168810301754 0.07698948035293786
0 0.7507193927548346 0.7365386896413078 0.04611815344815184 0.09449853637907449
0 0.4271787591580849 0.9682110982977856 0.04105145695460295 0.021763531216675937
0 0.5871682894419898 0.9216813028759233 0.039386356297220995 0.07787122892450236