0 0.021944444444444444 0.38092885375494073 0.04388888888888889 0.16897233201581027
0 0.08870502691403481 0.39905651311219253 0.10141605001646238 0.20424712991339464
0 0.17166666666666666 0.5079051383399209 0.10888888888888888 0.16403162055335968
0 0.1386111111111111 0.5034584980237155 0.09388888888888888 0.17292490118577075
0 0.13773645677034438 0.3517172852230107 0.08378942952726448 0.1661669211759914
0 0.24025401745368677 0.43932644606405846 0.07882258264780628 0.1143512657237884
0 0.27243795829222817 0.4045802093793563 0.08080050825381578 0.09600881840919301
0 0.29753458567788055 0.3913077023180476 0.071263580563787 0.10532226115280309
0 0.35777777777777775 0.5350790513833992 0.024444444444444446 0.10968379446640317
0 0.3377777777777778 0.5301383399209486 0.06444444444444444 0.11956521739130435
0 0.32799449797085545 0.5104030368261427 0.056507877179999215 0.12167632975089995
0 0.3047029340792229 0.4753676591489946 0.07200475869255948 0.14862761952528164
0 0.09125824465286674 0.25172431806912415 0.09648301233959311 0.16617901530750948
0 0.02388888888888889 0.23369565217391305 0.04777777777777778 0.15711462450592886
0 0.034722222222222224 0.1808300395256917 0.06944444444444445 0.1482213438735178
0 0.20011234021609464 0.15774351934486674 0.0752366644181249 0.10790370447758728
0 0.21981732979599833 0.12154620071418298 0.07387296841066625 0.10180194822555969
0 0.24159305626852023 0.08861588833087156 0.06613728811561284 0.10157977303844212
0 0.2899994643111955 0.24682279949313163 0.05130567804651138 0.10319815849773076
0 0.2927427768043362 0.16872237982789964 0.05507656276736169 0.08807949180623614
0 0.27444444444444444 0.023715415019762844 0.05333333333333334 0.04743083003952569
0 0.260369397293534 0.19902197619639628 0.06567421580564188 0.09071020782105081
0 0.24133415133818062 0.2898018383146514 0.08934498508282003 0.1670314336614256
0 0.1142786788417373 0.11199423391409553 0.06900754913897521 0.09122891531231123
0 0.13583333333333333 0.025197628458498024 0.058333333333333334 0.05039525691699605
0 0.18444444444444444 0.015810276679841896 0.05 0.03162055335968379
0 0.2125 0.011857707509881422 0.04388888888888889 0.023715415019762844
0 0.058888888888888886 0.02865612648221344 0.06888888888888889 0.05731225296442688
0 0.03027777777777778 0.09930830039525691 0.06055555555555556 0.1274703557312253
0 0.01611111111111111 0.06422924901185771 0.03222222222222222 0.12845849802371542
0 0.07249433604805607 0.12217913237285719 0.06603651658989293 0.1251222855611182
0 0.9324724235768653 0.3060902853533577 0.06747611928266578 0.14595972495195414
0 0.857303377563919 0.22568166256840697 0.0643194641603663 0.13663418807682598
0 0.8040149736892823 0.08242051560055473 0.08204685617528412 0.15117188429155298
0 0.7530555555555556 0.06373517786561265 0.06944444444444445 0.1274703557312253
0 0.681266860974026 0.08344202979569497 0.06862932787650151 0.14712076974153113
0 0.6416666666666667 0.06373517786561265 0.06888888888888889 0.1274703557312253
0 0.5697222222222222 0.059782608695652176 0.059444444444444446 0.11956521739130435
0 0.6258333333333334 0.012351778656126482 0.049444444444444444 0.024703557312252964
0 0.5517570944115705 0.26255177990815337 0.06960585825930328 0.15708864391497562
0 0.5044627816030781 0.20169547383542627 0.07016141381485884 0.15717509516351896
0 0.490049314385251 0.3491452516197918 0.08077564341340975 0.13428701407067742
0 0.42588995187564793 0.22922303126675428 0.051128999835477515 0.1120049878815985
0 0.43571992173962976 0.06486374691649807 0.05543886355161274 0.12249156954630341
0 0.39166666666666666 0.24110671936758893 0.043333333333333335 0.11857707509881422
0 0.38416666666666666 0.29891304347826086 0.028333333333333332 0.09387351778656126
0 0.37416666666666665 0.046442687747035576 0.008333333333333333 0.09288537549407115
0 0.3875 0.06966403162055336 0.035 0.09189723320158102
0 0.4113888888888889 0.05731225296442688 0.050555555555555555 0.11462450592885376
0 0.9788888888888889 0.2564229249011858 0.042222222222222223 0.14130434782608695
0 0.8931896005950603 0.05114397490712738 0.06652445374027 0.09771365511702519
0 0.8486111111111111 0.033102766798418976 0.04055555555555555 0.06620553359683795
0 0.6808333333333333 0.017786561264822136 0.06388888888888888 0.03557312252964427
0 0.3080555555555556 0.9530632411067194 0.0661111111111111 0.09387351778656126
0 0.2841246895771854 0.8572347124243872 0.07920974827246305 0.11048514780237126
0 0.35083333333333333 0.8290513833992095 0.03833333333333333 0.14031620553359683
0 0.32655161486784345 0.7131625803989735 0.040396766068888104 0.11916924354314147
0 0.297019159358906 0.7453766464489223 0.04605309315016358 0.09649124350589944
0 0.25083333333333335 0.6101778656126482 0.051666666666666666 0.040513833992094864
0 0.1799280298069732 0.7885052956684514 0.09503512136668493 0.1581009744705019
0 0.13544181592082807 0.8129936210233043 0.059883307996057185 0.1231831795346507
0 0.09486521162391019 0.8061886087333909 0.05624700400351609 0.12850687454978757
0 0.02666666666666667 0.8008893280632411 0.05333333333333334 0.11956521739130435
0 0.01972222222222222 0.9639328063241107 0.03944444444444444 0.07213438735177866
0 0.21055555555555555 0.6101778656126482 0.06 0.040513833992094864
0 0.2872222222222222 0.6037549407114624 0.04666666666666667 0.02766798418972332
0 0.08694444444444445 0.6200592885375494 0.059444444444444446 0.06027667984189723
0 0.03964926790612367 0.669498652818796 0.04972320634529397 0.1049150893370808
0 0.0786309680816211 0.6971596937788016 0.06379706172535204 0.08551014261297002
0 0.14108058231876106 0.7186567155012724 0.05610347891302354 0.08627610971834268
0 0.15191773175113818 0.6815702480401393 0.07306482795876264 0.09578664322207565
0 0.5619444444444445 0.9530632411067194 0.10833333333333334 0.09387351778656126
0 0.57986336377101 0.7526806587868531 0.09597849862894539 0.21910644285925882
0 0.6343920031809037 0.7631291657290867 0.08560790956455902 0.19589764119923853
0 0.697325410428353 0.7635972562843787 0.10464795574202804 0.16352321486570026
0 0.7339786605517449 0.6912644339265392 0.09207237709773798 0.17923494616548077
0 0.6905555555555556 0.6487154150197628 0.09444444444444444 0.11758893280632411
0 0.8291856599073483 0.7821531432284567 0.07848645886805684 0.1712312624454982
0 0.8734620424619179 0.8175092414727838 0.07622213916311012 0.16989731515883455
0 0.9142615665926621 0.8101158673944057 0.09316625556653056 0.14014151070859288
0 0.9186111111111112 0.6852766798418972 0.085 0.1907114624505929
0 0.8466666666666667 0.658102766798419 0.07333333333333333 0.13636363636363635
0 0.8088888888888889 0.6674901185770751 0.08333333333333333 0.1551383399209486
0 0.9652777777777778 0.7322134387351779 0.06944444444444445 0.116600790513834
0 0.9838888888888889 0.7154150197628458 0.03222222222222222 0.10276679841897234
0 0.8269444444444445 0.6146245059288538 0.10833333333333334 0.04940711462450593
0 0.7275 0.6121541501976284 0.09722222222222222 0.044466403162055336