0 0.0232484076433121 0.35237556561085975 0.0464968152866242 0.12104072398190045
0 0.017197452229299363 0.21380090497737556 0.034394904458598725 0.07692307692307693
0 0.05460698361080759 0.27962665674054826 0.05589847358440276 0.14806028950995492
0 0.0832694039929732 0.2808114832405482 0.04912847781918204 0.13422233409869283
0 0.11937620617202595 0.2647914915611868 0.05472743889107237 0.12993441252086485
0 0.20476667640345184 0.21578365532310248 0.05265241551349725 0.10273243229834095
0 0.24892998746824008 0.24642021365814526 0.05918603761718702 0.13011871886530926
0 0.4163263700025631 0.270852473487507 0.05392630086381579 0.10278509125389652
0 0.4032135572279332 0.311549652997688 0.06773604680692373 0.11804389264017114
0 0.4175853591331859 0.3889729899985427 0.061600285313281176 0.12569914989859243
0 0.5251592356687899 0.2748868778280543 0.04904458598726115 0.10180995475113122
0 0.43108252483950343 0.09181759864384188 0.04762363561449469 0.10478423991503276
0 0.4751524646598372 0.06539328384074994 0.07025314516000597 0.09555110563991967
0 0.19012738853503186 0.010180995475113122 0.06178343949044586 0.020361990950226245
0 0.033121019108280254 0.029411764705882353 0.03949044585987261 0.058823529411764705
0 0.0333357255411629 0.15164015266274528 0.05758376156267365 0.07582007633137261
0 0.5270700636942676 0.10294117647058823 0.04522292993630573 0.10407239819004525
0 0.2512950782853395 0.1002034605051287 0.08319228317000486 0.10286502551221732
0 0.07770700636942675 0.041289592760180995 0.05987261146496815 0.08257918552036199
0 0.9652866242038216 0.47907239819004527 0.06942675159235669 0.17081447963800905
0 0.9726114649681529 0.19343891402714933 0.05477707006369427 0.10180995475113122
0 0.9286624203821656 0.05656108597285068 0.09044585987261146 0.11312217194570136
0 0.7866242038216561 0.022058823529411766 0.05477707006369427 0.04411764705882353
0 0.6904458598726114 0.016968325791855202 0.07898089171974522 0.033936651583710405
0 0.6687898089171974 0.033936651583710405 0.07643312101910828 0.06787330316742081
0 0.6393830583038858 0.06623062509220778 0.061266477801924214 0.11438693270402218
0 0.5748407643312102 0.06221719457013575 0.05031847133757962 0.1244343891402715
0 0.5659235668789809 0.0333710407239819 0.03248407643312102 0.0667420814479638
0 0.993312101910828 0.08088235294117647 0.01337579617834395 0.08484162895927602
0 0.9802547770700637 0.035633484162895926 0.03949044585987261 0.07126696832579185
0 0.16094434947350922 0.818768582222801 0.08691108856397205 0.12109622041241828
0 0.013694267515923567 0.7228506787330317 0.027388535031847135 0.13122171945701358
0 0.5229299363057325 0.9168552036199095 0.0535031847133758 0.13687782805429866
0 0.51118072313504 0.8196882991059841 0.0601234070525676 0.1403260438182003
0 0.4446256303880621 0.7740031022943952 0.07293173046160449 0.12164819362076426
0 0.5353503184713376 0.8195701357466063 0.028662420382165606 0.13009049773755657
0 0.5353503184713376 0.753393665158371 0.028662420382165606 0.10407239819004525
0 0.46528662420382166 0.6787330316742082 0.055414012738853505 0.07918552036199095
0 0.5 0.6906108597285068 0.05732484076433121 0.10294117647058823
0 0.5292993630573248 0.6866515837104072 0.04076433121019108 0.09502262443438914
0 0.5786624203821656 0.8320135746606335 0.05796178343949045 0.19343891402714933
0 0.7929078759063642 0.8738364545622181 0.09659604329232245 0.14748293264881854
0 0.9206311326972771 0.7503142157052298 0.07279820745706199 0.11712330674293621
0 0.7987261146496816 0.6934389140271493 0.07133757961783439 0.1085972850678733
0 0.8663132679387395 0.8282876342644555 0.07118238938464334 0.17015908016852707
0 0.8436305732484076 0.9496606334841629 0.09872611464968153 0.10067873303167421
0 0.9894904458598726 0.792420814479638 0.021019108280254776 0.12782805429864252
0 0.6356687898089172 0.668552036199095 0.062420382165605096 0.058823529411764705
0 0.5808917197452229 0.6691176470588235 0.05859872611464968 0.05995475113122172
0 0.9770700636942675 0.6849547511312217 0.045859872611464965 0.0916289592760181
0 0.9770700636942675 0.6515837104072398 0.045859872611464965 0.024886877828054297