0 0.07248677248677249 0.4180790960451977 0.06031746031746032 0.04331450094161959
0 0.0208994708994709 0.20527306967984935 0.0417989417989418 0.1318267419962335
0 0.009788359788359789 0.07297551789077213 0.019576719576719578 0.07250470809792843
0 0.10431444374971256 0.2862031441599449 0.05621205181391743 0.10081224859349772
0 0.10451754598752754 0.2209680149247528 0.05554430636607875 0.09603830620937007
0 0.13689647921946263 0.16637732192627383 0.060387148241331234 0.11728069274001793
0 0.08397143689858817 0.18146926599437438 0.04652186838762217 0.09397733087694105
0 0.07052434163898919 0.1576258041173915 0.04978415818925886 0.06154740102340812
0 0.056878306878306875 0.00847457627118644 0.051322751322751325 0.01694915254237288
0 0.0672373321459461 0.0550221915053122 0.041734484479865094 0.07461818351766795
0 0.2150793650793651 0.4232580037664783 0.06825396825396825 0.03295668549905838
0 0.31134863479547453 0.2387019448305402 0.053897047135491226 0.12960738901566238
0 0.3367417199709553 0.15426582653766416 0.040560867810882695 0.10636987160827613
0 0.35657025023929884 0.1423475413645442 0.04289910179726595 0.11416620611653801
0 0.2977025715093496 0.13596986972589817 0.048779165260657946 0.08112387895577115
0 0.2826149665328491 0.0924840854608617 0.04404723932039603 0.06364797076787272
0 0.2531828145462961 0.07582778720372549 0.03206978019942215 0.0865498130591682
0 0.23210085541457004 0.0902647324802906 0.03295935751724197 0.09885671212879481
0 0.2078903862596532 0.07059594070202903 0.04162131870697926 0.08867663284728795
0 0.18007700506549404 0.1359593130832311 0.060694416900450625 0.1098135805102096
0 0.3828042328042328 0.0908662900188324 0.014285714285714285 0.09887005649717515
0 0.594053931783197 0.21583684544609463 0.06690497833091857 0.10589561605006086
0 0.44312169312169314 0.3912429378531073 0.04497354497354497 0.09698681732580038
0 0.4239184983202356 0.3622313442440638 0.041397236999102735 0.09896860383415865
0 0.4869732821215212 0.17718373714358085 0.0626189659685145 0.08566069356079112
0 0.44567084672763985 0.10908070897391965 0.04404273964460538 0.09929782611261188
0 0.41084656084656085 0.2641242937853107 0.0417989417989418 0.09322033898305085
0 0.4103174603174603 0.3267419962335217 0.040740740740740744 0.07721280602636535
0 0.5396510134265622 0.13566060022054285 0.056098886041031595 0.11487069792311771
0 0.627598241786979 0.08360535745926088 0.0638690200750538 0.1102086472443538
0 0.6846560846560846 0.044256120527306965 0.07407407407407407 0.08851224105461393
0 0.5536084795830956 0.08667013172114384 0.05379063087629143 0.09019105532817379
0 0.48174603174603176 0.03154425612052731 0.06084656084656084 0.06308851224105462
0 0.44365079365079363 0.02871939736346516 0.040740740740740744 0.05743879472693032
0 0.4084656084656085 0.025894538606403013 0.03597883597883598 0.051789077212806026
0 0.876984126984127 0.05508474576271186 0.05238095238095238 0.11016949152542373
0 0.9108465608465608 0.4114877589453861 0.07777777777777778 0.05649717514124294
0 0.1401969877398779 0.7536318461385746 0.03936402183394348 0.10153008476845785
0 0.058244113534686455 0.7477643593582549 0.06495495011700243 0.11128195574142254
0 0.05205866578556885 0.663950317629069 0.062062136455666335 0.084653229519413
0 0.2648526110182064 0.8751541501657681 0.05169970790574163 0.10869422476346796
0 0.28304513124543923 0.8076803094370926 0.054264273437896554 0.08837366061248975
0 0.29882672027007684 0.7575177657570887 0.050447403961307015 0.10197119875227482
0 0.3602406003645166 0.7782271631511265 0.0407317413891592 0.07636973377766125
0 0.37804232804232807 0.803201506591337 0.023809523809523808 0.06591337099811675
0 0.38492063492063494 0.6435969868173258 0.010052910052910053 0.05367231638418079
0 0.3067392679696244 0.5032542275778403 0.03293612820928492 0.06226523719836831
0 0.3448483705567363 0.49898423656095453 0.027256917145812756 0.04842411844183804
0 0.36904761904761907 0.5451977401129944 0.0417989417989418 0.062146892655367235
0 0.12836306720337703 0.5230897601813836 0.04889233103354378 0.06706542962615104
0 0.02857142857142857 0.4736346516007533 0.03492063492063492 0.06779661016949153
0 0.27425914908328347 0.6986729944892648 0.031679324589059775 0.09119206653191439
0 0.2206303924336874 0.6628187142467107 0.0555765350256171 0.06133007045031839
0 0.2108397828074322 0.6819934532607395 0.058972970070201414 0.06925809386996153
0 0.19302722845553086 0.7172876169368172 0.06089076962457945 0.09857998993765174
0 0.35079365079365077 0.4646892655367232 0.0455026455026455 0.04990583804143126
0 0.6961145104676021 0.512116101666217 0.05849032815701475 0.1423751992751238
0 0.6331526724235869 0.5109732836015335 0.0544561264862346 0.11278992538467096
0 0.95 0.4684557438794727 0.05238095238095238 0.05743879472693032
0 0.5388888888888889 0.4661016949152542 0.059788359788359786 0.05273069679849341
0 0.3986772486772487 0.7937853107344632 0.01746031746031746 0.14124293785310735
0 0.4471217532340986 0.505299445729809 0.05952305006936349 0.12374034092844835
0 0.4173662182586569 0.5137277554047698 0.04571097834525457 0.12014514590911576