0 0.025609756097560974 0.329175704989154 0.05121951219512195 0.10086767895878525
0 0.08311064586936337 0.2144166190151315 0.060982845085623454 0.13940685456577911
0 0.014939024390243902 0.24240780911062906 0.029878048780487804 0.11605206073752712
0 0.08689024390243902 0.0254880694143167 0.060365853658536583 0.0509761388286334
0 0.40762195121951217 0.05151843817787419 0.057926829268292686 0.10303687635574837
0 0.4826219512195122 0.21203904555314534 0.04573170731707317 0.17678958785249457
0 0.4795731707317073 0.3232104121475054 0.039634146341463415 0.11279826464208242
0 0.5176829268292683 0.2982646420824295 0.07926829268292683 0.16268980477223427
0 0.5751563636099823 0.18367779241052587 0.09535279746250135 0.15270580096308822
0 0.641370284173814 0.17477354478228088 0.08324567281076198 0.12872898536446623
0 0.6691416124348529 0.08306662659761636 0.060535623258696956 0.119884077993111
0 0.7739875802287635 0.22873807566723367 0.06905874829622506 0.1467356656038594
0 0.8193284871971758 0.26387622560647844 0.05988756117575876 0.14470350669708082
0 0.7445966019257422 0.11099645224838962 0.0737514921486267 0.11259704337742736
0 0.7518292682926829 0.021691973969631236 0.054878048780487805 0.04338394793926247
0 0.7914634146341464 0.03253796095444685 0.06097560975609756 0.0650759219088937
0 0.836890243902439 0.014642082429501085 0.06280487804878049 0.02928416485900217
0 0.9280487804878049 0.037418655097613884 0.06219512195121951 0.07483731019522777
0 0.8887635380139358 0.04765569986687239 0.05890719522202572 0.07535236067481392
0 0.9832317073170732 0.021149674620390455 0.03353658536585366 0.04229934924078091
0 0.8945121951219512 0.3351409978308026 0.06951219512195123 0.08893709327548807
0 0.9641709111903222 0.13102640050131154 0.04119942273570603 0.07243581224029165
0 0.021646341463414633 0.8427331887201736 0.043292682926829265 0.1301518438177874
0 0.026829268292682926 0.7537960954446855 0.05365853658536585 0.14099783080260303
0 0.07376035165053718 0.662570618211496 0.08894570327354816 0.1120071129942925
0 0.006707317073170732 0.5216919739696312 0.013414634146341463 0.12581344902386118
0 0.02225609756097561 0.5374186550976139 0.04451219512195122 0.113882863340564
0 0.05815099968526665 0.5435388383588935 0.05274648260398735 0.09851865455532398
0 0.12797945818472412 0.5235937431396345 0.054849053124236456 0.11063875228028043
0 0.1281331872915959 0.4768612430840976 0.08206446660101711 0.10372004461883713
0 0.06561972696327018 0.4442927088832915 0.06664664456263246 0.09454858671563807
0 0.01798780487804878 0.4067245119305857 0.03597560975609756 0.05422993492407809
0 0.12103658536585366 0.40997830802603036 0.060365853658536583 0.06073752711496746
0 0.3837902837735159 0.8561348400805919 0.07772163694693596 0.10002405375952048
0 0.38154845480544686 0.6471654271457711 0.06940866249454541 0.10890105251811083
0 0.4475609756097561 0.5520607375271149 0.024390243902439025 0.12364425162689804
0 0.401396571462956 0.4877765434559171 0.06823884161352653 0.1109439085539676
0 0.39398373332878134 0.424496143425207 0.08166693608819353 0.08636646544313202
0 0.33140243902439026 0.4121475054229935 0.04939024390243903 0.0650759219088937
0 0.6146341463414634 0.9387201735357917 0.054878048780487805 0.12255965292841649
0 0.5669562321141236 0.8912268771268185 0.05524658363705989 0.12799233145598554
0 0.4765243902439024 0.7532537960954447 0.03353658536585366 0.13123644251626898
0 0.9554878048780487 0.96529284164859 0.03414634146341464 0.06941431670281996
0 0.9009146341463414 0.9517353579175705 0.060365853658536583 0.09652928416485901
0 0.7980527555899333 0.8885327262631024 0.04944924554566769 0.08735681416774262
0 0.8376677489387082 0.8801343501262411 0.07176176458490928 0.07884814236339273
0 0.8101319220852213 0.7881334788439264 0.05542257823602019 0.08256552748086605
0 0.7458782282634929 0.8048510147434782 0.04701022115542378 0.08710413144553016
0 0.8141895318485738 0.6510264995068384 0.037055358338036457 0.07741661096882761
0 0.8796720481945501 0.5539854892390981 0.046538153671445884 0.06649675617438042
0 0.8220547521396009 0.5077909520621801 0.042457240916204925 0.047679554216875135
0 0.8529571655235618 0.45282869970024314 0.03664644249648717 0.03301123501163666
0 0.5365330943745926 0.47168789603215056 0.05817321083920749 0.069866196501853
0 0.551219512195122 0.38449023861171366 0.04024390243902439 0.009761388286334056
0 0.47621951219512193 0.4745119305856833 0.032926829268292684 0.08134490238611713
0 0.5718384037247374 0.6781032328751916 0.050144923943108974 0.11772557772522634
0 0.6641072272134565 0.5990576996708071 0.048988563390415636 0.09380123567807894
0 0.7353751911567362 0.6363383041843192 0.04264254584429138 0.08232354188773194
0 0.9119503102145416 0.6790928576008378 0.04947409120271936 0.08844141286622417
0 0.9786585365853658 0.7489154013015185 0.042682926829268296 0.07483731019522777
0 0.9954268292682927 0.8020607375271149 0.009146341463414634 0.06182212581344902
0 0.9456768556730442 0.6075720081346492 0.03403142350728325 0.07818535626454343
0 0.9732866871632484 0.5229149814901148 0.04376267541120719 0.07811148845491198