0 0.4636890176935617 0.2448217147635721 0.07014520427985622 0.1482054118645783
0 0.2035990917361777 0.3093947333384026 0.05629270234549153 0.11056723840656815
0 0.25139451164649185 0.30702521780447145 0.05122274642059706 0.09926633239572226
0 0.1867106247031412 0.06703654294004462 0.056537633967182414 0.07557451069383184
0 0.12908657843066113 0.0976365066392994 0.05797683967513672 0.07808905526835921
0 0.1371308016877637 0.01125 0.04360056258790436 0.0225
0 0.15481282144625735 0.18238197658507008 0.05578529516615102 0.07181723840656815
0 0.14564739200254745 0.2881160608940255 0.0482788631105798 0.0892372432466675
0 0.6211987328938898 0.2838101476230306 0.05611265463669331 0.09681723840656815
0 0.5883509991912176 0.27289830898079237 0.03642207798409134 0.09661361436318472
0 0.6727958847713551 0.2226433622218854 0.0652710760560713 0.09816177814099618
0 0.6512650870593845 0.1897365308397962 0.05367559052480081 0.07179542154477701
0 0.5991687119893423 0.2127783162409414 0.050649867347148055 0.05551633239572226
0 0.5189873417721519 0.039375 0.01828410689170183 0.07875
0 0.979254571026723 0.109375 0.04149085794655415 0.08875
0 0.02531645569620253 0.883125 0.05063291139240506 0.10375
0 0.07187467140243813 0.5548839459099911 0.08878881860793883 0.12215176362069811
0 0.33062536343667787 0.6565972887714789 0.07122431457021439 0.12321995643910569
0 0.4669479606188467 0.88625 0.08579465541490858 0.1325
0 0.4827707454289733 0.7425 0.05414908579465542 0.1625
0 0.44148424091115823 0.7704664481019746 0.059596681073105166 0.1480963275556229
0 0.49683544303797467 0.478125 0.026019690576652602 0.10375
0 0.40537286043347437 0.6714514263215275 0.060937678939896656 0.14311087213015028
0 0.4524077575559934 0.6647141830748601 0.05531121191508042 0.08930996611930439
0 0.44712442999403046 0.5835078167984422 0.053872006207125955 0.08679542154477701
0 0.4123221934079077 0.5576141588743632 0.06765903624738255 0.11943359500278718
0 0.3368466155797626 0.5140136574679466 0.04567870724463223 0.10545815409761275
0 0.3812974308192533 0.497926867226702 0.047788411885982436 0.10547997095940388
0 0.33825597749648384 0.41625 0.07032348804500703 0.0925
0 0.44760900140646975 0.398125 0.05414908579465542 0.05625
0 0.2879746835443038 0.4 0.08790436005625879 0.06
0 0.4089310829817159 0.419375 0.06540084388185655 0.09875
0 0.052109262906532505 0.4419480253788472 0.07438039355486813 0.0957563178754242
0 0.09634317862165963 0.40625 0.07735583684950774 0.0725
0 0.040787623066104076 0.38625 0.057665260196905765 0.0325
0 0.8909985935302391 0.93625 0.07454289732770746 0.1275
0 0.9919127988748242 0.816875 0.01617440225035162 0.11625
0 0.9213900029916707 0.5937498858015325 0.05841936294158466 0.16558178298109552
0 0.9229957805907173 0.413125 0.04852320675105485 0.08625
0 0.8224072185232852 0.7422934590238727 0.07050471171623685 0.12196268415184193
0 0.8118005254373655 0.6573916349019325 0.06971963696815128 0.1157054118645783
0 0.761494091543679 0.602279331154023 0.07500237654889838 0.1432563178754242
0 0.8320873571612754 0.5952984662840217 0.05776464400050008 0.11558178298109553
0 0.8456610155644634 0.5576530205387479 0.06350451087757462 0.07064723356646879
0 0.7169479606188467 0.386875 0.05977496483825598 0.03375
0 0.8336963686570091 0.42275846870407136 0.05181140548635723 0.09052360468298602
0 0.7085091420534458 0.979375 0.0850914205344585 0.04125
0 0.5476063539931867 0.784515559487609 0.0661058427059541 0.16191177814099603
0 0.5179324894514767 0.686875 0.01617440225035162 0.13375
0 0.5489295139334117 0.6438578341949223 0.061738533680293826 0.09687541670467766
0 0.5614562100120802 0.5799696607369121 0.05583439908673234 0.07556723840656815
0 0.596854701669511 0.5439737740864637 0.03867909438718553 0.10788543122497572
0 0.6265051424631038 0.5524183380213885 0.03961148089701523 0.12539270351223947
0 0.6544951159155182 0.514623810387209 0.05135369020881396 0.10926633239572225
0 0.7007785562088297 0.5847797478587007 0.07627790252158155 0.13327086244995157
0 0.5833333333333334 0.415 0.04571026722925457 0.09
0 0.5277777777777778 0.409375 0.035864978902953586 0.07875