0 0.045859872611464965 0.5282805429864253 0.09171974522292993 0.10180995475113122
0 0.11942675159235669 0.5356334841628959 0.11273885350318472 0.08710407239819004
0 0.16018102759826622 0.47450599178482 0.10437379403938365 0.1771400984313157
0 0.11313599228089087 0.4004977140492323 0.0885095171457373 0.1939224584836984
0 0.2681528662420382 0.47171945701357465 0.10191082802547771 0.2149321266968326
0 0.3630573248407643 0.5373303167420814 0.11337579617834395 0.083710407239819
0 0.3254777070063694 0.5356334841628959 0.09554140127388536 0.08710407239819004
0 0.32456760981700644 0.40780896802870353 0.08399903968245485 0.1777165419227999
0 0.44167078096577256 0.48591603800439565 0.08316569893087487 0.117709103293221
0 0.47844670304125475 0.43806693553354664 0.08818342222639707 0.09437494717148108
0 0.5070331581297104 0.41724782771075103 0.07549274183629677 0.10802707955727867
0 0.5315286624203822 0.5305429864253394 0.03630573248407643 0.09728506787330317
0 0.5143312101910829 0.505656108597285 0.07070063694267516 0.14705882352941177
0 0.271373420047408 0.3033227834931117 0.09990407844101874 0.17337762078444435
0 0.16503363828848291 0.30357374502311846 0.10369238387522352 0.16351275029947424
0 0.10546652847680243 0.29468818790862245 0.06931971316112516 0.16745495570492852
0 0.06800527827948302 0.23051999640404855 0.08843911028815264 0.1724292458140151
0 0.20428877701905893 0.2350077907357434 0.07438560956973178 0.15882668193612998
0 0.39574171730798335 0.16941876394035013 0.0799550461864948 0.10952711376523598
0 0.41819569325259126 0.123212247055107 0.0786589270916758 0.10263440845177953
0 0.4413662827901517 0.10137968463654688 0.06451278577117006 0.060751301587469074
0 0.49853405919812543 0.25256208466001934 0.051303742676579306 0.11054984149753377
0 0.5014186170231653 0.16119656287578712 0.057610173818754044 0.0918459472503364
0 0.4646260196393078 0.20395516760907964 0.0703453216978551 0.09176847549802306
0 0.44269617716890874 0.3129708336733656 0.09163494053619893 0.17608634846417198
0 0.17070063694267515 0.032805429864253395 0.06751592356687898 0.06561085972850679
0 0.019426751592356687 0.251131221719457 0.038853503184713374 0.167420814479638
0 0.03821656050955414 0.1340497737556561 0.07643312101910828 0.11199095022624435
0 0.10286624203821657 0.013009049773755657 0.07707006369426751 0.026018099547511313
0 0.297571021603626 0.13641801136528986 0.07352632944956791 0.0909006912703519
0 0.2340764331210191 0.03902714932126697 0.06942675159235669 0.07805429864253394
0 0.19443633415295575 0.14315412984409606 0.07621491386537443 0.13409786660314715
0 0.16659407250448455 0.09957263090537764 0.06418711551901726 0.15572123852350103
0 0.15955414012738853 0.04355203619909502 0.08471337579617834 0.08710407239819004
0 0.24988369750856004 0.157918937676284 0.06729401078906176 0.13222901990668962
0 0.9595541401273885 0.5373303167420814 0.08089171974522293 0.083710407239819
0 0.8761146496815286 0.5062217194570136 0.09363057324840764 0.14592760180995476
0 0.8424689182885602 0.45218208743359883 0.10242961539715527 0.1668010404611309
0 0.9390528157411445 0.4867479538419517 0.10245926038982257 0.17585081421678728
0 0.9116029255783273 0.36855850891742753 0.12089354172860625 0.16606653447457514
0 0.8280003876727975 0.31188269097652815 0.07380425125582378 0.1757423202296279
0 0.7684814509742013 0.31770301621497327 0.0923385844448596 0.19650102691275553
0 0.6234118797701697 0.15811851969875276 0.06988254335461623 0.14488320881414551
0 0.633625833317999 0.45752502236158343 0.0897389350070549 0.1804531728469285
0 0.6059890214725634 0.37946760472860475 0.10180008397016285 0.16901079640168787
0 0.5968152866242038 0.2986425339366516 0.09426751592356689 0.12895927601809956
0 0.5643312101910828 0.3218325791855204 0.02929936305732484 0.12330316742081449
0 0.5605095541401274 0.4309954751131222 0.02165605095541401 0.13122171945701358
0 0.5760613427995067 0.08804317423208599 0.04482685282656822 0.07721753664970865
0 0.5831210191082803 0.01583710407239819 0.040127388535031845 0.03167420814479638
0 0.6277070063694268 0.01809954751131222 0.0732484076433121 0.03619909502262444
0 0.6394904458598726 0.057126696832579184 0.061146496815286625 0.11425339366515837
0 0.6681528662420382 0.08540723981900453 0.061146496815286625 0.17081447963800905
0 0.7126855466211627 0.09934464262970151 0.08083285442707583 0.18310921302829905
0 0.7661090604167451 0.07944912552337899 0.05897669977115762 0.12023186523347612
0 0.8022463993386201 0.12824044881856883 0.06660518937673482 0.11633922833593423
0 0.8139448218087414 0.20045579211478998 0.09795619417470687 0.16190734109480268
0 0.8738619007627103 0.21898307759384916 0.07951820721183983 0.17056039911755752
0 0.9331513011017288 0.24028572987319385 0.06996777270853466 0.17090130836165687
0 0.9707006369426752 0.2251131221719457 0.05859872611464968 0.19004524886877827
0 0.9847133757961783 0.19683257918552036 0.030573248407643312 0.11990950226244344
0 0.989171974522293 0.1583710407239819 0.02165605095541401 0.09502262443438914
0 0.9226114649681528 0.02319004524886878 0.07579617834394904 0.04638009049773756
0 0.9789808917197452 0.04468325791855204 0.04203821656050955 0.08936651583710407
0 0.866551670161119 0.12564333411644507 0.06980843087294807 0.12225877442500517
0 0.8742038216560509 0.050339366515837106 0.07197452229299363 0.10067873303167421
0 0.8235668789808918 0.04807692307692308 0.048407643312101914 0.09615384615384616
0 0.7773885350318471 0.026018099547511313 0.10636942675159236 0.05203619909502263
0 0.49632948339239147 0.6903617930329267 0.07121571869026938 0.16308813132217215
0 0.4098726114649682 0.6346153846153846 0.06687898089171974 0.11085972850678733
0 0.06407515565244186 0.7247227282547352 0.06737924014298026 0.15824711945420072
0 0.014968152866242038 0.8404977375565611 0.029936305732484077 0.14479638009049775
0 0.5980891719745223 0.9745475113122172 0.07388535031847134 0.05090497737556561
0 0.7745222929936306 0.9790723981900452 0.07261146496815286 0.0418552036199095
0 0.9121019108280255 0.9756787330316742 0.07006369426751592 0.048642533936651584
0 0.6439490445859872 0.9259049773755657 0.07770700636942675 0.14819004524886878
0 0.606687898089172 0.9264705882352942 0.06178343949044586 0.14705882352941177
0 0.5875796178343949 0.8829185520361991 0.07579617834394904 0.15271493212669685
0 0.6767515923566879 0.919683257918552 0.07707006369426751 0.16063348416289594
0 0.7162169481823516 0.8980058066742208 0.09216812573702267 0.1444648278177328
0 0.7392337543204505 0.8292275428981946 0.0863615291789213 0.12136620594337785
0 0.8748407643312102 0.9592760180995475 0.0732484076433121 0.08144796380090498
0 0.8531847133757962 0.9321266968325792 0.08598726114649681 0.13574660633484162
0 0.8393708624115367 0.8793546837601817 0.08445811240161048 0.12347058688722044
0 0.9048404903402998 0.7462331792066658 0.059724811168819246 0.1542212043155437
0 0.8356687898089172 0.6012443438914027 0.06369426751592357 0.04411764705882353
0 0.5789808917197452 0.6380090497737556 0.05859872611464968 0.11764705882352941
0 0.6426751592356688 0.5921945701357466 0.049681528662420385 0.026018099547511313
0 0.6159235668789809 0.6006787330316742 0.05605095541401274 0.042986425339366516
0 0.8152370229458831 0.7043283232440428 0.05974704491331963 0.1610085346322858
0 0.8552312213475058 0.7641823778642173 0.06472030071984093 0.12409971787706177
0 0.9726114649681529 0.7567873303167421 0.05477707006369427 0.1583710407239819
0 0.5754777070063695 0.7516968325791855 0.05159235668789809 0.12782805429864252
0 0.7114561287598451 0.7081836999258494 0.054462516683791734 0.10289472695312062
0 0.6731302523398305 0.6716514093004364 0.0577250481653396 0.12691382055350384
0 0.6415422999341137 0.6509438306204439 0.06665706811390257 0.13217633240833243
0 0.6847133757961783 0.6210407239819005 0.05477707006369427 0.083710407239819