0 0.31892655367231637 0.4788732394366197 0.061581920903954805 0.04225352112676056
0 0.1850282485875706 0.43913480885311873 0.06949152542372881 0.12173038229376258
0 0.29601082822064073 0.24866139791380426 0.04854291213093866 0.11420947499349837
0 0.3204822780128169 0.2641425416447035 0.053279916351646604 0.12080848354032737
0 0.3364406779661017 0.2605633802816901 0.02655367231638418 0.11468812877263582
0 0.0913567491663062 0.2466024034947276 0.05723471861153361 0.12130092587795761
0 0.24179749795387984 0.1297201388012541 0.05503293286867613 0.10700537211957688
0 0.19402117992462822 0.13667065752281005 0.0578358953978475 0.12237731100063726
0 0.08804941080683083 0.17440344124664597 0.06431160732857429 0.09914697755523053
0 0.12011470188386432 0.12734504301229027 0.045776154636668495 0.09984357232974182
0 0.14950754176432146 0.10766066936126512 0.059661321984679945 0.11058627201449453
0 0.04843949323472863 0.14979049402323827 0.04892685870784379 0.10924964281235496
0 0.08463345734265096 0.10522258765047583 0.05957460310786608 0.09254796900840141
0 0.09746065824026585 0.05354897313045726 0.06309494494893582 0.0809679767383859
0 0.30875706214689264 0.030181086519114688 0.05141242937853107 0.060362173038229376
0 0.03333333333333333 0.34305835010060365 0.06666666666666667 0.11670020120724346
0 0.059091897379940195 0.2601344607128447 0.0541926296450627 0.11491296404725596
0 0.2867231638418079 0.015090543259557344 0.05706214689265537 0.030181086519114688
0 0.23954802259887006 0.03118712273641851 0.04180790960451977 0.06237424547283702
0 0.27372881355932205 0.03822937625754527 0.04463276836158192 0.07645875251509054
0 0.2849159432183573 0.08028390069476715 0.04725383968149702 0.09401840174204609
0 0.21540967597024305 0.06590350641606195 0.04983957200125988 0.10335412331928354
0 0.9663841807909604 0.4537223340040241 0.05028248587570622 0.0925553319919517
0 0.887098863854946 0.3768110006470295 0.07947153831901643 0.11405451991995016
0 0.9844632768361582 0.41297786720321933 0.031073446327683617 0.13782696177062373
0 0.938449398260245 0.34087187965812366 0.05648113426473405 0.1472468208117298
0 0.973774008513158 0.2813893022892432 0.045334106796971134 0.11881756264776283
0 0.9912429378531074 0.28722334004024147 0.01751412429378531 0.079476861167002
0 0.7876966799481944 0.4117226995244365 0.06617996033643879 0.13543463028354386
0 0.8785615265757784 0.27020978320513533 0.06164587751812867 0.11884560846905244
0 0.931476897920094 0.2611170700092417 0.06147243976450119 0.08276900245686622
0 0.9060127373438188 0.21070605429421185 0.07020045127999786 0.09086648955862951
0 0.8745877557636915 0.19308616322859826 0.06123331332720191 0.09175297950722493
0 0.8241108019412163 0.2985227078878652 0.06804917937905253 0.09360320258903795
0 0.8077404969398921 0.2454770553608673 0.055141547973380514 0.11002348077148835
0 0.7549232256037098 0.2831011029391683 0.05754625511863607 0.11432902126220679
0 0.7177546532291393 0.29223611921914816 0.058871532602978664 0.13552613073096276
0 0.8957627118644068 0.02464788732394366 0.04689265536723164 0.04929577464788732
0 0.9810734463276836 0.03722334004024145 0.03785310734463277 0.0744466800804829
0 0.9607344632768362 0.04225352112676056 0.04124293785310734 0.08450704225352113
0 0.9432203389830508 0.02012072434607646 0.04689265536723164 0.04024144869215292
0 0.9249194564291863 0.052614223227136867 0.05427262713574545 0.0858786115561966
0 0.7155367231638418 0.02716297786720322 0.05819209039548023 0.05432595573440644
0 0.6649717514124294 0.02464788732394366 0.04519774011299435 0.04929577464788732
0 0.7628420461679312 0.13338815459535966 0.06500709041258161 0.08721524075833617
0 0.8161889502553734 0.17481887475180607 0.05897342632155219 0.0914715838857219
0 0.7585475228042948 0.1980206936716195 0.059082041426256574 0.09448969253763324
0 0.7857133200209383 0.20114800717336975 0.055692210917781995 0.09406759910537882
0 0.6202187606893106 0.43157511375104696 0.090365130542469 0.13544152456279038
0 0.469774011299435 0.47434607645875254 0.06949152542372881 0.05130784708249497
0 0.5574289604327899 0.2696345413738923 0.0703157877708331 0.14095725370769333
0 0.7017463985768295 0.22913010451911198 0.07122177967811859 0.08798907871746957
0 0.7248698086220231 0.17266908294176628 0.03985869307122303 0.0760715991833719
0 0.7010647912824582 0.16211259693932256 0.06463745264268743 0.10820130351096488
0 0.6915756079992822 0.11321776418164672 0.04078571517165007 0.08620231026178594
0 0.7221417508209709 0.08437354121682349 0.05246909677680378 0.08264945618815792
0 0.7596075508956331 0.09823666012408008 0.06373232677015091 0.08305039807836936
0 0.5720338983050848 0.03722334004024145 0.05367231638418079 0.0744466800804829
0 0.6276836158192091 0.015090543259557344 0.04632768361581921 0.030181086519114688
0 0.6053331916903893 0.04032886708614838 0.05115812809947187 0.07747857729088717
0 0.6370056497175142 0.03722334004024145 0.05141242937853107 0.0744466800804829
0 0.3649717514124294 0.41448692152917505 0.030508474576271188 0.10663983903420524
0 0.390915567361358 0.3955288289390141 0.05011490347346063 0.09537618248622877
0 0.36073446327683617 0.03319919517102616 0.022033898305084745 0.06639839034205232
0 0.30524744229425577 0.5866113863346589 0.07647237577357784 0.15574524980370444
0 0.2019774011299435 0.567907444668008 0.07966101694915254 0.1358148893360161
0 0.12439165919335535 0.6421815334151785 0.06612944649452664 0.11840236349475468
0 0.02824858757062147 0.5216297786720322 0.05649717514124294 0.043259557344064385
0 0.9838983050847457 0.9341046277665996 0.03220338983050847 0.1317907444668008
0 0.9646321337546111 0.6600449015664397 0.06915722665398687 0.10876409475397111
0 0.9068492468569921 0.6637345376068923 0.08116645357325347 0.11426556663607737
0 0.7049013293758192 0.7349508905585768 0.06128382716911419 0.10878524629601422
0 0.6840453937571551 0.8221769414400865 0.08697530003399442 0.13501943113053572
0 0.595830236063508 0.8431765583990561 0.06656390691334405 0.13047479810240056
0 0.5206965805465348 0.8835793877396998 0.061298135976124934 0.12481147686749956
0 0.4596045197740113 0.9627766599597586 0.06384180790960452 0.0744466800804829
0 0.41932458293071967 0.949783732711589 0.057879687853628854 0.09233692229227419
0 0.5117925331731636 0.693396239585191 0.05470708755456298 0.09795104616384248
0 0.3709039548022599 0.682092555331992 0.0423728813559322 0.08048289738430583
0 0.3587570621468927 0.75 0.01807909604519774 0.07344064386317907
0 0.43476483470999516 0.7395433148371331 0.03257216156565381 0.06114290527660917
0 0.5110536906507493 0.6904836542913432 0.051172436906482564 0.09350480786237264
0 0.4453667250132945 0.8669195483155288 0.05374386041923461 0.08681429886812461
0 0.43992751632244803 0.9086594755626157 0.058517069674844144 0.09441934363225767
0 0.6324801238007639 0.7624968715614197 0.05664112924609955 0.0891781158296111
0 0.6195043090531033 0.80267141848782 0.0712141922572385 0.11903550364313656
0 0.7128643754131964 0.6543378711345409 0.045211182885256065 0.09977322342436601
0 0.7997175141242938 0.5160965794768612 0.06610169491525424 0.03219315895372234
0 0.8847457627118644 0.5357142857142857 0.0576271186440678 0.07142857142857142
0 0.9133703798670675 0.5372307711664472 0.04737004220708123 0.06599008546829058
0 0.9307367563455562 0.6016699679289997 0.043501958824007834 0.08353594613675326
0 0.9906779661016949 0.5699195171026157 0.01864406779661017 0.07142857142857142
0 0.7528248587570622 0.5145875251509054 0.05367231638418079 0.029175050301810865
0 0.5708825950376747 0.6690125121846343 0.04208237504197154 0.07534695858757122
0 0.7143854198964318 0.6511438902191902 0.046580252825380204 0.09092994418475882
0 0.3724423392141279 0.5880605993836049 0.03965577166882531 0.08606161245103437
0 0.44887005649717515 0.5191146881287726 0.0423728813559322 0.03822937625754527