0 0.008011049723756906 0.25589390962671904 0.016022099447513812 0.10117878192534381
0 0.022651933701657457 0.2819253438113949 0.045303867403314914 0.11984282907662082
0 0.05027624309392265 0.5977406679764243 0.049723756906077346 0.022593320235756387
0 0.0861878453038674 0.593811394891945 0.039779005524861875 0.030451866404715127
0 0.08100997951019531 0.5574656188605108 0.07269275636770202 0.0962671905697446
0 0.019613259668508288 0.5834970530451866 0.039226519337016576 0.05108055009823183
0 0.020994475138121547 0.5486247544204322 0.041988950276243095 0.0618860510805501
0 0.014917127071823204 0.5171905697445972 0.02983425414364641 0.06581532416502947
0 0.13934435595699673 0.3600196463654224 0.07118030663873946 0.09921414538310412
0 0.18897507184785828 0.3899803536345776 0.06471626834691215 0.09135559921414538
0 0.2047757759725318 0.32711198428290766 0.06030314086685484 0.11394891944990176
0 0.2856353591160221 0.5383104125736738 0.04861878453038674 0.09037328094302555
0 0.2994475138121547 0.5800589390962672 0.020994475138121547 0.05795677799607073
0 0.30082872928176796 0.4587426326129666 0.018232044198895028 0.07858546168958742
0 0.8259668508287292 0.055992141453831044 0.09281767955801105 0.11198428290766209
0 0.7852446626957402 0.09724950884086445 0.08325185426036401 0.14243614931237722
0 0.7099038045913982 0.25294695481335955 0.062368076783662706 0.11100196463654224
0 0.6634949648123928 0.25294695481335955 0.0688388770981949 0.14145383104125736
0 0.6026141674993418 0.21021611001964635 0.06987472606795146 0.1512770137524558
0 0.5671064111015025 0.18516699410609036 0.08814834452233244 0.12966601178781925
0 0.5602663266778316 0.2455795677799607 0.07240950072126046 0.11296660117878192
0 0.5401044628924583 0.31286836935166995 0.08862494528153869 0.1168958742632613
0 0.5292817679558011 0.07956777996070727 0.09060773480662983 0.15913555992141454
0 0.6047196755523803 0.07760314341846758 0.09780984025710646 0.14636542239685657
0 0.6027624309392265 0.03192534381139489 0.11160220994475138 0.06385068762278978
0 0.39502762430939226 0.05255402750491159 0.08729281767955802 0.10510805500982318
0 0.4077656126678622 0.13359528487229863 0.10542042518011034 0.13261296660117877
0 0.4638122811021737 0.19597249508840864 0.09875577869318587 0.17681728880157171
0 0.3543646670780935 0.18025540275049115 0.08536512645536307 0.14047151277013753
0 0.330939226519337 0.27554027504911593 0.041988950276243095 0.12868369351669942
0 0.4672625650893889 0.3055009823182711 0.08278927860619585 0.12180746561886051
0 0.7666547300708335 0.28978388998035365 0.08163596995231429 0.12082514734774066
0 0.7450113467182982 0.33104125736738704 0.08932244030395735 0.11984282907662082
0 0.7928526181968331 0.24017681728880158 0.07417039386388365 0.137524557956778
0 0.8271790157307147 0.1994106090373281 0.07773375440461597 0.1650294695481336
0 0.8476973911692578 0.26522593320235754 0.07057222109037037 0.15422396856581533
0 0.8705257649269169 0.31777996070726916 0.0834935356513195 0.14734774066797643
0 0.9128967717682673 0.12475442043222004 0.09342426192749738 0.1807465618860511
0 0.958011049723757 0.012770137524557957 0.08066298342541436 0.025540275049115914
0 0.9522682999398573 0.12180746561886051 0.057188330875252574 0.14047151277013753
0 0.9720994475138122 0.14833005893909626 0.05580110497237569 0.11591355599214145
0 0.9911602209944751 0.162573673870334 0.017679558011049725 0.08742632612966601
0 0.9718232044198895 0.23084479371316308 0.056353591160221 0.10412573673870335
0 0.9488369252479156 0.27013752455795675 0.06531709081294852 0.09233791748526522
0 0.918664818216559 0.3555992141453831 0.07368026905926739 0.10510805500982318
0 0.9183649080431684 0.4346758349705305 0.0818017659146305 0.11296660117878192
0 0.8159896683890985 0.5054027504911591 0.054460712168807 0.0962671905697446
0 0.8709932247713208 0.5216110019646365 0.05830732835598103 0.10707269155206287
0 0.9138121546961326 0.5830058939096268 0.04419889502762431 0.05206286836935167
0 0.7798342541436464 0.5928290766208252 0.06795580110497237 0.03241650294695481
0 0.594294066687392 0.48035363457760316 0.06037226427278889 0.10412573673870335
0 0.5277057064768088 0.4862475442043222 0.08110427089221184 0.1100196463654224
0 0.48668661224592685 0.41601178781925346 0.06949529892475545 0.08742632612966601
0 0.4242866031812081 0.3929273084479371 0.05851469857378342 0.07760314341846758
0 0.3737569060773481 0.5879174852652259 0.052486187845303865 0.04223968565815324
0 0.6361878453038674 0.5771119842829077 0.062430939226519336 0.06385068762278978
0 0.6383977900552487 0.5962671905697446 0.054696132596685085 0.025540275049115914
0 0.32955801104972376 0.37671905697445973 0.039226519337016576 0.08349705304518663
0 0.3174033149171271 0.39636542239685657 0.014917127071823204 0.09921414538310412
0 0.37318188133533126 0.43222003929273084 0.06289301382105991 0.09921414538310412
0 0.4333891012352453 0.4381139489194499 0.07751336120103115 0.07072691552062868
0 0.40799940579308464 0.5162082514734774 0.03763768311978712 0.068762278978389
0 0.3780960282435041 0.506385068762279 0.05178819176325763 0.0756385068762279
0 0.33924968763912516 0.5604125736738703 0.04215424517893171 0.07072691552062868
0 0.31767955801104975 0.5068762278978389 0.015469613259668509 0.08840864440078586
0 0.41408839779005524 0.6026522593320236 0.034806629834254144 0.012770137524557957
0 0.5772639179503837 0.5176817288801572 0.058873839648864175 0.07367387033398821
0 0.5756906077348066 0.5741650294695482 0.036464088397790057 0.06974459724950884
0 0.5900552486187846 0.5825147347740668 0.055248618784530384 0.05304518664047151
0 0.5417127071823205 0.600196463654224 0.0569060773480663 0.01768172888015717
0 0.5057793180076458 0.550098231827112 0.051594846650493076 0.07170923379174853
0 0.49171270718232046 0.5884086444007859 0.049723756906077346 0.0412573673870334
0 0.44751381215469616 0.5913555992141454 0.05082872928176796 0.03536345776031434
0 0.4265193370165746 0.5717092337917485 0.06077348066298342 0.07465618860510806
0 0.42857626054387654 0.5471512770137524 0.057603071310857366 0.08153241650294696
0 0.385150996497124 0.5707269155206287 0.04849406176392865 0.06483300589390963
0 0.18934836215174972 0.6959724950884086 0.07796867377286666 0.14734774066797643
0 0.045303867403314914 0.6183693516699411 0.056353591160221 0.018664047151277015
0 0.06806048833312889 0.7131630648330058 0.05645652467968065 0.1031434184675835
0 0.026519337016574586 0.6895874263261297 0.05303867403314917 0.09233791748526522
0 0.07982248380693302 0.8614931237721022 0.062202280821346316 0.11886051080550099
0 0.16954326054935995 0.9356581532416502 0.06010303373138522 0.08742632612966601
0 0.1712707182320442 0.981335952848723 0.0707182320441989 0.03732809430255403
0 0.11850828729281768 0.9729862475442044 0.06132596685082873 0.054027504911591355
0 0.07596685082872928 0.9823182711198428 0.05138121546961326 0.03536345776031434
0 0.06520889844966674 0.8104125736738703 0.06841787569951288 0.09921414538310412
0 0.05149316578010255 0.769155206286837 0.055842178168234016 0.05697445972495088
0 0.016298342541436465 0.9833005893909627 0.03259668508287293 0.03339882121807466
0 0.034156595376812385 0.9474459724950884 0.05161563377823608 0.060903732809430254
0 0.6878453038674033 0.6556974459724951 0.10497237569060773 0.09332023575638507
0 0.6092913359124212 0.6974459724950884 0.08229865274195187 0.16797642436149313
0 0.5431244781601479 0.7396856581532416 0.08633185201918546 0.16011787819253437
0 0.48762015287962396 0.7111984282907662 0.10147713643655402 0.11984282907662082
0 0.3878453038674033 0.674852652259332 0.07845303867403315 0.13163064833005894
0 0.3397790055248619 0.6453831041257367 0.05966850828729282 0.07269155206286837
0 0.3397790055248619 0.7033398821218074 0.05966850828729282 0.1100196463654224
0 0.3533149171270718 0.8831041257367387 0.0867403314917127 0.15520628683693516
0 0.41406773706835337 0.8305500982318271 0.07086223875951694 0.16011787819253437
0 0.4604802083885253 0.8585461689587426 0.06540650028699808 0.15029469548133595
0 0.617179166048603 0.8683693516699411 0.07768541812642502 0.16404715127701375
0 0.7404657323298225 0.7544204322200393 0.08901163550706755 0.12475442043222004
0 0.8408243723452756 0.6797642436149313 0.0751303574050009 0.13457760314341846
0 0.7968541357228245 0.7986247544204322 0.07999929851652147 0.1100196463654224
0 0.9723756906077348 0.6316306483300589 0.055248618784530384 0.04518664047151277
0 0.9665745856353591 0.6723968565815324 0.06685082872928177 0.08742632612966601
0 0.9645747669297325 0.7416502946954814 0.06524796740701447 0.10216110019646366
0 0.912596611065063 0.8099214145383105 0.06804470951939409 0.13654223968565815
0 0.8168508287292817 0.9150294695481336 0.06353591160220995 0.16994106090373282
0 0.934126667334267 0.8664047151277013 0.05997154894222194 0.12966601178781925
0 0.8831491712707182 0.9675834970530451 0.0712707182320442 0.06483300589390963
0 0.9259668508287293 0.9778978388998035 0.06408839779005525 0.04420432220039293
0 0.8510260828715538 0.9047151277013753 0.06355569661069763 0.14636542239685657
0 0.7712471775586175 0.9204322200392927 0.10294801191003039 0.13850687622789784