0 0.12352637370990939 0.12705664903018757 0.10579546011294123 0.2432489099950513
0 0.03621659634317862 0.166875 0.07243319268635724 0.23625
0 0.027426160337552744 0.35 0.05485232067510549 0.2
0 0.028481012658227847 0.49875 0.056962025316455694 0.1675
0 0.08755519552354281 0.5229330574425473 0.10797407623432377 0.2047609488914665
0 0.1625515552129044 0.2738165753080633 0.11796259887684823 0.21442808502891963
0 0.2225327891868126 0.14841202306949966 0.11712906638084132 0.24929706558071202
0 0.25978588979384104 0.2747434785196867 0.1071685311279998 0.19844543916736257
0 0.1910820743001645 0.37537465717159973 0.11943798011778055 0.17587461420123104
0 0.15165834822070642 0.48887942741115326 0.09496799361825155 0.18233177385759802
0 0.21823411101620735 0.5182482487592402 0.10549605477982782 0.18206441971915496
0 0.2678789675796203 0.42376083265812975 0.09318568169969751 0.2021352446852866
0 0.3206751054852321 0.41375 0.07735583684950774 0.2325
0 0.32735583684950775 0.62625 0.0639943741209564 0.0675
0 0.2819971870604782 0.599375 0.08860759493670886 0.12125
0 0.33368495077355836 0.556875 0.051336146272855133 0.15875
0 0.28068254373229423 0.5423851284519499 0.1023147984448818 0.15930238082273973
0 0.016526019690576654 0.590625 0.03305203938115331 0.13875
0 0.9683544303797469 0.306875 0.06329113924050633 0.20875
0 0.9015372246335625 0.3480543772079427 0.08547808540442968 0.16023014744424857
0 0.6859704520640124 0.2838891270939654 0.09152073069603353 0.1433197349611828
0 0.6321207716024704 0.22774888557406192 0.08301300065060035 0.18121810854783335
0 0.8521082765386593 0.4936935287228974 0.08150422066382632 0.1748370890996256
0 0.9651898734177216 0.629375 0.06962025316455696 0.06125
0 0.989803094233474 0.57375 0.020393811533052038 0.145
0 0.4243121587513953 0.2901664993226315 0.08418145121391143 0.12391463772014476
0 0.6331399848036694 0.5515342980571276 0.07351015573611185 0.11543199185858782
0 0.6155123120414647 0.405901325194086 0.07131107756955436 0.1526699529621726
0 0.575293863568 0.35348364405415844 0.07718250115525215 0.1681940307550029
0 0.389943741209564 0.55125 0.06118143459915612 0.08
0 0.3923644781199494 0.39735841745909495 0.053778654993160244 0.11109771958368128
0 0.4724443462704951 0.5883455151527945 0.052973109886836345 0.10478220985957762
0 0.9450812207523712 0.43323675486529933 0.06860044827362799 0.15865791406575738
0 0.7248712126120541 0.5454852790615816 0.06215608742303682 0.10813383627292694
0 0.766437450388974 0.5584624504774055 0.057294829395410675 0.11142526820420016
0 0.4391701828410689 0.615625 0.06540084388185655 0.08875
0 0.4233450312720226 0.43503547987442387 0.0630025566197102 0.11694934599703061
0 0.017932489451476793 0.718125 0.035864978902953586 0.11625
0 0.23655808500408407 0.7479994979678943 0.07724388729077665 0.17194403075500303
0 0.33825597749648384 0.743125 0.04219409282700422 0.13125
0 0.282770729334295 0.7773931013149916 0.07370725084335152 0.17036648213448416
0 0.07738898282477896 0.8202391858912498 0.06361641797495315 0.1544493459970306
0 0.034458509142053444 0.889375 0.06891701828410689 0.16125
0 0.3329817158931083 0.91 0.052742616033755275 0.1275
0 0.2960618846694796 0.95125 0.07032348804500703 0.0975
0 0.2039381153305204 0.961875 0.05907172995780591 0.07625
0 0.2517513660802217 0.8707695097273512 0.0821535947532605 0.12871810854783347
0 0.2369901547116737 0.955 0.06188466947960619 0.09
0 0.14250441506836356 0.8959235169634405 0.05078155706478701 0.09958568068726606
0 0.34458509142053445 0.87 0.029535864978902954 0.1275
0 0.8484528832630098 0.975 0.08649789029535865 0.05
0 0.569268635724332 0.97375 0.0639943741209564 0.0525
0 0.6995371269340412 0.9191493717792519 0.09278396614071037 0.13470075440939042
0 0.5935302390998594 0.941875 0.09423347398030943 0.11625
0 0.5728978166794882 0.7842954061522995 0.09973446676451195 0.1303558516504284
0 0.48874824191279886 0.71 0.10689170182841069 0.1
0 0.37763713080168776 0.71125 0.03656821378340366 0.1025
0 0.38883443640814275 0.7902089538674956 0.04393336666685926 0.11018058344622808
0 0.4197600717750251 0.8097937711448765 0.05673482883118387 0.1201097584800965
0 0.4704032141900175 0.8044520710094026 0.07913603477971233 0.11595606965141819
0 0.5125499145763389 0.8248637327011227 0.08215359475326019 0.12871810854783333
0 0.5210409452488514 0.8852293514257213 0.08637300403596061 0.12911116689245616
0 0.46521185776151575 0.8642201293540255 0.07181721734276493 0.09780097241038022
0 0.41803102895775746 0.9154187711448765 0.06339133547803072 0.14069934599703074
0 0.4444444444444444 0.95875 0.06329113924050633 0.0825
0 0.4131504922644163 0.984375 0.04992967651195499 0.03125
0 0.3871308016877637 0.895 0.05555555555555555 0.1425
0 0.36744022503516177 0.891875 0.01617440225035162 0.11125
0 0.3751758087201125 0.80125 0.03164556962025317 0.1125
0 0.3808016877637131 0.953125 0.04289732770745429 0.09375
0 0.5239099859353024 0.9525 0.07735583684950774 0.095