0 0.07015843912249818 0.1461022174326192 0.05938764828100659 0.12085077695167548
0 0.15241079178624647 0.07854105520171366 0.07200853989366776 0.14996682274857862
0 0.24310777338902442 0.11899728489378207 0.06374323495893247 0.11715016420698805
0 0.3314917127071823 0.17534381139489194 0.016574585635359115 0.09135559921414538
0 0.303965419083419 0.1781732503528058 0.051508160295290095 0.11160975691696114
0 0.3201657458563536 0.2843811394891945 0.039226519337016576 0.09332023575638507
0 0.2551621294912519 0.37748612346643806 0.05804154031217892 0.10605883779992994
0 0.1963405518683057 0.3456864481576369 0.05228570637006332 0.12539079525511296
0 0.07523354678672034 0.3588222528572783 0.056432308867270416 0.10892004498586745
0 0.10424710950170335 0.35683051024183415 0.04645540607363668 0.10644092267909609
0 0.1202620015081106 0.4070392927946096 0.04607975265409188 0.11721784111894036
0 0.1543837530044809 0.34589408484341994 0.06413496408468665 0.1073555640382634
0 0.32679558011049725 0.3369351669941061 0.025966850828729283 0.07269155206286837
0 0.09023483888995468 0.42037056934164285 0.04314640112329998 0.07289918874865141
0 0.005801104972375691 0.41355599214145383 0.011602209944751382 0.09233791748526522
0 0.7256906077348066 0.055992141453831044 0.09779005524861878 0.11198428290766209
0 0.6657458563535912 0.04862475442043222 0.08508287292817679 0.09724950884086445
0 0.8104972375690608 0.07220039292730845 0.09281767955801105 0.1444007858546169
0 0.8469942084985183 0.12940971574847096 0.10994734190995833 0.1745037558725659
0 0.9604972375690608 0.16552062868369352 0.07900552486187845 0.18369351669941061
0 0.9197874026153169 0.23507955974434555 0.07966296799245658 0.14545538698761518
0 0.9906077348066298 0.17583497053045186 0.01878453038674033 0.18860510805500982
0 0.5624309392265193 0.027013752455795677 0.09834254143646409 0.054027504911591355
0 0.40414364640883976 0.03880157170923379 0.07679558011049724 0.07760314341846758
0 0.45662983425414366 0.04518664047151277 0.07790055248618785 0.09037328094302555
0 0.43410936299777786 0.1110198588098945 0.07230972695890224 0.10090807427753438
0 0.503969670436158 0.12605392306697552 0.07815019078480277 0.15421050380027174
0 0.6132062603321741 0.11304148389496485 0.09847964979161518 0.1483918299739703
0 0.6597694801441623 0.20240156104943346 0.08934459589759096 0.16362301908983
0 0.7178126812803375 0.19743575754742543 0.09146399858845249 0.12447320095740633
0 0.8102622804195347 0.3163202449454743 0.0923963895485817 0.1814476606823572
0 0.8600393462089764 0.29362458283609594 0.08135257796841051 0.14750577115727687
0 0.8348066298342541 0.5147347740667977 0.06740331491712707 0.068762278978389
0 0.9689992281586963 0.41558086704440483 0.059940134468851894 0.1208793594941496
0 0.988950276243094 0.39783889980353637 0.022099447513812154 0.09430255402750491
0 0.7259599096544984 0.32362603748611646 0.07569911044028463 0.1393613995635783
0 0.6656767380308933 0.29680940988909954 0.06461723527096028 0.13682511217185891
0 0.6970478829415071 0.30254759200148135 0.05662521734178007 0.12070786423930556
0 0.6283437310858125 0.30119452718389306 0.07473881942047625 0.14814509891870886
0 0.5966430341979116 0.31559386962946817 0.08749422885954553 0.1517494522089701
0 0.7352967402881347 0.3771247653619392 0.08691550343601695 0.11638599444865554
0 0.7279354614014759 0.42216323720757976 0.08386370978502622 0.09856135285612855
0 0.4827577084118399 0.27535578845018727 0.06649975372142398 0.15066331559495863
0 0.5221399030462107 0.2806795236966962 0.07569911044028463 0.13936139956357818
0 0.43989097132320343 0.22997137315631958 0.06096472831349688 0.11602493322349818
0 0.4085862549137955 0.18644252014829799 0.06327112730213286 0.12203317302011327
0 0.3905830571021939 0.2408649247410229 0.0777702860125188 0.09726462661779486
0 0.3792934930165223 0.1717634346971787 0.04236885504852704 0.059118150410499705
0 0.35911602209944754 0.2863457760314342 0.03867403314917127 0.1031434184675835
0 0.40539144073091876 0.31420106047882557 0.05500582236739747 0.08921651447852258
0 0.5243756221809017 0.38018475041804245 0.06460707174148626 0.1024725552251382
0 0.577375767772524 0.48098965631626134 0.06558343846750378 0.09467117414112747
0 0.4477445856328612 0.44156617759748906 0.04392394719807309 0.0866802270868032
0 0.4796601788782158 0.44776693630295666 0.03882296585779238 0.07856443803557862
0 0.4867403314917127 0.49361493123772104 0.07292817679558011 0.11100196463654224
0 0.40689358955672505 0.49226316634728506 0.05692049223027936 0.10501935444386208
0 0.3834254143646409 0.5299607072691552 0.04088397790055249 0.03831041257367387
0 0.44337016574585636 0.5304518664047151 0.0569060773480663 0.03732809430255403
0 0.7671270718232044 0.5137524557956779 0.05359116022099448 0.07072691552062868
0 0.6806629834254143 0.5289783889980354 0.04751381215469613 0.04027504911591356
0 0.6488950276243094 0.5093320235756386 0.058011049723756904 0.07956777996070727
0 0.3803624281866803 0.426894651034835 0.054501563298179546 0.0921348867494081
0 0.3560773480662983 0.41011787819253437 0.03259668508287293 0.05992141453831041
0 0.3494475138121547 0.50049115913556 0.019337016574585635 0.08153241650294696
0 0.9487924626248219 0.3685334083735439 0.0739934247581213 0.13632869712279652
0 0.9420192422791677 0.2933093483631888 0.057016946467534 0.11091326407058114
0 0.9779005524861878 0.2691552062868369 0.04419889502762431 0.1237721021611002
0 0.5348066298342542 0.5270137524557956 0.049723756906077346 0.04420432220039293
0 0.2950276243093923 0.9803536345776032 0.04088397790055249 0.03929273084479371
0 0.1074585635359116 0.9744597249508841 0.04806629834254143 0.05108055009823183
0 0.1591160220994475 0.9685658153241651 0.056353591160221 0.06286836935166994
0 0.17581439788661835 0.9135127652435081 0.06267632617239527 0.08568739698867908
0 0.12916359210247788 0.8801019557291595 0.05063415998326242 0.09193480895209027
0 0.15994335682409513 0.8039166011016934 0.04965779325724479 0.09973619003610101
0 0.09949942813839878 0.7869231562158748 0.06374914713566761 0.0837799255313873
0 0.07509949381268571 0.8274449363870499 0.05238807278405303 0.09791446620623136
0 0.03038674033149171 0.7981335952848723 0.06077348066298342 0.08349705304518663
0 0.07960909496396977 0.7374056105959774 0.05963469605087853 0.10221531234287248
0 0.125665564470746 0.6722077640326777 0.049458972606000254 0.12131860945826355
0 0.05323869065601635 0.6622139125723289 0.06371108354651432 0.11518552766474825
0 0.07541436464088398 0.5987229862475442 0.052486187845303865 0.09921414538310412
0 0.11878453038674033 0.6016699410609038 0.05966850828729282 0.10510805500982318
0 0.011325966850828728 0.6041257367387033 0.022651933701657457 0.09037328094302555
0 0.04961870067059572 0.8665504042364932 0.05107411622764382 0.08508716359672538
0 0.07743462327299891 0.9377413728194773 0.05787061972061379 0.06188309814201102
0 0.0850831391950525 0.9088825699048402 0.055564220731977816 0.05587485834539594
0 0.07320441988950276 0.9764243614931237 0.04364640883977901 0.047151277013752456
0 0.016298342541436465 0.8570726915520629 0.03259668508287293 0.07760314341846758
0 0.9781767955801105 0.6105108055009824 0.04364640883977901 0.12278978388998035
0 0.9933701657458563 0.8452848722986247 0.013259668508287293 0.07367387033398821
0 0.9756906077348066 0.8113948919449901 0.04861878453038674 0.09233791748526522
0 0.9776243093922652 0.8777013752455796 0.044751381215469614 0.06974459724950884
0 0.9397927569692037 0.9040517671425021 0.05661505381230606 0.08635530729258507
0 0.35773480662983426 0.6075638506876228 0.03591160220994475 0.0756385068762279
0 0.47149733965021917 0.6622958807555182 0.06616807606776742 0.09666439322584117
0 0.5176388046004046 0.7099645964723414 0.06992294943922064 0.08998824312532021
0 0.4787748190650914 0.7404383130367589 0.04551710293677257 0.08283670162974585
0 0.560372684686629 0.830930353557489 0.07744285971160123 0.11098849987099865
0 0.6807592390771714 0.8786839903960408 0.04637502754259124 0.10152933132349688
0 0.7638039182575304 0.8807673865159853 0.06730519985587624 0.09868619485302886
0 0.7848407083375442 0.8433640564130136 0.06595909188704882 0.08389425570128321
0 0.8128398407373563 0.8021653305801978 0.052420224196471306 0.09987910274847105
0 0.8728598888848804 0.8113288118395315 0.052918571088954314 0.13033096915318618
0 0.8885152031779519 0.8497783576813427 0.057553356949170166 0.1099595283419353
0 0.880124248681911 0.9071386817296924 0.06087418625297712 0.07676078492117848
0 0.7972375690607735 0.9769155206286837 0.057458563535911604 0.04616895874263261
0 0.6096685082872928 0.9828094302554028 0.05580110497237569 0.0343811394891945
0 0.3834254143646409 0.9754420432220039 0.057458563535911604 0.04911591355599214
0 0.425414364640884 0.9724950884086444 0.04640883977900553 0.0550098231827112
0 0.488121546961326 0.9754420432220039 0.04696132596685083 0.04911591355599214
0 0.5301104972375691 0.9906679764243614 0.042541436464088395 0.018664047151277015
0 0.569060773480663 0.9891944990176817 0.051933701657458566 0.021611001964636542
0 0.5072713686526394 0.9386965850173927 0.0459249077687357 0.07402441973214127
0 0.4867575038767956 0.809220139199887 0.049255900602016664 0.07517823325810494
0 0.5054383725851745 0.8651799186670114 0.05076276563293539 0.09979335512104902
0 0.4207831666955357 0.9446432303212511 0.0369404474073288 0.06472623461247881
0 0.3748646359559085 0.9170834566199105 0.045989210593572194 0.07795369281662065
0 0.36187845303867405 0.8015717092337917 0.04419889502762431 0.08055009823182711
0 0.38133759894107533 0.6733399039410566 0.04406862855395526 0.09552109152688179
0 0.41476892548245126 0.7049808987969811 0.04095253207812803 0.07376717684987544
0 0.3569060773480663 0.6615913555992141 0.03425414364640884 0.06777996070726916
0 0.3580110497237569 0.7136542239685658 0.036464088397790057 0.07760314341846758
0 0.34668508287292815 0.9661100196463654 0.013812154696132596 0.06777996070726916