0 0.30091012866312555 0.3529997451713633 0.06531214241041348 0.15646416439074723
0 0.21979284080120293 0.3195000400219866 0.07545102299874253 0.11778702853583405
0 0.16973612427977924 0.31099057503158267 0.06144984877149633 0.15256055608976418
0 0.21813802222693737 0.2364980075609928 0.09019860238305316 0.11505679642932805
0 0.09458986370534818 0.12063513689307329 0.05043760139993296 0.12038161110912536
0 0.7512707827988638 0.3184584018803757 0.07560038961776566 0.1634491289924553
0 0.7726741808973837 0.15495682812257222 0.07627211146531869 0.17266137421156869
0 0.7029626669266468 0.16798529947431773 0.08779177740350963 0.16382425390903807
0 0.6977552764789116 0.09139354387897548 0.06331938186060782 0.13567674380189942
0 0.7930038510911425 0.04223744292237443 0.06482670089858793 0.08447488584474885
0 0.9672657252888318 0.16210045662100456 0.06546854942233633 0.12557077625570776
0 0.9823491655969191 0.06107305936073059 0.03530166880616174 0.10388127853881278
0 0.37098844672657255 0.1889269406392694 0.023106546854942234 0.1906392694063927
0 0.38382541720154045 0.3236301369863014 0.04878048780487805 0.09474885844748858
0 0.05228509879574822 0.7793617852243645 0.06463668639738478 0.14611036666021804
0 0.08300068776780753 0.7135187755980139 0.06463668639738478 0.14611036666021804
0 0.028883183568677792 0.6621004566210046 0.057766367137355584 0.1415525114155251
0 0.18408809609270413 0.7272327857362592 0.06133035547627783 0.1160308757244674
0 0.22022536208929297 0.8687691193901177 0.06841309423036343 0.123758267198644
0 0.25025429255189696 0.8165449147729638 0.047821663153756605 0.105222127949566
0 0.2705469903904572 0.894441784615649 0.06263272335115262 0.12189828853712392
0 0.3106811939521098 0.8937230925454087 0.053064742142535946 0.13896575180293133
0 0.22717783298978494 0.7063253615355917 0.06394629372245375 0.13119035888402703
0 0.011553273427471117 0.5513698630136986 0.023106546854942234 0.1232876712328767
0 0.21897404735541598 0.5642659871506174 0.05165034930339373 0.09885176364780916
0 0.3433889602053915 0.571917808219178 0.03209242618741977 0.10273972602739725
0 0.35494223363286265 0.4954337899543379 0.008985879332477536 0.0730593607305936
0 0.35333761232349165 0.6815068493150684 0.012195121951219513 0.07990867579908675
0 0.19801501494849025 0.5919228120499734 0.04457507888025892 0.09340747719646374
0 0.1609446355210577 0.5393477491587364 0.045843839265853545 0.08900091740638041
0 0.1113607188703466 0.4948630136986301 0.044287548138639284 0.07191780821917808
0 0.623084266126514 0.8633459858613309 0.07042079144207156 0.14911189783315365
0 0.5757499115673205 0.8077813921583402 0.08323909108966161 0.14500063783186376
0 0.384788189987163 0.7157534246575342 0.050706033376123234 0.1506849315068493
0 0.38125802310654683 0.4897260273972603 0.043645699614890884 0.06164383561643835
0 0.6039057887443631 0.6411225484523712 0.07032370313970644 0.11943153253635
0 0.6604573269264944 0.7252418667822805 0.06536442072707165 0.17244589955056458
0 0.727601232833212 0.8101075234650073 0.0761675548320025 0.14069790389193398
0 0.755073971697249 0.7541393608024493 0.06455826892239752 0.12213776392049201
0 0.8173629378556222 0.8509634066523263 0.07419346510957482 0.12561824586016407
0 0.9075738125802311 0.9840182648401826 0.0693196405648267 0.0319634703196347
0 0.881627860819161 0.9326159689814618 0.05491933856974496 0.11751572946940445
0 0.8536585365853658 0.9509132420091324 0.059050064184852376 0.09817351598173515
0 0.8416973832449532 0.7729066206339263 0.05809497369920677 0.10764088250561171
0 0.618588234201877 0.5692884768413311 0.07801468292826043 0.1169647765355762
0 0.7611588910317457 0.5624662762151431 0.04461242053501492 0.10482300231061899
0 0.9768934531450578 0.9571917808219178 0.044929396662387676 0.08561643835616438
0 0.9371203937894076 0.6534422007339714 0.06911095523624583 0.1409613799976662
0 0.9259909481434149 0.5224391383881002 0.04968372791191729 0.08605521063887016
0 0.8429441665757459 0.5880549389124006 0.05869574640272391 0.09516363000783039
0 0.9518613607188704 0.4691780821917808 0.05391527599486521 0.02054794520547945
0 0.4678656421162457 0.6144964250139873 0.06790567566373615 0.16477433248181345
0 0.5322726773368823 0.5545565633637031 0.056266516430326693 0.13708177241904726