0 0.4004914004914005 0.19486899563318777 0.05896805896805897 0.14956331877729256
0 0.3925061425061425 0.09497816593886463 0.07493857493857493 0.16812227074235808
0 0.33875921375921375 0.07532751091703056 0.08783783783783784 0.15065502183406113
0 0.27364864864864863 0.07532751091703056 0.10872235872235872 0.15065502183406113
0 0.1845823095823096 0.019650655021834062 0.08292383292383293 0.039301310043668124
0 0.06884328862637415 0.1259788915678491 0.09510919379163242 0.16013982532635967
0 0.0931345719646699 0.21036950008626754 0.05256151555373071 0.10860663812106836
0 0.14395855227004745 0.1634917240419685 0.06796781138748585 0.12436687460928376
0 0.17147475371760063 0.2008438223806478 0.07233546419240484 0.14524262292205398
0 0.15835035366963365 0.2700212856595698 0.061718097078930174 0.09142522542884468
0 0.11587057393689669 0.30081211478625863 0.053100720451746665 0.08569992967666669
0 0.21600792325077015 0.19946228066962618 0.06746076893928478 0.15709891056460235
0 0.2516022964274909 0.20818237481172588 0.05504710685501306 0.1174164855661696
0 0.28893757368921646 0.24795883882851502 0.07157826935675488 0.10155544490357331
0 0.3448647552330697 0.2369452898018033 0.07468168487782283 0.11147605115318168
0 0.29352321643176954 0.16048920405286257 0.07965644108592247 0.13018744910015298
0 0.35885514031662025 0.1846606402811867 0.08579894722842868 0.13037800657753518
0 0.09960344870697699 0.39191891793924305 0.04947954166587269 0.10523625021207159
0 0.14496314496314497 0.4044759825327511 0.03931203931203931 0.0906113537117904
0 0.03163390663390663 0.4115720524017467 0.03624078624078624 0.07641921397379912
0 0.32668519285246594 0.3493974698049893 0.06313242579525062 0.14823189587628638
0 0.363022113022113 0.39465065502183405 0.051597051597051594 0.11026200873362445
0 0.14066339066339067 0.4328602620087336 0.052825552825552825 0.03384279475982533
0 0.11947174447174447 0.43995633187772926 0.04238329238329238 0.019650655021834062
0 0.16861179361179363 0.4339519650655022 0.0472972972972973 0.03165938864628821
0 0.6953396055011158 0.07018274230488392 0.06913198771635733 0.10475433108292621
0 0.7516880629603305 0.11810210259593629 0.08265622204647582 0.1084486667034729
0 0.9617043905765974 0.22292922078598595 0.059925375713668155 0.1066519009803898
0 0.9785012285012284 0.15010917030567686 0.042997542997543 0.1299126637554585
0 0.9365806619175336 0.2990284894864148 0.04332274110122655 0.10067888050761466
0 0.7764127764127764 0.43722707423580787 0.04054054054054054 0.025109170305676855
0 0.8155659389302092 0.39884281291261 0.0660357194063595 0.09701713094685496
0 0.7416204167925934 0.28542803437146824 0.05622915121155948 0.10326245732365472
0 0.7181164991681116 0.24194770686026348 0.04811166982150705 0.06262171950262115
0 0.7153114797092148 0.160711107869697 0.042651312798416226 0.08319257585157977
0 0.6395623106208486 0.12922169795554295 0.04137992830349521 0.07005402767488056
0 0.6618550368550369 0.42139737991266374 0.060810810810810814 0.056768558951965066
0 0.6108722358722358 0.42194323144104806 0.06326781326781326 0.055676855895196505
0 0.4941646191646192 0.425764192139738 0.04606879606879607 0.048034934497816595
0 0.4391891891891892 0.40611353711790393 0.018427518427518427 0.05895196506550218
0 0.4441031941031941 0.31277292576419213 0.028255528255528257 0.0906113537117904
0 0.5301556064385402 0.3416557006763885 0.04694749349263558 0.08223426302897857
0 0.5505310933032092 0.4026985558345813 0.03397318487713798 0.05890832813433639
0 0.6885322039602192 0.367307003349445 0.03706945318713593 0.06664552827040715
0 0.7231551707380741 0.39133952390791193 0.04262272395413637 0.07445895139743118
0 0.8621007371007371 0.42194323144104806 0.05466830466830467 0.055676855895196505
0 0.934425424359354 0.3007327391886514 0.04513333049416359 0.09091072023991259
0 0.5676822763652709 0.2291491161478326 0.04941521676624301 0.08558559519023727
0 0.5109641555020686 0.20034408722409916 0.05187221922324543 0.0856618181811903
0 0.5526190466628743 0.14010585918626647 0.0481759947211368 0.08227237452445521
0 0.5957648942901191 0.09346627998869529 0.03897652992951752 0.08635335053545604
0 0.562039312039312 0.03275109170305677 0.06756756756756757 0.06550218340611354
0 0.5463856183481094 0.07425790960302012 0.05120793813150504 0.07035891963869215
0 0.49373496742488737 0.11628018913507529 0.047540302473676264 0.07570310043610554
0 0.6077832634250083 0.3621709127796423 0.040144279863924014 0.06783251006586705
0 0.4628397732923057 0.36066370243363716 0.03523742216098907 0.06986347019749813
0 0.7612619372575897 0.3830619976791462 0.038326543259917016 0.07541726422003225
0 0.21991499047944296 0.6130418451282768 0.07233903779793993 0.14633432597882254
0 0.05079773645333231 0.6788716954069447 0.06300020239045617 0.10783888277584958
0 0.1741975802491927 0.7885690801416217 0.07588874447311394 0.10496394430804672
0 0.0780155418387143 0.8073809989857986 0.05316504535137645 0.10535058469850074
0 0.12356458307105339 0.8709176776570298 0.0506723068390241 0.09435733113986212
0 0.04022662144292907 0.8123738881703896 0.04882598139073717 0.09320846083987887
0 0.03992628992628992 0.9754366812227074 0.05405405405405406 0.04912663755458515
0 0.40878378378378377 0.7319868995633187 0.04238329238329238 0.0906113537117904
0 0.33347074322238596 0.727956785582224 0.06110742007021451 0.09249787273787492
0 0.37274505490742454 0.832077034831274 0.04882598139073745 0.09320846083987887
0 0.32457462536347365 0.8188349197623496 0.057393327540430965 0.08364991379729729
0 0.9465601965601965 0.4808951965065502 0.09336609336609336 0.06222707423580786
0 0.8366093366093366 0.4787117903930131 0.07125307125307126 0.05786026200873363
0 0.788083538083538 0.5027292576419214 0.07002457002457002 0.10589519650655022
0 0.7018337022510511 0.5725118292443024 0.053179339773516306 0.10971739692557497
0 0.7409777821029462 0.6226023050571782 0.07464952242800801 0.10165072364226466
0 0.8510429974309257 0.5842568283954412 0.07171049276154925 0.14194845800401013
0 0.90014373691009 0.5947411022008371 0.06803928349818564 0.14620093574465481
0 0.9855651105651105 0.8951965065502183 0.02886977886977887 0.08733624454148471
0 0.8572134781110615 0.8569634514885914 0.05552556045893421 0.07595082515670268
0 0.9041143099628589 0.8827982632058308 0.05676120889850533 0.07817234276571618
0 0.9250614250614251 0.9912663755458515 0.052825552825552825 0.017467248908296942
0 0.8904167557642937 0.9394401970796527 0.043269137018201786 0.08430333465608628
0 0.7125307125307125 0.47762008733624456 0.060196560196560195 0.055676855895196505
0 0.6472815397626336 0.5387274414480266 0.06235021572085574 0.0969027964604258
0 0.5514548703340028 0.5427918411519589 0.05327582712296093 0.13919337945832608
0 0.5535221450188085 0.7555881863570059 0.0395300292496734 0.06781345431812873
0 0.6794859946688374 0.9263351914059001 0.040205031158018746 0.08639146203093255
0 0.4474815724815725 0.8700873362445415 0.03501228501228501 0.06768558951965066
0 0.5134634269188407 0.8910967580686544 0.046276065189825175 0.06474795837294356
0 0.5459438685267719 0.8191356326224412 0.05797541570486674 0.07384364203411833
0 0.49963048524771286 0.8014695380832275 0.037083747609275894 0.07101234049748138
0 0.8116517244904665 0.891124668524277 0.05983960918082858 0.08045102761794438
0 0.7726450236827851 0.8928805600340389 0.040180015919273976 0.07874954063355263
0 0.7153809602482637 0.6555983587629871 0.058600387135722264 0.07713780695216232
0 0.6045964824805183 0.5384142613306807 0.06052175830024375 0.10121244144428533
0 0.5916132398511833 0.5644694538672447 0.048768803702177455 0.07574121193158218
0 0.739736978023956 0.5325844422431175 0.07828499563602175 0.08648121533393412
0 0.7466216216216216 0.4945414847161572 0.05221130221130221 0.08951965065502183
0 0.5355323932693257 0.6224262343350043 0.04081928177226936 0.08641051777867062
0 0.574335398561513 0.6828974170610503 0.056757635292970454 0.07708063970894762
0 0.5841828584510819 0.7704650932932385 0.0469296254649607 0.07677574774513603
0 0.503816088939231 0.7423937106574269 0.04998658411407377 0.07250421425675288
0 0.6133774258867776 0.8579783650000568 0.05552913406446923 0.07704252821347124
0 0.9406947934983522 0.6840852486880352 0.05312573569049147 0.09334185107404659
0 0.6983590412921116 0.5082156833813869 0.053154324534771466 0.10207547552819507
0 0.9910933660933661 0.7330786026200873 0.017813267813267815 0.08842794759825327
0 0.7437609503908663 0.8981429924048099 0.035819510325424735 0.060057198434319406
0 0.7419630733861851 0.7906769364301905 0.04937590710535818 0.07357686156578337
0 0.7973973021350937 0.8364414742293131 0.0506115555449293 0.07579837917479663
0 0.5795168095839917 0.8824980468461835 0.03338394950163224 0.06653119378397798
0 0.5169422757899654 0.6726703958501206 0.04629035961196511 0.06911477060001779