0 0.16726835138387486 0.3688436830835118 0.06257521058965103 0.061027837259100645
0 0.057160048134777375 0.38329764453961457 0.07581227436823104 0.032119914346895075
0 0.013838748495788207 0.33940042826552463 0.027677496991576414 0.09207708779443255
0 0.042418772563176894 0.3217344753747323 0.08483754512635379 0.10599571734475374
0 0.02897545550394926 0.24592403188410256 0.04898287189827351 0.07486000880520095
0 0.14380746560206156 0.30502383285375667 0.05101905027637777 0.08667468563647218
0 0.2014039709652091 0.2671530589635011 0.0676847635073254 0.10842433600442201
0 0.0840362913806734 0.2320809022472244 0.060827464602590184 0.06547320052830768
0 0.02075812274368231 0.19967880085653106 0.04151624548736462 0.09528907922912205
0 0.017749699157641397 0.12205567451820129 0.035499398315282794 0.09850107066381156
0 0.07396045595673395 0.1783608371486845 0.04670220078933878 0.0812341584691449
0 0.23883257411843423 0.18230974362676713 0.07498138249812344 0.08181969863300684
0 0.21639736930392794 0.1117452234218229 0.04386186754982861 0.08973717745485647
0 0.17418966821070447 0.1675934077368399 0.06782419977157422 0.08488219045139113
0 0.6633574007220217 0.019271948608137045 0.01263537906137184 0.03854389721627409
0 0.6525270758122743 0.046038543897216275 0.03429602888086643 0.06638115631691649
0 0.5531689119521747 0.2631991952369642 0.05667297974669662 0.12960090450986886
0 0.5875451263537906 0.360813704496788 0.04271961492178099 0.07708779443254818
0 0.5051143200962696 0.3538543897216274 0.0631768953068592 0.09100642398286937
0 0.4704401261937421 0.23098471847194268 0.06694364252586833 0.13195402325609432
0 0.40474951847788826 0.13223373167566543 0.07336542998634574 0.091418298032999
0 0.4772066829203589 0.11607523324928348 0.06455027216138655 0.10193806162824921
0 0.26291141423753217 0.060802234368351415 0.06352836157785154 0.08051232709562713
0 0.6316161865580254 0.30709753666898987 0.05255860040385549 0.10383022322420031
0 0.6171910261702823 0.20031109224059987 0.04753500973302675 0.09302391869769847
0 0.619188990603559 0.05694180790200524 0.044337484507138855 0.08332565288683629
0 0.7978339350180506 0.03372591006423983 0.04693140794223827 0.06745182012847965
0 0.6964500601684718 0.15792291220556745 0.05354993983152828 0.07387580299785867
0 0.8543292773083483 0.158280974215454 0.03925085995636094 0.06930735692564488
0 0.7214199759326113 0.35974304068522484 0.04091456077015644 0.07922912205567452
0 0.6928399518652226 0.3613490364025696 0.03429602888086643 0.07601713062098502
0 0.6853188929001204 0.2987152034261242 0.031287605294825514 0.08137044967880086
0 0.9208784596871239 0.389186295503212 0.06678700361010831 0.020342612419700215
0 0.9590472507903712 0.1770377785804285 0.055811516720726935 0.08570368823577905
0 0.7954271961492179 0.37901498929336186 0.05896510228640193 0.04068522483940043
0 0.8989169675090253 0.3683083511777302 0.039711191335740074 0.06209850107066381
0 0.9573673186145323 0.305965559764279 0.05815522170961063 0.08254153000652449
0 0.7719614921780987 0.028372591006423982 0.03850782190132371 0.056745182012847964
0 0.6787003610108303 0.1006423982869379 0.018050541516245487 0.06423982869379015
0 0.04288679774223219 0.9131220027069796 0.05573511433642705 0.11245782522349956
0 0.014139590854392299 0.8918629550321199 0.028279181708784597 0.11134903640256959
0 0.11381395916709315 0.834323442153473 0.05367792466500652 0.09957248458066505
0 0.18581269655108715 0.8101287359896877 0.04926366150035138 0.11981543058949523
0 0.22659068391468745 0.8040165857069231 0.046814900044885976 0.11762426976093382
0 0.0905984736421898 0.7546458212488829 0.05892499677334949 0.09111929880038867
0 0.14916722421327408 0.70502266203415 0.05222241971079414 0.0866996022391896
0 0.00421179302045728 0.667558886509636 0.00842358604091456 0.09314775160599571
0 0.0459219455842971 0.6846910077052275 0.045296361210724626 0.10153939598476874
0 0.015042117930204572 0.7746252676659529 0.030084235860409144 0.07387580299785867
0 0.021966297614726862 0.674562930497488 0.03732738083380387 0.09388279138616276
0 0.0329236360684846 0.5586699895727769 0.03985254467356912 0.06931981522700364
0 0.01233453670276775 0.43950749464668093 0.0246690734055355 0.058886509635974305
0 0.11812600321750395 0.4411036574311835 0.03224075628302602 0.07986449542497141
0 0.17929537422854075 0.4627045582881188 0.05364927058272466 0.06746502853512892
0 0.03098676293622142 0.408458244111349 0.04993983152827918 0.018201284796573874
0 0.0105294825511432 0.5497858672376874 0.0210589651022864 0.069593147751606
0 0.4252459713445842 0.8744840648695139 0.05334938676091065 0.11347865582962766
0 0.5097100931225168 0.9185069893151271 0.06592937473129894 0.1415650809574452
0 0.4724791674295389 0.7529208683076289 0.06259813895654762 0.09440604004323067
0 0.6127185090569511 0.8195032327095118 0.07193093632544979 0.07961607950308659
0 0.45669972440700485 0.45453543481486675 0.05199129548431442 0.07492230031199475
0 0.49783108236249995 0.45110617321168933 0.048002983901371234 0.055575601895705144
0 0.3663457817536785 0.462831766670223 0.03580884199964252 0.07779791760999769
0 0.23345367027677497 0.43094218415417557 0.044524669073405534 0.06316916488222699
0 0.1611884830845217 0.4441357536014614 0.035354236335648714 0.08528010598958109
0 0.26709549895982004 0.4468637465463853 0.04823410812785094 0.0673529038229
0 0.2811596459667026 0.5199305100612148 0.07105610479512929 0.06568499165140669
0 0.3931646913296555 0.5575672015941705 0.03834164862837319 0.08427173368481176
0 0.42786471471480514 0.6401581897534849 0.04440051838708776 0.08653764432152579
0 0.39199571444558395 0.6972078500443322 0.04753500973302675 0.09302391869769847
0 0.3601790054233673 0.6542750269676108 0.042035802104887623 0.08862913873921706
0 0.259496146042193 0.7185445012042169 0.056720728048714544 0.07073931147661221
0 0.6615523465703971 0.44379014989293364 0.016245487364620937 0.07173447537473233
0 0.5780184856718015 0.7369122445501973 0.03838367121500593 0.086413061307938
0 0.15197126058153693 0.6333753947689289 0.03265333936038723 0.07024097942226172
0 0.11029170467891448 0.6854887140448337 0.045750966874718434 0.09405720760518539
0 0.95367027677497 0.9796573875802997 0.06257521058965103 0.04068522483940043
0 0.9750300842358605 0.9630620985010707 0.04993983152827918 0.07387580299785867
0 0.9455685826440088 0.9166361405397307 0.07616374063922365 0.08077395142416109
0 0.9366856110078275 0.8624056601381267 0.06731992873198225 0.05918625897387506
0 0.9486123190591516 0.5967007645534039 0.03975513099595297 0.095003288403161
0 0.9125580257918885 0.49107181699344327 0.03017592382263997 0.035942362548163964
0 0.967742066570818 0.5141541305541357 0.03253491438945478 0.0948537887868558
0 0.9936823104693141 0.5214132762312634 0.01263537906137184 0.0728051391862955
0 0.8336771568153601 0.4557263277525643 0.03147098121928716 0.07128672663110731
0 0.7746623891533602 0.421327294362306 0.03824231787717688 0.017915493970612775
0 0.6859205776173285 0.4132762312633833 0.032490974729241874 0.019271948608137045
0 0.9164040510055678 0.7330231509546813 0.0585678047869717 0.0729180140038148
0 0.9060779971354125 0.7584948330077397 0.045015571608646616 0.05658397420047447
0 0.8003954084817407 0.6139661765374896 0.07464520180506196 0.06468907764799607
0 0.7836294187154843 0.6484014596738886 0.04381220217423053 0.05655905759775703
0 0.8568955179506339 0.6734635179926887 0.04321051745702207 0.05654659929639823
0 0.8098390007852877 0.7120876440625044 0.041965125435973104 0.05438035507055435
0 0.8692033176447 0.7336511700153632 0.034353337045430275 0.06492503526852211
0 0.8420291331559253 0.712754163185198 0.03373064103490579 0.06384191315560012
0 0.810473173731938 0.9282869841901119 0.05268466816375329 0.11025420609357932
0 0.8384438702931531 0.8978295029693212 0.06116364529565168 0.0826038215133184
0 0.7116029985386761 0.8550695959010415 0.0770595834628603 0.09577570308740428
0 0.7197524792296883 0.7953055261245648 0.059211512090812615 0.07507179992829996
0 0.7042719869975334 0.7420086682195777 0.06283498889841252 0.04518042131404255
0 0.7478349165096604 0.7552182997503851 0.041818046382758864 0.04688570838961217