0 0.05040053404539386 0.3194774346793349 0.10080106809078772 0.12589073634204276
0 0.344070238269478 0.17271563016569602 0.1059594317265484 0.15938533498842924
0 0.23907136247549632 0.3228164769482942 0.1146182507191686 0.15434633709901066
0 0.036048064085447265 0.4418052256532066 0.07209612817089453 0.13539192399049882
0 0.15827025561221714 0.11841541895383095 0.0785896052913014 0.1565492565249264
0 0.017022696929238985 0.2583135391923991 0.03404539385847797 0.14133016627078385
0 0.058239663148926264 0.07656683805062728 0.1064599880136838 0.10838562402342915
0 0.06632002868487752 0.15819159113064482 0.11325983484542657 0.14708210107176622
0 0.4506008010680908 0.07244655581947744 0.03871829105473965 0.10926365795724466
0 0.4582777036048064 0.1377672209026128 0.02336448598130841 0.10688836104513064
0 0.041054739652870494 0.13123515439429928 0.08210947930574099 0.08669833729216152
0 0.843561469440883 0.21841247439771724 0.10802035792625755 0.17740757976563823
0 0.7655969223844427 0.2697362840054927 0.12547392651455777 0.20889727994879687
0 0.6520520783510182 0.27638548534765756 0.08822279581600816 0.24540365930946312
0 0.6019175799144698 0.18980903137618038 0.10197350993018972 0.16490854139600652
0 0.7031359266040128 0.1747542453568247 0.10133702303999453 0.1743405563990114
0 0.6558744993324432 0.07422802850356294 0.12216288384512683 0.14845605700712589
0 0.5634178905206942 0.07125890736342043 0.07076101468624833 0.14251781472684086
0 0.5100133511348465 0.09501187648456057 0.0801068090787717 0.19002375296912113
0 0.8731642189586115 0.040380047505938245 0.07476635514018691 0.08076009501187649
0 0.9158878504672897 0.029691211401425176 0.08811748998664887 0.05938242280285035
0 0.07179424882155026 0.8321134714249749 0.09992811865654451 0.15163689044302556
0 0.027691063455005722 0.7390336805262173 0.050466780020379486 0.1275157393827182
0 0.1281527501165715 0.6490532828070931 0.06863062639767886 0.17213874522795525
0 0.3469888015165801 0.8113251904245392 0.0839611290820141 0.1666038253369929
0 0.20260347129506007 0.5605700712589073 0.04606141522029372 0.1021377672209026
0 0.012683578104138851 0.6716152019002375 0.025367156208277702 0.08669833729216152
0 0.2916771884043323 0.5721417665914292 0.08910739644479922 0.1077747836977527
0 0.2530040053404539 0.5350356294536817 0.0534045393858478 0.0510688836104513
0 0.45660881174899864 0.7001187648456056 0.0267022696929239 0.11757719714964371
0 0.44759679572763683 0.577790973871734 0.04472630173564753 0.11520190023752969
0 0.7062750333778371 0.9726840855106889 0.11882510013351134 0.05463182897862233
0 0.6572096128170895 0.9257719714964371 0.11682242990654206 0.14845605700712589
0 0.5914552736982643 0.9637767220902613 0.08945260347129506 0.07244655581947744
0 0.6325100133511349 0.5706650831353919 0.08744993324432576 0.12232779097387174