0 0.3963483146067416 0.049 0.08258426966292134 0.098
0 0.4764044943820225 0.0725 0.04719101123595506 0.097
0 0.4910112359550562 0.1515 0.017977528089887642 0.113
0 0.475139071226366 0.16264680850613938 0.04772249828795926 0.11724503012192633
0 0.44364272831549345 0.15310784803563127 0.04245051600458338 0.10577336010837894
0 0.4105555161292436 0.1531999070133307 0.04891743130071564 0.09240225345977547
0 0.3460593488830019 0.18217439385159737 0.05079900865741079 0.1025594767976246
0 0.3454966561368529 0.22514818996195585 0.07648475800800968 0.0969702346446445
0 0.40313264489708583 0.24572398480616106 0.06174068756618816 0.08860763238328537
0 0.460908635598851 0.28774737187108324 0.06224363008951677 0.0856600401625683
0 0.35151145301362824 0.3044406849416348 0.05573747797373093 0.09703114681117199
0 0.4941011235955056 0.299 0.011797752808988765 0.072
0 0.32742459215664027 0.374563200002598 0.05656679733194651 0.08213596236973808
0 0.11312106475713317 0.10758084559190854 0.06424291790517293 0.10181726350041755
0 0.03686815960096088 0.20702487634691158 0.05271982283375965 0.11471670013547373
0 0.09364450639489794 0.25712687508075827 0.06313894080938175 0.10271244794185146
0 0.1003816163691814 0.31389316617079566 0.07560906569797149 0.08091782686536135
0 0.02247191011235955 0.4265 0.0449438202247191 0.047
0 0.03904494382022472 0.4405 0.044382022471910115 0.019
0 0.15744599817169183 0.33502136879428396 0.0457035920624763 0.10008780678407721
0 0.5185393258426966 0.048 0.03707865168539326 0.096
0 0.5615168539325842 0.0555 0.04550561797752809 0.111
0 0.5949098938287282 0.12207016119476657 0.06511147408304216 0.08892207905898362
0 0.9882022471910112 0.0535 0.02359550561797753 0.107
0 0.9362198570833357 0.1750752119424699 0.06334226103981896 0.1416600401625683
0 0.8836222077679614 0.2263967276365097 0.05656145118645738 0.13903114681117199
0 0.8312153964053663 0.2108230588891156 0.061100416174072 0.08455522460400243
0 0.812347020655038 0.17215733116402201 0.07266988419730777 0.1026033801896633
0 0.9227286798904111 0.2482019791970554 0.052190125768435354 0.08771670013547372
0 0.7767977099427972 0.14053763292777818 0.052798296473066955 0.11871670013547372
0 0.8290297456036307 0.07926852501302142 0.06820225671683168 0.1321317101761158
0 0.7007855837573111 0.12766509091027184 0.04897628653019608 0.09540225345977546
0 0.6529150643095862 0.13811975214933034 0.053320857406222354 0.11676910791475666
0 0.7564606146209262 0.36253125463734487 0.06218477486003626 0.08266004016256852
0 0.9081388717471842 0.37732874645164066 0.04449438678538213 0.06703539900479427
0 0.9146067415730337 0.434 0.033707865168539325 0.032
0 0.5075842696629214 0.2855 0.015168539325842697 0.053
0 0.9941011235955056 0.402 0.011797752808988765 0.092
0 0.2959273780669785 0.6076070494815501 0.06544498705009821 0.10592207905898363
0 0.024719101123595506 0.643 0.04943820224719101 0.116
0 0.22389866025512706 0.6632366335608549 0.04591225843840238 0.08214021456336025
0 0.05317813476284387 0.6472210062421824 0.04347601946106714 0.10087817566694503
0 0.09858030263847342 0.7482925488927653 0.06665953847268138 0.08207930239683264
0 0.006741573033707865 0.6285 0.01348314606741573 0.071
0 0.20733630693096444 0.9357847891465156 0.05666488938108047 0.08713596236973808
0 0.325 0.974 0.05112359550561798 0.052
0 0.2961422617671828 0.9539519522405121 0.041901200529432164 0.07777336010837894
0 0.30717311851352086 0.9204824083237759 0.04567683752048048 0.07014021456336013
0 0.3498421100989437 0.8321566404361138 0.05641698618550068 0.10308355459045515
0 0.24682000380682365 0.723983099051684 0.06313894080938175 0.10271244794185146
0 0.2702416168091042 0.7592295645425133 0.0702265090878035 0.09239374907253113
0 0.2826787460168693 0.7969979817293618 0.07010879862884262 0.08639374907253114
0 0.38595505617977527 0.966 0.043820224719101124 0.068
0 0.4837078651685393 0.979 0.03258426966292135 0.042
0 0.48792134831460676 0.873 0.024157303370786518 0.088
0 0.45730337078651684 0.9895 0.0348314606741573 0.021
0 0.4730337078651685 0.6915 0.05393258426966292 0.111
0 0.4204743646542816 0.7047890952532243 0.05823970831271545 0.11024077792830417
0 0.4926966292134832 0.616 0.014606741573033709 0.096
0 0.4005858435002339 0.5609116103141875 0.07835385308704707 0.1350750502032106
0 0.9828651685393258 0.984 0.034269662921348316 0.032
0 0.9094256675775212 0.8252352521050385 0.0703834563664181 0.10039374907253114
0 0.8326306068929176 0.6093081762114378 0.058612458099425155 0.12924077792830416
0 0.7621009074461382 0.6742805369528934 0.06588907434394618 0.09997448683826679
0 0.8430827086420889 0.7625503895086448 0.055737477973730805 0.09703114681117199
0 0.8508390809340273 0.8102380689297577 0.0660977407198724 0.08202689461754971
0 0.8398876404494382 0.9635 0.04157303370786517 0.073
0 0.7764044943820225 0.9875 0.043820224719101124 0.025
0 0.6797752808988764 0.9875 0.04157303370786517 0.025
0 0.6961449586544781 0.6919122471290092 0.056743363020387766 0.09113596236973807
0 0.6578615647514151 0.6710283838995391 0.041307302089138485 0.10466854454981285
0 0.6379828408950053 0.6838626561744455 0.03731586258999506 0.10130169009483166
0 0.6560495230079029 0.9491877333341993 0.03380061107218442 0.06503965119841633
0 0.5174157303370787 0.679 0.0348314606741573 0.102
0 0.5704146263387366 0.6407564052469765 0.04719993735480392 0.11919262234264329
0 0.6408658283316577 0.8942075589334075 0.03868736129119283 0.08545891343268068