0 0.5266089108910891 0.027472527472527472 0.06930693069306931 0.054945054945054944
0 0.5533822021151504 0.2750599504510048 0.07089334795000862 0.12659414627058985
0 0.462113226848786 0.28406395025397135 0.07789044144097709 0.10829652466494395
0 0.23829770028943748 0.14627533587908106 0.06308938559637858 0.10972693271140058
0 0.1021039603960396 0.056043956043956046 0.05816831683168317 0.11208791208791209
0 0.14449257425742573 0.045054945054945054 0.0525990099009901 0.09010989010989011
0 0.6225247524752475 0.5423076923076923 0.01485148514851485 0.05384615384615385
0 0.16212871287128713 0.560989010989011 0.04455445544554455 0.016483516483516484
0 0.1036509900990099 0.5620879120879121 0.04641089108910891 0.014285714285714285
0 0.041456129261602734 0.5241052678688541 0.05609439792183583 0.07424234998350479
0 0.04628003838349786 0.37069077323283206 0.06634839314826017 0.09013856146901732
0 0.004331683168316832 0.33296703296703295 0.008663366336633664 0.09230769230769231
0 0.06764586724331842 0.2647789442077584 0.05897307987791909 0.09195266659114673
0 0.017945544554455444 0.25659340659340657 0.03589108910891089 0.1043956043956044
0 0.011757425742574257 0.13956043956043956 0.023514851485148515 0.06813186813186813
0 0.014542079207920793 0.08131868131868132 0.029084158415841586 0.07032967032967033
0 0.018254950495049504 0.03076923076923077 0.03650990099009901 0.06153846153846154
0 0.17278033774758425 0.11929161284057098 0.053591829928699534 0.12679775419292127
0 0.13129472705602208 0.11605040306916382 0.04876951395541108 0.07825425730343641
0 0.1332430853738975 0.18749496187588824 0.047481460889118504 0.07599250559302216
0 0.16297021741467257 0.21701975344425115 0.05927565570141719 0.10513947977795991
0 0.22750787992261443 0.2686488143172709 0.04045915274619193 0.09319122609976707
0 0.18808042209028203 0.2742947376059906 0.042315588389756215 0.0932871503686852
0 0.22275594336413632 0.3578575315583437 0.06206713928385975 0.09211254037267691
0 0.12533667126382805 0.3681901354466013 0.04783446601653302 0.09137712097763742
0 0.26570505677748546 0.39794390289924375 0.07761308026943715 0.09620861257703187
0 0.16086897803644135 0.3409397795696269 0.057811100071417355 0.09518542037523785
0 0.4755841960163033 0.38628784751583206 0.0656287226592393 0.08571098231710683
0 0.43491806151338186 0.41876092345871063 0.06812918483595003 0.08693778244123228
0 0.398505860406477 0.50194332373257 0.04970456189428928 0.0651313936292354
0 0.48254608601357907 0.4607354571202578 0.050651164250933675 0.07944908267125576
0 0.4262651966863016 0.47264493175341815 0.052874265256104315 0.06858797070746912
0 0.6011757425742574 0.36538461538461536 0.05754950495049505 0.09340659340659341
0 0.6915222772277227 0.035164835164835165 0.11943069306930693 0.07032967032967033
0 0.989480198019802 0.24945054945054945 0.02103960396039604 0.12967032967032968
0 0.9758663366336634 0.19065934065934065 0.04826732673267327 0.1813186813186813
0 0.9497779699275994 0.20840810419864192 0.06414840097862198 0.15588077886524673
0 0.9237400600980266 0.2992609450944084 0.07368483153245119 0.11356720686530697
0 0.9163868027550053 0.38284725781575163 0.10390575510283633 0.11073836552869969
0 0.912380804245719 0.4506913531408652 0.09922106680710498 0.0951299268499417
0 0.7953886172040151 0.09286599383319616 0.10336048136109706 0.1677852984026386
0 0.7714125316261295 0.26010844848074205 0.0898611388169829 0.14513580654218927
0 0.6488242574257426 0.33406593406593404 0.037747524752475246 0.13406593406593406
0 0.6880278869699401 0.32988774366448287 0.08069347944118585 0.1227101379758826
0 0.7473891754689662 0.3444797944301731 0.05808635542653171 0.16105553679669185
0 0.8209122175801149 0.3971219398190813 0.09761467186669674 0.15980521790357635
0 0.6735767326732673 0.4664835164835165 0.08725247524752475 0.12197802197802197
0 0.8777000460033754 0.17834139347166547 0.07809005284021688 0.17086993778969442
0 0.8220563530921483 0.204552569768693 0.07575453880944723 0.1498948926416553
0 0.3910891089108911 0.6038461538461538 0.09653465346534654 0.06923076923076923
0 0.5324876237623762 0.5868131868131868 0.06621287128712872 0.035164835164835165
0 0.5224626386474261 0.7014497616971528 0.08156233202553008 0.18751332805474122
0 0.4750000749609889 0.7879027702036568 0.07542674833399081 0.135609178355941
0 0.4189356435643564 0.9230769230769231 0.08663366336633663 0.15384615384615385
0 0.35939256038798395 0.8675418522197909 0.06347915979351752 0.15365100191113845
0 0.2698019801980198 0.932967032967033 0.06930693069306931 0.13406593406593406
0 0.1897004772648823 0.8258457107812032 0.07630926115252709 0.17407071681747946
0 0.08311616427302142 0.9081462289615773 0.07302714476511292 0.1387779826274202
0 0.05918265254631835 0.7944057372316555 0.09261374751327545 0.1573516176553256
0 0.27713050798432703 0.8111553569458947 0.10693572497066867 0.13504208872974796
0 0.24989333661070917 0.7285257106186649 0.0946099166508225 0.13660039580142894
0 0.17376319650613406 0.6565408843519163 0.08666622080320963 0.14058032836505457
0 0.09900990099009901 0.6252747252747253 0.0952970297029703 0.11208791208791209
0 0.1358292079207921 0.6076923076923076 0.08972772277227722 0.07692307692307693
0 0.21318069306930693 0.5989010989010989 0.1021039603960396 0.05934065934065934
0 0.03743811881188119 0.954945054945055 0.07487623762376237 0.09010989010989011
0 0.13923267326732675 0.9730769230769231 0.06311881188118812 0.05384615384615385
0 0.1943069306930693 0.9653846153846154 0.0594059405940594 0.06923076923076923
0 0.6157178217821783 0.6043956043956044 0.028465346534653466 0.07032967032967033
0 0.6163366336633663 0.7307692307692307 0.027227722772277228 0.15604395604395604
0 0.5946782178217822 0.8247252747252747 0.07054455445544554 0.11538461538461539
0 0.599319306930693 0.9560439560439561 0.06126237623762376 0.08791208791208792
0 0.4801980198019802 0.9626373626373627 0.0594059405940594 0.07472527472527472
0 0.5083539603960396 0.9340659340659341 0.058787128712871284 0.13186813186813187
0 0.5501237623762376 0.9357142857142857 0.05693069306930693 0.12857142857142856
0 0.45389851485148514 0.9857142857142858 0.07611386138613861 0.02857142857142857
0 0.9715346534653465 0.8692307692307693 0.05693069306930693 0.0967032967032967
0 0.7274437903845061 0.9187825930347425 0.04852892185359557 0.09470579903064705
0 0.7597155240292061 0.7898359233749573 0.05371790318849045 0.13229225968742678
0 0.7175596192443267 0.8112560388162128 0.07841994913209872 0.13137344774186704
0 0.6528465346534653 0.9752747252747253 0.03589108910891089 0.04945054945054945
0 0.650680693069307 0.8769230769230769 0.04146039603960396 0.11428571428571428
0 0.6881045838340274 0.9282746701696162 0.053037107585619664 0.1026219300170971