0 0.23249385749385748 0.0611353711790393 0.060810810810810814 0.1222707423580786
0 0.09053468680193179 0.1435589519650655 0.0540829966880241 0.10152838427947598
0 0.04361179361179361 0.024563318777292575 0.052825552825552825 0.04912663755458515
0 0.022113022113022112 0.25382096069869 0.044226044226044224 0.06877729257641921
0 0.07478845792475991 0.23526200873362446 0.04885233982187746 0.07969432314410481
0 0.1387308128542868 0.21506550218340612 0.060327757033265046 0.08951965065502183
0 0.1578942520877443 0.2827510917030568 0.05169086725153247 0.07423580786026202
0 0.20000285567416679 0.2691048034934498 0.05616763811846961 0.0927947598253275
0 0.17841630128964545 0.3318777292576419 0.06667477158124087 0.06550218340611354
0 0.22229856442418197 0.388646288209607 0.06259857897698903 0.0851528384279476
0 0.1875483103863859 0.5316593886462883 0.050983526380642616 0.07205240174672489
0 0.13530915363787602 0.5382096069868996 0.035013010410126645 0.07205240174672489
0 0.14051726333770445 0.6315502183406113 0.05655832703721776 0.07314410480349345
0 0.29273119627585154 0.7079694323144105 0.05437143140403731 0.09388646288209607
0 0.29944717444717445 0.8094978165938864 0.041154791154791155 0.060043668122270744
0 0.27426289926289926 0.8144104803493449 0.03624078624078624 0.05021834061135371
0 0.5055282555282555 0.5311135371179039 0.04791154791154791 0.10589519650655022
0 0.41690989836368564 0.4798034934497817 0.07478133705926644 0.09716157205240175
0 0.40177646930508115 0.42740174672489084 0.07285465890597106 0.08078602620087336
0 0.3795604675914826 0.3673580786026201 0.05720079488759672 0.10262008733624454
0 0.31286278614500274 0.3373362445414847 0.05684748715107268 0.13755458515283842
0 0.2886281041182319 0.36681222707423583 0.0625337059564782 0.11244541484716157
0 0.28612986390379924 0.4306768558951965 0.06700058747947821 0.07314410480349345
0 0.3570028609799011 0.5802401746724891 0.06349210036115728 0.09170305676855896
0 0.23205362538234775 0.5382096069868996 0.050350947874200726 0.10043668122270742
0 0.01934889434889435 0.4153930131004367 0.0386977886977887 0.08187772925764192
0 0.007371007371007371 0.5 0.014742014742014743 0.05021834061135371
0 0.00214987714987715 0.4705240174672489 0.0042997542997543 0.05240174672489083
0 0.921990171990172 0.048580786026200876 0.09582309582309582 0.09716157205240175
0 0.9420493088013225 0.18668122270742357 0.06519521681895027 0.08842794759825327
0 0.696302880671678 0.22161572052401746 0.06240323451761499 0.09497816593886463
0 0.6228999322687296 0.22161572052401746 0.04976491449607859 0.1299126637554585
0 0.6600138689208908 0.5158296943231441 0.0400201055807708 0.07423580786026202
0 0.6705513958133154 0.7341703056768559 0.04662806300647306 0.0851528384279476
0 0.5552825552825553 0.41102620087336245 0.051597051597051594 0.07532751091703056
0 0.7383709718985119 0.34388646288209607 0.06593993887206417 0.10589519650655022
0 0.8443709364260166 0.7914847161572053 0.06854574066012106 0.09497816593886463
0 0.8982571378589834 0.7587336244541485 0.07209160896066588 0.09170305676855896
0 0.8010373254873783 0.6899563318777293 0.062030873491057965 0.08624454148471616
0 0.8757431747843551 0.6844978165938864 0.06420860517814271 0.07969432314410481
0 0.7405966995095995 0.48253275109170307 0.05423179601907852 0.0906113537117904
0 0.7893277318387093 0.5305676855895196 0.05338481976322981 0.0851528384279476
0 0.7420727603956048 0.5747816593886463 0.0479496544916136 0.08733624454148471
0 0.8347315128908083 0.5725982532751092 0.06142578682290292 0.07205240174672489
0 0.8641556140262955 0.62882096069869 0.054650702173955026 0.10043668122270742
0 0.7756058533445199 0.6337336244541485 0.04696304285080603 0.07860262008733625
0 0.7904733948534294 0.6222707423580786 0.04899197520683628 0.08296943231441048
0 0.8249786281261673 0.6391921397379913 0.05295674966225761 0.08951965065502183
0 0.8450680252540483 0.6997816593886463 0.0459672672639029 0.08406113537117904
0 0.9273613227520418 0.46888646288209607 0.10080342455329476 0.1168122270742358
0 0.8310343063667633 0.3346069868995633 0.06525165129120723 0.14737991266375547
0 0.8642412207185204 0.34989082969432317 0.052827003621236095 0.14410480349344978
0 0.27825552825552824 0.8722707423580786 0.07862407862407862 0.06550218340611354
0 0.1980958230958231 0.972707423580786 0.07309582309582309 0.05458515283842795
0 0.9735872235872236 0.9503275109170306 0.052825552825552825 0.09934497816593886
0 0.6851965601965602 0.9557860262008734 0.07555282555282555 0.08842794759825327