0 0.09864864864864865 0.6480769230769231 0.06432432432432432 0.08269230769230769
0 0.03594594594594595 0.40240384615384617 0.0718918918918919 0.1125
0 0.007297297297297297 0.20673076923076922 0.014594594594594595 0.08076923076923077
0 0.019189189189189187 0.2403846153846154 0.038378378378378375 0.07692307692307693
0 0.026216216216216216 0.16634615384615384 0.05243243243243243 0.09038461538461538
0 0.012162162162162163 0.09182692307692308 0.024324324324324326 0.10096153846153846
0 0.024324324324324326 0.035096153846153846 0.04540540540540541 0.07019230769230769
0 0.1116087315200248 0.46874679457940227 0.054519480438930505 0.1428670990202842
0 0.15616873361304073 0.45770836096459094 0.07285068722424709 0.12863422037948846
0 0.19132884673452477 0.3823419495678433 0.07278150222108977 0.10748037422564231
0 0.16845771848661756 0.24843948796895352 0.04082042532604056 0.08599647811136693
0 0.14433919658871244 0.22897688549451845 0.041386124049547376 0.09369437987080059
0 0.11724298455852808 0.2081027426969682 0.04033649069717408 0.10329857635193339
0 0.08106136084389053 0.21905446827132785 0.04567271109942217 0.08220067086934638
0 0.06547845596790307 0.24758208083336408 0.05478328096684178 0.05825730847202543
0 0.044499580005122524 0.27905024945127493 0.058576499069237946 0.06118108232652227
0 0.04468983876380515 0.3372233263743518 0.07427104338213826 0.06711254104240473
0 0.19784291539037882 0.06014824801269581 0.04460106433695359 0.08507409811970992
0 0.17972972972972973 0.022115384615384617 0.05027027027027027 0.04423076923076923
0 0.2776687408892849 0.17134515091441654 0.04780971507861805 0.07453073944554245
0 0.3181935575654715 0.16611790357228037 0.05005364133542079 0.09955311571404611
0 0.4106448586351286 0.17093054886297906 0.06790405826474188 0.10358387377535529
0 0.4283783783783784 0.027403846153846154 0.04054054054054054 0.05480769230769231
0 0.5048648648648648 0.027403846153846154 0.03027027027027027 0.05480769230769231
0 0.46670558879085844 0.20544771676160029 0.04358287871328807 0.10429367921622733
0 0.4552558978805467 0.5060571495362657 0.03869914521119869 0.0984741018428635
0 0.42268055847911085 0.5453378982896915 0.05592725750533867 0.0774992658370466
0 0.38966337848932947 0.4495224931969633 0.06523909283648847 0.11509436497818709
0 0.3440175781559262 0.4591298072537189 0.05449117748309348 0.13421325286643804
0 0.3087645140381367 0.42343572930921125 0.06580164678712454 0.1218307282760824
0 0.29751518760846846 0.3721080999929849 0.07163123613685138 0.08631533993754444
0 0.2606607626960999 0.2599856995239844 0.05865197361813665 0.08425800540344536
0 0.29356158608966226 0.32022418153978943 0.06566327678080991 0.0795230359683901
0 0.3074017955885027 0.25469412040990014 0.0629605740781072 0.07949506563276036
0 0.3308131039837158 0.22320077848992262 0.03379025352614278 0.08496221677719164
0 0.35190676415627986 0.22682876371816565 0.034959388247605944 0.11189648183452028
0 0.3765328064795825 0.23618961827932103 0.03704607586086904 0.08884193502610087
0 0.3963427279175172 0.2605046655984557 0.03262426357755037 0.05898949018140124
0 0.41997259802724995 0.2958382467554014 0.035314387188769815 0.05517130667087702
0 0.422017011403375 0.34245328290507604 0.059638711513094134 0.05542303969154334
0 0.42304795631514075 0.40975258411207943 0.057052365406610794 0.09097199243283678
0 0.5027027027027027 0.40048076923076925 0.034594594594594595 0.09903846153846153
0 0.49891891891891893 0.3471153846153846 0.04216216216216216 0.08461538461538462
0 0.5072972972972973 0.45 0.025405405405405406 0.11923076923076924
0 0.48217406985029687 0.3072141598051515 0.046684607177346175 0.06105801284975205
0 0.49945945945945946 0.26153846153846155 0.04108108108108108 0.0673076923076923
0 0.4996783815672139 0.12241137394104862 0.0365086800931995 0.08979787942051347
0 0.5137837837837838 0.1576923076923077 0.012432432432432432 0.05961538461538462
0 0.5102702702702703 0.23942307692307693 0.01945945945945946 0.07884615384615384
0 0.5094594594594595 0.6451923076923077 0.02108108108108108 0.08846153846153847
0 0.8454054054054054 0.6317307692307692 0.07675675675675675 0.11538461538461539
0 0.6151351351351352 0.6605769230769231 0.05945945945945946 0.057692307692307696
0 0.6937300116348667 0.5434739674584713 0.04573875132970873 0.10239297856165418
0 0.641028701121982 0.461805053508147 0.04247349467637003 0.09562864492812935
0 0.7016225226047086 0.3948295671103273 0.05642377122568817 0.064043321442634
0 0.6573469422598814 0.4101921267684988 0.055905244095243084 0.07076849660627738
0 0.669563957750665 0.3441980786092181 0.05331575321588868 0.10535591088603236
0 0.6031010570607093 0.3520976873272445 0.046763226499115754 0.08509647438821359
0 0.5645090143237348 0.36980535543444 0.04030504296846629 0.09368319173654877
0 0.5374709805916601 0.36671967417535134 0.030509273008450064 0.0733901908359745
0 0.5443243243243243 0.3110576923076923 0.04864864864864865 0.08365384615384615
0 0.6798969432817337 0.28062745583872417 0.05969531742476844 0.07273073199923565
0 0.7604862278017713 0.2946977859908085 0.06301717998978139 0.09680275794045266
0 0.9631718144503021 0.37000665400599814 0.057602340265763594 0.09386220188457814
0 0.9151889566671733 0.1608807502641314 0.04573560655683798 0.10143144010011561
0 0.7045051487643945 0.036614534683806016 0.03914534256561551 0.06963354206383537
0 0.6724324324324324 0.006730769230769231 0.043243243243243246 0.013461538461538462
0 0.6210969851420524 0.0696903565162989 0.05101836582028276 0.06398738077137481
0 0.6609084789664227 0.09427919258254389 0.04561924996061886 0.06585451702319253
0 0.6942397758500478 0.12085823437737682 0.04401649697622201 0.07160696559104555
0 0.7220776136878857 0.120570139920392 0.04239802012747114 0.07255172185120627
0 0.5237837837837838 0.5408653846153846 0.0075675675675675675 0.10673076923076923
0 0.5372972972972972 0.4125 0.034594594594594595 0.07884615384615384
0 0.5621831437756744 0.23713262697707302 0.044503576377959125 0.05526640581201762
0 0.7122145915043823 0.24519565796501522 0.041348386775097966 0.08215591833233905
0 0.8535787021438341 0.330274067983612 0.04297629794246109 0.08409577745679367
0 0.94282431704808 0.2639636344896571 0.044126564026699615 0.10526081174489176
0 0.7924324324324324 0.00625 0.04756756756756757 0.0125
0 0.5865951613471461 0.09841376142774232 0.04176942594654864 0.045623050861003434
0 0.24066287567238748 0.7822005830243715 0.08275966900761174 0.18354260589544735
0 0.13076508079068808 0.8145889756844958 0.07447545361873946 0.1296125410424045
0 0.3727027027027027 0.7360576923076924 0.0891891891891892 0.09326923076923077
0 0.4304570732459684 0.7999486039247125 0.06915181230797439 0.15455660037114546
0 0.35946561819170464 0.8280880699056169 0.09774699981781973 0.13850693208266526
0 0.40621621621621623 0.9625 0.10216216216216216 0.075
0 0.49135135135135133 0.7120192307692308 0.057297297297297295 0.04519230769230769
0 0.2272972972972973 0.9620192307692308 0.09891891891891892 0.07596153846153846
0 0.11648648648648649 0.7269230769230769 0.06648648648648649 0.075
0 0.06405405405405405 0.725 0.053513513513513515 0.07115384615384615
0 0.9642860958431437 0.7751735609330133 0.06955083806932955 0.11129296366904068
0 0.9767567567567568 0.8605769230769231 0.046486486486486484 0.11730769230769231
0 0.8240067516474959 0.9391308154193151 0.08253324536091503 0.11431183666467812
0 0.6463934046766846 0.8443310540520012 0.08191408549860478 0.0902677810590905
0 0.681825720848109 0.9348328243042009 0.07546848105943846 0.10270065225357974
0 0.6935135135135135 0.975 0.09297297297297297 0.05
0 0.7545945945945945 0.9278846153846154 0.06054054054054054 0.14423076923076922
0 0.705595172957357 0.8475646575478668 0.05778788186514002 0.15059297111534725
0 0.6185255112999568 0.7527894283984997 0.09009452338274108 0.11246707668136399
0 0.5683783783783783 0.7375 0.06 0.09615384615384616
0 0.7432432432432432 0.7192307692307692 0.08108108108108109 0.05961538461538462
0 0.8074556171205409 0.8368947912792465 0.05767152526892091 0.11501604803842418
0 0.8487079081264626 0.8061783836056522 0.05508517916243732 0.15056500077971774
0 0.8683307155785855 0.7732818924632485 0.060333345924303325 0.10254401837405391
0 0.8778378378378379 0.6985576923076923 0.07135135135135136 0.01826923076923077