0 0.04299132947976879 0.40488431876606684 0.08598265895953758 0.14910025706940874
0 0.331986995750356 0.2869598059624726 0.11400679698300499 0.17587000050725737
0 0.4213451070071646 0.3267246550671409 0.132898015007047 0.20839254213990036
0 0.5441186260697706 0.3112723788328791 0.0911376277551562 0.2525122193877064
0 0.588939193049697 0.20873671474781208 0.10746187046702999 0.1628819227678978
0 0.4784089764558742 0.21223245230466306 0.10677295618848057 0.17314974275058542
0 0.5173819384668877 0.08901158458495236 0.12983549259212693 0.15563348788041917
0 0.6145231213872833 0.07326478149100257 0.07297687861271676 0.14652956298200515
0 0.6571531791907514 0.09190231362467867 0.04552023121387283 0.18380462724935734
0 0.30310693641618497 0.021850899742930592 0.09031791907514451 0.043701799485861184
0 0.27420520231213874 0.07069408740359898 0.0773121387283237 0.14138817480719795
0 0.22687861271676302 0.06362467866323908 0.09248554913294797 0.12724935732647816
0 0.04841040462427745 0.07455012853470437 0.0968208092485549 0.13367609254498714
0 0.02926300578034682 0.14010282776349614 0.05852601156069364 0.13881748071979436
0 0.04226878612716763 0.02313624678663239 0.08453757225433527 0.04627249357326478
0 0.9859104046242775 0.288560411311054 0.028179190751445087 0.18637532133676094
0 0.9544797687861272 0.2249357326478149 0.09104046242774566 0.14138817480719795
0 0.9462448064399698 0.14518069050375396 0.1000514770337337 0.10617708917575026
0 0.8716591402558043 0.20404401758081017 0.08139145889379774 0.14434863494670627
0 0.7943932415043016 0.21658250380035768 0.10021121513547954 0.15502027683641864
0 0.8331041989835537 0.3446245485739586 0.10155961825278306 0.12548720756513096
0 0.6885838150289018 0.31426735218509 0.017341040462427744 0.20179948586118251
0 0.7839595375722543 0.04048843187660668 0.09104046242774566 0.08097686375321336
0 0.8659682080924855 0.02699228791773779 0.08453757225433527 0.05398457583547558
0 0.9421965317919075 0.02056555269922879 0.06069364161849711 0.04113110539845758
0 0.9786849710982659 0.030205655526992288 0.04263005780346821 0.060411311053984576
0 0.18063583815028902 0.9588688946015425 0.08092485549132948 0.08226221079691516
0 0.3356790998247229 0.8325329523382029 0.061941639253157155 0.16193967165150672
0 0.2545732471906093 0.6650555487883275 0.0771528823660896 0.17382187875028657
0 0.18862002765959351 0.6019978613002984 0.06847815850061931 0.1723570553034627
0 0.1200561763962284 0.6243559267507315 0.0761949354951261 0.10182748793605902
0 0.09457403274914622 0.6752388574729005 0.0907130606952527 0.12269216797382468
0 0.2394563449786915 0.5715612825979468 0.06465105639053347 0.10672957424003668
0 0.0477495365776628 0.717325819586666 0.06405882569988293 0.1465603762278656
0 0.11338562259207097 0.7938721728501006 0.08361373619693525 0.1611030156156103
0 0.6290968573117676 0.8585281164878793 0.0929899852437244 0.15615606021085193
0 0.6513728323699421 0.962082262210797 0.05708092485549133 0.07583547557840617
0 0.6640173410404624 0.8695372750642674 0.031791907514450865 0.10411311053984576
0 0.6716040462427746 0.7892030848329049 0.016618497109826588 0.08997429305912596
0 0.4343438592933331 0.7356102522421419 0.07998840853116018 0.1571721926498706
0 0.496736907489549 0.8146599959418094 0.06187017747079692 0.14008877190857613
0 0.4996247382130696 0.7035447803127746 0.058908542278032716 0.11817804669793815
0 0.3811273875167239 0.5905595685618807 0.07403150907157922 0.10306796587898026
0 0.4013728323699422 0.5205655526992288 0.054190751445086706 0.08226221079691516
0 0.45554304738325835 0.590172053789793 0.06688594459644041 0.12733999604004603
0 0.5454198257312294 0.5676125276418509 0.04085756936577277 0.12166017865587242
0 0.5471822868227951 0.6646861421751905 0.059563827482530064 0.09762745036563612
0 0.5985606320912219 0.6895269645354797 0.05451443128283483 0.10009344988455185
0 0.6719653179190751 0.672879177377892 0.015895953757225433 0.10411311053984576
0 0.6405346820809249 0.5308483290488432 0.0657514450867052 0.10282776349614396
0 0.9714595375722543 0.6715938303341902 0.05708092485549133 0.14010282776349614
0 0.9859104046242775 0.6060411311053985 0.028179190751445087 0.12982005141388175
0 0.9335260115606936 0.5019280205655527 0.06358381502890173 0.04498714652956298
0 0.9685693641618497 0.4993573264781491 0.06286127167630058 0.03984575835475578