0 0.4766754270696452 0.04789719626168224 0.04664914586070959 0.09579439252336448
0 0.4449023734948823 0.0899929484673086 0.05341232266029098 0.08456117350426433
0 0.3879763469119579 0.06775700934579439 0.059789750328515114 0.13551401869158877
0 0.3619691999132696 0.07561119811113766 0.0528894222586999 0.14264562765406105
0 0.33369534452782895 0.11687092948563567 0.05801935081630387 0.1397944763638134
0 0.2699031573908753 0.22523842360227894 0.05569478453337772 0.11159371278450629
0 0.22217152533750179 0.22570027258373193 0.06323348819358666 0.1392797736716969
0 0.06594027858469625 0.3190856205811424 0.05700884498015827 0.11175709318624358
0 0.06741494007855342 0.2692604267256723 0.07135383699926628 0.12865950329233425
0 0.03493896387619284 0.2030026774857173 0.06507826563423925 0.13602017137710629
0 0.09784633453000753 0.505641908267854 0.05052275156593434 0.1132766397756885
0 0.06504599211563732 0.5496495327102804 0.0735873850197109 0.08060747663551401
0 0.3205800838340503 0.4879783642009251 0.054221130188998885 0.07070586231721657
0 0.34150029353267963 0.4423153677196764 0.06630030066906002 0.07918563172724363
0 0.35510303935924026 0.5475126833495277 0.0452753335205712 0.0765715452994486
0 0.47150567137235244 0.2927532766826515 0.041948077993780704 0.07499486999604048
0 0.49507227332457293 0.18341121495327103 0.00985545335085414 0.07710280373831775
0 0.439552595571583 0.1684110732928998 0.05994052048435433 0.08420985121388483
0 0.0164257555847569 0.548481308411215 0.0328515111695138 0.08294392523364486
0 0.2571820862972464 0.37135642905970123 0.08723223525611097 0.11551484242619832
0 0.4335785645182344 0.3293238272473587 0.0645054442305281 0.13827492977436848
0 0.4773324572930355 0.4632009345794392 0.04533508541392904 0.09462616822429906
0 0.5601182654402103 0.09579439252336448 0.1202365308804205 0.17990654205607476
0 0.6939482148306931 0.19134899885204482 0.09835082090214718 0.15178692441118982
0 0.7191360995329247 0.4183561216447216 0.0838961559875611 0.14998973999208096
0 0.5249671484888305 0.5274532710280374 0.04993429697766097 0.125
0 0.6251642575558476 0.5619158878504673 0.09526938239159001 0.056074766355140186
0 0.7036793692509855 0.5642523364485982 0.07884362680683311 0.0514018691588785
0 0.7414586070959264 0.5689252336448598 0.08081471747700394 0.04205607476635514
0 0.9845597897503285 0.3697429906542056 0.03088042049934297 0.12967289719626168
0 0.9627812347938376 0.3910811539658347 0.0689783425647415 0.13534208828325248
0 0.9684625492772667 0.5105140186915887 0.06307490144546649 0.102803738317757
0 0.024967148488830485 0.6875 0.04993429697766097 0.19509345794392524
0 0.09373535227734164 0.7981769320288608 0.1300478655224787 0.19643252411843456
0 0.20532194480946123 0.6892523364485982 0.10315374507227333 0.1985981308411215
0 0.14290407358738502 0.6746495327102804 0.11235216819973719 0.169392523364486
0 0.42017082785808146 0.6787383177570093 0.12155059132720106 0.17757009345794392
0 0.33320673194379624 0.7639865894999026 0.09968933827524872 0.22522167485057415
0 0.27705951664112827 0.81224766092864 0.11309139294384978 0.1978132517930475
0 0.26773981603153746 0.9141355140186916 0.11235216819973719 0.17172897196261683
0 0.39144984042193587 0.8555448280551068 0.1008859092342701 0.18582880948582417
0 0.4458354799541518 0.9035928518418506 0.08788044173774187 0.1516481054963577
0 0.47109067017082784 0.8492990654205608 0.05781865965834428 0.1308411214953271
0 0.4888304862023653 0.7558411214953271 0.022339027595269383 0.14953271028037382
0 0.4632063074901445 0.7797897196261683 0.0735873850197109 0.15771028037383178
0 0.04007884362680683 0.9205607476635514 0.08015768725361366 0.1588785046728972
0 0.04139290407358739 0.9614485981308412 0.08278580814717477 0.07710280373831775
0 0.16605418598151275 0.8810183363115852 0.14212703600254015 0.20491229352846163
0 0.18331143232588698 0.9632009345794392 0.08015768725361366 0.07359813084112149
0 0.11957950065703023 0.9503504672897196 0.09724047306176084 0.09929906542056074
0 0.24342969776609724 0.9690420560747663 0.08081471747700394 0.06191588785046729
0 0.5042706964520368 0.8872663551401869 0.008541392904073587 0.12266355140186916
0 0.952365308804205 0.7143691588785047 0.09526938239159001 0.1413551401869159
0 0.7288951156009394 0.8723842807728663 0.12026779724954417 0.2335951925728274
0 0.6481603153745072 0.9445093457943925 0.09921156373193167 0.11098130841121495
0 0.6281208935611038 0.893107476635514 0.11038107752956636 0.21378504672897197
0 0.5486202365308804 0.9620327102803738 0.09724047306176084 0.07593457943925233
0 0.966819973718791 0.9328271028037384 0.06636005256241786 0.13434579439252337