0 0.017749699157641397 0.15042826552462527 0.035499398315282794 0.09957173447537473
0 0.10512414206470085 0.08716300680989968 0.044890123164212335 0.07965891890466371
0 0.1716420762636755 0.1012408312466465 0.073534048405629 0.08851698956966898
0 0.16967509025270758 0.4737687366167024 0.06979542719614922 0.11241970021413276
0 0.04544572927095988 0.30827029932680033 0.0667607847382402 0.11306128101769643
0 0.17245990697939956 0.3647487076879946 0.06953226713970512 0.12165150726956346
0 0.1427041534658118 0.3355199943740072 0.0806996955938673 0.10143347364667162
0 0.12840983083332058 0.31073588874212354 0.09014427930288213 0.09725048143786576
0 0.23736462093862815 0.009635974304068522 0.057160048134777375 0.019271948608137045
0 0.26865280640183403 0.28273151902727417 0.07041648598306831 0.11416931846830199
0 0.320556912098177 0.31486736264426507 0.06596775177803504 0.12268479744208399
0 0.42529080231655214 0.3432655832510404 0.0592759869589487 0.09265015025975155
0 0.5351985559566786 0.493576017130621 0.07641395908543923 0.0728051391862955
0 0.572503008423586 0.45717344753747324 0.013838748495788207 0.09850107066381156
0 0.5487364620938628 0.3854389721627409 0.061371841155234655 0.1006423982869379
0 0.5712996389891697 0.3094218415417559 0.016245487364620937 0.09850107066381156
0 0.4608679217999717 0.32060447534325665 0.0509069703362943 0.07972120830306789
0 0.4332129963898917 0.011241970021413276 0.048134777376654635 0.022483940042826552
0 0.4783189102735327 0.10870024581151506 0.053915393922335214 0.07975235300227006
0 0.31192166829708695 0.05824093923007233 0.04461656551473805 0.07323493603528469
0 0.27042337576308406 0.08566085936140637 0.058956836367895525 0.0851555035788093
0 0.3502636502691072 0.23216187613117795 0.047661605565677126 0.08824914515653086
0 0.3218988367527668 0.13493043843332825 0.06659636592528581 0.08095382455048214
0 0.06984715438171085 0.18052218544997498 0.051645433878239284 0.08293942867759789
0 0.37955378733204925 0.3288673253330066 0.062166295231788994 0.13227716916726964
0 0.4692189854692644 0.27998776884210086 0.0501774832710299 0.0625905873180572
0 0.5271489148143702 0.3261107603476576 0.049931565609772785 0.08506206948120303
0 0.35099207149710965 0.3210736895397241 0.053788302132453183 0.13326062782106685
0 0.950661853188929 0.48447537473233404 0.07099879663056559 0.09100642398286937
0 0.9951865222623345 0.15952890792291222 0.009626955475330927 0.0835117773019272
0 0.9609709263925089 0.13486600751195513 0.06872954714464438 0.07455475744046479
0 0.9563674604093767 0.10161313995509262 0.0736342107654679 0.07674591658231454
0 0.9556396193497545 0.4084860152346692 0.05274864095281674 0.09472295954463322
0 0.9288522505562309 0.28127910528297106 0.066961109457918 0.08951913504298754
0 0.9014804394406863 0.252610639634127 0.07589519433288269 0.08747124151746742
0 0.7403730445246691 0.49571734475374735 0.06558363417569193 0.06852248394004283
0 0.8423356772308723 0.4399826786770272 0.07699840140746016 0.09925477238450289
0 0.7585146415342784 0.43643708204038023 0.07791923671572151 0.10675564800528543
0 0.8584641151195544 0.29447517781180316 0.03836277715808037 0.08173172818954538
0 0.830088904010184 0.3247087941485345 0.05970427638652178 0.07446132334285839
0 0.8183122354784819 0.14892060297728113 0.05520994923990942 0.08190613850507722
0 0.7774522441265853 0.16135122974673083 0.05673246926537896 0.08941324306570025
0 0.6787711069870156 0.18871473249900625 0.05008629738787171 0.06044925969493091
0 0.6044346938654133 0.2875607954829717 0.04166271134695715 0.06036205453716499
0 0.5875451263537906 0.35599571734475377 0.016245487364620937 0.08458244111349036
0 0.608604091456077 0.49464668094218417 0.04993983152827918 0.07066381156316917
0 0.7400365211486345 0.34734151490654147 0.06178288818762041 0.08090399303175873
0 0.6904154849323212 0.37467734435002986 0.06335100115466898 0.08948176140394491
0 0.6776761658309445 0.2851056202388936 0.05077019151155705 0.07650921686837839
0 0.7273341737912432 0.2074267903624948 0.05360521980796276 0.058345305710847145
0 0.7701943452179271 0.28231443916392746 0.042848127828011735 0.08819931363780739
0 0.6367709368165563 0.2632594326887208 0.044616565514738145 0.07323493603528469
0 0.8424061983177646 0.2262918141725686 0.03813481245018525 0.0763784091317296
0 0.7835823630944401 0.22943181587859843 0.051517631530183204 0.06581503663242759
0 0.6461526851888048 0.17016774154128886 0.04670415379251774 0.06576520511370419
0 0.7689069899815972 0.4751055580534628 0.05289439625423481 0.08402255036884189
0 0.5709987966305656 0.9320128479657388 0.01684717208182912 0.11241970021413276
0 0.5334486513916944 0.8533641858912412 0.057972455164693425 0.10440876536742509
0 0.4924789410348977 0.5492505353319058 0.04993983152827918 0.03854389721627409
0 0.11650913763372817 0.7847796716587558 0.06992394010237997 0.08847961593062653
0 0.1550656195986222 0.9324600017668031 0.05622197043132876 0.0915483417489861
0 0.3013983199899264 0.9098743549780941 0.047388047916203116 0.08182516228715185
0 0.3360732676766209 0.8518564255293639 0.052757617429497736 0.08081055893415239
0 0.3823940144249701 0.838411195406915 0.05446250922128324 0.09260031874102809
0 0.15673886883273164 0.9775160599571735 0.0703971119133574 0.044967880085653104
0 0.562575210589651 0.7237687366167024 0.03369434416365824 0.09421841541755889
0 0.562575210589651 0.6745182012847966 0.03369434416365824 0.07922912205567452
0 0.422426488026287 0.6192427899683268 0.05942174226036677 0.08194974108396022
0 0.435020407105333 0.6627541688928054 0.05613976102485157 0.0754946135153791
0 0.2638387484957882 0.5487152034261242 0.040312876052948254 0.03747323340471092
0 0.02316486161251504 0.7794432548179872 0.04632972322503008 0.057815845824411134
0 0.053938060003330277 0.8264417692916182 0.03203575587162622 0.06026239149971817
0 0.014139590854392299 0.8249464668094219 0.028279181708784597 0.09528907922912205
0 0.10980746089049338 0.9566381156316917 0.06799037304452467 0.0867237687366167
0 0.07219270391941955 0.9278530847283537 0.062466782311305716 0.09696395020520626
0 0.06558363417569193 0.9689507494646681 0.06859205776173286 0.06209850107066381
0 0.5271050982682277 0.705481772158875 0.04489012316421247 0.07965891890466371
0 0.47169140190756176 0.6497446076386911 0.043878101972792925 0.07001671566075476
0 0.5077468919984738 0.6511890078406797 0.056413318674325995 0.08191859638475807
0 0.9446450060168472 0.9721627408993576 0.05776173285198556 0.055674518201284794
0 0.9025270758122743 0.9603854389721628 0.07581227436823104 0.07922912205567452
0 0.825511432009627 0.9437901498929336 0.07340553549939831 0.11241970021413276
0 0.8001821963986632 0.8661128455130472 0.062968304668675 0.10874125213240111
0 0.6832129963898917 0.9544967880085653 0.060770156438026475 0.09100642398286937
0 0.5938628158844765 0.6161670235546038 0.02888086642599278 0.10813704496788008
0 0.6759143480570823 0.5825820762922964 0.054927415113754346 0.08939455624617905
0 0.719777919477592 0.5985676431081537 0.05339591861160395 0.09579985229603678
0 0.7662945027072786 0.6017270454746942 0.061382238748264706 0.12798828498117648
0 0.7681392404457925 0.7351025517623142 0.05450810216286226 0.09367098255259125
0 0.6321626273159964 0.7760047187346449 0.07750890024151029 0.09711967370121691
0 0.6332731648616126 0.9416488222698073 0.08243080625752106 0.11670235546038545
0 0.6191335740072202 0.8629550321199143 0.07942238267148015 0.11134903640256959
0 0.7513997860841342 0.9020264433287217 0.07323356132611226 0.12383020853173231
0 0.7698382228828887 0.8577651909944619 0.05423454451338811 0.08724699968321235
0 0.7384836492920437 0.7176573693153622 0.057826699863275495 0.11510917454321631
0 0.9128993396317078 0.7141073283413488 0.07089036835222028 0.09705115536297225
0 0.8534897713598074 0.5674518201284796 0.060770156438026475 0.07494646680942184
0 0.99338146811071 0.7955032119914347 0.013237063778580024 0.08779443254817987
0 0.9596742394004106 0.8666928507591962 0.07557675430000399 0.15060926170049238
0 0.9130599807644961 0.6043175706073208 0.06538402001418858 0.09485376728128207
0 0.953230523917105 0.7070269061597947 0.06005106696579213 0.11085143505632537