0 0.1433492454662529 0.1315239112339417 0.05466136292247164 0.085235327459809
0 0.09412206293462684 0.09629783897452326 0.0673274976448808 0.0886877990830297
0 0.17967032967032967 0.0478515625 0.06813186813186813 0.095703125
0 0.017582417582417582 0.0234375 0.035164835164835165 0.046875
0 0.019230769230769232 0.04736328125 0.038461538461538464 0.0947265625
0 0.36016483516483516 0.01611328125 0.0510989010989011 0.0322265625
0 0.32270586313463784 0.05108864242595579 0.054699725702533585 0.089141577459809
0 0.27344094177010725 0.09590660054980571 0.06568873669154482 0.08959617234956596
0 0.33320018681072444 0.11302121532673715 0.05408314028797457 0.0822829102153213
0 0.4423076923076923 0.22705078125 0.035164835164835165 0.0654296875
0 0.4063186813186813 0.22900390625 0.0478021978021978 0.0615234375
0 0.3814565521593752 0.189206088224936 0.03696385699986822 0.07278922563619794
0 0.35302197802197804 0.2314453125 0.03901098901098901 0.056640625
0 0.23763736263736263 0.24365234375 0.036813186813186814 0.0322265625
0 0.3273116963009574 0.18452580214288294 0.044589029827067195 0.06627150455902786
0 0.2906593406593407 0.25341796875 0.031868131868131866 0.0126953125
0 0.8804945054945055 0.04052734375 0.08406593406593407 0.0810546875
0 0.8459515324664263 0.12369398882380739 0.08517845468773275 0.11675890090664076
0 0.9418943833299314 0.10618731910918078 0.08180502583090507 0.10881002243971372
0 0.9664835164835165 0.013671875 0.06043956043956044 0.02734375
0 0.9837912087912087 0.04541015625 0.03241758241758242 0.0908203125
0 0.9714285714285714 0.1708984375 0.05714285714285714 0.1171875
0 0.9433309731683162 0.1965420801036687 0.053907726844128555 0.12034611797083339
0 0.9120746313672355 0.20159414091786132 0.048307723704452646 0.1093766330259549
0 0.8807692307692307 0.2138671875 0.05274725274725275 0.091796875
0 0.8258241758241758 0.23828125 0.056043956043956046 0.04296875
0 0.5521681210206615 0.12911170052280874 0.07461421521297056 0.10363172326137171
0 0.03131868131868132 0.56396484375 0.06263736263736264 0.1259765625
0 0.07868206036632772 0.5744376066774963 0.07424698786881456 0.1221636810168838
0 0.3524725274725275 0.28662109375 0.07197802197802197 0.0537109375
0 0.2501387799327881 0.5005086940744367 0.07044878749773834 0.12688738530546884
0 0.3053440315375768 0.6970494167897578 0.06082999800162919 0.09818066714917562
0 0.09333624989051309 0.7243971830452046 0.06250712173502737 0.10117854388263892
0 0.033215963320031024 0.6984821408960292 0.06020104095848787 0.14598677016019979
0 0.1447802197802198 0.97900390625 0.053296703296703295 0.0419921875
0 0.19862637362637361 0.986328125 0.05549450549450549 0.02734375
0 0.4 0.97900390625 0.051648351648351645 0.0419921875
0 0.28951052532870536 0.9023653875939028 0.062334489224748234 0.08360041888263892
0 0.2260989010989011 0.95263671875 0.0521978021978022 0.0947265625
0 0.20824459283260927 0.9043724791597013 0.05966396203761963 0.09129927016019979
0 0.24700142842568742 0.8801073847683385 0.059066558013091706 0.08639372791571187
0 0.3017163066903702 0.8589428592171233 0.051914110175219144 0.08512167873736987
0 0.32255907920336996 0.9120299535131737 0.04249672527443541 0.07692277308107642
0 0.29654198415703736 0.5278086176114158 0.06806598116107469 0.1638831115830296
0 0.34202031025944807 0.5448205402816633 0.07180663736205788 0.15330003229444455
0 0.3599569596102818 0.49773042422200625 0.06337306521998966 0.13342783612712683
0 0.4167393991704316 0.5752441706597667 0.06103140259695485 0.1186884796491754
0 0.37641573283663365 0.607741857067666 0.052645783929964246 0.10369909598185778
0 0.3497310328221609 0.6588628284655175 0.06303739089444707 0.09924814862712683
0 0.3679334406998619 0.6947577951613726 0.05837324703840855 0.07172256067122396
0 0.44478021978021975 0.6044921875 0.03021978021978022 0.099609375
0 0.4434065934065934 0.54541015625 0.03296703296703297 0.0908203125
0 0.4502747252747253 0.85791015625 0.019230769230769232 0.0654296875
0 0.37066136948461526 0.8886395460281044 0.04317085485908772 0.08964081532556434
0 0.40130592121864456 0.8772170992194239 0.04738423604939731 0.07126796578146699
0 0.3795478612788217 0.8148185665566416 0.044771253032362 0.08482619205902786
0 0.4563186813186813 0.8017578125 0.007142857142857143 0.068359375
0 0.09755984572299586 0.7909511763843757 0.06908134693840311 0.099498175816493
0 0.006593406593406593 0.89697265625 0.013186813186813187 0.0888671875
0 0.19996739531682411 0.648762723092579 0.0623317082911816 0.139241751638151
0 0.1648990910493016 0.7410239248286249 0.05166197117124899 0.11537238649288195
0 0.5302197802197802 0.29443359375 0.0989010989010989 0.0693359375
0 0.5602612234896794 0.4654750081301874 0.09735949279223295 0.18266591304088564
0 0.6197039755947849 0.45036306040711893 0.08468376737480837 0.17823687891766504
0 0.4909340659340659 0.4970703125 0.06208791208791209 0.19140625
0 0.4771978021978022 0.578125 0.03461538461538462 0.173828125
0 0.722299167688573 0.4111678562485904 0.09771712944137327 0.16315739278537345
0 0.9653846153846154 0.279296875 0.051648351648351645 0.0390625
0 0.9266483516483517 0.2841796875 0.05549450549450549 0.048828125
0 0.9335670753526595 0.3364454438708998 0.05842801027493471 0.1332232684267362
0 0.8937640874832655 0.36603617252328685 0.0719984512623681 0.17283128229444455
0 0.8797920851994961 0.453313094422115 0.07580902326202664 0.11344280775034732
0 0.8277107618086633 0.4350518523180133 0.07755050092696665 0.17891795473932304
0 0.8504690349636655 0.5433715522252833 0.0718477810756867 0.10156494953893236
0 0.7811649450534964 0.5610040520475705 0.07785059340601418 0.15355005948381084
0 0.672610098756951 0.5526086775112206 0.09757326901614091 0.14850895528537345
0 0.6268179180801272 0.6434500867297535 0.08837647010071394 0.16277098712908
0 0.5688508851130942 0.6410520986862855 0.09074968574236214 0.12479869835151924
0 0.49148351648351646 0.7626953125 0.06318681318681318 0.181640625
0 0.47335164835164834 0.96337890625 0.026923076923076925 0.0732421875
0 0.5612968759788856 0.76666498527448 0.07496907092854424 0.1397645357613717
0 0.6211500135557168 0.7374156110458994 0.06395128785448673 0.13638025337161475
0 0.5899128531446672 0.744420796860092 0.056105529041931 0.12043703694878483
0 0.6582571070336598 0.7409029937988291 0.07449634593921783 0.1475543060168838
0 0.6899608066197448 0.7534404228568803 0.08662262080719162 0.1519606103956166
0 0.5522137749368614 0.8204664334959426 0.08572790523718306 0.11678163065112868
0 0.5595182834281986 0.8651841490520407 0.0828080199796513 0.09908985692868955
0 0.8029380149830003 0.7088177088436209 0.06573390923305532 0.15012031760507827
0 0.7637338216049177 0.7154933133627398 0.07550893078297911 0.1388107030058594
0 0.8453156230893679 0.6617625039136731 0.06100263051190833 0.1157587921491754
0 0.8764582670170458 0.6171710267217243 0.06270852633035302 0.12168635638263903
0 0.8945585821303007 0.6706327535453355 0.07729433309511483 0.09690943448381084
0 0.9054161043226614 0.6017741406795802 0.041774642214705976 0.05932191833658862
0 0.9411248281698136 0.7145342395823147 0.06967875096293127 0.10440371806098092
0 0.8799028595668635 0.7442150706996757 0.054699725702533585 0.089141577459809
0 0.7619648197492465 0.8149890396403006 0.06416506407839469 0.10222329561610244
0 0.7094195955444768 0.9172650770527353 0.06519683031218707 0.09543281760507805
0 0.8380513492195653 0.8728018795073798 0.043691533323491745 0.08673385757005203
0 0.8065442588812982 0.8802839816993284 0.03866975281831266 0.07871678986966146
0 0.798901098901099 0.935546875 0.07252747252747253 0.12890625
0 0.8788963179649248 0.9213475157272364 0.056501528471133516 0.10483476669327274
0 0.9021978021978022 0.96923828125 0.04065934065934066 0.0615234375
0 0.8425824175824176 0.97119140625 0.056593406593406594 0.0576171875
0 0.5203296703296704 0.96142578125 0.05384615384615385 0.0771484375
0 0.6065934065934065 0.974609375 0.04725274725274725 0.05078125
0 0.6379120879120879 0.95458984375 0.05714285714285714 0.0908203125
0 0.9051624322794396 0.8555667419571411 0.05417904723812981 0.09204853521532108
0 0.9648351648351648 0.98193359375 0.046153846153846156 0.0361328125
0 0.989010989010989 0.96240234375 0.02197802197802198 0.0751953125
0 0.9373929961442198 0.8378648281319241 0.04946694990701342 0.05964013475941843
0 0.947885929353523 0.9276180674104615 0.04419303039786468 0.08187377481453995
0 0.7516483516483516 0.9697265625 0.04945054945054945 0.060546875
0 0.7184065934065934 0.9921875 0.06428571428571428 0.015625