0 0.011740331491712707 0.4477886977886978 0.023480662983425413 0.14373464373464373
0 0.25034530386740333 0.4748157248157248 0.09875690607734806 0.08968058968058969
0 0.20880655786347235 0.37223587223587223 0.11086399934883179 0.14987714987714987
0 0.16367403314917128 0.42076167076167076 0.07320441988950276 0.1977886977886978
0 0.11867009503473941 0.41584766584766586 0.07113227493641025 0.17567567567567569
0 0.07705498273157418 0.39373464373464373 0.07705799256647854 0.1683046683046683
0 0.05041436464088398 0.3605651105651106 0.10082872928176796 0.12653562653562653
0 0.04281767955801105 0.3286240786240786 0.0856353591160221 0.09950859950859951
0 0.04350828729281768 0.2524570024570025 0.08701657458563536 0.09213759213759214
0 0.32575583148233117 0.4133906633906634 0.11359739074000465 0.18427518427518427
0 0.316920601458218 0.30282555282555285 0.10645964050485426 0.10810810810810811
0 0.5117403314917127 0.4871007371007371 0.07596685082872928 0.06511056511056511
0 0.3868891357867447 0.3961916461916462 0.11177681462048611 0.12039312039312039
0 0.46723399399762955 0.3230958230958231 0.08902053159503909 0.13882063882063883
0 0.5091582716074672 0.30036855036855037 0.07374982988404084 0.171990171990172
0 0.49496435273452805 0.4312039312039312 0.08426360899664508 0.10565110565110565
0 0.32036433565635136 0.10933660933660934 0.06205305771440876 0.12039312039312039
0 0.2154426183005012 0.136977886977887 0.09764113571799052 0.0945945945945946
0 0.138326385763579 0.12530712530712532 0.08861494316830573 0.09336609336609336
0 0.3511740331491713 0.012899262899262898 0.07665745856353591 0.025798525798525797
0 0.2037292817679558 0.0472972972972973 0.09668508287292818 0.0945945945945946
0 0.07228891653161652 0.07923832923832924 0.09950527115958938 0.10687960687960688
0 0.49577127953588557 0.20577395577395577 0.07080401805492913 0.09705159705159705
0 0.4606735422656392 0.14742014742014742 0.06553513593649556 0.085995085995086
0 0.40654779285314346 0.13206388206388206 0.06315904097485761 0.09582309582309582
0 0.5804558011049724 0.4631449631449631 0.06146408839779006 0.11302211302211303
0 0.753316341037983 0.3906633906633907 0.07758920453566265 0.18181818181818182
0 0.892490846587441 0.31203931203931207 0.07434858629956873 0.22235872235872237
0 0.6016700250261567 0.3716216216216216 0.08300296264569175 0.19656019656019655
0 0.5714779005524862 0.37653562653562656 0.04350828729281768 0.15847665847665848
0 0.5604281767955801 0.3402948402948403 0.021408839779005526 0.14987714987714987
0 0.6280532622652862 0.3224815724815725 0.08243797845333588 0.16461916461916462
0 0.6619607465914908 0.2714987714987715 0.09997367135754814 0.13636363636363635
0 0.669951188413302 0.18488943488943488 0.09417357726993054 0.11179361179361179
0 0.8423059493704185 0.273955773955774 0.07948237952531523 0.1597051597051597
0 0.8088477736673639 0.23095823095823095 0.09241075849784683 0.1547911547911548
0 0.7809772716139879 0.171990171990172 0.09219833805990775 0.11425061425061425
0 0.9716850828729282 0.28746928746928746 0.05662983425414365 0.171990171990172
0 0.8169889502762431 0.0343980343980344 0.06353591160220995 0.0687960687960688
0 0.7185773480662984 0.04361179361179361 0.06422651933701658 0.08722358722358722
0 0.7714088397790055 0.051597051597051594 0.06906077348066299 0.10319410319410319
0 0.8933011049723757 0.0171990171990172 0.07113259668508287 0.0343980343980344
0 0.6166924894871576 0.0773955773955774 0.05920856255481204 0.10073710073710074
0 0.5752762430939227 0.06326781326781326 0.05110497237569061 0.12653562653562653
0 0.5597375690607734 0.06388206388206388 0.020027624309392266 0.12776412776412777
0 0.573549723756906 0.022113022113022112 0.04765193370165746 0.044226044226044224
0 0.46098066298342544 0.9514742014742015 0.08494475138121547 0.09705159705159705
0 0.538328729281768 0.7303439803439803 0.022790055248618785 0.11425061425061425
0 0.49852849517698505 0.7371007371007371 0.05922781500395714 0.13636363636363635
0 0.44464673296237756 0.6664619164619164 0.08283410152983339 0.10442260442260443
0 0.13328729281767956 0.9606879606879607 0.0856353591160221 0.07862407862407862
0 0.031077348066298343 0.707002457002457 0.062154696132596686 0.1683046683046683
0 0.07441344265968042 0.6296068796068796 0.07419897763285499 0.16584766584766586
0 0.1411536730629173 0.6320638820638821 0.07780667939739246 0.09950859950859951
0 0.1717528338323481 0.6726044226044227 0.09243979804590048 0.12039312039312039
0 0.02796961325966851 0.6142506142506142 0.05593922651933702 0.10319410319410319
0 0.2211577992071804 0.6996314496314496 0.06913778327724245 0.14250614250614252
0 0.17012510395295136 0.7893120393120393 0.08831540408620564 0.15601965601965603
0 0.3154813068924974 0.6922604422604423 0.06314452120083079 0.11302211302211303
0 0.3713698750770768 0.6646191646191646 0.06973180701765189 0.14004914004914004
0 0.892314725584569 0.7469287469287469 0.07617421684287769 0.16339066339066338
0 0.7912035042066232 0.730958230958231 0.07170704622767492 0.1375921375921376
0 0.7362738378276742 0.6160933660933661 0.09176371008512083 0.10319410319410319
0 0.8263121546961326 0.5423832923832924 0.09185082872928177 0.045454545454545456
0 0.975828729281768 0.6044226044226044 0.04834254143646409 0.09828009828009827
0 0.605485736302188 0.6357493857493858 0.10701010492318323 0.15724815724815724
0 0.5725138121546961 0.7082309582309583 0.04558011049723757 0.13144963144963145
0 0.5638812154696132 0.5896805896805897 0.028314917127071824 0.08353808353808354
0 0.5704419889502762 0.5485257985257985 0.04143646408839779 0.05773955773955774