0 0.4967166846862027 0.5190857852962284 0.07806519634739412 0.11282430565022075
0 0.526617293450165 0.44131494781499053 0.03781302453874154 0.09885273370386345
0 0.43918983514685517 0.37315691334505474 0.05096400617655278 0.13281580717112249
0 0.2714673913043478 0.5154738878143134 0.06358695652173912 0.1276595744680851
0 0.4974299977248336 0.15560707651471695 0.05401303085191473 0.06828916741414619
0 0.38731873634624814 0.12907749326431164 0.042088127753061144 0.07696937392473564
0 0.4332900773501418 0.14739050172880366 0.03770235929777246 0.06500360411005278
0 0.40773060859318694 0.05728820742757512 0.03606243892308053 0.06196711741213872
0 0.47984107687527666 0.09372078642426439 0.050720542646420494 0.058347722064739496
0 0.45496438957235663 0.1293663527364535 0.037692873705689474 0.06210225014486914
0 0.3726783852269543 0.304315287307506 0.03503871968189534 0.08121938869154345
0 0.5421195652173914 0.3839458413926499 0.035326086956521736 0.061895551257253385
0 0.30155071312963666 0.3192075280620949 0.07034583545425088 0.07834455663700145
0 0.3285443999235364 0.2663340149357772 0.041010656823405114 0.07978063940143239
0 0.2469007478520886 0.13919371086625257 0.05021816861791088 0.07087521166962561
0 0.3442934782608696 0.03868471953578337 0.034239130434782605 0.07736943907156674
0 0.01785542330761725 0.46199368232662813 0.03559484539887567 0.08513290488936537
0 0.15793843539078814 0.4325125828346738 0.053535951735626704 0.08855360092618887
0 0.05207716349024755 0.4595123207777967 0.041547811356219363 0.07789144766888659
0 0.087365308078437 0.4508347807928872 0.045939903539563495 0.09179145346035857
0 0.1255535073807931 0.16587680583683106 0.037136747988708904 0.05818873394704733
0 0.012228260869565218 0.18181818181818182 0.024456521739130436 0.05609284332688588
0 0.004619565217391305 0.4269825918762089 0.00923913043478261 0.05705996131528046
0 0.10215444798297921 0.4042011570840508 0.04308971394605259 0.05094727672656877
0 0.11124655174047408 0.35999592277584164 0.0355632267585987 0.07546172500541942
0 0.1660335145753863 0.3326304978274109 0.05135571496409306 0.08643918797242592
0 0.004891304347826087 0.140715667311412 0.009782608695652175 0.06286266924564797
0 0.048641304347826084 0.021760154738878143 0.04184782608695652 0.043520309477756286
0 0.08505434782608695 0.015473887814313346 0.024456521739130436 0.030947775628626693
0 0.14945652173913043 0.008704061895551257 0.029347826086956522 0.017408123791102514
0 0.35788043478260867 0.015473887814313346 0.03858695652173913 0.030947775628626693
0 0.4314683497938577 0.08874473069820091 0.049080622271728575 0.05531123536682532
0 0.4918655786910024 0.11550479654810429 0.03980038760458614 0.04197294936555672
0 0.6751674472690284 0.3300960924572956 0.042224087906252004 0.11855544742570293
0 0.5652173913043478 0.21615087040618955 0.010869565217391304 0.086073500967118
0 0.5942141189597911 0.16482219421255015 0.04642963011196235 0.07539549190189422
0 0.6119623515908529 0.10924869295730423 0.039866786749167556 0.06228242712184293
0 0.6487087905480885 0.13114798021743287 0.04263792974198615 0.07894865414576835
0 0.6303093951032689 0.070644800743207 0.054505919288341184 0.052860323844076205
0 0.6695652173913044 0.033365570599613155 0.04891304347826087 0.06673114119922631
0 0.8418478260869565 0.017891682785299807 0.058695652173913045 0.035783365570599614
0 0.8282491279888406 0.03870752835022283 0.05889801147168538 0.06676032963554818
0 0.8080315292036582 0.08682494559341379 0.04266638651823546 0.0876527160413196
0 0.7488429885933188 0.09738901078518887 0.03896638020506227 0.11925229994863644
0 0.7278210577649821 0.06567414974158316 0.046499191120571604 0.09667208764657506
0 0.7263586956521739 0.018858800773694392 0.05489130434782609 0.037717601547388784
0 0.5292505330058853 0.8892960137395383 0.05779840749383548 0.06280176919348289
0 0.5227934309120715 0.8254317766908931 0.03664385955228226 0.0736175775171172
0 0.5467391304347826 0.9613152804642167 0.02608695652173913 0.06963249516441006
0 0.5232028923036578 0.9506735561879917 0.029600775209171783 0.07980182826071412
0 0.4982013113716438 0.9481179619585947 0.030153739062124575 0.08274822647014135
0 0.46859913640640477 0.9509821995834957 0.030141091606013935 0.07887975451656301
0 0.5367798197054733 0.6994494336894571 0.03775294912221551 0.08047749192436625
0 0.4999987814198798 0.7500614734368006 0.033948601296128554 0.08016218221466193
0 0.44818373994354466 0.8555051176722126 0.03779721521860299 0.09401714376189042
0 0.44337920568053335 0.79854583927506 0.03986046302111217 0.06034819114505376
0 0.41156833716751157 0.7905916020506468 0.04212290825736565 0.08760767179707601
0 0.3536561025686791 0.6929735852749588 0.05676520266056731 0.07915268650770392
0 0.21509444095916147 0.6892242469000304 0.04480235719338131 0.07622747715755837
0 0.2027493722965184 0.7355770107137651 0.03719682340523506 0.07656397572654443
0 0.12766540172383775 0.6205826534358974 0.04692251854838886 0.05996664833182434
0 0.0983695652173913 0.9859767891682786 0.05543478260869565 0.02804642166344294
0 0.04974005209744945 0.8829100387942884 0.02964504130555964 0.09334148009823831
0 0.10964439255816782 0.9250989482142618 0.04412924250737633 0.03653059538913695
0 0.02340032762944168 0.8865281008788476 0.02852014241548822 0.08164597574901634
0 0.12509223758464355 0.8306605504462585 0.036078248243219084 0.06680270735411165
0 0.3715359149087837 0.843834730297713 0.034504727013108756 0.08407569841248362
0 0.403342040625764 0.8503382905395345 0.042062832840839615 0.06923243001757892
0 0.41287206255109443 0.9400788976239752 0.036122514339606816 0.08034235919163582
0 0.3546376801733309 0.9101140957916647 0.04106757037590361 0.0971887631925349
0 0.2844183192801878 0.8704542586904465 0.0431181707223019 0.05965133862212003
0 0.25929834962308224 0.9147813647760651 0.042088127753061144 0.07696937392473559
0 0.30412423962072443 0.9151126019667705 0.03883042005187154 0.07766622644766932
0 0.3324530892625372 0.9382479394179144 0.0387766683634007 0.0612252206449614
0 0.22862977025228415 0.9238417808370442 0.034441489732555064 0.06473333864459205
0 0.5671195652173913 0.9182785299806576 0.014673913043478261 0.08800773694390715
0 0.8777173913043478 0.960348162475822 0.07173913043478261 0.07930367504835589
0 0.8951591539521777 0.8656678561273962 0.046050568780532826 0.125640583054169
0 0.8552688343987493 0.8792816689724061 0.04436322044542551 0.10809732653033619
0 0.9685554138378576 0.796819707121806 0.0486351617957177 0.08524684876281395
0 0.9820652173913044 0.6968085106382979 0.035869565217391305 0.09187620889748549
0 0.9701654776802331 0.8738181978097841 0.03346519845178502 0.09849237974991566
0 0.8302955290670379 0.8022805117587479 0.0389442471568684 0.11248247402987435
0 0.7712901953943578 0.7857877953975965 0.052461642669998275 0.09233198439128025
0 0.8639390104844941 0.7891158080933325 0.04163001982093938 0.103036515367146
0 0.8591344762214826 0.7321565296961798 0.046982593964914894 0.07834189011132155
0 0.9175518843609587 0.6519149250957512 0.04916915446450404 0.08239053904187378
0 0.7774625485497324 0.6794617886109164 0.036726068017002414 0.09876264521537628
0 0.8073554338295723 0.6824227810385046 0.03676084852130716 0.10940094308771671
0 0.8426499021458173 0.6756794770303844 0.047519748497729136 0.07645269837877575
0 0.9517151300590767 0.63154188076162 0.03998061385416448 0.09709867470404818
0 0.8684782608695653 0.601063829787234 0.042391304347826085 0.043520309477756286
0 0.9372282608695652 0.5875241779497099 0.0483695652173913 0.01644100580270793
0 0.8334239130434783 0.6121856866537717 0.0375 0.06576402321083172
0 0.8013586956521739 0.6063829787234043 0.04728260869565217 0.05415860735009671
0 0.5828804347826086 0.5933268858800773 0.04619565217391304 0.02804642166344294
0 0.9875 0.9443907156673114 0.025 0.10735009671179883
0 0.9858695652173913 0.8617021276595744 0.02826086956521739 0.08897485493230174
0 0.9801630434782609 0.8293036750483559 0.03967391304347826 0.0725338491295938
0 0.9733695652173913 0.6068665377176016 0.042391304347826085 0.0551257253384913
0 0.9894021739130435 0.6276595744680851 0.021195652173913043 0.06576402321083172