0 0.29520472381116714 0.1260949336913085 0.0762834496650419 0.12152520778008713
0 0.019090909090909092 0.14870689655172414 0.038181818181818185 0.1206896551724138
0 0.006363636363636364 0.2526939655172414 0.012727272727272728 0.10883620689655173
0 0.050309479734526055 0.2745038247647945 0.0642891834705805 0.13345245457862706
0 0.010303030303030303 0.37176724137931033 0.020606060606060607 0.10991379310344827
0 0.04501070649617697 0.41329988334837253 0.05624113435612509 0.11555861327354001
0 0.1862695869364545 0.27347337697495655 0.07244608831132306 0.100749933543787
0 0.27157687430416594 0.40476612261899964 0.0688414611566471 0.10368155585921102
0 0.08446282943987708 0.40411084923673063 0.06361964990114453 0.1269367479530368
0 0.3233333333333333 0.5247844827586207 0.04666666666666667 0.04956896551724138
0 0.40499790570932803 0.44647599284631373 0.06312244502137108 0.07629019622889889
0 0.38095954663825393 0.48938165469260925 0.05892233608786379 0.08024921536700838
0 0.47333333333333333 0.5264008620689655 0.05454545454545454 0.04633620689655173
0 0.5080483636379615 0.09662501155740785 0.06241810751625246 0.12791395539151149
0 0.5092771985853016 0.2181914953998745 0.07311562188075903 0.10726564016937726
0 0.4896196340050068 0.3700204527882715 0.04203726973600059 0.08746460226427472
0 0.5224242424242425 0.33997844827586204 0.05454545454545454 0.07219827586206896
0 0.3851458520287842 0.21716566399070264 0.04788323179802732 0.12778699637734547
0 0.35770386352038935 0.23666556559053953 0.04922229893689925 0.140818409628526
0 0.3074424602936537 0.3291180693692481 0.08341865218378933 0.10811885970096323
0 0.3245957530128646 0.2781688957862059 0.06972257127066755 0.13174898662273243
0 0.29878787878787877 0.5010775862068966 0.06424242424242424 0.09698275862068965
0 0.49309355954631495 0.41710801489434873 0.04487715387617754 0.06831899746119137
0 0.8012121212121213 0.045797413793103446 0.08121212121212121 0.09159482758620689
0 0.7591608314857802 0.14662074656019247 0.08355617693776918 0.12212748039061841
0 0.8371983017730064 0.12400761758563894 0.05386978606802889 0.12074578677117902
0 0.8680529648189537 0.09614977782091767 0.04301358929508393 0.12523030888986486
0 0.7131380968148515 0.26994682995731906 0.0531473583624467 0.10884214911110612
0 0.759764670132221 0.20848157468832232 0.05900696670569756 0.0888699050221808
0 0.7942905007502146 0.23846206440653828 0.07054327587530762 0.0919786757359819
0 0.5784848484848485 0.27478448275862066 0.05757575757575758 0.10560344827586207
0 0.5651515151515152 0.505926724137931 0.03090909090909091 0.07219827586206896
0 0.6185028794997016 0.5028162282908661 0.03891175726063452 0.07751537948115093
0 0.6415151515151515 0.521551724137931 0.04666666666666667 0.05603448275862069
0 0.6139393939393939 0.5404094827586207 0.04242424242424243 0.018318965517241378
0 0.8940500979161844 0.10045715154122681 0.05124454592643098 0.10007089130330077
0 0.9086817168064701 0.12131802886943814 0.05327430428919742 0.12177318359386463
0 0.8320901046865363 0.4592874960830993 0.04024024557227732 0.08946920652543489
0 0.8619827826872466 0.4368928714291773 0.039496660212236585 0.0754103964515689
0 0.959462328061813 0.09934704287403184 0.06444035450578446 0.08716643706628628
0 0.9803030303030303 0.2543103448275862 0.03939393939393939 0.08189655172413793
0 0.9845454545454545 0.12015086206896551 0.03090909090909091 0.09375
0 0.9851515151515151 0.5 0.029696969696969697 0.05387931034482758
0 0.8660793253080815 0.3897167351239117 0.054701069499897954 0.08205306209132503
0 0.8682133382161424 0.3265524685599361 0.03631825360072457 0.06007324263396235
0 0.917351852029583 0.3176379905078157 0.06810845462383579 0.09070033199224158
0 0.9034366831986425 0.3780093983397666 0.035148447697520166 0.06428320869312691
0 0.9780273632452559 0.2130176120251075 0.043281127429809475 0.09079773965338625
0 0.9187878787878788 0.53125 0.03393939393939394 0.036637931034482756
0 0.7353946117304239 0.3160173142563055 0.06078283321496256 0.08471012834722753
0 0.7083312390426614 0.35863512992020735 0.04934173349041554 0.09129963349549541
0 0.3981818181818182 0.5926724137931034 0.08242424242424243 0.08620689655172414
0 0.5296969696969697 0.6804956896551724 0.04 0.07219827586206896
0 0.5378787878787878 0.6341594827586207 0.023636363636363636 0.07435344827586207
0 0.5206060606060606 0.6244612068965517 0.05818181818181818 0.10452586206896551
0 0.5066666666666667 0.599676724137931 0.06181818181818182 0.10021551724137931
0 0.4301115494711657 0.6698713222733521 0.037231100196432554 0.09137343201817341
0 0.46947750807003463 0.6386168656124365 0.03886944195171771 0.07320503465356473
0 0.38917225580738457 0.7071779765327263 0.046438376386863225 0.10397972105719945
0 0.39881035372197127 0.8048988002400693 0.06032487619011094 0.09974614585956844
0 0.39579369697289235 0.8654443853631201 0.055892033057560624 0.07999826844595381
0 0.3344198258983379 0.8253050818629802 0.0634080733565602 0.10538502381510578
0 0.30937632097873463 0.7547010617264279 0.06162162802006606 0.1084672142831625
0 0.3282889237337446 0.8021251738454709 0.05157555702453189 0.07210383930820125
0 0.35863120189169667 0.7339331353984456 0.051265703580889804 0.10222606371709388
0 0.32272727272727275 0.5894396551724138 0.08545454545454545 0.07974137931034483
0 0.2606060606060606 0.5700431034482759 0.10303030303030303 0.040948275862068964
0 0.16333333333333333 0.5689655172413793 0.08424242424242424 0.03879310344827586
0 0.17397757985257736 0.6060223108339615 0.06454614277807691 0.09794229913525179
0 0.10575757575757576 0.6196120689655172 0.07333333333333333 0.1400862068965517
0 0.036060606060606064 0.6018318965517241 0.07212121212121213 0.10452586206896551
0 0.016666666666666666 0.6266163793103449 0.03333333333333333 0.1540948275862069
0 0.0523634632057456 0.6570084635382177 0.07993039212863495 0.12290393029224932
0 0.09433281605913152 0.6998314135400039 0.09513480141629606 0.12954659593200546
0 0.22121212121212122 0.5765086206896551 0.07515151515151515 0.05387931034482758
0 0.011212121212121211 0.724676724137931 0.022424242424242423 0.15625
0 0.019696969696969695 0.9154094827586207 0.03939393939393939 0.06357758620689655
0 0.09903182086116272 0.8997103647964423 0.049320575835957135 0.0891444610817023
0 0.04945428571770938 0.9533446704347694 0.04870393640266726 0.08801668549059494
0 0.17275810452897475 0.8844528718561928 0.06510988807522057 0.09368214369187641
0 0.18024616403290367 0.831073969799836 0.05592376953924844 0.08323102706664347
0 0.2465615074413862 0.9230244998765601 0.06522625517474201 0.10553559196773872
0 0.2874146367603362 0.8636524230679121 0.06699154285677761 0.10029822908588866
0 0.3267677945723561 0.8953865701262337 0.05098007524570042 0.07313123613088698
0 0.3536369926833755 0.9033902114943643 0.052139302321675685 0.0678436838648261
0 0.3756713522271341 0.9720900061381783 0.057371692404407384 0.045666077977897096
0 0.43323875293528213 0.9064885833326952 0.05062790649314124 0.0989431157121934
0 0.19235219614589424 0.7390894317091751 0.0845355639508475 0.09852096260731615
0 0.11581025344635842 0.7944183718414406 0.0934647231793235 0.1444822346759245
0 0.01 0.9418103448275862 0.02 0.10129310344827586
0 0.13663555923199083 0.924590769662569 0.04514162455690811 0.09525865263360517
0 0.09515151515151515 0.9703663793103449 0.048484848484848485 0.059267241379310345
0 0.15454545454545454 0.9832974137931034 0.04363636363636364 0.0334051724137931
0 0.18437153294318415 0.9351732221030085 0.06496178449401145 0.07859593679532494
0 0.2793939393939394 0.9515086206896551 0.07151515151515152 0.09698275862068965
0 0.3006060606060606 0.9665948275862069 0.06303030303030303 0.0668103448275862
0 0.5721212121212121 0.6223060344827587 0.044848484848484846 0.14547413793103448
0 0.6293939393939394 0.6201508620689655 0.10727272727272727 0.1411637931034483
0 0.69 0.6223060344827587 0.08666666666666667 0.14547413793103448
0 0.7706795814257958 0.6564326913135554 0.10874318425758936 0.15866800376395637
0 0.720053208659652 0.786061919230195 0.08419090657152262 0.1867826528044115
0 0.8035595589152701 0.7306945942829519 0.10981778071573059 0.14475976184272307
0 0.8244589164915069 0.8533238886558044 0.07752423990485595 0.18623056957809117
0 0.786051187251258 0.9103400355138155 0.08037470287226219 0.1681625509819045
0 0.7896969696969697 0.9682112068965517 0.08 0.06357758620689655
0 0.7063636363636364 0.9509698275862069 0.10121212121212121 0.0980603448275862
0 0.8898817254643647 0.851136193781713 0.06342616355702375 0.16891242063779138
0 0.9593939393939394 0.7801724137931034 0.08121212121212121 0.16163793103448276
0 0.9742424242424242 0.6174568965517241 0.051515151515151514 0.13577586206896552
0 0.983030303030303 0.8626077586206896 0.03393939393939394 0.12176724137931035
0 0.6006060606060606 0.9542025862068966 0.0993939393939394 0.09159482758620689
0 0.6326951625364687 0.8945070099285293 0.07725976922412539 0.1592909144056774
0 0.5866666666666667 0.8577586206896551 0.07393939393939394 0.15517241379310345