0 0.49714916332347747 0.17158185869136772 0.047192540574132816 0.11768467041608527
0 0.40347577379181143 0.17050913146846822 0.07639981676456349 0.13104313739393975
0 0.3012192588762392 0.1172419479701617 0.06043817583563754 0.1711448402361379
0 0.39344334907750156 0.2659439855378888 0.07246724596578161 0.10068259626308712
0 0.5715151515151515 0.2828663793103448 0.03636363636363636 0.07435344827586207
0 0.5651515151515152 0.25969827586206895 0.04909090909090909 0.08405172413793104
0 0.5548484848484848 0.21767241379310345 0.0696969696969697 0.11637931034482758
0 0.304616910667323 0.2343952105906239 0.047565866981150534 0.09400912842065266
0 0.27575757575757576 0.34051724137931033 0.06303030303030303 0.03879310344827586
0 0.1781818181818182 0.03987068965517242 0.06181818181818182 0.07974137931034483
0 0.031212121212121212 0.02586206896551724 0.04787878787878788 0.05172413793103448
0 0.06575757575757575 0.03017241379310345 0.04666666666666667 0.0603448275862069
0 0.09151515151515152 0.047952586206896554 0.04363636363636364 0.09590517241379311
0 0.11498256843935348 0.09466938742776555 0.051702502951282606 0.08345274824572772
0 0.08958927398856366 0.14887954027498626 0.06143120912993998 0.08718717976708147
0 0.02851161007642745 0.07025034105049427 0.046737651003276315 0.07134846351953354
0 0.19116038709385624 0.21019726576872552 0.07242493065686466 0.0963722514355009
0 0.10679101692468128 0.21877001692696493 0.07249898244746929 0.10391535488377678
0 0.20484848484848484 0.33728448275862066 0.03393939393939394 0.04525862068965517
0 0.17696969696969697 0.3254310344827586 0.055757575757575756 0.06896551724137931
0 0.08709864840870396 0.3099316463715836 0.057720793702971784 0.07945594898105643
0 0.03761854466993334 0.28527005551430085 0.05900696670569756 0.08706176154191535
0 0.023333333333333334 0.3485991379310345 0.04666666666666667 0.022629310344827586
0 0.11636363636363636 0.3442887931034483 0.037575757575757575 0.03125
0 0.11779378355183774 0.17890923890344565 0.0480555604876897 0.08218703470108212
0 0.9667808118065684 0.037512293616461204 0.05160729350621957 0.07375447238365876
0 0.786060606060606 0.07758620689655173 0.09575757575757576 0.15517241379310345
0 0.8282318021257223 0.1295327403727725 0.09841899630010051 0.15264603935146828
0 0.5996969696969697 0.2699353448275862 0.02 0.10237068965517242
0 0.6287878787878788 0.31573275862068967 0.0503030303030303 0.08836206896551724
0 0.6696969696969697 0.3098060344827586 0.06181818181818182 0.10021551724137931
0 0.6018181818181818 0.3270474137931034 0.024242424242424242 0.06573275862068965
0 0.3536071636378016 0.6279197940487513 0.07230549610334823 0.14590986239645076
0 0.1866564023629433 0.679119002829492 0.06284432805941641 0.10772402681069901
0 0.3076774164523163 0.7975059114394715 0.07553986430500145 0.10514971387213097
0 0.21267024919539312 0.8087627164832994 0.0531262007079883 0.10506718149624193
0 0.2571976135403841 0.8746762171339129 0.05059617001145356 0.0941659012021103
0 0.17536578544097817 0.8100671698920615 0.04876740936604261 0.09299425132633916
0 0.17393939393939395 0.9730603448275862 0.05333333333333334 0.05387931034482758
0 0.10393939393939394 0.9665948275862069 0.04303030303030303 0.0668103448275862
0 0.05617522298576667 0.9375893983485364 0.0619843755998545 0.08183060328889023
0 0.0682002229057876 0.6083026601044184 0.05454989846469399 0.1266816147467558
0 0.025679237309484747 0.5850792328513845 0.04948983707162466 0.10487905415849276
0 0.030303030303030304 0.6546336206896551 0.06060606060606061 0.08297413793103449
0 0.016666666666666666 0.7063577586206896 0.03333333333333333 0.08081896551724138
0 0.005454545454545455 0.6848060344827587 0.01090909090909091 0.09375
0 0.006666666666666667 0.740301724137931 0.013333333333333334 0.07758620689655173
0 0.5736363636363636 0.7667025862068966 0.03212121212121212 0.09590517241379311
0 0.5460269621428046 0.7618599885769903 0.055412918378250735 0.09118397903175263
0 0.465181344197089 0.7512086380706953 0.0608780426600256 0.0925437562452727
0 0.5032566858739926 0.8566792828135662 0.04876740936604261 0.09299425132633916
0 0.45582374246582963 0.8396705363515796 0.05715704840582806 0.0837349392523511
0 0.6193939393939394 0.7607758620689655 0.059393939393939395 0.08836206896551724
0 0.6356795518329906 0.9131467700501164 0.06406702809876688 0.10886432213017862
0 0.6916787496280882 0.6443542468658376 0.04044124328963238 0.1087190806417064
0 0.7555577380581018 0.7155814381453658 0.0767308278626644 0.10305725057092092
0 0.798950788668193 0.7426234489569745 0.06215363683552189 0.09907198259923507
0 0.8053263803243033 0.5564361943360574 0.0962834496650419 0.12022438947569715
0 0.844045653996945 0.7816129717133202 0.06198437559985464 0.08183060328889023
0 0.9060798562789508 0.6392742894114363 0.07747441322270485 0.1170972258168675
0 0.8625577950442418 0.9033216499652079 0.06213247918106363 0.09691681018544196
0 0.9611165380579418 0.6847078864845225 0.05389094372248716 0.1212623291559815
0 0.8356265004350917 0.7127159292310166 0.06332344273872657 0.09482434688423191
0 0.8659438652519682 0.6819403935605495 0.0682459793778159 0.10261828678283952
0 0.9160513445130108 0.9206439419901096 0.03944376607609063 0.06881703643024259