0 0.08950201884253028 0.6022727272727273 0.08748317631224764 0.034688995215311005
0 0.08324898021623023 0.39075948690688894 0.08685236070410132 0.129313027310213
0 0.14270579553955728 0.26785657488678893 0.08916769415258852 0.1200223257191602
0 0.055942623811390015 0.27564771651792275 0.05589677523976754 0.12610824871736692
0 0.020188425302826378 0.29904306220095694 0.040376850605652756 0.13157894736842105
0 0.20600499339036116 0.14098196607113275 0.056005037862027277 0.11182385083156551
0 0.1487763148442355 0.19872832508134647 0.06313926650343353 0.08873643505362264
0 0.11451473479168499 0.1581972487172844 0.07655115963133155 0.08893364480170832
0 0.3977647445139889 0.28374192812865656 0.05979328907837424 0.12293774657002235
0 0.35915945165950575 0.166226015690635 0.07586406364695009 0.10554071808527299
0 0.4899057873485868 0.5950956937799043 0.07940780619111709 0.04904306220095694
0 0.5151413189771198 0.4910287081339713 0.028936742934051143 0.1590909090909091
0 0.48035183606656534 0.5098780290142394 0.062362668022203964 0.1541775632386108
0 0.462746781421399 0.4122270574341431 0.05597674091345279 0.14517733559838364
0 0.4989905787348587 0.4007177033492823 0.06123822341857335 0.145933014354067
0 0.5013458950201884 0.3145933014354067 0.05652759084791386 0.11722488038277512
0 0.4753348622336246 0.2626069214596218 0.07702173037119353 0.10089536728974674
0 0.48509244436953375 0.17641874922162556 0.049369676909057636 0.11351950433072842
0 0.4261083488511741 0.17656876876392041 0.06866401780614582 0.09288230459878996
0 0.4327052489905787 0.038875598086124404 0.05518169582772544 0.07775119617224881
0 0.4720726783310902 0.03110047846889952 0.0423956931359354 0.06220095693779904
0 0.4740144880550775 0.06617903325489062 0.06200989672776457 0.06002830108233077
0 0.00908479138627187 0.2888755980861244 0.01816958277254374 0.10167464114832536
0 0.04428090896277382 0.04395578397195323 0.03922379553253368 0.06005189618522619
0 0.013122476446837146 0.04366028708133971 0.026244952893674293 0.08732057416267942
0 0.18677646969267067 0.08459893707476851 0.0649228236637851 0.08296458110913696
0 0.22039030955585465 0.04425837320574163 0.051816958277254375 0.08851674641148326
0 0.9693808882907133 0.5544258373205742 0.06123822341857335 0.1303827751196172
0 0.9499018790068979 0.42046905616948826 0.0751016136400079 0.1543051038868521
0 0.7765814266487214 0.5759569377990431 0.0901749663526245 0.08732057416267942
0 0.8496726828397028 0.421315208605807 0.0812664038531157 0.1406477278996509
0 0.7944556158262591 0.38533621883453156 0.0966971395112962 0.14105394494727003
0 0.6541049798115747 0.5544258373205742 0.1009421265141319 0.1303827751196172
0 0.6875416958065459 0.41129608972000686 0.06558623435071644 0.15093739199142167
0 0.5662853297442799 0.48504784688995217 0.07335127860026917 0.2069377990430622
0 0.5810901749663526 0.6058612440191388 0.10296096904441454 0.02751196172248804
0 0.9327577015179741 0.15777525002866213 0.060527442136741785 0.10752684553526151
0 0.9875504710632571 0.12440191387559808 0.02489905787348587 0.13636363636363635
0 0.8990254351675399 0.061198250720431335 0.055379147425919456 0.11295035398052482
0 0.85874992970746 0.15650239369544822 0.08032526237339142 0.11672428292357427
0 0.7958645519389126 0.11953034019917835 0.09771363501358106 0.13282007740533217
0 0.7151908164012921 0.10882154529949893 0.07804283752460307 0.14388789914683994
0 0.6893578480456826 0.22883908845177697 0.08921475122657477 0.12121849796796404
0 0.6240582542690939 0.15101710697084195 0.07830641984310863 0.11651527562404089
0 0.8186406460296097 0.028110047846889953 0.0693135935397039 0.056220095693779906
0 0.8775235531628532 0.01674641148325359 0.063257065948856 0.03349282296650718
0 0.9609690444145357 0.06578947368421052 0.07806191117092867 0.13157894736842105
0 0.5491251682368775 0.19497607655502391 0.039030955585464336 0.09569377990430622
0 0.573062488961036 0.16106181300431535 0.05680500811979267 0.13215877906123052
0 0.36473755047106327 0.9120813397129187 0.1009421265141319 0.17583732057416268
0 0.28467466191381385 0.9006917984700942 0.11413256922547224 0.15834591167783182
0 0.25731417419784386 0.7784378291382272 0.10432069901797637 0.1644779086729875
0 0.3148251951878868 0.7135144366351905 0.08579341977895473 0.18757712200237803
0 0.14657893760162777 0.748206540104121 0.0987535022924022 0.21036226627804752
0 0.04609690444145357 0.8409090909090909 0.09219380888290714 0.16507177033492823
0 0.07352430668002002 0.8504781511680065 0.0947441141804115 0.17659076691216236
0 0.09757738896366083 0.6836124401913876 0.08209959623149395 0.12799043062200957
0 0.2742261103633917 0.6453349282296651 0.10430686406460296 0.05143540669856459
0 0.3361372812920592 0.652511961722488 0.06662180349932706 0.06578947368421052
0 0.5090847913862718 0.6776315789473685 0.04104979811574697 0.11602870813397129
0 0.45053835800807535 0.6429425837320574 0.07873485868102288 0.04665071770334928
0 0.847913862718708 0.9742822966507177 0.08882907133243607 0.05143540669856459
0 0.879878869448183 0.9084928229665071 0.09488559892328398 0.18301435406698566
0 0.9606325706594886 0.9043062200956937 0.07873485868102288 0.16028708133971292
0 0.9431202648994743 0.7868469856386179 0.06344036907276261 0.13046312556206768
0 0.8630865682722492 0.793941436271307 0.0963865001188044 0.16723039622126518
0 0.9885598923283984 0.7422248803827751 0.02288021534320323 0.1638755980861244
0 0.7419246298788694 0.9766746411483254 0.12314939434724091 0.04665071770334928
0 0.7873485868102288 0.9330143540669856 0.11305518169582772 0.1339712918660287
0 0.7642386383109605 0.8363401064664595 0.0952100732691492 0.1373260900011695
0 0.7810692435400026 0.757758779871801 0.10594432483095759 0.12056788096646827
0 0.7140688343836805 0.8850165687366017 0.05632490055676781 0.18810019835563266
0 0.667900403768506 0.9066985645933014 0.07200538358008075 0.18660287081339713
0 0.6211305518169583 0.9677033492822966 0.07806191117092867 0.0645933014354067
0 0.5716689098250336 0.9647129186602871 0.06123822341857335 0.07057416267942583
0 0.6196138233634161 0.8924127327671433 0.07890862498176664 0.19996865664093086
0 0.5407133243606999 0.8534688995215312 0.02220726783310902 0.14473684210526316
0 0.6150740242261103 0.6752392344497608 0.06729475100942127 0.11124401913875598
0 0.6372812920592194 0.6375598086124402 0.0901749663526245 0.03588516746411483
0 0.8146029609690444 0.6519138755980861 0.059892328398384924 0.0645933014354067