0 0.5957592339261286 0.3418491484184915 0.10807113543091655 0.15085158150851583
0 0.5159382789806869 0.38075726223575945 0.12363812287054023 0.10734451592471307
0 0.37527374345550996 0.395805875197306 0.10057942449254659 0.12504836213149828
0 0.38393632787447246 0.2601994724590899 0.10407244379834545 0.1750968458588546
0 0.2826380010446025 0.2954233877699839 0.08041300200675519 0.22660874506341272
0 0.2090151337165827 0.28623507325901526 0.11678878090299054 0.20209046605719963
0 0.3024310051580158 0.1547637096095439 0.09759530856054133 0.18276196980114762
0 0.2862517099863201 0.06082725060827251 0.11696306429548564 0.12165450121654502
0 0.21165644462281097 0.14648557794357267 0.13133876935678246 0.16033650436211971
0 0.292749658002736 0.01338199513381995 0.1012311901504788 0.0267639902676399
0 0.49555403556771543 0.0827250608272506 0.10738714090287278 0.1654501216545012
0 0.44493844049247605 0.04805352798053528 0.08276333789329686 0.09610705596107055
0 0.512311901504788 0.026155717761557177 0.06703146374829001 0.052311435523114354
0 0.6029411764705882 0.10401459854014598 0.09370725034199727 0.20802919708029197
0 0.05904524092074532 0.41373319917049134 0.10118097566789878 0.17110693436521227
0 0.032147742818057455 0.3333333333333333 0.06429548563611491 0.15085158150851583
0 0.011627906976744186 0.24939172749391728 0.023255813953488372 0.1435523114355231
0 0.07900136798905609 0.07907542579075426 0.09917920656634747 0.15815085158150852
0 0.15978081496634333 0.0667165271431073 0.09810259641082408 0.13079081073517926
0 0.10157318741450068 0.019464720194647202 0.08823529411764706 0.038929440389294405
0 0.5642954856361149 0.02068126520681265 0.06155950752393981 0.0413625304136253
0 0.774281805745554 0.48965936739659366 0.05471956224350205 0.040145985401459854
0 0.8088235294117647 0.45742092457420924 0.06087551299589603 0.10462287104622871
0 0.9439499280219309 0.3812481692724128 0.06871124060267593 0.0956728067331307
0 0.873094056033565 0.36437777367416224 0.051290192916171325 0.1019768248468397
0 0.796180387199675 0.3182975090778638 0.05338380205752611 0.119178593245729
0 0.7431704073954046 0.2845317072478921 0.050637619496483946 0.1345683328324473
0 0.8934851246214073 0.4395016540895056 0.06765423158313143 0.10280193857755027
0 0.8950068399452804 0.48418491484184917 0.09233926128590972 0.051094890510948905
0 0.836867453288535 0.28877739286307774 0.055808800133158136 0.1122195996298823
0 0.7148301506206122 0.176152723077638 0.04870970482226778 0.10528618342619005
0 0.7588127165588981 0.13521582162478707 0.05379844210625023 0.1289109533430526
0 0.8482145896944595 0.1919728268427262 0.05097921287962829 0.094677554773847
0 0.8002933471741719 0.18081096555817897 0.051694628516028386 0.12743920098802758
0 0.7419975145104241 0.10367488886168363 0.04293697301024156 0.08157634439504079
0 0.9579343365253078 0.298661800486618 0.08413132694938441 0.13746958637469586
0 0.9746864407031669 0.1988687270962126 0.04514444661264445 0.08548118677439671
0 0.9893980848153214 0.22627737226277372 0.021203830369357045 0.08029197080291971
0 0.5694254445964432 0.9787104622871047 0.0786593707250342 0.04257907542579075
0 0.5869396921923596 0.6407111987753065 0.06127055190864155 0.12863016858803872
0 0.6152530779753762 0.5961070559610706 0.06908344733242135 0.09732360097323602
0 0.47001744569234216 0.5916574002285501 0.0892727020012127 0.11517144121775585
0 0.47332421340629277 0.537712895377129 0.06839945280437756 0.05596107055961071
0 0.3698848901186313 0.6138949201259906 0.07346858895238115 0.1434583386647294
0 0.2183801021569349 0.6327377289404523 0.05875209826969524 0.11742605613569025
0 0.1753712941237464 0.6319718235225319 0.05098941732849531 0.07894753872998272
0 0.23247705605180025 0.8829206558751024 0.06995516074884825 0.1248698870251015
0 0.20686216905943822 0.7497428913329636 0.048917024846629784 0.11015236347485186
0 0.16698316640853716 0.7498107199129193 0.04476122767227661 0.10842540377696726
0 0.13770527118055936 0.6678426608470819 0.07396567235379689 0.10721719564262545
0 0.12615940367562922 0.5824462597976298 0.05097921287962813 0.094677554773847
0 0.08150345153904408 0.647926734279506 0.06245162983810092 0.09247409468022123
0 0.017783857729138167 0.6447688564476886 0.03556771545827633 0.08029197080291971
0 0.02222982216142271 0.7317518248175182 0.04445964432284542 0.15693430656934307
0 0.036935704514363885 0.9130170316301703 0.07387140902872777 0.13746958637469586
0 0.1167571041407318 0.8459472383357141 0.06465910344050373 0.09637893705957715
0 0.17786074993960163 0.851800616855178 0.04732130686844611 0.13657607728534563
0 0.12265309710091797 0.758381574871956 0.05997480175637841 0.09821654328390247
0 0.14480168755228182 0.9231767210243195 0.05321810759038749 0.1312589742530968
0 0.09603585826124522 0.9164003709537811 0.0656957035623141 0.12070983730288629
0 0.1323529411764706 0.9653284671532847 0.06361149110807114 0.06934306569343066
0 0.08105335157318741 0.9671532846715328 0.073187414500684 0.06569343065693431
0 0.9242624550981113 0.6959980695730557 0.05875209826969524 0.11742605613569025
0 0.8812536470649228 0.6952321641551353 0.05098941732849531 0.07894753872998272
0 0.9380984952120383 0.9416058394160584 0.0704514363885089 0.11678832116788321
0 0.9127445220006147 0.813003231965567 0.048917024846629784 0.11015236347485186
0 0.8728655193497137 0.8130710605455226 0.04476122767227661 0.10842540377696726
0 0.8435876241217358 0.7311030014796853 0.07396567235379689 0.10721719564262545
0 0.8320417566168057 0.6457066004302332 0.05097921287962813 0.094677554773847
0 0.7873858044802207 0.7111870749121094 0.06245162983810092 0.09247409468022123
0 0.7027102624668856 0.7088768533416128 0.0782455384380653 0.07991721327711211
0 0.7242777106406315 0.7954728422582413 0.05293854866220085 0.1566362812799984
0 0.6752994591007994 0.7917803892752598 0.0495075638113597 0.09207432652094297
0 0.7424760601915185 0.9537712895377128 0.07455540355677155 0.09245742092457421
0 0.8226394570819082 0.9092075789683175 0.06465910344050373 0.09637893705957715
0 0.8837431028807781 0.9150609574877815 0.04732130686844611 0.13657607728534563
0 0.8285354500420944 0.8216419155045595 0.05997480175637841 0.09821654328390247
0 0.8502051983584131 0.9598540145985401 0.0533515731874145 0.08029197080291971
0 0.801641586867305 0.9592457420924574 0.06566347469220246 0.08150851581508516
0 0.6733926128590971 0.9683698296836983 0.04719562243502052 0.06326034063260341