0 0.11010037641154329 0.2857142857142857 0.09347553324968633 0.12723214285714285
0 0.2078864523618024 0.17014098260890403 0.07946068509556353 0.170530707797246
0 0.062107904642409034 0.04296875 0.06775407779171895 0.0859375
0 0.02164366373902133 0.040736607142857144 0.04328732747804266 0.08147321428571429
0 0.11041405269761606 0.020089285714285716 0.06398996235884567 0.04017857142857143
0 0.3644918444165621 0.25558035714285715 0.11041405269761606 0.13616071428571427
0 0.36529523886773557 0.1470669780739036 0.09962189592247062 0.12898539048265587
0 0.328732747804266 0.05357142857142857 0.06900878293601004 0.10714285714285714
0 0.24937264742785445 0.056919642857142856 0.07841907151819323 0.11383928571428571
0 0.3566499372647428 0.03404017857142857 0.09096612296110414 0.06808035714285714
0 0.7886292857955278 0.14746645652726162 0.10243897493974043 0.16497298853472994
0 0.7132575891624059 0.18805545695520795 0.11948062720680047 0.1952434811765141
0 0.60600178145508 0.18368292004328776 0.08411685757014495 0.22902194264594047
0 0.5622796221996785 0.09779124839520138 0.09650060763392009 0.15299233723565106
0 0.6584330098101163 0.09326944699467747 0.09610701038698276 0.1618298045516262
0 0.6182559598494354 0.03125 0.11606022584692598 0.0625
0 0.5319949811794228 0.024553571428571428 0.06649937264742785 0.049107142857142856
0 0.4758469259723965 0.04352678571428571 0.08469259723964868 0.08705357142857142
0 0.2732120451693852 0.38113839285714285 0.06085319949811794 0.06361607142857142
0 0.37578419071518193 0.39229910714285715 0.06775407779171895 0.0859375
0 0.31966348571587333 0.8082030117277348 0.098805482012945 0.1455442536860352
0 0.10856881220368916 0.7170508604148009 0.09744764404952361 0.11755136385915346
0 0.15470498621463105 0.8189775005695699 0.09029926558724047 0.13096704307942883
0 0.17336913442159857 0.911873238341539 0.11125113036542904 0.1673645175396469
0 0.2388733637012645 0.803192561830565 0.0739898284401597 0.1764071993553095
0 0.17728626584754062 0.714146387259204 0.07105760148898929 0.18376417879232904
0 0.07097494645583977 0.6135639472086506 0.10752997919168057 0.14458756840523787
0 0.023525721455457966 0.5686383928571429 0.04705144291091593 0.18638392857142858
0 0.14360006451084115 0.47342824039506615 0.05865491739563007 0.1397135904798851
0 0.21235188026337706 0.5293452775209595 0.09698186312781044 0.14750308420538985
0 0.20232120451693852 0.3984375 0.09347553324968633 0.09821428571428571
0 0.29471206694397656 0.6908676287172085 0.06997648310990101 0.1424695359351862
0 0.34046670531582823 0.651019056425817 0.06792083862826157 0.1833086582293486
0 0.3613532588409777 0.6109200859725942 0.07273339356716518 0.12841612792673804
0 0.3668722689416164 0.49632914528012134 0.08473902095618033 0.08568645714839906
0 0.9373712420758292 0.568942622763673 0.07719704524695993 0.10793960368464971
0 0.6025721455457967 0.37779017857142855 0.06336260978670012 0.056919642857142856
0 0.4313048933500627 0.5954241071428571 0.023212045169385194 0.09263392857142858
0 0.9651819322459222 0.7762276785714286 0.06963613550815559 0.10825892857142858
0 0.875502235451662 0.6109323258981496 0.09142161849675015 0.10222249827436006
0 0.6524466750313677 0.3666294642857143 0.06649937264742785 0.03459821428571429
0 0.5233829908484564 0.5424327074762861 0.07397262413927909 0.10413586883595498
0 0.861834514334868 0.7361032151831711 0.08001239453552618 0.09611833853334469
0 0.7284525036722188 0.6231872105204019 0.07947270021033381 0.09937544870646267
0 0.830970534708472 0.5198816766525975 0.06593391836399107 0.10741580108649147
0 0.7657568163496896 0.46111749786026845 0.0765112538435123 0.1056163567149108
0 0.8171292268264753 0.6035757148552842 0.06796207315868297 0.11326947056713697
0 0.5277916631543557 0.47025248106952766 0.06698408759872501 0.09978550931168366
0 0.8010766638767153 0.9160529848764042 0.09366978377317649 0.1403511350709807
0 0.6166875784190715 0.9341517857142857 0.09410288582183186 0.13169642857142858
0 0.7281585332939284 0.8869786251312324 0.09283789529147377 0.13244753095838466
0 0.44353826850690087 0.66796875 0.04767879548306148 0.07700892857142858
0 0.8659458032981471 0.8196035420234179 0.09057598517157371 0.11766529004916773
0 0.8883312421580929 0.9771205357142857 0.07528230865746549 0.04575892857142857
0 0.7148389435580451 0.6621017354113372 0.07039757004378581 0.08693927684440313
0 0.43036386449184444 0.8013392857142857 0.02132998745294856 0.08482142857142858
0 0.4548306148055207 0.5200892857142857 0.07026348808030113 0.10491071428571429
0 0.767879548306148 0.9626116071428571 0.08657465495608532 0.07477678571428571
0 0.5666650826473122 0.8976961508780602 0.08370432629362368 0.11777921623918226
0 0.5738230211105405 0.4438878700335895 0.05474297515579827 0.08577774545807212
0 0.6866965544297237 0.8350246169032692 0.08621373658220587 0.1181436326895664
0 0.9689460476787954 0.6361607142857143 0.062107904642409034 0.08035714285714286
0 0.6258829527194771 0.5360317686302948 0.06752378192391748 0.09652839913856555
0 0.47332194812548384 0.650555256174436 0.05742770193828664 0.09283859047988509
0 0.9579673776662484 0.9514508928571429 0.08406524466750313 0.09709821428571429
0 0.6473831139732984 0.4724952981770718 0.07926816430077663 0.09156294870646274
0 0.7801738639011901 0.5959684293549715 0.06133791444941521 0.09896557229831883
0 0.601796919673616 0.49388313984073656 0.05506438872795961 0.09805453117235784
0 0.43350062735257217 0.9386160714285714 0.027603513174404015 0.12276785714285714
0 0.42252195734002507 0.4994419642857143 0.0056461731493099125 0.06808035714285714
0 0.5558626404860997 0.6608613398379656 0.08580466476309137 0.10251863268956665
0 0.5648630388778934 0.49748212068243636 0.05503516931230857 0.09693845974378641
0 0.5114855459854518 0.936736197194796 0.07883160279471446 0.12263074048127061
0 0.6660189076289666 0.5424204675507306 0.06351216632236206 0.11039959892182136
0 0.8265213997503496 0.9063042922373911 0.11329303000359463 0.14987179113288818