0 0.39166760780860344 0.23582418764625404 0.07647484698864371 0.1525776262158173
0 0.49636831738340836 0.15395115903784348 0.08241722444740643 0.12296505704033614
0 0.49724495623218967 0.5221621615937225 0.09178822762696409 0.1484151989103021
0 0.5558968058968059 0.6086244541484717 0.02702702702702703 0.1517467248908297
0 0.5396191646191646 0.675764192139738 0.05958230958230958 0.048034934497816595
0 0.4023608897914662 0.4632393950184034 0.06681122857942307 0.1761586102590326
0 0.35402807249642027 0.4851699578802506 0.0869885819608125 0.16511835468736832
0 0.32425879040719946 0.5776037036831618 0.08622423483375431 0.14209707885382483
0 0.36609336609336607 0.6850436681222707 0.04914004914004914 0.02947598253275109
0 0.480958230958231 0.6817685589519651 0.06388206388206388 0.036026200873362446
0 0.5003071253071253 0.6610262008733624 0.06818181818181818 0.07751091703056769
0 0.493149119514155 0.5995025928421456 0.08592404180813919 0.09624555046954536
0 0.019041769041769043 0.4896288209606987 0.038083538083538086 0.12117903930131005
0 0.04599568435571892 0.4394542758297583 0.066332349229037 0.10301450545553914
0 0.09483261225809966 0.5413842540904408 0.0776676109521907 0.14731013421478228
0 0.1444010782346376 0.5207364175681698 0.06613265088825497 0.16623777110671167
0 0.18819155817120214 0.5548103205270569 0.07895329180461866 0.15623478195173826
0 0.20727285337590157 0.6106710238431493 0.08422423902520404 0.11779307668070475
0 0.2622850122850123 0.6866812227074236 0.0687960687960688 0.026200873362445413
0 0.21805896805896807 0.6572052401746725 0.0773955773955774 0.0851528384279476
0 0.07186732186732187 0.6643013100436681 0.07002457002457002 0.07096069868995633
0 0.06234187195121534 0.5930429402273001 0.06765376734641906 0.11739766847633805
0 0.9815724815724816 0.10152838427947598 0.036855036855036855 0.16812227074235808
0 0.7025154469132527 0.3702001653552628 0.06959658353104262 0.13296804619530941
0 0.6136597425386628 0.3416607419060313 0.0708751169304797 0.1408009908754971
0 0.7683800683143513 0.4954990718331535 0.054804536618092016 0.12303384540423722
0 0.6815317223727833 0.5392508292341566 0.05504755001978055 0.16015174933436824
0 0.6792679163180141 0.6152402408216384 0.06324680125180218 0.10035354113498283
0 0.9015976185218116 0.5516576915420646 0.05296178477534017 0.12274731048002568
0 0.9322100848924705 0.5411494308174972 0.04549786051545211 0.10740903104518827
0 0.8549282212303043 0.40589578604787097 0.08758139021609077 0.16193875715846642
0 0.9114607201003335 0.41795796622733056 0.05971854153209693 0.12379793853546807
0 0.9497155818841709 0.40318508573646844 0.056168839453419196 0.1439672267656476
0 0.9578904625451667 0.4802523436994314 0.060782651341808984 0.09887979151259899
0 0.98495085995086 0.5245633187772926 0.030098280098280097 0.1408296943231441
0 0.7404791154791155 0.6795851528384279 0.06695331695331695 0.04039301310043668
0 0.9509201428846079 0.6340325264223167 0.05403304203804296 0.09892086651392491
0 0.9775798525798526 0.6026200873362445 0.04484029484029484 0.11135371179039301
0 0.8894348894348895 0.6828602620087336 0.07125307125307126 0.03384279475982533
0 0.5506756756756757 0.9443231441048034 0.03746928746928747 0.11135371179039301
0 0.88581564936963 0.8551432251528693 0.06478979041190029 0.14857949891560707
0 0.8197626963216778 0.9353915657723424 0.07194637419318249 0.11697454690939657
0 0.9204545454545454 0.9814410480349345 0.060810810810810814 0.03711790393013101
0 0.7509213759213759 0.9552401746724891 0.06203931203931204 0.08951965065502183
0 0.7063882063882064 0.9426855895196506 0.045454545454545456 0.1146288209606987
0 0.687039312039312 0.9519650655021834 0.041154791154791155 0.09606986899563319
0 0.6073820803037729 0.9252703020387509 0.052433303596979654 0.13575223551984464