0 0.28859857482185275 0.05496828752642706 0.07600950118764846 0.10993657505285412
0 0.37143705463182897 0.02748414376321353 0.10391923990498812 0.05496828752642706
0 0.38931057792593665 0.11983970337101338 0.06925559827192639 0.1708317430611229
0 0.35028460954262 0.16470287217669805 0.07369517873018455 0.15200108985482746
0 0.3523989435598346 0.25775073185783504 0.07434719305596008 0.11928074156382457
0 0.2892053215674179 0.27625976711783023 0.08338186065546134 0.09113317722311488
0 0.27111185367784246 0.2221635911217296 0.0939370380441487 0.15600886869635916
0 0.45336266394314667 0.1356981497486268 0.05656066871901605 0.15657298996866356
0 0.49732779097387175 0.08509513742071882 0.024346793349168647 0.14693446088794926
0 0.49643705463182897 0.4355179704016913 0.026128266033254157 0.1226215644820296
0 0.4997030878859858 0.4894291754756871 0.019596199524940617 0.080338266384778
0 0.4827790973871734 0.4973572938689218 0.047505938242280284 0.06448202959830866
0 0.45160332541567694 0.49947145877378435 0.04691211401425178 0.06025369978858351
0 0.4131123120617121 0.48685688915395914 0.04993764016221673 0.07812745368409701
0 0.33695365872783073 0.4382776525671138 0.05857947124091745 0.09855647442085982
0 0.2581737393838539 0.44716178643467297 0.0779164929608831 0.08351216525144475
0 0.15527482472339593 0.4508211338715767 0.08543978966485337 0.10812030806356612
0 0.30802131004254707 0.39271150587378517 0.07837208902625847 0.07508010949917797
0 0.2675730410002445 0.3324072725961483 0.0763596410411092 0.09718042553150115
0 0.1682224708225127 0.17194863928541285 0.0948200276709877 0.10111439277148246
0 0.20099918355957444 0.10781194766413028 0.07060510794772032 0.14447849335189114
0 0.14192399049881235 0.0613107822410148 0.09857482185273159 0.1226215644820296
0 0.0688836104513064 0.054439746300211415 0.07600950118764846 0.10887949260042283
0 0.022565320665083134 0.07029598308668077 0.04513064133016627 0.14059196617336153
0 0.014845605700712588 0.1284355179704017 0.029691211401425176 0.12156448202959831
0 0.021080760095011877 0.28752642706131076 0.042161520190023755 0.12473572938689217
0 0.05219805577930463 0.22576975356020718 0.07784102434280446 0.11520003495720015
0 0.08091988495223229 0.27660901058210047 0.06275351935744858 0.09978578394357537
0 0.12932609134168344 0.22473992648433216 0.08131757710931718 0.11006224589814444
0 0.13661752019962778 0.3259250374297633 0.08358284836268916 0.13973436616777066
0 0.06806766362641274 0.36164219641663187 0.0541980808804063 0.08464217546896903
0 0.09881693458140743 0.35499347911693724 0.06526704443221591 0.10834085903175959
0 0.006532066508313539 0.48308668076109934 0.013064133016627079 0.08456659619450317
0 0.03770783847980998 0.5010570824524313 0.042161520190023755 0.05708245243128964
0 0.0757125890736342 0.48414376321353064 0.058788598574821854 0.09090909090909091
0 0.18200712589073634 0.5169133192389006 0.050475059382422804 0.02536997885835095
0 0.22268408551068883 0.49471458773784355 0.05819477434679335 0.06976744186046512
0 0.28711401425178146 0.4931289640591966 0.06353919239904988 0.07293868921775898
0 0.3414489311163896 0.4978858350951374 0.0498812351543943 0.06342494714587738
0 0.37856294536817103 0.5015856236786469 0.03859857482185273 0.056025369978858354
0 0.26870546318289784 0.5095137420718816 0.04691211401425178 0.040169133192389
0 0.5673370034141824 0.4038956594047693 0.07253751786796321 0.08117656554193108
0 0.5280973382501338 0.4719900382967589 0.03453276727413898 0.07960191804218936
0 0.6793333452187161 0.4122332769523617 0.036787114543931555 0.07230075634390422
0 0.7390999652822012 0.36558853736701996 0.06586722319699628 0.07244926338346282
0 0.6811163895486936 0.026955602536997886 0.055819477434679333 0.05391120507399577
0 0.5145486935866983 0.4730443974630021 0.010095011876484561 0.056025369978858354
0 0.5911563022597461 0.22741298141956848 0.05505108291340964 0.10052301612262167
0 0.7013934122588266 0.10997008906142909 0.05697078376014854 0.10905348734362234
0 0.6777723167635877 0.1533587935090213 0.07197825068059806 0.08326612657961012
0 0.6681870212368871 0.18412446011362554 0.08254613714278954 0.0763094190218933
0 0.8188238487076674 0.4507601378986621 0.04978213347923194 0.06861371161221518
0 0.8355106888361045 0.5026427061310782 0.04513064133016627 0.05391120507399577
0 0.8030896846663096 0.1416491921794232 0.05919057398927776 0.09963816074047464
0 0.8463792710361918 0.08534264540087029 0.052848571204612366 0.11099542517820066
0 0.9394299287410927 0.022727272727272728 0.0498812351543943 0.045454545454545456
0 0.9759501187648456 0.022198731501057084 0.04334916864608076 0.04439746300211417
0 0.9907957244655582 0.35517970401691334 0.01840855106888361 0.0824524312896406
0 0.8763229127943669 0.3379985373019978 0.037259989129638335 0.06492578304406874
0 0.8334898150348221 0.3314701878288477 0.050445071788586864 0.07286664528912387
0 0.8863114691919585 0.15037914584726458 0.03809571264231001 0.07974954124529032
0 0.8744331995414638 0.2586927495024678 0.05924876408702465 0.06689320858228796
0 0.6327394916521486 0.3389980155737147 0.043336459572576765 0.07362848133535368
0 0.8990498812351544 0.051268498942917545 0.048693586698337295 0.10253699788583509
0 0.9836698337292161 0.045454545454545456 0.032660332541567694 0.0507399577167019
0 0.8739261608265666 0.06430029565743602 0.03885596753690312 0.12626116915226682
0 0.125 0.5433403805496829 0.09560570071258907 0.02748414376321353
0 0.4282728942197166 0.907544102439583 0.05629056693046194 0.10374347121428236
0 0.4836698337292161 0.8562367864693446 0.05166270783847981 0.07399577167019028
0 0.47286700887463917 0.9310472808195924 0.05580676836117507 0.07414516254620626
0 0.33966745843230406 0.9503171247357294 0.048693586698337295 0.09936575052854123
0 0.26009501187648454 0.9751585623678647 0.04631828978622328 0.049682875264270614
0 0.15290973871733968 0.9550739957716702 0.07422802850356294 0.08985200845665962
0 0.06294536817102138 0.9667019027484144 0.060570071258907364 0.06659619450317125
0 0.09827790973871733 0.9867864693446089 0.07066508313539192 0.026427061310782242
0 0.9890142517814727 0.9217758985200846 0.021971496437054632 0.06976744186046512
0 0.9638097074850327 0.8471097791343677 0.04094388414013108 0.0724729834141885
0 0.939921187836126 0.6744604433292701 0.054111688278747926 0.07935676320681258
0 0.9741686460807601 0.6131078224101479 0.05166270783847981 0.07822410147991543
0 0.879750593824228 0.5914376321353065 0.06353919239904988 0.12367864693446089
0 0.6757719714964371 0.5761099365750528 0.0665083135391924 0.09302325581395349
0 0.728428800609493 0.5875265728664087 0.06921647178443549 0.09582809667286839
0 0.6862145523135119 0.6370112914385252 0.049464765576509945 0.08550242698393251
0 0.6157957244655582 0.5697674418604651 0.05819477434679335 0.080338266384778
0 0.5781676378611977 0.6161609115320414 0.0454980597039587 0.09695810689039243
0 0.6219401302554043 0.643855513921001 0.04043645251376081 0.0777337918091614
0 0.7385943187457555 0.683020749659385 0.05416352383974295 0.0825280105641062
0 0.7988729398824386 0.7040046831624623 0.06658199706734651 0.07987344441766514
0 0.7412106223975506 0.7523211599615932 0.05405985271775304 0.07618551584951871
0 0.7375296912114014 0.9725158562367865 0.035629453681710214 0.05496828752642706
0 0.6784441805225653 0.9862579281183932 0.03147268408551069 0.02748414376321353
0 0.6459564537168738 0.9332386491182056 0.050900667853962245 0.06443458953685709
0 0.6916581787629471 0.9155894234549451 0.04677845529842607 0.06637652737143515
0 0.7078942057168691 0.8560492358146821 0.034377260591154125 0.07008817597030774
0 0.7460772035057998 0.8866813488226926 0.038274852382378745 0.05440416625412267
0 0.9314133016627079 0.9947145877378436 0.06116389548693587 0.010570824524312896
0 0.5213776722090261 0.9106765327695561 0.023752969121140142 0.03699788583509514
0 0.5697709900575328 0.9374766293521495 0.03504019890050925 0.0743411096472162
0 0.6032702233801482 0.9356955004907214 0.033817993403788896 0.07217773700798703
0 0.5709972653675913 0.8672790617342027 0.039479779358767425 0.055510456440920786
0 0.5169239904988123 0.757399577167019 0.014845605700712588 0.10887949260042283
0 0.5290973871733967 0.7362579281183932 0.039192399049881234 0.11945031712473574
0 0.5672083070566571 0.7625417854083628 0.04315731983250803 0.0989738563265211
0 0.5184085510688836 0.6273784355179705 0.017814726840855107 0.04756871035940803
0 0.5531138173568826 0.662659353668969 0.04681301233908938 0.06849069227629798
0 0.5270190023752969 0.5697674418604651 0.03503562945368171 0.05708245243128964
0 0.87045517677386 0.853805494577285 0.03593411251092794 0.05641991569025134
0 0.7879440963052231 0.9248606622008225 0.04133036612417949 0.05981259785219655
0 0.7625496677525752 0.8234536745325116 0.044299487264322014 0.05993561718811375
0 0.8186187911871012 0.8954969741074472 0.03158727919108027 0.04461978164322289
0 0.8428296410970305 0.9244938137842149 0.03785381335766684 0.06495038691125227
0 0.8871559386868123 0.9316122141515393 0.04959206975558366 0.056985804635471225