0 0.06460027754952788 0.2316484850621094 0.1156290213701359 0.20438113713902828
0 0.03566621803499327 0.3026315789473684 0.07133243606998654 0.16267942583732056
0 0.0996516454083279 0.3227411039029963 0.07548631579835344 0.18640284906395083
0 0.18451489521649284 0.1429306689323588 0.15517806473811327 0.2510258006568613
0 0.32220179127542126 0.10274437302899418 0.09356186946884945 0.1833780724527808
0 0.3489104455027053 0.15818149631271647 0.07230778100947946 0.14208183806540456
0 0.047106325706594884 0.44258373205741625 0.09421265141318977 0.14832535885167464
0 0.04946164199192463 0.5227272727272727 0.09892328398384927 0.12679425837320574
0 0.14818129599890173 0.2984896448841447 0.06969527627539202 0.17068557571535534
0 0.20007016768456612 0.3381812030156275 0.0785376230086648 0.1745455228972535
0 0.30777311233365606 0.3360366929815189 0.09166654363213209 0.1367064754851633
0 0.31581347840788904 0.4501145482602729 0.0698335367647156 0.0989778785799303
0 0.27901432241418916 0.4979449443947756 0.07559323325366142 0.11349897967972182
0 0.34174505083351925 0.6558174436187529 0.06784603726844918 0.1001114130359295
0 0.24505078327768634 0.6282903464324744 0.07129006012520965 0.12890306406429403
0 0.2648048452220727 0.6746411483253588 0.07469717362045761 0.06937799043062201
0 0.014131897711978465 0.6836124401913876 0.02826379542395693 0.05143540669856459
0 0.029273216689098252 0.6656698564593302 0.058546433378196504 0.08732057416267942
0 0.06585961510977935 0.6524057798485439 0.05989603928338256 0.1046455508599263
0 0.1283727478613805 0.634903329405017 0.09997605878713277 0.12023149443739624
0 0.14670255720053835 0.6973684210526315 0.06460296096904442 0.023923444976076555
0 0.18741588156123823 0.6830143540669856 0.0693135935397039 0.05263157894736842
0 0.4952193593355451 0.15155621139780728 0.10221430255552733 0.12866733797182772
0 0.4108344549125168 0.07954545454545454 0.0423956931359354 0.05143540669856459
0 0.3926648721399731 0.3738038277511962 0.006056527590847914 0.08971291866028708
0 0.518484968299434 0.4225862095338393 0.08072606906228713 0.10409663580343678
0 0.43563499469405537 0.4479025110303692 0.07161823426112794 0.11576604859172035
0 0.6072292378702002 0.45514854688655176 0.07335684492776548 0.15645678431531868
0 0.672908894906549 0.36571916703278384 0.06454584122850883 0.15379300938222432
0 0.7718838320476693 0.4931370866263163 0.0566585293114741 0.1607194917038289
0 0.7891103905081012 0.5979513403392867 0.056782046005039374 0.11411053252901623
0 0.971399730820996 0.3738038277511962 0.05720053835800808 0.1471291866028708
0 0.6693976471197414 0.6429671108591611 0.08468632425906178 0.12692830485205076
0 0.4953033331201972 0.5274570468540981 0.05891151687562725 0.14405659727764825
0 0.4560695755348784 0.5466315071779795 0.06496804446647517 0.14424451065606186
0 0.41184387617765816 0.5753588516746412 0.04441453566621804 0.11004784688995216
0 0.4300375797026861 0.594127835084191 0.06227439898359953 0.09276734542896095
0 0.5549716715463392 0.607011582677827 0.07050648427480996 0.09899875784419833
0 0.5915394656699166 0.6531642251314977 0.053526081352374806 0.09249591499347413
0 0.5562226097432302 0.5776427247893285 0.05775182461703591 0.09979822407190635
0 0.5102603047782187 0.6227645603694425 0.05197738433233185 0.11037586093272692
0 0.4635688104117109 0.6272060998580923 0.055168807474465634 0.07820448580063283
0 0.5753701211305519 0.6889952153110048 0.08075370121130551 0.04066985645933014
0 0.4226110363391655 0.687799043062201 0.04845222072678331 0.0430622009569378
0 0.42799461641991926 0.6758373205741627 0.06191117092866756 0.06698564593301436
0 0.18304172274562583 0.7805023923444976 0.11574697173620457 0.1423444976076555
0 0.09752124681649046 0.8319441636136172 0.09863016376694442 0.12018973590885991
0 0.07873485868102288 0.7924641148325359 0.1063257065948856 0.16626794258373206
0 0.0908479138627187 0.9366028708133971 0.06864064602960969 0.12679425837320574
0 0.05349932705248991 0.9419856459330144 0.06527590847913863 0.11602870813397129
0 0.020188425302826378 0.8851674641148325 0.040376850605652756 0.14114832535885166
0 0.02456258411843876 0.9569377990430622 0.04912516823687752 0.0861244019138756
0 0.2446183751059768 0.9195603849538483 0.08689322499344032 0.1341679761376782
0 0.180349932705249 0.9778708133971292 0.07940780619111709 0.04425837320574163
0 0.17092866756393002 0.9533492822966507 0.06998654104979811 0.09330143540669857
0 0.29441453566621806 0.9551435406698564 0.07738896366083446 0.08971291866028708
0 0.43337819650067294 0.75 0.07267833109017496 0.08133971291866028
0 0.4054508748317631 0.7858851674641149 0.031628532974428 0.11244019138755981
0 0.4813539771569342 0.7785908916951361 0.05360536665866406 0.12118316970049797
0 0.43939801421847186 0.822391279440837 0.0677833512004172 0.09771906853832185
0 0.4256393001345895 0.8803827751196173 0.07200538358008075 0.08133971291866028
0 0.6080080753701211 0.7332535885167464 0.058546433378196504 0.04784688995215311
0 0.6351381547304698 0.7744180659342536 0.04872141967966744 0.08876124339718536
0 0.6689098250336474 0.7601674641148325 0.052489905787348586 0.10167464114832536
0 0.7331763122476447 0.7553827751196173 0.059892328398384924 0.09210526315789473
0 0.8164293061774476 0.8304461731880406 0.07335498948526681 0.10506313614529039
0 0.7106325706594886 0.9730861244019139 0.06998654104979811 0.05382775119617225
0 0.9868775235531628 0.8588516746411483 0.026244952893674293 0.0861244019138756
0 0.594885598923284 0.986244019138756 0.052489905787348586 0.02751196172248804
0 0.6218034993270525 0.9712918660287081 0.06056527590847914 0.05741626794258373
0 0.5575370121130552 0.986244019138756 0.04104979811574697 0.02751196172248804
0 0.4878869448183042 0.9784688995215312 0.05518169582772544 0.0430622009569378
0 0.5306191117092867 0.9772727272727273 0.0531628532974428 0.045454545454545456
0 0.9892328398384926 0.7535885167464115 0.021534320323014805 0.0861244019138756