0 0.3396805896805897 0.5786026200873362 0.11916461916461916 0.08078602620087336
0 0.16891891891891891 0.5573144104803494 0.10687960687960688 0.12336244541484716
0 0.028255528255528257 0.5725982532751092 0.056511056511056514 0.0927947598253275
0 0.006449631449631449 0.5633187772925764 0.012899262899262898 0.10480349344978165
0 0.015049140049140049 0.506004366812227 0.030098280098280097 0.11026200873362445
0 0.22178107163623925 0.5196989401515809 0.10602173230323292 0.1396633022662313
0 0.2442042552489729 0.4158414463571226 0.10427555499232945 0.14290030209111426
0 0.17064034929294394 0.41978193938162517 0.07230233154068139 0.14114803704701773
0 0.1743127934157258 0.3160828521037531 0.061927066032197504 0.12238583523969762
0 0.22400835825392398 0.23572911424034645 0.08750025125641053 0.11527744467823654
0 0.12778809237321537 0.2889038388754567 0.07388755129850426 0.1324525219382922
0 0.08694434439436606 0.31919167350920075 0.07246067718121758 0.1673362072943224
0 0.4824938574938575 0.47762008733624456 0.05466830466830467 0.2019650655021834
0 0.39108628868255163 0.5100918601341119 0.1048845817814914 0.18437231513317878
0 0.01074938574938575 0.37882096069869 0.0214987714987715 0.11135371179039301
0 0.007678132678132678 0.44759825327510916 0.015356265356265357 0.08296943231441048
0 0.020884520884520884 0.014737991266375546 0.04176904176904177 0.02947598253275109
0 0.040847665847665846 0.030021834061135372 0.05098280098280098 0.060043668122270744
0 0.084422501519943 0.06079429918361126 0.06348270619194867 0.09186896211074168
0 0.08384520884520885 0.013646288209606987 0.05958230958230958 0.027292576419213975
0 0.11332923832923833 0.02237991266375546 0.048525798525798525 0.04475982532751092
0 0.16891891891891891 0.034388646288209604 0.0687960687960688 0.06877729257641921
0 0.01382063882063882 0.28220524017467247 0.02764127764127764 0.1277292576419214
0 0.28951828105460425 0.3277505137327792 0.08047812667709169 0.16859305084792295
0 0.2709876583138766 0.2787568764644983 0.09276575087464838 0.14811745818727975
0 0.3233072886634768 0.3699593074530169 0.0784370019455544 0.20346403308881225
0 0.3684869003215131 0.36980128335910617 0.08299428833023767 0.21228657934894715
0 0.44010233820903666 0.29645507598138415 0.10666817442809966 0.140767708438141
0 0.48525798525798525 0.25818777292576417 0.04914004914004914 0.12117903930131005
0 0.49447174447174447 0.34934497816593885 0.030712530712530713 0.1572052401746725
0 0.28666756901261725 0.15345873568136212 0.0810654096058149 0.126054740979372
0 0.2732293104505553 0.10893988711885333 0.05659718339272735 0.0873624156171173
0 0.307801786244434 0.08289183356077431 0.06510011746038766 0.08426515005878454
0 0.04124705665392754 0.3160618853176648 0.04789848834882612 0.10463911779830039
0 0.06869822142409474 0.21886258634251568 0.0730209924244134 0.08224688444207949
0 0.016277641277641277 0.21124454148471616 0.032555282555282554 0.07532751091703056
0 0.3824789112292635 0.06204264627149997 0.07421469022975419 0.10191024257905441
0 0.3578009828009828 0.04585152838427948 0.05835380835380835 0.09170305676855896
0 0.3402948402948403 0.034388646288209604 0.042997542997543 0.06877729257641921
0 0.27211302211302213 0.024563318777292575 0.05405405405405406 0.04912663755458515
0 0.3108108108108108 0.035480349344978165 0.05405405405405406 0.07096069868995633
0 0.42782555282555285 0.03165938864628821 0.08169533169533169 0.06331877729257641
0 0.4855651105651106 0.04203056768558952 0.048525798525798525 0.08406113537117904
0 0.6514127764127764 0.5567685589519651 0.0952088452088452 0.12445414847161572
0 0.5759513677990035 0.5054074700285145 0.09980700740186142 0.19954182989167044
0 0.6122865409391356 0.35705056476693425 0.08477788097684592 0.1686819726539095
0 0.6401709851463482 0.2347357439285378 0.10230403710711311 0.13849538051861743
0 0.7163419791822409 0.26744352199662746 0.09654521717945602 0.1721984410118925
0 0.7176166131603103 0.5056062804265757 0.10537006635327753 0.18001820602124527
0 0.7355651105651105 0.5758733624454149 0.10503685503685503 0.08624454148471616
0 0.7954545454545454 0.5480349344978166 0.09582309582309582 0.14192139737991266
0 0.7643562071269562 0.4421231274825181 0.10621488136692958 0.14621352060684292
0 0.7599455127763595 0.33115647828124783 0.08494145044247099 0.15341083297429042
0 0.8200468043973436 0.3460540233322356 0.09412301814561415 0.15250967664463572
0 0.837614293732132 0.4485538134973168 0.08361376276957708 0.17083997253716465
0 0.8897020537260584 0.49551051289885645 0.09602492918450958 0.19619050203051908
0 0.9484029484029484 0.49617903930131 0.10319410319410319 0.18449781659388648
0 0.9910933660933661 0.3640829694323144 0.017813267813267815 0.15829694323144106
0 0.976965601965602 0.3509825327510917 0.04606879606879607 0.11899563318777293
0 0.9487109885024504 0.30775105509515605 0.07550757447948765 0.10411905492287339
0 0.8923300039901306 0.3125930868719887 0.07890074265690207 0.11509960106626344
0 0.9399931615106548 0.39496026848523147 0.08494406235501553 0.1326811780108288
0 0.8760910840044663 0.3630524042483446 0.09108656849752139 0.13280820916223796
0 0.527948402948403 0.27838427947598254 0.03624078624078624 0.1615720524017467
0 0.5534729097427963 0.2984848974452041 0.08493622661738219 0.19487014290121393
0 0.5334766584766585 0.04585152838427948 0.0472972972972973 0.09170305676855896
0 0.5322481572481572 0.1168122270742358 0.04484029484029484 0.10043668122270742
0 0.6487922376062956 0.15080163970876798 0.09131452098437856 0.11972047559615623
0 0.6024393660470849 0.07610813728075738 0.06028007516568678 0.1081682892714245
0 0.6707616707616708 0.055676855895196505 0.08722358722358722 0.11135371179039301
0 0.7442159757392761 0.062108456383256856 0.08620736700667707 0.11306863233441745
0 0.7678132678132679 0.028384279475982533 0.08722358722358722 0.056768558951965066
0 0.8504299754299754 0.03711790393013101 0.07309582309582309 0.07423580786026202
0 0.9732800982800983 0.012554585152838428 0.05343980343980344 0.025109170305676855
0 0.8648518384182895 0.06678802462198513 0.06328955712825202 0.08531874377013032
0 0.9155605872808116 0.20219807785205995 0.06887435994010659 0.14980544281032088
0 0.8814953399191576 0.1485136989206114 0.05694867809696049 0.12010080420503308
0 0.7627787899906199 0.11001039059476911 0.057562928711210964 0.12011350732017408
0 0.6443488943488943 0.025109170305676855 0.07248157248157248 0.05021834061135371
0 0.6726044226044227 0.05185589519650655 0.085995085995086 0.1037117903930131
0 0.9652948402948403 0.056222707423580785 0.06941031941031942 0.09716157205240175
0 0.017813267813267815 0.9110262008733624 0.03562653562653563 0.1779475982532751
0 0.16216216216216217 0.962882096069869 0.12653562653562653 0.07423580786026202
0 0.10605137813359765 0.8895162188019956 0.10734680806358252 0.14296381766681898
0 0.03992628992628992 0.8608078602620087 0.07985257985257985 0.14519650655021835
0 0.017506142506142505 0.7521834061135371 0.03501228501228501 0.1943231441048035
0 0.09922805072310617 0.7457286107643936 0.11704343993658346 0.1595299102454612
0 0.06349537459077502 0.8007004437692689 0.08313611393542399 0.11300511675871275
0 0.1317459179426839 0.7059834565361439 0.08898628456984073 0.12403647536266675
0 0.11240786240786241 0.6550218340611353 0.09828009828009827 0.07205240174672489
0 0.23749056193305165 0.8092144406671787 0.08642748375590117 0.16216986365872088
0 0.31453333866812394 0.8332012973962609 0.11655534345225307 0.18461367432085635
0 0.33300261458020564 0.780057183280977 0.09813304884982316 0.14277327093970524
0 0.34405259585535575 0.7283981863691547 0.09642167496208033 0.126372318857895
0 0.20530025792476572 0.7544764680243844 0.09987400233563806 0.18099558104174568
0 0.19686732186732187 0.6724890829694323 0.08169533169533169 0.10698689956331878
0 0.4963144963144963 0.9508733624454149 0.02702702702702703 0.0982532751091703
0 0.5 0.847707423580786 0.019656019656019656 0.13864628820960698
0 0.4941646191646192 0.8717248908296943 0.03132678132678133 0.14519650655021835
0 0.47328009828009826 0.8629912663755459 0.07309582309582309 0.17139737991266377
0 0.4404199111663394 0.8161420778631749 0.08177362283936948 0.1500722082282803
0 0.43079331041970126 0.7465775745706938 0.07188384190267182 0.12695589730902657
0 0.3908130851223565 0.8309555229750454 0.08274198007039722 0.16209364496787518
0 0.37653562653562656 0.6359170305676856 0.06142506142506143 0.03384279475982533
0 0.42936117936117935 0.6430131004366813 0.09336609336609336 0.048034934497816595
0 0.48157248157248156 0.6495633187772926 0.056511056511056514 0.0611353711790393
0 0.8316953316953317 0.9519650655021834 0.06511056511056511 0.09606986899563319
0 0.9038697788697788 0.9705240174672489 0.06695331695331695 0.05895196506550218
0 0.5475983833353966 0.9231422957590746 0.07178726737082339 0.12368078813872102
0 0.6063532796156342 0.9003252728909834 0.07531181350324653 0.11829849154572367
0 0.6638879346850456 0.8146718086829955 0.07366221072419142 0.12481060054091231
0 0.5242628992628993 0.8548034934497817 0.02886977886977887 0.11572052401746726
0 0.5447381053194623 0.8012840222204006 0.05817717932546158 0.12012621043531506
0 0.5950866420638881 0.7717389373997251 0.09719688312941148 0.13184353725687867
0 0.617433264768898 0.7017432930378035 0.051133310885704206 0.08943149369438613
0 0.6455156575848542 0.7394645949371283 0.06461202097605713 0.10934891413417962
0 0.7736486486486487 0.62882096069869 0.07555282555282555 0.019650655021834062
0 0.8151105651105651 0.6293668122270742 0.05896805896805897 0.02074235807860262
0 0.8086609336609336 0.6566593886462883 0.07432432432432433 0.07532751091703056
0 0.8537344379293209 0.7754493942889005 0.07925746118622372 0.10637867972725595
0 0.8106990553160311 0.8592179755891629 0.07663950117614045 0.10086935198284958
0 0.9165202602141227 0.9285871102876612 0.07625059113620275 0.10849857026508837
0 0.8648309762340811 0.8368515308858991 0.06823314164032872 0.10724172671148793
0 0.8915847665847666 0.6588427947598253 0.06572481572481573 0.07969432314410481
0 0.9566953316953317 0.6713973799126638 0.07432432432432433 0.10480349344978165
0 0.9785012285012284 0.6588427947598253 0.042997542997543 0.07969432314410481
0 0.976965601965602 0.9470524017467249 0.04606879606879607 0.0927947598253275
0 0.9212654718374139 0.8718820669114007 0.0661624373107197 0.12029135093214693
0 0.917359851402686 0.9209578920054222 0.0712052082671891 0.12475978808034859
0 0.6544840294840295 0.6419213973799127 0.06326781326781326 0.04585152838427948