0 0.19486707923056826 0.16446946516170238 0.06843384884534504 0.13194633874815812
0 0.038341420979061264 0.2912549296305157 0.0693070407302763 0.13657748475762757
0 0.02166882276843467 0.35229885057471266 0.04333764553686934 0.09540229885057472
0 0.536869340232859 0.37701149425287356 0.04915912031047866 0.04597701149425287
0 0.5285257823457806 0.26360487514224545 0.07550881441882037 0.09218468173130663
0 0.5313601375745863 0.19604576966148005 0.06668746507548266 0.12268404672921908
0 0.5860284605433377 0.1074712643678161 0.047865459249676584 0.11839080459770115
0 0.5720852442511036 0.34489807201287825 0.06690590970226619 0.10091185598953743
0 0.601875808538163 0.3471264367816092 0.016170763260025874 0.10574712643678161
0 0.5992884864165589 0.23333333333333334 0.021345407503234153 0.12643678160919541
0 0.8664294954721863 0.01264367816091954 0.09508408796895214 0.02528735632183908
0 0.7351228978007762 0.017816091954022988 0.0963777490297542 0.035632183908045977
0 0.7655239327296248 0.032758620689655175 0.09249676584734799 0.06551724137931035
0 0.7455444620897698 0.1816120309560995 0.07026907648702961 0.15611771464268503
0 0.8687687565617354 0.3267748262955313 0.07643067991463759 0.07159536113902547
0 0.9504717212524547 0.2937415295959344 0.05288616593248047 0.05203398643977495
0 0.9835058214747736 0.25689655172413794 0.032988357050452784 0.08160919540229886
0 0.8563700474818257 0.2922691952218939 0.07220165135048624 0.12984815733371113
0 0.908621844597728 0.28668659833991705 0.07571083896790759 0.10939261618160742
0 0.8350781518866554 0.14298825971284573 0.07066520885745756 0.1641636916541793
0 0.7837886838386079 0.12201701797547208 0.07267871086498963 0.12643332633168647
0 0.6781201493676577 0.2346493631972026 0.07696374314557027 0.16104986439255303
0 0.9233505821474773 0.051149425287356325 0.06144890038809832 0.10229885057471265
0 0.9670116429495472 0.05747126436781609 0.06597671410090557 0.11494252873563218
0 0.9815653298835705 0.05517241379310345 0.03686934023285899 0.1103448275862069
0 0.9718628719275549 0.12126436781609196 0.05627425614489004 0.11839080459770115
0 0.27582923791078473 0.5373197690844808 0.09546321363948042 0.14366240559618004
0 0.3472872981313011 0.6188989749042444 0.09706416319888822 0.136866188452175
0 0.26868096860987906 0.662143319749871 0.06584652672374089 0.1318125593079808
0 0.23231698306083962 0.6611426686939595 0.05502017872282095 0.13469227254929722
0 0.42300634713805685 0.7014102144210765 0.0645772024683819 0.11913543628701723
0 0.3632797870254796 0.6802990432206003 0.06873322061620414 0.09871333999495754
0 0.33894242168026373 0.7391749917102758 0.08119277170972161 0.10279706819786764
0 0.5717981888745148 0.4591954022988506 0.06985769728331177 0.11839080459770115
0 0.5555466437899662 0.587964620151187 0.0825752766423456 0.11777304179354411
0 0.5928201811125485 0.5373563218390804 0.03428201811125485 0.10459770114942529
0 0.5714004419570303 0.8441192349314254 0.044089153394585835 0.06992311813681217
0 0.2096009457166012 0.6870927721937584 0.06153715763771717 0.10980625454798945
0 0.20115960197709665 0.7197950755704215 0.06519969619333986 0.13177911444793677
0 0.3562477768324076 0.9589554856385687 0.03927047126086917 0.03757198579061366
0 0.324132611666886 0.9652254297902075 0.04011140961261079 0.02844347321185168
0 0.14805469810673097 0.7409785259818193 0.07449810505118096 0.09786491844799963
0 0.1626476753683857 0.9188384417816509 0.06257220381079968 0.0915157845304212
0 0.02166882276843467 0.6718390804597701 0.04333764553686934 0.11609195402298851
0 0.07108245161121103 0.652770327318272 0.07199962680139889 0.11264022288341059
0 0.05884501019724902 0.6873974377862354 0.06603271781733493 0.09628070998006771
0 0.1191733922821131 0.7931753143376447 0.06384152806615866 0.10419290755138504
0 0.005821474773609315 0.9545977011494253 0.01164294954721863 0.07701149425287357
0 0.03267490901871392 0.9658910782881535 0.055109609216846295 0.05788144745668945
0 0.31130126500838384 0.9416895062365217 0.06318678080801116 0.07778957080223367
0 0.2934127064589133 0.8878777592981367 0.04327255184828701 0.0664413974146989
0 0.24510639959179628 0.9209127836364882 0.0792522801185185 0.10269673361773475
0 0.27284710198271184 0.9575060237174758 0.040483205177595655 0.04909968352422118
0 0.16083282616827083 0.8688049969216065 0.052619047694810774 0.09902664378120722
0 0.4145041613849447 0.7658053253501492 0.07050394119150975 0.09536539871302147
0 0.45112676182170386 0.7852302258638064 0.05914394333745377 0.10051051766900625
0 0.9243255182487081 0.6040858032246182 0.08511392515306386 0.1431272878354718
0 0.8306199768485069 0.6106594458620719 0.08745054911469491 0.1512735994270988
0 0.9851228978007762 0.7080459770114943 0.029754204398447608 0.1310344827586207
0 0.921118487521613 0.789204014186149 0.07283206180319096 0.16886172738373748
0 0.9270485979864108 0.8701381623646368 0.0750074180988739 0.1082097460342068
0 0.6705163722382246 0.7635578157467345 0.07813630680136056 0.1324480116488222
0 0.9802716688227684 0.9275862068965517 0.03945666235446313 0.07816091954022988
0 0.6241914618369987 0.774712643678161 0.028460543337645538 0.1310344827586207
0 0.6773759716154848 0.8962997140063675 0.06823182429625782 0.11473840429785746
0 0.797542043984476 0.9695402298850575 0.06985769728331177 0.06091954022988506