0 0.4797297297297297 0.04912663755458515 0.04054054054054054 0.0982532751091703
0 0.49692874692874694 0.10316593886462883 0.006142506142506142 0.13209606986899564
0 0.38393285683230916 0.19346310848762047 0.056883154409541524 0.15760189943980285
0 0.35044883573117913 0.23737572001060134 0.0764962893476162 0.15349453915835345
0 0.3013409501295887 0.226355911107238 0.08554565714258623 0.12953045856790882
0 0.2508973515046345 0.23155896942670542 0.07930308665820839 0.11348322262966083
0 0.2853194103194103 0.2925764192139738 0.09643734643734644 0.11353711790393013
0 0.19735726855147864 0.2871826929713411 0.06832519758459654 0.12411784859583641
0 0.22741709834423207 0.1090020817937701 0.0862671195516993 0.14598234373378594
0 0.1777735841112904 0.08589719995160382 0.09187399706285404 0.1586781311873795
0 0.16062653562653562 0.06222707423580786 0.10012285012285012 0.12445414847161572
0 0.11240786240786241 0.05294759825327511 0.07371007371007371 0.10589519650655022
0 0.07565788563288073 0.09615063796184106 0.0800745812382573 0.137577029192918
0 0.0579406780920278 0.17316160877579487 0.10898009737299041 0.14662349225115495
0 0.048525798525798525 0.23635371179039302 0.09705159705159705 0.1299126637554585
0 0.460995085995086 0.314410480349345 0.07186732186732187 0.06986899563318777
0 0.480958230958231 0.2903930131004367 0.038083538083538086 0.11135371179039301
0 0.49385749385749383 0.24563318777292575 0.012285012285012284 0.10698689956331878
0 0.4558359159645851 0.19693629298258852 0.07641766736471697 0.1414858055338993
0 0.4009958572530197 0.26332436846621227 0.056018742940611495 0.11931595313855443
0 0.40755528255528256 0.30458515283842796 0.06695331695331695 0.08951965065502183
0 0.04576167076167076 0.030021834061135372 0.08906633906633907 0.060043668122270744
0 0.5780018198709141 0.20356666525609138 0.08129593501376772 0.13663800476484705
0 0.5227272727272727 0.2794759825327511 0.045454545454545456 0.13973799126637554
0 0.60995085995086 0.32096069868995636 0.0773955773955774 0.056768558951965066
0 0.5285626535626535 0.3165938864628821 0.057125307125307126 0.06550218340611354
0 0.18159975415899973 0.5139416210412806 0.08428184899209216 0.2177293882231156
0 0.03777641277641278 0.412117903930131 0.07555282555282555 0.10152838427947598
0 0.028255528255528257 0.5796943231441049 0.056511056511056514 0.13755458515283842
0 0.01597051597051597 0.6320960698689956 0.03194103194103194 0.10480349344978165
0 0.07257255282712675 0.7817339478053171 0.0687393195151036 0.09362650232066563
0 0.06709811836778322 0.7258777199521912 0.05606877511154749 0.12695787453593446
0 0.33487142967515926 0.906110231115167 0.06845385173843148 0.14376850361767046
0 0.07751450203865279 0.9189220533877007 0.0714393353737946 0.13104976350819184
0 0.4474815724815725 0.9688864628820961 0.06818181818181818 0.06222707423580786
0 0.012285012285012284 0.7903930131004366 0.02457002457002457 0.09606986899563319
0 0.7312653562653563 0.3875545851528384 0.0988943488943489 0.07641921397379912
0 0.7338528652308433 0.4242855259904617 0.09038104007369178 0.11813243945824509
0 0.8028255528255528 0.4175764192139738 0.0773955773955774 0.13646288209606988
0 0.8677416305050002 0.4436567541604238 0.09310249829135528 0.15883080981607697
0 0.8541154791154791 0.36899563318777295 0.09275184275184276 0.039301310043668124
0 0.9766584766584766 0.43722707423580787 0.04668304668304668 0.17576419213973798
0 0.9818796068796068 0.49617903930131 0.03624078624078624 0.1539301310043668
0 0.984029484029484 0.5987991266375546 0.03194103194103194 0.10589519650655022
0 0.9874078624078624 0.9536026200873362 0.025184275184275184 0.0927947598253275
0 0.9335650043713225 0.7654110256885437 0.06747551136460966 0.1818254319758723
0 0.8892636967173937 0.8183588782497216 0.07008932744444916 0.11233813291442861
0 0.7611171802182561 0.8608864144022871 0.06387534677203455 0.10065770920325487
0 0.7616707616707616 0.9383187772925764 0.0773955773955774 0.12336244541484716
0 0.7375002647651047 0.9469974892408443 0.05652578175999966 0.10301674660137491
0 0.8498097842029412 0.6004002177756569 0.08302432760866617 0.11939977379959657
0 0.834592248665555 0.718147728604617 0.05807591837308865 0.1522960627846578
0 0.7975980516486776 0.6878741782524529 0.05739019322892969 0.14130269290262334
0 0.7780452397180636 0.7635644280665917 0.06642526611791784 0.1151552061986416
0 0.6893179743258279 0.7946021344859525 0.0474549716060572 0.12370571802151387
0 0.6473773936850059 0.8156119344726788 0.054632997746311966 0.09514580726094865
0 0.7115386385766741 0.6870120017545364 0.058061623467106895 0.15011265667112042
0 0.7488654073291063 0.61953995886874 0.05431894015767655 0.14092099633087926
0 0.7786138925737967 0.5828112328570464 0.07751036698639226 0.12089612608399428
0 0.7171104243373169 0.540204633948397 0.055797171897895584 0.08547315837872924
0 0.6849909212429947 0.5165461649232503 0.047962010425445234 0.10740651148433435
0 0.6491537509247101 0.49734232376746945 0.044205032210033204 0.09603144503055594
0 0.5978493145573214 0.5401327982311033 0.051468827786177986 0.08057197095121331
0 0.5937597646063546 0.6483373861506565 0.05968280426714279 0.1164988798543417
0 0.6074477452037014 0.764214329470168 0.03921240531312907 0.0834119968913115
0 0.5744461771794529 0.734436984661271 0.04286931918666939 0.07950322055032995
0 0.5689389336672084 0.8244376238582709 0.07022512905127498 0.13308049099303124
0 0.5365160941637371 0.7532137325493432 0.05157603958104056 0.0969475168027417
0 0.5122850122850123 0.7920305676855895 0.02457002457002457 0.1168122270742358
0 0.5104422604422605 0.6206331877729258 0.020884520884520884 0.08406113537117904
0 0.5489266172190506 0.6416729131464248 0.04492649461914637 0.11248333019643307
0 0.5471805711631558 0.5797245028387803 0.04558362995134201 0.11910988785139329
0 0.5774007883052416 0.47094337508036166 0.04727628528128624 0.09641314160230002
0 0.6247016593290343 0.4762756507568358 0.04229795329036382 0.08597709957659244
0 0.5746314496314496 0.3662663755458515 0.057125307125307126 0.03384279475982533
0 0.5098280098280098 0.5278384279475983 0.019656019656019656 0.08842794759825327
0 0.5144348894348895 0.49836244541484714 0.02886977886977887 0.0906113537117904
0 0.525892649527614 0.5448473866618995 0.03796960917864614 0.08107591214907665