0 0.1912895384219337 0.1028063705956179 0.06159781503305714 0.12770890721193995
0 0.15055398896003583 0.12148962390929872 0.06557031712783186 0.142484728803268
0 0.1370211516644562 0.16548749573890734 0.05768821904194602 0.11774077792830417
0 0.13385271781915886 0.22196426016849735 0.05042214882099704 0.09881644991803525
0 0.13601420205487058 0.28370633441267373 0.06693986238383184 0.08210937410820301
0 0.14891891891891892 0.31682692307692306 0.049189189189189186 0.06634615384615385
0 0.17621621621621622 0.3293269230769231 0.043243243243243246 0.041346153846153845
0 0.19 0.3418269230769231 0.049189189189189186 0.016346153846153847
0 0.21405405405405406 0.3211538461538462 0.04864864864864865 0.057692307692307696
0 0.23594594594594595 0.3403846153846154 0.047027027027027025 0.019230769230769232
0 0.24243243243243243 0.31153846153846154 0.05891891891891892 0.07692307692307693
0 0.2531542340930087 0.28479048046611605 0.05465840460019228 0.09248881745098174
0 0.26904401649662435 0.2463350749761481 0.0644887840957838 0.1010881828616498
0 0.2618794999434712 0.17497557179273035 0.08070500031200002 0.10259994572558377
0 0.23903908173915894 0.12572532025312685 0.069341519690883 0.1418759350099809
0 0.34864864864864864 0.11586538461538462 0.08216216216216216 0.13557692307692307
0 0.3044936821500778 0.21902112723249642 0.04766957318633042 0.13601409734524866
0 0.2845945945945946 0.3125 0.049189189189189186 0.075
0 0.31945945945945947 0.31298076923076923 0.057297297297297295 0.07403846153846154
0 0.3414508345366243 0.28280137285767637 0.05573948568127336 0.09258960164191067
0 0.35864864864864865 0.32403846153846155 0.06 0.051923076923076926
0 0.3762162162162162 0.25721153846153844 0.02702702702702703 0.07596153846153846
0 0.3637837837837838 0.23365384615384616 0.05189189189189189 0.07884615384615384
0 0.3581081081081081 0.17692307692307693 0.06324324324324325 0.09038461538461538
0 0.07945945945945945 0.3331730769230769 0.046486486486486484 0.03365384615384615
0 0.07258853111100269 0.3035445172743235 0.06363371303692496 0.07699932922772369
0 0.07224951607766936 0.26756241310982776 0.06491609364972978 0.09248472880326823
0 0.058591996452179905 0.2179362651780977 0.05193053945602407 0.0903137800505826
0 0.0341297306507625 0.18948507080023222 0.05981263754190997 0.11505773092554644
0 0.07464556070080455 0.1463329788127851 0.04233920315435438 0.0999836454091453
0 0.021621621621621623 0.13317307692307692 0.043243243243243246 0.09326923076923077
0 0.010810810810810811 0.10336538461538461 0.021621621621621623 0.10865384615384616
0 0.005135135135135135 0.22067307692307692 0.01027027027027027 0.10480769230769231
0 0.4218918918918919 0.07692307692307693 0.06432432432432432 0.15384615384615385
0 0.8832432432432432 0.05432692307692308 0.05081081081081081 0.10865384615384616
0 0.8655583771303782 0.10177144383325819 0.06814720762320724 0.13312130466520583
0 0.8246655624093212 0.1324739279161698 0.07596594765446237 0.11176180148178809
0 0.7860164618097054 0.17737272449256825 0.07038440515879867 0.09779634206560509
0 0.8274743015863181 0.2066404140171493 0.08577116470858871 0.11843808996937924
0 0.7546453347253211 0.26432929722319354 0.060793068857129165 0.10746620742416789
0 0.7432832099571048 0.10116602268672822 0.0766952065059942 0.1262352705003296
0 0.6998072141303061 0.12298585186234677 0.08169846479891905 0.13726572243643273
0 0.6732432432432433 0.08798076923076924 0.0891891891891892 0.17596153846153847
0 0.6355583771303782 0.12321328045338704 0.06624925109643251 0.15311204397565567
0 0.6214216412396274 0.2133649984368418 0.07120173255545942 0.1190005803149157
0 0.6224324324324324 0.2875 0.09675675675675675 0.125
0 0.6248648648648648 0.32067307692307695 0.0918918918918919 0.058653846153846154
0 0.9224324324324324 0.3173076923076923 0.07513513513513513 0.06538461538461539
0 0.9805405405405405 0.15913461538461537 0.03891891891891892 0.058653846153846154
0 0.9708108108108108 0.09134615384615384 0.05837837837837838 0.10384615384615385
0 0.9802702702702702 0.03798076923076923 0.03945945945945946 0.07596153846153846
0 0.49438967945513496 0.10180062484969164 0.10054234834440846 0.17455597675914764
0 0.4888568800140178 0.2564550965471337 0.08782054783512318 0.1512815739480802
0 0.42648648648648646 0.32067307692307695 0.07351351351351351 0.058653846153846154
0 0.4756756756756757 0.3057692307692308 0.061621621621621624 0.08846153846153847
0 0.5427027027027027 0.3072115384615385 0.09513513513513513 0.08557692307692308
0 0.9405405405405406 0.022596153846153846 0.0681081081081081 0.04519230769230769
0 0.9103668524774292 0.08126794211128612 0.04994451438412029 0.1035737501302632
0 0.927406008774222 0.12001481439330648 0.05967424411385002 0.10448080784862347
0 0.8336516442629186 0.3121849246806469 0.064149091136 0.07512664440011135
0 0.8524326217047444 0.2797023626656243 0.06841050935666046 0.07072208885613476
0 0.5717179778532971 0.13348647079511672 0.07941094238039642 0.16874453118987975
0 0.5267897549338016 0.1837724687770488 0.07594123716396405 0.15113448630940066
0 0.01027027027027027 0.6331730769230769 0.02054054054054054 0.12403846153846154
0 0.07232545535303281 0.6424794155116664 0.07885736866815612 0.12643683888218746
0 0.032455976342342034 0.7806474428572957 0.05242075511363362 0.08651801829989311
0 0.25722132131876235 0.6641372344596634 0.05941003847846258 0.08428850015631588
0 0.3006141833578975 0.772454690536113 0.05855541937057063 0.10149540827307926
0 0.13178871969254013 0.863582205408598 0.052848064667579596 0.07791456424151154
0 0.20239103645932696 0.9554377490195167 0.05812765786565767 0.06880310058077158
0 0.2972103219264142 0.5168345917294188 0.03801487883003009 0.09958050864542958
0 0.1769236288521918 0.8800223463126601 0.05563883591541157 0.08489729394960298
0 0.35864864864864865 0.5274038461538462 0.062162162162162166 0.09903846153846153
0 0.17988628035926696 0.6742279194956969 0.054180770163315344 0.09724611766320969
0 0.3824324324324324 0.5182692307692308 0.014594594594594595 0.09423076923076923
0 0.36027027027027025 0.3860576923076923 0.05891891891891892 0.07211538461538461
0 0.018378378378378378 0.8322115384615385 0.036756756756756756 0.08557692307692308
0 0.02054054054054054 0.7211538461538461 0.04108108108108108 0.09615384615384616
0 0.14756756756756756 0.9673076923076923 0.057297297297297295 0.06538461538461539
0 0.10184465725938702 0.9239956862559867 0.042439400969249225 0.06638019135076373
0 0.036471156856780394 0.886393521902651 0.05061041518102106 0.07194376509042268
0 0.006756756756756757 0.7879807692307692 0.013513513513513514 0.06634615384615385
0 0.08221602924648612 0.8768469282974425 0.0484482530188589 0.07174219670856503
0 0.1718217545727565 0.7129141780629688 0.047090837032624594 0.09178332811447945
0 0.011621621621621621 0.9163461538461538 0.023243243243243242 0.07307692307692308
0 0.3264511551482637 0.964039874754998 0.04036485540124911 0.0316136304489856
0 0.37783783783783786 0.8932692307692308 0.023783783783783784 0.075
0 0.567034184836156 0.6920245583295859 0.061120180596180206 0.1324662074241679
0 0.6145570402047085 0.7528990811701318 0.05387927281669683 0.11546495633697589
0 0.6877007635595073 0.6505238555502814 0.04916538260062471 0.12654988901625736
0 0.815498597980312 0.8479695491109982 0.049013956000864854 0.07371566572710654
0 0.8189044931911468 0.9177587200395901 0.048096430789309294 0.08611488153617738
0 0.40405405405405403 0.8596153846153847 0.028648648648648647 0.11346153846153846
0 0.40675675675675677 0.9307692307692308 0.03405405405405405 0.09423076923076923
0 0.7483464366724082 0.8018899109379422 0.06254005073511114 0.07593700657525652
0 0.7958153882534653 0.619316786351275 0.05478421680751962 0.10210420206636647
0 0.952171127775159 0.49093714330839866 0.04451394653724934 0.10114675225254162
0 0.8994347122657895 0.7047330275234769 0.05120128060449256 0.07584031103204121
0 0.9861881160934654 0.42870341405271883 0.02491609364972966 0.0887557137388979
0 0.9092174785842522 0.4522052454548264 0.0529235519919761 0.0836837950107423
0 0.7696928532662942 0.676492907145797 0.04158478186135727 0.08358709946752699
0 0.8517685287117116 0.531028911738555 0.04896408306890088 0.11116527363164197
0 0.8248920243825103 0.563305816724006 0.04941655506431227 0.1044848964963372
0 0.914439100436132 0.5895309174445577 0.05348925497398193 0.08565726402928359
0 0.8803544972321801 0.5125179421112861 0.05171711065453466 0.11526338795511802
0 0.5764864864864865 0.9610576923076923 0.04594594594594595 0.07788461538461539
0 0.5347120457090326 0.9548166892830885 0.05937229481626427 0.08140388477170028
0 0.46702702702702703 0.9798076923076923 0.05621621621621622 0.04038461538461539
0 0.5072972972972973 0.9889423076923077 0.04162162162162162 0.022115384615384617
0 0.5416216216216216 0.9846153846153847 0.04540540540540541 0.03076923076923077
0 0.9913513513513513 0.5793269230769231 0.017297297297297298 0.052884615384615384
0 0.9789189189189189 0.6360576923076923 0.04216216216216216 0.08557692307692308
0 0.8054312090701499 0.6890072174127948 0.04098133521715312 0.07872901506437022
0 0.5065861956472429 0.8556399815628247 0.037449175848024006 0.09760703962688808
0 0.9394263878760717 0.8873157095679781 0.039384876036997044 0.08050091570105364
0 0.8648648648648649 0.9610576923076923 0.05189189189189189 0.07788461538461539