0 0.4468457878942914 0.1194668992515315 0.060859937379107616 0.14335914102609876
0 0.5815384765166602 0.2745848860438559 0.040902560058191095 0.11204126366974429
0 0.6017699115044248 0.24044943820224718 0.035398230088495575 0.11685393258426967
0 0.3575691937287379 0.40787226337756777 0.050494677695618384 0.11590244953893276
0 0.5303536408865196 0.44043829564755527 0.04994243337700281 0.09904851695466323
0 0.4772073056790641 0.4639383555844057 0.05049467769561853 0.11590244953893264
0 0.3584070796460177 0.48820224719101124 0.0632111251580278 0.08202247191011236
0 0.3966498103666245 0.500561797752809 0.03982300884955752 0.05730337078651685
0 0.4304677623261694 0.501123595505618 0.05562579013906448 0.056179775280898875
0 0.3163716814159292 0.5089887640449439 0.042351453855878636 0.04044943820224719
0 0.6020859671302149 0.5061797752808989 0.0347661188369153 0.046067415730337076
0 0.2808563052754345 0.3417342055458987 0.07887228579806498 0.09605802627935048
0 0.32109393975519496 0.4136847118311797 0.04778215124975884 0.11015369885022036
0 0.19089759797724398 0.4837078651685393 0.045512010113780026 0.09101123595505618
0 0.08834473005990676 0.3623471230565827 0.05901288862657293 0.10624779605054985
0 0.02654867256637168 0.3303370786516854 0.05309734513274336 0.1303370786516854
0 0.011378002528445006 0.4589887640449438 0.022756005056890013 0.11797752808988764
0 0.5714285714285714 0.5078651685393258 0.04298356510745891 0.04269662921348315
0 0.5808950762607582 0.4675490733987473 0.04262104673054289 0.08745293570677144
0 0.5050568900126422 0.5039325842696629 0.04424778761061947 0.05056179775280899
0 0.6529709228824273 0.062359550561797754 0.06700379266750948 0.12471910112359551
0 0.7398862199747156 0.0651685393258427 0.08533501896333755 0.1303370786516854
0 0.9598609355246523 0.06292134831460675 0.08027812895069532 0.1258426966292135
0 0.8725084347935175 0.08457606381722614 0.09368667181622488 0.16300402691392388
0 0.858077797547308 0.1879571851589947 0.10701652745876641 0.10760889059676024
0 0.8553381012767588 0.281199265480209 0.07715379912571318 0.12064635424232346
0 0.7639733829223055 0.2674168133551574 0.07240955263279227 0.18770245838768995
0 0.8043769856251447 0.39207822853401647 0.0603813256363075 0.12875239945306505
0 0.8660967561954165 0.3765474288271221 0.09022535089791242 0.1729202267235517
0 0.9401857468165606 0.37832394476192477 0.06457273795562443 0.1603765400611466
0 0.9883059418457648 0.4904494382022472 0.02338811630847029 0.07752808988764046
0 0.9412136536030341 0.4752808988764045 0.08091024020227561 0.10786516853932585
0 0.8982300884955752 0.4803370786516854 0.05562579013906448 0.09775280898876404
0 0.8650442477876106 0.48146067415730337 0.04740834386852086 0.09550561797752809
0 0.8027812895069533 0.5022471910112359 0.0897597977243995 0.05393258426966292
0 0.6365360303413401 0.1949438202247191 0.03413400758533502 0.1449438202247191
0 0.6359039190897599 0.44269662921348313 0.03286978508217446 0.14382022471910114
0 0.6632842023364912 0.3937672013557113 0.06854325254749513 0.1852591076355203
0 0.7117084062285427 0.4277176320110781 0.09335532522505555 0.15289166736336207
0 0.729868019799131 0.4705243647353545 0.07879865322224952 0.09381083526811453
0 0.7209228824273072 0.501685393258427 0.10935524652338811 0.0550561797752809
0 0.5562579013906448 0.55 0.0922882427307206 0.04157303370786517
0 0.544160338706896 0.6053178637406769 0.08577622456324159 0.13343091757614442
0 0.4818764449586985 0.7150999127588586 0.09047118605395621 0.10338807853585974
0 0.5834386852085968 0.7359550561797753 0.07206068268015171 0.09438202247191012
0 0.6008217446270544 0.8219101123595506 0.03729456384323641 0.11797752808988764
0 0.5737787065213765 0.8376586225428425 0.05075239171097212 0.12376761807825862
0 0.5380613036285162 0.829971578283961 0.04532733881925304 0.11227011670083367
0 0.5003954597276282 0.8336022223066483 0.052323613231693294 0.09468490809281371
0 0.42847610276945214 0.8715335337254277 0.05462492615341879 0.10714253852507845
0 0.42910539176995194 0.9197337139514561 0.08326024827121926 0.09516328380482188
0 0.4947959718595886 0.9370874353390469 0.06727338554217374 0.08872797402284122
0 0.5609987357774968 0.9679775280898877 0.06763590391908976 0.06404494382022471
0 0.43805309734513276 0.9786516853932584 0.0606826801517067 0.04269662921348315
0 0.6065107458912768 0.9752808988764045 0.025916561314791402 0.04943820224719101
0 0.1566851980964153 0.5961944073952475 0.07876183693434172 0.09268723976249654
0 0.16324367901502032 0.8100982432299351 0.07028044229129497 0.10346548875649744
0 0.07986080809327366 0.9282625416097698 0.05633094411147166 0.1206910711728055
0 0.14538558786346398 0.9629213483146067 0.06826801517067003 0.07415730337078652
0 0.7161820480404552 0.5848314606741573 0.10493046776232617 0.11123595505617978
0 0.979456384323641 0.7331460674157303 0.04108723135271808 0.13370786516853933
0 0.9788242730720607 0.9764044943820225 0.042351453855878636 0.04719101123595506