0 0.2986754966887417 0.08352941176470588 0.09668874172185431 0.16705882352941176
0 0.301055409948318 0.21077670811979743 0.1149747066458234 0.16299113885074804
0 0.21667920868729812 0.2531896168378917 0.10925765317674857 0.19643056758943792
0 0.15562913907284767 0.06941176470588235 0.11920529801324503 0.1388235294117647
0 0.10331125827814569 0.025294117647058825 0.1205298013245033 0.05058823529411765
0 0.06291390728476821 0.07764705882352942 0.10860927152317881 0.15529411764705883
0 0.12467329803368274 0.13875449618406652 0.1193266304830438 0.17159637023392232
0 0.15713733521397294 0.23588998366659567 0.09636405905227836 0.17414428520462077
0 0.09312875789026547 0.2799209616108378 0.10629783388671546 0.17506912836843908
0 0.04989302937505165 0.20194561140977418 0.09590450180603843 0.1928445021945429
0 0.02019867549668874 0.2088235294117647 0.04039735099337748 0.2223529411764706
0 0.03642384105960265 0.37058823529411766 0.0728476821192053 0.11764705882352941
0 0.041721854304635764 0.31588235294117645 0.08344370860927153 0.15411764705882353
0 0.4870860927152318 0.03823529411764706 0.0456953642384106 0.07647058823529412
0 0.4589403973509934 0.08176470588235295 0.10198675496688742 0.1635294117647059
0 0.4205298013245033 0.06823529411764706 0.08344370860927153 0.13647058823529412
0 0.3718543046357616 0.08941176470588236 0.09867549668874172 0.17882352941176471
0 0.49701986754966887 0.3888235294117647 0.025827814569536423 0.06470588235294118
0 0.4652317880794702 0.4176470588235294 0.04966887417218543 0.023529411764705882
0 0.4741721854304636 0.37470588235294117 0.06225165562913907 0.10941176470588235
0 0.47086092715231787 0.28647058823529414 0.0781456953642384 0.1588235294117647
0 0.4565494011985067 0.19922867502389782 0.09051202170814143 0.11854188650295568
0 0.31363835535286866 0.29570589108206097 0.10208111252135335 0.14070485646593037
0 0.3791202352157569 0.320066849073135 0.06831982019113265 0.1235043988610457
0 0.3152317880794702 0.38294117647058823 0.09668874172185431 0.09294117647058824
0 0.24006622516556292 0.4152941176470588 0.09602649006622517 0.02823529411764706
0 0.2096026490066225 0.4011764705882353 0.06556291390728476 0.05647058823529412
0 0.42450331125827817 0.3847058823529412 0.07682119205298013 0.08941176470588236
0 0.35496688741721855 0.4 0.08079470198675497 0.058823529411764705
0 0.3162251655629139 0.3876470588235294 0.09602649006622517 0.08352941176470588
0 0.9784768211920529 0.04 0.04304635761589404 0.08
0 0.976158940397351 0.11529411764705882 0.04768211920529802 0.12
0 0.9764900662251655 0.17705882352941177 0.04701986754966887 0.09294117647058824
0 0.9731788079470198 0.32294117647058823 0.05364238410596026 0.10470588235294118
0 0.9696728285952957 0.3012750238150598 0.056439916710404464 0.08022661452075681
0 0.9231788079470199 0.4011764705882353 0.054304635761589407 0.05647058823529412
0 0.8675496688741722 0.39235294117647057 0.052980132450331126 0.07411764705882352
0 0.9314380067120609 0.34407788012160945 0.04677643752128557 0.08518412429811499
0 0.9034613144376452 0.37889706973492915 0.045343815951900075 0.08270787069980168
0 0.8493319609765202 0.16487772219428787 0.07238790627616916 0.14028326815094608
0 0.8830460198803088 0.18458194759151184 0.07715887033743143 0.11495582110806053
0 0.7474535428645559 0.28682070545937505 0.09662092188912927 0.13668219501385492
0 0.7615298853717895 0.34642494266911905 0.0747937014670986 0.10653555835764993
0 0.7490066225165563 0.40058823529411763 0.07417218543046358 0.05764705882352941
0 0.7960819154252637 0.37659409093861823 0.0519798746150567 0.0692684419611118
0 0.650663508587206 0.3339036658442177 0.08506526388438479 0.1578636681828223
0 0.5251655629139073 0.39176470588235296 0.030463576158940398 0.07529411764705882
0 0.4824503311258278 0.5952941176470589 0.05496688741721854 0.15058823529411763
0 0.47649006622516554 0.7864705882352941 0.06688741721854305 0.15411764705882353
0 0.5016556291390728 0.8570588235294118 0.016556291390728478 0.10705882352941176
0 0.28350574107414583 0.7648251316694412 0.08071334004716454 0.14925843679964762
0 0.23511408213758772 0.777530501078877 0.07413134051307137 0.16387433612657307
0 0.16258403838853056 0.7989260823167711 0.08337588877654649 0.13544907079543037
0 0.13126845713024832 0.5189394013896697 0.07726687929716071 0.17470919626437562
0 0.059933774834437084 0.4582352941176471 0.09205298013245033 0.05764705882352941
0 0.046378584844725824 0.5151283467161548 0.08445707135781937 0.15897848256013625
0 0.07059849554441232 0.7342751649247217 0.08391648006718294 0.1472137766777833
0 0.08831722215760614 0.7935402929743989 0.07390167118834938 0.11582401064168982
0 0.026490066225165563 0.8011764705882353 0.052980132450331126 0.10823529411764705
0 0.007947019867549669 0.57 0.015894039735099338 0.1188235294117647
0 0.011258278145695364 0.7476470588235294 0.022516556291390728 0.1376470588235294
0 0.040513661184111406 0.9010773584489845 0.07803735850931512 0.11972335967192307
0 0.04271523178807947 0.9594117647058824 0.04966887417218543 0.0811764705882353
0 0.10463576158940398 0.9535294117647058 0.0781456953642384 0.09294117647058824
0 0.0228476821192053 0.9794117647058823 0.0456953642384106 0.041176470588235294
0 0.16942306470707152 0.937104722804229 0.06788734715862349 0.11409263415516334
0 0.2094622056589036 0.9052625403476904 0.08040252737964805 0.12814362242233396
0 0.33209354196345636 0.8411307615948996 0.07651016078866768 0.10083817404923727
0 0.28687804813158385 0.88516924341024 0.08391658936558097 0.0898133426979388
0 0.29531170945910434 0.9312415675649122 0.07921322654024784 0.10226126948115721
0 0.347682119205298 0.9570588235294117 0.059602649006622516 0.08588235294117647
0 0.24072847682119206 0.9758823529411764 0.08013245033112583 0.04823529411764706
0 0.8984061847290055 0.7074672830529793 0.06745476482771623 0.1620813034291255
0 0.7350993377483444 0.45588235294117646 0.09403973509933775 0.052941176470588235
0 0.6738553667983004 0.621772336607772 0.10199996917855882 0.16764036757349993
0 0.6940609772960188 0.7130204685683925 0.09656686276006567 0.13550572442561962
0 0.6508864068584954 0.8130979451425784 0.08643028421784144 0.17321944204080222
0 0.5437086092715232 0.8805882352941177 0.06754966887417219 0.17058823529411765
0 0.8874172185430463 0.951764705882353 0.08609271523178808 0.09647058823529411
0 0.854082775825081 0.7894944341422818 0.09130936653723076 0.1502449361743874
0 0.8533801710948506 0.8908892027591074 0.09563431545911832 0.12956171527352178
0 0.971523178807947 0.7170588235294117 0.05695364238410596 0.1423529411764706
0 0.9903973509933774 0.741764705882353 0.019205298013245033 0.1
0 0.9877483443708609 0.9117647058823529 0.024503311258278145 0.13176470588235295
0 0.6062913907284768 0.9870588235294118 0.08278145695364239 0.02588235294117647
0 0.5215231788079471 0.9429411764705883 0.023178807947019868 0.11411764705882353
0 0.5384105960264901 0.9558823529411765 0.05695364238410596 0.08823529411764706
0 0.7149493712064605 0.9400917985496344 0.06550863618142512 0.11972836225265489
0 0.7516556291390728 0.9311764705882353 0.06490066225165562 0.1376470588235294