0 0.4390103567318757 0.38473360655737704 0.047180667433831994 0.050204918032786885
0 0.3998849252013809 0.3637295081967213 0.05293440736478711 0.09221311475409837
0 0.249815862535399 0.34579332278351627 0.048094597760913536 0.09519320818151183
0 0.26326830511022536 0.3099927143824233 0.060883387084312124 0.10903752752969027
0 0.2527939670894849 0.2388905838577877 0.05518990629580196 0.11494659250555571
0 0.014672036823935558 0.11270491803278689 0.029344073647871116 0.13114754098360656
0 0.042485532107201074 0.11188181704196318 0.0629308911566384 0.14189595557791454
0 0.04852324421030202 0.2877778871625232 0.046338346210404516 0.09204789488738617
0 0.14935284159778717 0.335484375464823 0.04750918057741062 0.09414477041680344
0 0.018699654775604143 0.18186475409836064 0.037399309551208286 0.09528688524590163
0 0.012945914844649022 0.2827868852459016 0.025891829689298044 0.0942622950819672
0 0.8610471806674338 0.007684426229508197 0.07652474108170311 0.015368852459016393
0 0.7674288925907916 0.20756818438611185 0.0882042619513424 0.19722468109972693
0 0.8399467554870419 0.30070114510872126 0.09275703794406907 0.19229251108624787
0 0.8084004602991944 0.3826844262295082 0.07825086306098965 0.05430327868852459
0 0.7072678125312852 0.28956902722864364 0.09718929565190583 0.17506525910555568
0 0.6876205323321075 0.16278131383993685 0.09746046179290802 0.2027291935317852
0 0.6327899221365074 0.23117674167670818 0.08842812428017569 0.1613878729627961
0 0.6642692750287686 0.3411885245901639 0.09838895281933256 0.13729508196721313
0 0.6705983889528193 0.39293032786885246 0.07882623705408516 0.03381147540983607
0 0.6139240506329114 0.3837090163934426 0.08745684695051784 0.05225409836065574
0 0.5957997698504027 0.33043032786885246 0.07767548906789414 0.15881147540983606
0 0.5461882024405605 0.28545317442172174 0.08869929042117801 0.1890518073890256
0 0.5140966628308401 0.2786885245901639 0.048906789413118525 0.18032786885245902
0 0.5296317606444189 0.04252049180327869 0.07997698504027619 0.08504098360655737
0 0.5146720368239356 0.36065573770491804 0.05005753739930955 0.09836065573770492
0 0.5615650172612198 0.3775614754098361 0.08400460299194476 0.06454918032786885
0 0.3276754890678941 0.45338114754098363 0.07422324510932106 0.08709016393442623
0 0.07710011507479862 0.4339139344262295 0.0805523590333717 0.04815573770491803
0 0.012945914844649022 0.45901639344262296 0.025891829689298044 0.09836065573770492
0 0.040712106315745705 0.48321014319209965 0.06496122098801826 0.11432741155478149
0 0.08050038841313482 0.5524547308644131 0.06591110516605947 0.09388330347764126
0 0.019275028768699656 0.5747950819672131 0.03855005753739931 0.08401639344262295
0 0.11902955688518571 0.6692712183573547 0.06548637902907622 0.10922830833588346
0 0.2564125770751824 0.7789190013801692 0.06597136430850442 0.10003084446124783
0 0.19799981483111262 0.9219306541783475 0.05487856739316976 0.08318429742358849
0 0.143991439478125 0.8981845100633429 0.04455196508867302 0.08582881110145746
0 0.11335957870362745 0.9122775158809431 0.04916500022384466 0.08704418207158483
0 0.024077633939682493 0.8691463402498637 0.04444148999419077 0.07455831929817855
0 0.07171541583618782 0.7123738347062162 0.053413568364478005 0.10975209888356095
0 0.03887325048750905 0.6183248830271861 0.057240322507996835 0.08942722881029153
0 0.016973532796317605 0.6285860655737705 0.03394706559263521 0.08913934426229508
0 0.027160538607646136 0.6849228153482472 0.0450469935585087 0.07765593739075603
0 0.05429998266194064 0.6665883632702645 0.0439665479051701 0.08478037333674883
0 0.2691352829763989 0.9033713632317175 0.06409459447310549 0.08459044919990905
0 0.342104585354718 0.7491850373680337 0.07479279482267939 0.11985577158761408
0 0.3265314242348444 0.8033328783168495 0.07517734819803262 0.10041240607363418
0 0.3639240506329114 0.9574795081967213 0.06846950517836593 0.08504098360655737
0 0.31185858472637534 0.9199926430660527 0.04332087157922222 0.07758439458843364
0 0.30784457549038374 0.9505514909782795 0.050215316305960836 0.07684597563378875
0 0.3827962505025129 0.617216895831103 0.06286058882378591 0.13472382443037353
0 0.4781357882623705 0.5430327868852459 0.023014959723820484 0.12704918032786885
0 0.4836018411967779 0.7658811475409836 0.012082853855005753 0.11372950819672131
0 0.41807614827947565 0.8132721878235437 0.0481046409513212 0.09621779834544626
0 0.5046029919447641 0.4390368852459016 0.02991944764096663 0.0584016393442623
0 0.5195627157652474 0.9774590163934426 0.05983889528193326 0.045081967213114756
0 0.6301819595575645 0.8491434823576056 0.06809921390409074 0.14108599382094725
0 0.6869965477560415 0.9462090163934426 0.07249712313003452 0.10758196721311475
0 0.5891829689298044 0.9667008196721312 0.06214039125431531 0.06659836065573771
0 0.748849252013809 0.9748975409836066 0.06271576524741082 0.050204918032786885
0 0.7908515535097813 0.9733606557377049 0.048906789413118525 0.05327868852459016
0 0.8084004602991944 0.985655737704918 0.04487917146144994 0.028688524590163935
0 0.798712907356375 0.6159598263449009 0.0909936553430213 0.12974481588469958
0 0.9732451093210587 0.8355532786885246 0.053509781357882626 0.14651639344262296
0 0.8837744533947065 0.9784836065573771 0.05638665132336018 0.0430327868852459