0 0.18262032085561497 0.2214828897338403 0.10427807486631016 0.13688212927756654
0 0.22903961496999173 0.15528390166939723 0.10253816463823945 0.1315150695778394
0 0.27085561497326205 0.22813688212927757 0.08502673796791443 0.12357414448669202
0 0.5368983957219251 0.22480988593155893 0.06524064171122995 0.13022813688212928
0 0.5516042780748663 0.08935361216730038 0.03582887700534759 0.08555133079847908
0 0.7898517250853182 0.14627285697083206 0.07641784624058667 0.16527557486285407
0 0.8639549536933318 0.1656896022622843 0.06416007558469929 0.13332591935619165
0 0.8248663101604278 0.25285171102661597 0.0893048128342246 0.0741444866920152
0 0.907252750533092 0.2536013009860186 0.05757718296824015 0.06276244385627924
0 0.9376094492123006 0.2558270323457187 0.04984138246569458 0.054770658309378745
0 0.9355551905208603 0.08227371191744727 0.06076464232008969 0.12745654467042095
0 0.9254010695187166 0.02328897338403042 0.07540106951871657 0.04657794676806084
0 0.9393048128342246 0.03612167300380228 0.05614973262032086 0.07224334600760456
0 0.9636363636363636 0.19629277566539924 0.07272727272727272 0.12072243346007605
0 0.9810160427807486 0.11406844106463879 0.03796791443850268 0.06844106463878327
0 0.9925133689839573 0.19771863117870722 0.014973262032085561 0.07984790874524715
0 0.10559687053021875 0.7550734434186549 0.06249877933767804 0.115209765310111
0 0.1840819114554167 0.7548098852902692 0.060266303347084604 0.11224741919513577
0 0.2235366820082231 0.634149284170629 0.060837483090656806 0.09709361126403011
0 0.2818412746601112 0.679530589149038 0.060453180461961326 0.1179508412483676
0 0.15216715496904942 0.6534984821189213 0.06448736004123984 0.0944355116420431
0 0.06597984732134854 0.6199978776673978 0.047525517305592485 0.1144353196915954
0 0.06880071522613299 0.4442944876059071 0.04979968788094038 0.08608416205797469
0 0.025133689839572194 0.4282319391634981 0.05026737967914439 0.06368821292775666
0 0.22770161109141812 0.33596061382510095 0.04382389638232542 0.08292820453837046
0 0.2755810333564106 0.38994728338196216 0.042375349236523294 0.08759807993312753
0 0.38983957219251336 0.3070342205323194 0.04171122994652406 0.034220532319391636
0 0.2796791443850267 0.313212927756654 0.051336898395721926 0.04657794676806084
0 0.4621658291314838 0.4794630200505238 0.037884525268994024 0.06459078031557093
0 0.4917903429385851 0.45515575814474446 0.043039967537534106 0.07529598302863806
0 0.5205662479350399 0.4811872362177125 0.041596694591202625 0.06383382137799445
0 0.5641711229946524 0.5009505703422054 0.0106951871657754 0.06463878326996197
0 0.5548128342245989 0.3740494296577947 0.029411764705882353 0.0408745247148289
0 0.47672816803201445 0.3282997629133629 0.03332613473036853 0.05581437705900423
0 0.4148214157302858 0.4743200880288773 0.05241646650022918 0.06818927818861263
0 0.3336338194220608 0.43486713257531334 0.041814717891892624 0.07048781377343172
0 0.3040272663020953 0.4178937315253857 0.03866845411378558 0.07222300182530328
0 0.3723650649184835 0.4584857826802086 0.04857971243476942 0.06514395575736781
0 0.216542866260209 0.5543239481518965 0.043761604010699846 0.08102706385395976
0 0.17303520692447086 0.546135693699005 0.05263448980091918 0.0748432705840499
0 0.25384616239770086 0.540058078429028 0.04515313298434705 0.058324010729391466
0 0.3532295109029382 0.7655149171669527 0.05432165803428256 0.1100420320177366
0 0.3945411146333664 0.7918469844380147 0.0542229452773733 0.12332235803652127
0 0.39498696111716985 0.6641888848160278 0.042717957280464444 0.09805435369738609
0 0.4171200687197695 0.7218796012887146 0.04647182118742713 0.06598389101121367
0 0.4371471736582446 0.6401822121083424 0.049503549610212735 0.12592514011432876
0 0.4187106622849472 0.5837237397443343 0.041399269077384115 0.09039447341556388
0 0.44757284305615175 0.7293196401444992 0.043382575581475256 0.08575225679289651
0 0.4591815685039349 0.6845926025622447 0.03341429908833624 0.0747981251310208
0 0.4902833880484217 0.7048100234936214 0.04932194669480641 0.10408968101569609
0 0.5473598444494271 0.6980620828972317 0.042224892506929755 0.06671319117670017
0 0.5491978609625668 0.6154942965779467 0.040641711229946524 0.07509505703422054
0 0.5580213903743315 0.4268060836501901 0.022994652406417113 0.0741444866920152
0 0.5403743315508022 0.9838403041825095 0.058288770053475936 0.03231939163498099
0 0.511812281138418 0.8868456727766219 0.053034116017015014 0.10333272207811961
0 0.5483957219251336 0.8388783269961977 0.04224598930481283 0.10551330798479087
0 0.5550802139037433 0.7466730038022814 0.028877005347593583 0.07699619771863118
0 0.5564171122994652 0.9757604562737643 0.026203208556149733 0.04847908745247148
0 0.5561497326203209 0.9500950570342205 0.026737967914438502 0.0655893536121673
0 0.5299465240641711 0.9619771863117871 0.05454545454545454 0.07604562737642585
0 0.007754010695187166 0.5499049429657795 0.015508021390374332 0.09980988593155894
0 0.7550802139037434 0.9610266159695817 0.059893048128342244 0.0779467680608365
0 0.717638364423957 0.9213799947230036 0.06186530722248002 0.12846243255680578
0 0.9393048128342246 0.9904942965779467 0.02727272727272727 0.019011406844106463
0 0.9224598930481284 0.9786121673003803 0.05026737967914439 0.04277566539923954
0 0.8521390374331551 0.9424904942965779 0.07219251336898395 0.1150190114068441
0 0.9136363636363637 0.9496197718631179 0.05508021390374331 0.10076045627376426
0 0.8988154123332407 0.9233966857049655 0.05800795537014877 0.09220246569255439
0 0.9074491780248871 0.87170632318871 0.04665342410283345 0.08781935010984634
0 0.8327802933782777 0.9021392033188576 0.05070292726951232 0.11365070198192906
0 0.8704261975597106 0.8774170598317306 0.05020458829650722 0.09844157650664388
0 0.8537420333966436 0.84079610017963 0.05637253110946968 0.09116891903407948
0 0.8412865877214318 0.7973137073414185 0.05801322956961966 0.07607042864715376
0 0.8062675115472179 0.7744520161740995 0.054425644990662214 0.08062966895355132
0 0.7998213911506634 0.6860577176894742 0.05064590909735739 0.09561752425211778
0 0.8256014890986046 0.6894691189541433 0.03753136882611157 0.08639858064211374
0 0.8545122777317464 0.6950909934417868 0.05841812998518639 0.08842784309582297
0 0.9113601624331206 0.662732971150033 0.0660863639166355 0.11065052500371322
0 0.8601475992751441 0.6127145355945323 0.044831122727277385 0.08108238139813949
0 0.8845907988273634 0.616195083789426 0.038128420556025916 0.08832738009861403
0 0.9272443256474783 0.6097186448683595 0.0369031709103842 0.08351921084340791
0 0.79547261360251 0.5662392803678934 0.04994487041106314 0.12310108785980256
0 0.8445197683299775 0.5357081657847503 0.04014287324592985 0.0846357338181522
0 0.8827888457331728 0.5408460117608215 0.04577605670060353 0.07733541757349793
0 0.9005887488805252 0.47824300574082507 0.05039673961085484 0.0880129615144752
0 0.918654143123804 0.5541743407339973 0.04861085862058221 0.06609452609957303
0 0.8879358776914952 0.40819996086504423 0.049176764164683764 0.06707275521386821
0 0.841876369207829 0.38828170038108045 0.06043785687456073 0.06860415976996029
0 0.862553267870926 0.46597588219821406 0.04750491951872099 0.08122067525858882
0 0.9271549137619816 0.384345411403853 0.03555861072096197 0.05877672317397964
0 0.9427807486631016 0.32509505703422054 0.03208556149732621 0.07034220532319392
0 0.9216577540106952 0.3094106463878327 0.03796791443850268 0.03897338403041825
0 0.9338370181463617 0.4248050545373342 0.03952522372914401 0.049492289928645114
0 0.8863624962969358 0.3584609705318037 0.05053187275304753 0.059551168792495175
0 0.8954766402744517 0.33284214549597013 0.03285894194317598 0.04155582192592436
0 0.8792728543972537 0.3222927233242914 0.03489926661942205 0.05494678303306842
0 0.8188503211100934 0.3415502016158445 0.03751077103924008 0.053183936209107
0 0.7930390769763395 0.3390893706933806 0.03361172460215475 0.048237473093451486
0 0.7536693346707537 0.33495741260369444 0.03951467533020247 0.08175636401944637
0 0.7172518162457093 0.4606801979729247 0.0521256024289723 0.09189821919956609
0 0.6643913918448945 0.5179794053843109 0.03800383581277477 0.08452509872979275
0 0.6916071009454667 0.5346019857375401 0.046715716474459025 0.089720490794257
0 0.7407611292345555 0.5904206490485875 0.04332028320984944 0.08385111610848597
0 0.7127614912891919 0.5814302902050906 0.04458195324077484 0.07347781866049691
0 0.6492660340055034 0.7270583064657719 0.0970348401262877 0.12648563014591413
0 0.6936117537529464 0.6526437468491145 0.05743150142710592 0.12348831066906046
0 0.5762032085561497 0.5451520912547528 0.013368983957219251 0.11692015209125475
0 0.6251336898395722 0.3231939163498099 0.039572192513368985 0.06653992395437262
0 0.5919786096256684 0.30798479087452474 0.044919786096256686 0.03612167300380228
0 0.6168449197860962 0.30370722433460073 0.032620320855614976 0.027566539923954372
0 0.5818181818181818 0.38070342205323193 0.02459893048128342 0.0903041825095057
0 0.7174640663359169 0.3401513759174775 0.04150325603376426 0.06098211035137848
0 0.7344919786096257 0.3127376425855513 0.03796791443850268 0.045627376425855515
0 0.6812899441868929 0.3443947688890553 0.045184279170160074 0.05927458107159679
0 0.6740641711229947 0.30228136882129275 0.04866310160427807 0.024714828897338403
0 0.7066844919786096 0.30988593155893535 0.03155080213903743 0.039923954372623575
0 0.8010695187165775 0.311787072243346 0.039572192513368985 0.043726235741444866
0 0.6626033727658982 0.6295746148911219 0.058033827356490916 0.10928507308016035
0 0.9943850267379679 0.31749049429657794 0.011229946524064172 0.055133079847908745
0 0.9893048128342246 0.4301330798479088 0.0213903743315508 0.05038022813688213
0 0.8631016042780749 0.30750950570342206 0.04171122994652406 0.03517110266159696