0 0.26099537037037035 0.08127572016460906 0.08333333333333333 0.16255144032921812
0 0.3385416666666667 0.07818930041152264 0.09606481481481481 0.15637860082304528
0 0.22310412397463464 0.1337444747429828 0.0787400942786468 0.1852895298968674
0 0.20019394218619024 0.18560620899242486 0.08799935353790618 0.18605620888530766
0 0.19082881557692566 0.30382454962687044 0.09322452542924779 0.18751627240066762
0 0.06821049771243386 0.17644569746424876 0.08306043713270721 0.2020858573041043
0 0.04689997893478745 0.32604405722809415 0.08955024051092488 0.17488308876765657
0 0.11170327810488904 0.33767657166937604 0.100326709627186 0.1624190344697218
0 0.1551663475651594 0.42628074680341743 0.0627340001758717 0.12540170123200994
0 0.22250423262230795 0.3980406618444806 0.09227537344935925 0.1648346101079229
0 0.016203703703703703 0.4737654320987654 0.032407407407407406 0.11213991769547325
0 0.08825231481481481 0.4670781893004115 0.09664351851851852 0.12551440329218108
0 0.08854166666666667 0.5056584362139918 0.09027777777777778 0.04835390946502058
0 0.29360407466031324 0.17478112319976907 0.11226058615085453 0.15005081504534187
0 0.26748799121207195 0.26090493807221565 0.10409138006696902 0.14526474459300798
0 0.3011667097491135 0.3358964587320162 0.08899456809664749 0.14093247148370597
0 0.2976736827850509 0.4057242426706807 0.09689435725239864 0.12925763658624584
0 0.3370808863128829 0.28192777557071774 0.06059821676773128 0.17145841034441864
0 0.3714525951826378 0.23993412043991652 0.07546993475252527 0.19734770428854795
0 0.39390590935726916 0.12475286381542527 0.08076246087590067 0.20292299414135637
0 0.44238453855189924 0.14803909104848792 0.06111575897081949 0.13245959501221236
0 0.4168103853256358 0.24957104596797777 0.080509882505775 0.18749089537592425
0 0.48726851851851855 0.12911522633744857 0.02546296296296296 0.1779835390946502
0 0.4878472222222222 0.24845679012345678 0.024305555555555556 0.147119341563786
0 0.4507346196832625 0.4280774219481172 0.06367250632917 0.11212305050885718
0 0.4409722222222222 0.4835390946502058 0.08217592592592593 0.09259259259259259
0 0.2881944444444444 0.49794238683127573 0.06018518518518518 0.06378600823045268
0 0.5685763888888888 0.020061728395061727 0.0954861111111111 0.040123456790123455
0 0.6601966233144988 0.45482236695692635 0.06825162028477438 0.10941997024999094
0 0.5115740740740741 0.06532921810699588 0.023148148148148147 0.13065843621399176
0 0.8388310185185185 0.015432098765432098 0.10011574074074074 0.030864197530864196
0 0.9456689271816603 0.08761290037306062 0.06810007326269893 0.10016071099073157
0 0.7039507842628671 0.4372917528729462 0.06115562881825422 0.0995857017494014
0 0.9090706664755223 0.40073373771404613 0.07031385672946326 0.09417954123166894
0 0.9035972653046691 0.1194270130461672 0.06738666109492791 0.09188234087905692
0 0.6941831678930891 0.08834733953944224 0.07636411796321649 0.14605112738077353
0 0.7592592592592593 0.4963991769547325 0.06481481481481481 0.0668724279835391
0 0.6117569941491808 0.4516218268373144 0.09354000493623518 0.13617177805611544
0 0.7874126333288495 0.47364943595697073 0.06701002008732518 0.1041801024546252
0 0.6160356235150027 0.2704673033220399 0.06367869906058804 0.07719154407732183
0 0.6334539299428975 0.37874143376361474 0.08144393556390067 0.10332042520533864
0 0.5364583333333334 0.06275720164609054 0.07291666666666667 0.12551440329218108
0 0.5271990740740741 0.3816872427983539 0.05439814814814815 0.10699588477366255
0 0.7954009643652571 0.20049986950246804 0.05999822141084681 0.09948986687584636
0 0.6181722767412663 0.17087600459203942 0.09657442465023904 0.10971031148336495
0 0.9367003765037161 0.17695278049020002 0.06895438662595489 0.08173802734576797
0 0.6004050925925926 0.485082304526749 0.08159722222222222 0.08950617283950617
0 0.5887882603144897 0.30517474769476816 0.06857774561835202 0.09403578892133625
0 0.5727237181700254 0.3858303777939785 0.07538128886731112 0.12131185191930452
0 0.6730324074074074 0.49434156378600824 0.06944444444444445 0.07098765432098765
0 0.7455784509002217 0.4137560103115143 0.055846264136870535 0.09298160531223097
0 0.8436163693631707 0.17229785008064616 0.07111146168727608 0.10760194426515415
0 0.7953739668919987 0.3050674901255578 0.0616333011739077 0.09346077968000598
0 0.8780536928287135 0.24053025178692652 0.06856090706034373 0.0930069823369741
0 0.611240217759658 0.10139633122318913 0.10521511035835973 0.14330296629783876
0 0.8331558666652372 0.27669917798136906 0.058891329677464646 0.10248045175537773
0 0.5298032407407407 0.4403292181069959 0.05960648148148148 0.13786008230452676
0 0.6753993026348257 0.3392112717077921 0.059779320156737696 0.08611538127913854
0 0.944759262142424 0.2267653351642259 0.06097040468016193 0.08826882932141787
0 0.6583988637914321 0.27417097652781575 0.07633663357861782 0.10906200778051389
0 0.7656819164145584 0.208111650418321 0.06171749396394964 0.09860481260181667
0 0.5409242384871663 0.3194399607909236 0.054537309707387537 0.08362651117941644
0 0.903921651002001 0.21005782734359044 0.05523388331715014 0.09087607470672905
0 0.8634212979330861 0.3555790263071022 0.05220565633456431 0.08240603484794444
0 0.9835069444444444 0.060699588477366256 0.03298611111111111 0.09670781893004116
0 0.9052204465162339 0.32481767893674657 0.06202678073951886 0.08219182468879983
0 0.7622256629322216 0.2624833768731648 0.061397561361790046 0.07905748749893601
0 0.7679351868219749 0.3634854033753928 0.056818447406185524 0.08176056775780224
0 0.5544010696161896 0.434736756088295 0.055930456926912606 0.09812563823404168
0 0.5938308175221079 0.13528917917069963 0.0765617275641451 0.08750498694568659
0 0.48408564814814814 0.6440329218106996 0.031828703703703706 0.15020576131687244
0 0.4878472222222222 0.8096707818930041 0.024305555555555556 0.11522633744855967
0 0.4777199074074074 0.8698559670781894 0.04456018518518518 0.1368312757201646
0 0.4710648148148148 0.934156378600823 0.05787037037037037 0.10905349794238683
0 0.42397112156982075 0.9161504638440358 0.048306277430714105 0.09132987204976091
0 0.4369212962962963 0.9624485596707819 0.05787037037037037 0.07510288065843622
0 0.337752688996973 0.923804565216067 0.051435535761350154 0.10597275141471861
0 0.3020833333333333 0.9506172839506173 0.05439814814814815 0.09876543209876543
0 0.255065413599377 0.9347719850127009 0.06733614542090267 0.0887959211259705
0 0.24854367274138844 0.8549563283634517 0.058272756126326083 0.13530642758141118
0 0.2116750212844354 0.8683111101608344 0.06278451584989694 0.12848812098509638
0 0.1384353256499001 0.8723150527444662 0.05808753198823373 0.12398955515342762
0 0.1953125 0.9501028806584362 0.05497685185185185 0.09979423868312758
0 0.2337962962962963 0.9614197530864198 0.05555555555555555 0.07716049382716049
0 0.2751736111111111 0.9711934156378601 0.04918981481481482 0.05761316872427984
0 0.09172453703703703 0.9747942386831275 0.052662037037037035 0.050411522633744855
0 0.04572176678553967 0.8902938671908794 0.06611583687663389 0.1554766793623995
0 0.03877314814814815 0.9727366255144033 0.05439814814814815 0.05452674897119342
0 0.10977081011775498 0.6434084243365992 0.0683464589014067 0.1505243161876989
0 0.05809915163750451 0.7259821702132648 0.07893770387957541 0.12674338946178035
0 0.039641203703703706 0.5673868312757202 0.07928240740740741 0.07510288065843622
0 0.0078125 0.8400205761316872 0.015625 0.12448559670781893
0 0.8784722222222222 0.9876543209876543 0.03819444444444445 0.024691358024691357
0 0.6919667749719559 0.9476234812342814 0.057548698131964955 0.09106774445383914
0 0.7275273418175487 0.8720498598013782 0.07090939899117538 0.09525626525280848
0 0.6272232805730066 0.8865363745884505 0.07117262318789157 0.14664867703413806
0 0.7784252964475358 0.6890955957942376 0.06525087768678749 0.13793904999146572
0 0.7932403060268867 0.7445299394514947 0.06775710937111248 0.114516085735024
0 0.8299175406143293 0.7548856265312188 0.0622731663782269 0.1325554298857674
0 0.8733256413054022 0.7693198927176311 0.06792549495119662 0.1248041515786454
0 0.8813845269441101 0.819132447391657 0.07259499442826124 0.09231359781005463
0 0.6877893518518519 0.5879629629629629 0.07002314814814815 0.11625514403292181
0 0.9930555555555556 0.6090534979423868 0.013888888888888888 0.1419753086419753
0 0.5095486111111112 0.9449588477366255 0.019097222222222224 0.11008230452674897
0 0.9145204454410509 0.9317712432542307 0.04650281208756934 0.0870708934019799
0 0.9390873815525193 0.7509972226204672 0.057969662082174765 0.11678790906289264