0 0.10856297029593544 0.08892029800495381 0.07491920603634009 0.11808074835488959
0 0.01575757575757576 0.03933189655172414 0.03151515151515152 0.07866379310344827
0 0.3839393939393939 0.04256465517241379 0.06606060606060606 0.08512931034482758
0 0.3234376977867476 0.1623799477628491 0.07368945503691314 0.11263010820782378
0 0.2583141882562903 0.24978660942397113 0.08334058728688735 0.09912316041883257
0 0.3057101220015275 0.30228217330681223 0.04637794223211269 0.09936570489884389
0 0.31713712458014937 0.32862609190968745 0.0639325440631031 0.09380946978991843
0 0.5018833566622598 0.35031295224077863 0.040807040181348245 0.06352316906463416
0 0.49133079153401177 0.05672765432755856 0.060881085288032905 0.08718717976708147
0 0.5172727272727272 0.0334051724137931 0.06484848484848485 0.0668103448275862
0 0.4312753310388371 0.44716128766714486 0.043819713424345264 0.058292010811608806
0 0.5208173606461461 0.3972778699244929 0.04081409209627054 0.06567834147842752
0 0.5945771327936512 0.35575277409369577 0.039024117937778185 0.07420496746472534
0 0.6181818181818182 0.34375 0.02303030303030303 0.0668103448275862
0 0.5465943291697584 0.3900185771441728 0.055348968769341644 0.06319809220873382
0 0.3972005918144507 0.30509073875507087 0.05601497065224204 0.08154841228226672
0 0.4097693984946016 0.26026693586833644 0.043263016222741 0.07334686315186925
0 0.44631441962885743 0.29554670935063143 0.04382676533926783 0.06044718322540191
0 0.4717777799770559 0.2915358524691468 0.05780494481073468 0.07302178629596866
0 0.4425671903710981 0.23702206569066417 0.04938356356018741 0.09197937423202567
0 0.48414404614182044 0.2160165199640065 0.04327006813766358 0.07550203556566235
0 0.499197036523054 0.15274833333486468 0.04875634720935991 0.08548250243435483
0 0.097445645858003 0.24571900274005506 0.06401716704217175 0.11967153875543567
0 0.15696969696969698 0.4525862068965517 0.06303030303030303 0.07327586206896551
0 0.47252800076176177 0.4326369364600123 0.040141038298447576 0.0451728489911015
0 0.09909090909090909 0.4542025862068966 0.058787878787878785 0.07004310344827586
0 0.05393939393939394 0.46282327586206895 0.05090909090909091 0.052801724137931036
0 0.053279231739625864 0.13218304538610143 0.05677264742913394 0.12791597373511
0 0.006363636363636364 0.18318965517241378 0.012727272727272728 0.11637931034482758
0 0.03365257915324829 0.20430708084260202 0.06519050272221978 0.10788079959215666
0 0.01575757575757576 0.2979525862068966 0.03151515151515152 0.12392241379310345
0 0.08686053895807797 0.33245892674873495 0.06334763920180966 0.1002436324750062
0 0.07390760495328935 0.40208288967223577 0.057244721651669404 0.08699905242933254
0 0.04086848702933339 0.4064856785073641 0.04333000941450378 0.09382100108290373
0 0.02515151515151515 0.37176724137931033 0.0503030303030303 0.0668103448275862
0 0.0445015267468674 0.31471840086155406 0.040275024681972436 0.08612112485317047
0 0.9396467981379867 0.2062202281115616 0.07448591734587766 0.1708511179365291
0 0.8734187090979744 0.2608232195749217 0.06770994599791431 0.1371010454035294
0 0.9445454545454546 0.4547413793103448 0.0696969696969697 0.06896551724137931
0 0.9612972949381307 0.34893354542761135 0.07072261924091132 0.13186988715050418
0 0.7942424242424242 0.41864224137931033 0.07575757575757576 0.1411637931034483
0 0.6781818181818182 0.4191810344827586 0.07393939393939394 0.1400862068965517
0 0.6518181818181819 0.42941810344827586 0.04424242424242424 0.11961206896551724
0 0.18242424242424243 0.5113146551724138 0.06909090909090909 0.04418103448275862
0 0.04151515151515151 0.505926724137931 0.06848484848484848 0.0334051724137931
0 0.05513952300871031 0.6552259242728703 0.07609254171638834 0.10629000919161058
0 0.10980113211175235 0.7095004058940062 0.07307634251593002 0.11044358123773915
0 0.12421280231231349 0.6570394358901214 0.07727998122628123 0.09880961485591754
0 0.23141697545317924 0.5798458739460502 0.08045132255503169 0.142069835913237
0 0.17569465927021535 0.5719546310559032 0.07128284239997652 0.11789262101714042
0 0.11841488008256572 0.5770728090392434 0.07136746537904497 0.14375468998265767
0 0.07204419180400697 0.5816266050093365 0.07618774256784032 0.13538483677781749
0 0.031818181818181815 0.5711206896551724 0.06363636363636363 0.1314655172413793
0 0.4700990755172225 0.5998197649740941 0.08114553209762204 0.16904084564194233
0 0.3148082850459905 0.6504111865571329 0.06106090911855338 0.1421440763188056
0 0.26132801836212316 0.9758604246418654 0.06495778952978154 0.036760109936983996
0 0.4089090648740725 0.9666092108745391 0.05830170073549845 0.03964796843846708
0 0.4220962730113983 0.9179825017073754 0.06276273434051621 0.10667779516009399
0 0.47785561174770463 0.9145590894251088 0.05238918488826212 0.08459304356520746
0 0.48107964039974127 0.9477918117792986 0.05476406390804792 0.0696322548938216
0 0.5688722443593617 0.8769895266710382 0.060342017873734936 0.10762996314182442
0 0.3379402347267731 0.8959399229629289 0.060976286139485004 0.11628200735328836
0 0.4005231452367689 0.8442190243545592 0.06640614989180214 0.10902109491163602
0 0.365914223457013 0.8654027857873128 0.06153650929855013 0.10230474121992472
0 0.5088834283476401 0.5988906595783343 0.09129342027236004 0.12216007999544978
0 0.4423981464515928 0.6395007076301852 0.05612780129100015 0.11603117090295613
0 0.07606060606060606 0.9800646551724138 0.07212121212121213 0.03987068965517242
0 0.23263886638315756 0.9471773522726084 0.052427970420335306 0.09644649184106951
0 0.2479441647614975 0.7142050153354054 0.052452652122563476 0.10398959528934514
0 0.2705023935692649 0.6720966208905507 0.06942587504972174 0.10594510907240376
0 0.28266375012401745 0.8443907614153258 0.0609445525223344 0.1065837314912194
0 0.05500513254792205 0.8814876731648545 0.05784725630026883 0.08595282077872728
0 0.07440456291668483 0.7862112115382239 0.0530622386860853 0.10509853605253347
0 0.015151515151515152 0.7634698275862069 0.030303030303030304 0.08512931034482758
0 0.029765670498508884 0.817071805908408 0.056085489801465965 0.10310013642019776
0 0.23216699419925363 0.8136036944518732 0.05606786001416009 0.097712205385715
0 0.17513755799134811 0.7422132517455583 0.06764295280615167 0.11662690747249493
0 0.19595165008761864 0.6775696106247506 0.07311865400546429 0.12337461572049777
0 0.005454545454545455 0.8313577586206896 0.01090909090909091 0.0894396551724138
0 0.08119247103849916 0.9340030603110017 0.048086819368997814 0.06605459615392537
0 0.6518181818181819 0.5571120689655172 0.04424242424242424 0.13577586206896552
0 0.9321212121212121 0.5598060344827587 0.08969696969696969 0.1411637931034483
0 0.9812121212121212 0.6492456896551724 0.037575757575757575 0.17349137931034483
0 0.9863636363636363 0.7424568965517241 0.02727272727272727 0.14224137931034483
0 0.9529742364192334 0.7867009658185847 0.08945760866687234 0.11667808529209245
0 0.9304038687989834 0.7399241754726196 0.10543379378704147 0.1843036485832579
0 0.9903030303030304 0.9304956896551724 0.019393939393939394 0.11530172413793104
0 0.9351515151515152 0.9585129310344828 0.08363636363636363 0.08297413793103449
0 0.8321212121212122 0.974676724137931 0.09333333333333334 0.05064655172413793
0 0.9696969696969697 0.896551724137931 0.06060606060606061 0.09913793103448276
0 0.9354899516988351 0.8522497430866857 0.08340758047864973 0.11959729834986706
0 0.823480009276282 0.7314496339684149 0.10162113227761865 0.13023621090068116
0 0.8510030795287532 0.653530058245642 0.08173748887383778 0.16476185537064764
0 0.787773761940525 0.625017816274656 0.10840062958304329 0.16506386964057737
0 0.7134996040809499 0.6385570252824342 0.08657892180740019 0.16285751940718676
0 0.6630303030303031 0.6842672413793104 0.06666666666666667 0.17456896551724138
0 0.6575757575757576 0.7607758620689655 0.055757575757575756 0.14655172413793102
0 0.6503030303030303 0.8879310344827587 0.041212121212121214 0.17456896551724138
0 0.6704827987645967 0.914443063496418 0.08106796103347581 0.14533394909021818
0 0.7110449869410244 0.8331553992961362 0.08589176417973235 0.13804168209227455
0 0.7442443338908326 0.8723791745621725 0.07007424714531653 0.11890749811145392
0 0.7884111520864729 0.8006016588862108 0.08951402398625126 0.13391946460243728
0 0.803842576778889 0.8994631645605629 0.09385517503758875 0.16431136028958118
0 0.7378787878787879 0.9558189655172413 0.06 0.08836206896551724
0 0.7678787878787878 0.9396551724137931 0.07272727272727272 0.1206896551724138
0 0.9666666666666667 0.9800646551724138 0.06666666666666667 0.03987068965517242