0 0.16394736842105262 0.2345505617977528 0.04473684210526316 0.03089887640449438
0 0.5205263157894737 0.016853932584269662 0.06526315789473684 0.033707865168539325
0 0.4052631578947368 0.19850187265917604 0.05894736842105263 0.10299625468164794
0 0.3268421052631579 0.17322097378277154 0.03368421052631579 0.1104868913857678
0 0.05949227944325148 0.2816156801957329 0.06214245362334506 0.04881246271171893
0 0.1414702363459533 0.40007859239639326 0.06738199136116967 0.12785671574005633
0 0.2250568858419767 0.4406033387697271 0.07204533265057307 0.12268037680143029
0 0.20697971713278374 0.5455292864911947 0.052069832922526364 0.1226883397108352
0 0.24581683433004686 0.5407335708235402 0.046794424891812875 0.1212613005789715
0 0.1090473497677077 0.4531668975510454 0.05557029140919308 0.1089868925713045
0 0.12158246782858495 0.5875998184080701 0.03855668424236264 0.09430800779877903
0 0.015789473684210527 0.4545880149812734 0.031578947368421054 0.10205992509363296
0 0.05499629524837438 0.4803914245587282 0.04544779004942693 0.0986912485578422
0 0.05628846456514635 0.559067645429179 0.04216739395281874 0.08903352695138315
0 0.16399530455845635 0.7355730384500121 0.05953581500545038 0.09065286844608383
0 0.025939335689812992 0.5295852077708144 0.04949906459752051 0.08691153154872643
0 0.02026315789473684 0.49204119850187267 0.04052631578947368 0.0945692883895131
0 0.12524327822674874 0.6866034092383826 0.0470144872818714 0.09790213183298178
0 0.11362189543993007 0.7224597960141222 0.04536203909759072 0.09213694144173733
0 0.13152954250429263 0.7853841900466118 0.0663411698606784 0.08848180208904213
0 0.2724211620854622 0.625510515856525 0.046684173668023556 0.11283433428683666
0 0.23776394586404698 0.6283579751892209 0.05687973578612867 0.0885348544981295
0 0.24070199823959085 0.6721181203266494 0.06563110203155559 0.07438778731443264
0 0.2897368421052632 0.6872659176029963 0.04052631578947368 0.07865168539325842
0 0.24443652948237454 0.7968462393501814 0.03958481554935684 0.09253349053151881
0 0.23036119471984823 0.846034050380214 0.04855668424236264 0.09524035593209151
0 0.26842152842639794 0.8823141591992565 0.054811223036163745 0.09114755944463507
0 0.08842105263157894 0.9911048689138576 0.04631578947368421 0.017790262172284643
0 0.0901781027664798 0.879255884689003 0.03877674663242105 0.07094883905278948
0 0.14804155418236287 0.821993213705912 0.044039904527157885 0.071439548596638
0 0.07682945080695931 0.7830897995546302 0.05920506133408187 0.06537196956967935
0 0.003157894736842105 0.974250936329588 0.00631578947368421 0.05149812734082397
0 0.28210526315789475 0.950374531835206 0.05578947368421053 0.08426966292134831
0 0.24365864584785987 0.7373893105112301 0.058739996224491234 0.07000454655536949
0 0.29342105263157897 0.7794943820224719 0.03315789473684211 0.09269662921348315
0 0.2787688970716493 0.7490794952699587 0.03848318342650289 0.08869003027068893
0 0.10307500415888901 0.5190083758931057 0.04869143573810531 0.1055399814002563
0 0.018421052631578946 0.2645131086142322 0.03684210526315789 0.025280898876404494
0 0.8434792586461171 0.5992248549523499 0.08516647697948548 0.12109816189700706
0 0.6174086919207253 0.6169574869922851 0.08428534730421042 0.13410863422044705
0 0.5547337974399182 0.5676277885321739 0.09827581122994161 0.15879271873482817
0 0.6062917292592516 0.3297536396983127 0.06457847045260821 0.07428964540566291
0 0.968421052631579 0.5191947565543071 0.06315789473684211 0.09082397003745318
0 0.985 0.4897003745318352 0.03 0.10861423220973783
0 0.9659515858257897 0.5984861026798298 0.05960931582130989 0.09627084597417372
0 0.9663157894736842 0.6821161048689138 0.06736842105263158 0.11329588014981273
0 0.991578947368421 0.7130149812734082 0.016842105263157894 0.07771535580524344
0 0.46488057904287733 0.5503660597234111 0.06817825019964917 0.1887181389610301
0 0.4273292860656376 0.6132632808023792 0.0794260038391813 0.12430369975083339
0 0.5075314133092517 0.6361715040711268 0.07899768913752053 0.13174526550056848
0 0.4733462673804563 0.7152807538726588 0.09566829249700588 0.1202069218086746
0 0.4005556566941523 0.7164432281884816 0.05435884812007029 0.1369295673485994
0 0.3540926455599885 0.6807824784813037 0.06926719212900599 0.15141216830358536
0 0.32921052631578945 0.8675093632958801 0.038421052631578946 0.09269662921348315
0 0.36048982114760264 0.8483098775770568 0.051616577891391825 0.08804414495428067
0 0.37769242530702946 0.7970756683032959 0.07569279276895917 0.12021488471807945
0 0.4270560783225266 0.8133679223884686 0.059548505198947506 0.13180229936435825
0 0.4763952310660704 0.8277875172976111 0.05116420297529825 0.13382615285824523
0 0.5171238941279184 0.867121969652623 0.06604804671228079 0.14643609463720145
0 0.5328158067818366 0.9013165629103086 0.06319552525981288 0.08912370595074809
0 0.537222555302012 0.936796954618757 0.06709979817618719 0.06610803388545254
0 0.5930787446478132 0.8868286365222465 0.07621910855843285 0.12026395567246444
0 0.62208079862324 0.8535279208292225 0.0667454243479063 0.11938067849353673
0 0.6466824491752399 0.8053215288868874 0.05768824476058494 0.1503326073071184
0 0.6808013194999651 0.8215952196769212 0.06860612484378946 0.1410634718810358
0 0.7202393534463628 0.9229993058173898 0.06728399027335687 0.12036607903593648
0 0.8147609380569943 0.8350201071558856 0.07652492190032766 0.10345909404257954
0 0.8355132212757546 0.7939363197597836 0.05604760665476031 0.10529064517362932
0 0.8668968265548306 0.8422189556100251 0.04366103042692406 0.12283953402869222
0 0.8144129093254622 0.908867467223107 0.06821412049253826 0.1111009250645564
0 0.9088616532065149 0.8755899430289018 0.05651311182187137 0.14087116951819884
0 0.9382915818260821 0.7946345602558834 0.07053988609801165 0.12815114146636555
0 0.9952631578947368 0.8230337078651685 0.009473684210526316 0.13857677902621723
0 0.9721908298182693 0.8744805211221662 0.03484797344409344 0.09209185194205508
0 0.9405755720994389 0.9089403764252884 0.039731817181076094 0.10376944558769859
0 0.9857894736842105 0.9672284644194756 0.028421052631578948 0.06554307116104868
0 0.9313157894736842 0.9817415730337079 0.039473684210526314 0.03651685393258427
0 0.4421052631578947 0.9887640449438202 0.06 0.02247191011235955
0 0.4986842105263158 0.9882958801498127 0.04684210526315789 0.023408239700374533
0 0.41141426635631606 0.8834514008084912 0.05377084159319302 0.0919857471238803
0 0.4091383814097898 0.9505727054192606 0.056255418908842184 0.080995146839625
0 0.3686057205235676 0.9262195264724885 0.03577810366327484 0.0828266979706748
0 0.33921052631578946 0.9470973782771536 0.05842105263157895 0.0945692883895131
0 0.32763157894736844 0.9756554307116105 0.035263157894736843 0.04868913857677903