0 0.3881578947368421 0.2611702127659574 0.0430622009569378 0.1202127659574468
0 0.27827907240282374 0.3754008944545861 0.06941149271371454 0.08188555567754106
0 0.32093509544199794 0.4608403152895661 0.04554795544950367 0.10984762199450174
0 0.3466517811479359 0.48612423792043297 0.06770151219445839 0.1115985128480593
0 0.3624401913875598 0.5159574468085106 0.05502392344497608 0.06808510638297872
0 0.40101674641148327 0.475 0.017344497607655503 0.08191489361702127
0 0.07185557712734052 0.49572062338268413 0.0425463573997965 0.08317760044161583
0 0.42613636363636365 0.03404255319148936 0.03289473684210526 0.06808510638297872
0 0.48373689413595655 0.09741822271801677 0.051247542416212474 0.12384453219062302
0 0.7086086402671941 0.15537623681302817 0.053212391784005955 0.13134704835528757
0 0.6873613448498507 0.23375072617444992 0.06279497248882301 0.10613081016781895
0 0.7133405184048635 0.2574296195154613 0.05080887985870083 0.10469559602041026
0 0.9784688995215312 0.1829787234042553 0.0430622009569378 0.13617021276595745
0 0.9305031318417168 0.5013973158429881 0.04938220890344372 0.06850681403644399
0 0.80622009569378 0.524468085106383 0.03229665071770335 0.05106382978723404
0 0.8741520532965084 0.41904456149029423 0.054472542318053 0.055907979551714206
0 0.7042889926091717 0.4370934614605899 0.039006580937552826 0.08519384470803143
0 0.6634343247975227 0.4825422428914146 0.05583930556144484 0.06339192649836992
0 0.6291866028708134 0.5404255319148936 0.05741626794258373 0.019148936170212766
0 0.613270236060703 0.4351287485553654 0.03550437733177977 0.06276057308607264
0 0.5830303315652803 0.43447074938395586 0.035761281467006065 0.04788552528280487
0 0.5453808595838924 0.4500115968551705 0.04004536490615535 0.05227082895780236
0 0.5030523203223809 0.2612971251774491 0.04308250052564389 0.10658185576076477
0 0.6123482412348895 0.2903736206195008 0.049466486757393034 0.09827547886098834
0 0.42942583732057416 0.09148936170212765 0.039473684210526314 0.09361702127659574
0 0.5319990674977901 0.4014560956115837 0.042034584416032875 0.06083717490970095
0 0.5156969022858969 0.43443212683547133 0.040911522593481034 0.06399152583538541
0 0.4325665060702823 0.18896450014207145 0.04525551374449573 0.09708166454769335
0 0.4297248803827751 0.2542553191489362 0.04007177033492823 0.059574468085106386
0 0.4276315789473684 0.29840425531914894 0.03588516746411483 0.05
0 0.42733253588516745 0.41117021276595744 0.035287081339712915 0.0797872340425532
0 0.4150717703349282 0.4271276595744681 0.01076555023923445 0.06914893617021277
0 0.47577751196172247 0.5212765957446809 0.05562200956937799 0.0574468085106383
0 0.8941173854706276 0.19326465433392706 0.05493557501764854 0.07612074550916101
0 0.8572675621075067 0.2045223288291924 0.04252198725771232 0.0821137706543818
0 0.8806142381712317 0.28310915612981385 0.04039771432302843 0.09374162144192119
0 0.9123980982618273 0.2858483918306697 0.04630546514079559 0.09073582426030663
0 0.9533258764997281 0.24359109976154708 0.05321442707069506 0.07925652721683714
0 0.9445404136293625 0.17360116442020523 0.05417806532635663 0.09523254324335637
0 0.15284549806203454 0.6779490536146189 0.06799191861277709 0.17645499143331836
0 0.3382177033492823 0.5680851063829787 0.07236842105263158 0.036170212765957444
0 0.09565920667968598 0.8857220315083107 0.053810477908407726 0.13136561757329615
0 0.14669250603386505 0.8665718872701973 0.05047886529722268 0.1163791544619759
0 0.28536115611112617 0.9107052224473355 0.06707905592797257 0.11051611384281643
0 0.2242822966507177 0.9398936170212766 0.04784688995215311 0.1202127659574468
0 0.199870377891434 0.9410387643086795 0.04512046031968936 0.11727586128713144
0 0.34223671485735807 0.8461287662446747 0.054811689020539775 0.12289211771144147
0 0.2909688995215311 0.9723404255319149 0.06399521531100479 0.05531914893617021
0 0.39892344497607657 0.7574468085106383 0.0215311004784689 0.10425531914893617
0 0.39952153110047844 0.9372340425531915 0.02033492822966507 0.08297872340425531
0 0.39354066985645936 0.8776595744680851 0.03229665071770335 0.07872340425531915
0 0.05861244019138756 0.9585106382978723 0.05861244019138756 0.08297872340425531
0 0.9683014354066986 0.673936170212766 0.06339712918660287 0.1351063829787234
0 0.9874401913875598 0.7925531914893617 0.025119617224880382 0.08723404255319149
0 0.9505486712964075 0.8057149350745869 0.04590234015306573 0.09922789334017014
0 0.9468220481951563 0.9043048825738232 0.06013455642829159 0.09435440563620964
0 0.935840715104326 0.9605366153727897 0.05550929099996683 0.0750754849399358
0 0.8832974845842848 0.8876469137971498 0.06324683776072122 0.09976640066242351
0 0.8685621319691773 0.8061312583673165 0.0615256898137672 0.10290218237009964
0 0.8803080716056196 0.8616573608819508 0.051152097134565554 0.06749869190323618
0 0.9181113834400491 0.8136418510730845 0.05123637498851487 0.09726735672778054
0 0.9075057789139229 0.6250070406281338 0.08560652307004532 0.13660510527669567
0 0.9216507177033493 0.5638297872340425 0.06698564593301436 0.027659574468085105
0 0.8570574162679426 0.5861702127659575 0.10287081339712918 0.07234042553191489
0 0.7604665071770335 0.5914893617021276 0.06399521531100479 0.08297872340425531
0 0.6952751196172249 0.5898936170212766 0.0735645933014354 0.0797872340425532
0 0.6384569377990431 0.5877659574468085 0.07954545454545454 0.07553191489361702
0 0.6730682032194146 0.6328180889811779 0.09481034892921629 0.12094476595632507
0 0.8130980861244019 0.5808510638297872 0.07476076555023924 0.06170212765957447
0 0.5675837320574163 0.6095744680851064 0.07177033492822966 0.11914893617021277
0 0.527811004784689 0.6159574468085106 0.09868421052631579 0.13191489361702127
0 0.5141169136238163 0.6569157217507203 0.08836645498560161 0.1005463078187907
0 0.5248195032211519 0.7060866993689634 0.07785780888159333 0.08533701409136571
0 0.4321172248803828 0.6079787234042553 0.04485645933014354 0.11595744680851064
0 0.4694976076555024 0.575 0.06578947368421052 0.05
0 0.4440789473684211 0.675531914893617 0.0687799043062201 0.14468085106382977
0 0.5720708378327184 0.7961740851114312 0.043780102505070674 0.058765222989259104
0 0.6511634094629304 0.8261883260629242 0.04914967491030146 0.08444569162694579
0 0.5972371600550778 0.8496866355400176 0.048527218643815505 0.08336329262170315
0 0.7227067941118666 0.8532431928778245 0.0647730245710032 0.08811998065687553
0 0.7365988460412615 0.8065023666829251 0.055582401426218536 0.07826697430163793
0 0.7873457829014079 0.9316125739230766 0.06444301000952506 0.09980353909844093
0 0.8338512973955977 0.8976987971897478 0.06671350379671265 0.09455866703430603
0 0.8667683690930981 0.9499061179969867 0.05117646727664946 0.06856252169047046
0 0.8908492822966507 0.9702127659574468 0.05203349282296651 0.059574468085106386
0 0.965311004784689 0.9861702127659574 0.050239234449760764 0.027659574468085105
0 0.4967105263157895 0.9829787234042553 0.05203349282296651 0.03404255319148936
0 0.4730048195307231 0.887078240401717 0.043412515087122044 0.0948982973191989
0 0.4297248803827751 0.8707446808510638 0.04007177033492823 0.09680851063829787
0 0.7604766036632034 0.7253847413723788 0.08455860696043445 0.09086042442563183
0 0.6808026970501357 0.7353105404871842 0.0927835565628683 0.13682793589280065
0 0.5155816529326703 0.8122998629499213 0.05735228965734038 0.07725885216843013
0 0.5438688931313413 0.8060986761583356 0.0571928660904501 0.09638921912063407
0 0.5006828061772948 0.8542813089292804 0.06415056830451725 0.08703758165163267
0 0.6833118040414411 0.8709674075775334 0.045133663034075934 0.09176251561152302
0 0.637044407254242 0.9022123252337728 0.048332257507143726 0.07485265432383081
0 0.6895454988473085 0.9601991251791319 0.04354756851192855 0.07470410057976092
0 0.727251330113402 0.9079282962213294 0.06440747243974355 0.0721625338483649
0 0.6979665071770335 0.9882978723404255 0.04784688995215311 0.023404255319148935
0 0.6363636363636364 0.972872340425532 0.039473684210526314 0.05425531914893617
0 0.5962918660287081 0.9930851063829788 0.05143540669856459 0.013829787234042552
0 0.8136961722488039 0.9664893617021276 0.07117224880382775 0.06702127659574468
0 0.8304425837320574 0.9856382978723405 0.06279904306220095 0.02872340425531915
0 0.5449802653799776 0.9460572854426428 0.06376064603117355 0.07001630505588774