0 0.0811985678577147 0.465398931993463 0.05380475977521661 0.09712380097828857
0 0.03585665162459484 0.43367986178691104 0.05765436312728196 0.08911648187232954
0 0.45847457627118643 0.5472837022132797 0.04011299435028248 0.06438631790744467
0 0.4627646616876833 0.46697846515513275 0.02995759744459517 0.08782365122772513
0 0.4884180790960452 0.48490945674044267 0.023163841807909605 0.08450704225352113
0 0.4353971149700689 0.3998666859705731 0.047707946902849824 0.06286004011499934
0 0.3949288381168232 0.4490720753082717 0.03497659388991852 0.08284614666866931
0 0.34041493047006877 0.5140144232278299 0.04795779430892664 0.08197472824377185
0 0.33268355767443786 0.43563431896431853 0.0370397053215319 0.11103271959566419
0 0.3093229402924919 0.4077111286746405 0.04065261113099832 0.08491674857823633
0 0.2788795064664153 0.46787756334775443 0.05201826785476462 0.1333176930112425
0 0.24419362670739458 0.39882980004603424 0.06167491470455748 0.09418763359132008
0 0.26096643703814165 0.3041014395633368 0.03372830161579413 0.07378011481794317
0 0.17765235612189564 0.3467093993895994 0.06561656710096674 0.09322256800648791
0 0.3318072406027243 0.07050170155799008 0.04049481276926553 0.0728443139705904
0 0.44696072821319505 0.2714946416831569 0.036014488348399355 0.07581559904253451
0 0.4666429266573507 0.2567051898436419 0.030903442858731985 0.07375085008046335
0 0.39014185379487754 0.2534741193601252 0.04481733882839917 0.057800594291000526
0 0.38499864221370994 0.1931734022706031 0.041493257637313104 0.06279565769254408
0 0.46626980887168856 0.13398925664881117 0.04058686181360955 0.07988656749171716
0 0.4278651158281857 0.11175436866294645 0.029996574656898974 0.04758805548306809
0 0.4884180790960452 0.18108651911468812 0.023163841807909605 0.03822937625754527
0 0.25793259759982406 0.19046617058797224 0.04546120976067812 0.06384266454231934
0 0.013559322033898305 0.022635814889336015 0.02711864406779661 0.04527162977867203
0 0.05262430415799105 0.20969340622316018 0.05339711400740738 0.06593667824187006
0 0.08478048852100419 0.32101517596787665 0.048825212920326516 0.10511941418925576
0 0.18686474188222213 0.1605224638184409 0.04037646399796625 0.06378998801485605
0 0.3519774011299435 0.01056338028169014 0.02824858757062147 0.02112676056338028
0 0.39704104452844935 0.1362152970430185 0.027158566036359074 0.04655275452828458
0 0.4980225988700565 0.11468812877263582 0.0039548022598870055 0.060362173038229376
0 0.872442214278016 0.3913857054036771 0.06777172757692414 0.12845139445460954
0 0.8298676357397613 0.2127765680495232 0.04626287905468935 0.08195716940128413
0 0.8824748131822471 0.29370947163901945 0.07455091621574396 0.08526792542799215
0 0.9520511041513872 0.35133088027939774 0.04877261346641563 0.10109526932004058
0 0.9447860791310858 0.2804901946981692 0.06195058945946022 0.07206068975813196
0 0.9449246250757312 0.2266731100199106 0.06463079971826746 0.0610235561052696
0 0.9822033898305085 0.136317907444668 0.03559322033898305 0.10764587525150905
0 0.9231610075391337 0.14139707592267087 0.07133203393247954 0.09831127856796629
0 0.9418320836298931 0.07431129962584482 0.03998244047176399 0.07686260589230977
0 0.8677966101694915 0.03370221327967807 0.0519774011299435 0.06740442655935613
0 0.7982837066270935 0.03606537065380618 0.050335557707746434 0.04779876159292156
0 0.7965488694042937 0.08235474254477389 0.04923191393187695 0.049799128132537354
0 0.755923975134639 0.035498305498697195 0.03634276255721285 0.05771280007856157
0 0.7553038058496043 0.2774236774965349 0.0690589970633522 0.09728183056067866
0 0.7288088355407406 0.31642530744754493 0.04971893125868177 0.13027617256934731
0 0.6714327452480726 0.18977335897193612 0.05318718856989329 0.09309380316157741
0 0.6749397435825234 0.2888181763226473 0.05819303515173888 0.08711026238521775
0 0.681390421823465 0.3355256985835759 0.06748243058041431 0.10631859767392522
0 0.6574441631386313 0.3956248243604865 0.06078166874433149 0.11228457960779704
0 0.5852195918131197 0.4109586003171231 0.07660087778387951 0.11244846213768321
0 0.5798864157787191 0.3003648517836538 0.04940333453521657 0.10613130335405557
0 0.6216750729661518 0.2581870835983422 0.048049843353270595 0.08901698176489872
0 0.6478607852942245 0.26445415695225627 0.04693304971392343 0.0900113120872107
0 0.5163841807909605 0.4567404426559356 0.0327683615819209 0.10865191146881288
0 0.5112994350282486 0.3153923541247485 0.022598870056497175 0.09557344064386318
0 0.6774379814542246 0.11929814723320513 0.038142876719271857 0.06577864865947994
0 0.6910834861679221 0.04773788448597524 0.05376483780665414 0.050851987929808704
0 0.7288905689903828 0.05086686376431125 0.03757790496785936 0.06577279571198401
0 0.5214689265536723 0.008048289738430584 0.0384180790960452 0.01609657947686117
0 0.514406779661017 0.12374245472837023 0.0288135593220339 0.07243460764587525
0 0.5112994350282486 0.1936619718309859 0.022598870056497175 0.07344064386317907
0 0.5375273928534587 0.2349172300336921 0.042649500867093536 0.06481943602214357
0 0.5694748327242811 0.21094761386728014 0.055328726804243604 0.08406288899582672
0 0.4635593220338983 0.9758551307847082 0.05367231638418079 0.0482897384305835
0 0.47966101694915253 0.9647887323943662 0.04067796610169491 0.05835010060362173
0 0.32559889007986187 0.773491838283262 0.042649500867093466 0.06481943602214357
0 0.3038812970654362 0.6846946774254588 0.034910844572529874 0.0778159655821502
0 0.2610096656536095 0.636855615952062 0.05069060402164476 0.07496173946012484
0 0.24943502824858757 0.6126760563380281 0.06836158192090395 0.06639839034205232
0 0.1092661277974889 0.8798436332964092 0.03483194539166348 0.07177974827832725
0 0.08954802259887006 0.9813883299798792 0.059322033898305086 0.03722334004024145
0 0.23411996325134957 0.727665184620471 0.047773696220238596 0.06789022120151844
0 0.21595515690448203 0.7560185665510998 0.04021866563623346 0.05171755340721012
0 0.23417185413806646 0.7885215963461082 0.033478454209717574 0.05466542668917041
0 0.16989799024621466 0.6493673569979008 0.037630504421770246 0.0697969405811993
0 0.13220338983050847 0.5970824949698189 0.04519774011299435 0.035211267605633804
0 0.09152542372881356 0.5915492957746479 0.02711864406779661 0.02414486921529175
0 0.42617161770833656 0.6638127345289132 0.037564755104381606 0.06476675949468018
0 0.4625928070682863 0.6433174215430971 0.03416177473242953 0.06372560559240077
0 0.14787629704834893 0.7350969945260751 0.030771944223954826 0.06369048790742518
0 0.12700498071571864 0.7544253152384494 0.029957125066465713 0.04456994683115662
0 0.01864406779661017 0.6871227364185111 0.03728813559322034 0.04627766599597585
0 0.014689265536723164 0.6861167002012073 0.02937853107344633 0.056338028169014086
0 0.12620354761077202 0.7509129678991299 0.028249059948750925 0.04354635177136502
0 0.06963896982868785 0.9079164091232317 0.05011248240675458 0.07394985029532497
0 0.02514124293785311 0.8747484909456741 0.05028248587570622 0.07746478873239436
0 0.04230429776976759 0.8382895393954125 0.04421291748655373 0.054776632691593184
0 0.014971751412429379 0.9617706237424547 0.029943502824858758 0.07645875251509054
0 0.21663682410374127 0.8983463530358591 0.03766995401220338 0.07281504923311076
0 0.049486919135304404 0.6345203818114209 0.031783538955480285 0.054647867846682636
0 0.09426996617062139 0.7089959912533853 0.05058540511382299 0.06691344972169426
0 0.7819209039548023 0.9491951710261569 0.08248587570621468 0.10160965794768612
0 0.5449955321904706 0.6723546841129908 0.04915395950726934 0.13027031962185145
0 0.5098870056497176 0.761569416498994 0.01977401129943503 0.09456740442655935
0 0.5121468926553673 0.8209255533199196 0.024293785310734464 0.096579476861167
0 0.8040604351837661 0.7541664440446357 0.05782531135249212 0.10219495269727923
0 0.7569449407046074 0.7068742977861104 0.06170121443151299 0.09619970602592773
0 0.7214689265536723 0.6177062374245473 0.05875706214689266 0.07645875251509054
0 0.8531674254126049 0.7139246599764847 0.05379160991173898 0.09611776476098476
0 0.8285984377250971 0.6487956884890531 0.04484411093348413 0.10306637112217669
0 0.7898305084745763 0.6151911468812877 0.08135593220338982 0.07142857142857142
0 0.9824858757062147 0.7585513078470825 0.03502824858757062 0.10462776659959759
0 0.9929378531073446 0.71579476861167 0.014124293785310734 0.11167002012072434
0 0.9844632768361582 0.642354124748491 0.031073446327683617 0.08148893360160966
0 0.9556184578168108 0.6550240469322474 0.0543302819361959 0.09411154527387297
0 0.9327683615819209 0.6197183098591549 0.05084745762711865 0.08048289738430583
0 0.9717514124293786 0.6172032193158954 0.05536723163841808 0.07545271629778671
0 0.5855932203389831 0.5975855130784709 0.06497175141242938 0.03621730382293763