0 0.17497154468081452 0.18180903273615265 0.0685769227018835 0.1267949264031632
0 0.29542789478833376 0.32672554786916325 0.08156460168772084 0.11660994770633056
0 0.21727925490084654 0.3577931004922993 0.06454298607236096 0.11933640132062417
0 0.18116525676214015 0.38523763167427166 0.06529177158493212 0.12642061032970767
0 0.3327858081471748 0.5695093457943925 0.059789750328515114 0.05957943925233645
0 0.1080814717477004 0.5811915887850467 0.06110381077529566 0.036214953271028034
0 0.017739816031537452 0.570677570093458 0.035479632063074903 0.05724299065420561
0 0.4350107832845668 0.315453729382501 0.04992010312760993 0.10483894330770077
0 0.3840341655716163 0.1425233644859813 0.008541392904073587 0.10514018691588785
0 0.8687550318141624 0.5086603458185395 0.05778917326009645 0.10456907758492821
0 0.8370581080335082 0.42420257197365424 0.08559853831724337 0.1240684727888697
0 0.7354854936523869 0.46552122666224904 0.06009669999059721 0.13049460180844077
0 0.6471302211545916 0.47442210473913404 0.05412225778729743 0.1251479356799594
0 0.5707549675088623 0.42013442031580334 0.064038331981866 0.08078499945146529
0 0.527077200852533 0.47410338143881675 0.056230432042166774 0.08572776237049953
0 0.4716048486442544 0.4016864777153339 0.0417916090248504 0.13540777759148304
0 0.3945466491458607 0.41705607476635514 0.02956636005256242 0.08644859813084112
0 0.5638165454200902 0.5492379989305283 0.05222708050903789 0.08060568588609122
0 0.5538928249514233 0.5054591748515668 0.05693333991014756 0.08930729848238678
0 0.7844945914641405 0.5305091924391847 0.05554281672238284 0.0833164505576776
0 0.765937722802219 0.49471293594559995 0.06839341212352175 0.11277623481437815
0 0.8846911957950065 0.5712616822429907 0.03876478318002628 0.056074766355140186
0 0.8866622864651774 0.5759345794392523 0.04139290407358739 0.04672897196261682
0 0.033837056504599214 0.6875 0.06767411300919843 0.1764018691588785
0 0.28801705175267894 0.8136733428757688 0.06668229477269684 0.13241145825441697
0 0.30589340201984194 0.9014555806777648 0.07426080648944379 0.10994533084940156
0 0.3531537450722733 0.8230140186915887 0.053219448094612355 0.125
0 0.33902759526938236 0.6758177570093458 0.05781865965834428 0.1530373831775701
0 0.221587908048839 0.8515709277279233 0.08414684493669165 0.1134047276678987
0 0.10370505621804618 0.8107613080731214 0.08128988516925094 0.14574069196827497
0 0.03994963637782125 0.8699341579918765 0.06176248904590471 0.15751348711632765
0 0.013140604467805518 0.8855140186915887 0.026281208935611037 0.16822429906542055
0 0.03942181340341656 0.9602803738317757 0.07095926412614981 0.0794392523364486
0 0.2940210249671485 0.9573598130841121 0.07555847568988174 0.0852803738317757
0 0.4609067017082786 0.6267523364485982 0.06504599211563732 0.054906542056074766
0 0.8958970182413782 0.6897369029231023 0.07539190570693531 0.1462351473351207
0 0.9885019710906702 0.6279205607476636 0.022996057818659658 0.05724299065420561
0 0.966491458607096 0.9620327102803738 0.06701708278580815 0.07593457943925233
0 0.8830486202365309 0.9223130841121495 0.06307490144546649 0.15537383177570094
0 0.8288436268068331 0.9386682242990654 0.08607095926412615 0.12266355140186916
0 0.4648488830486202 0.9544392523364486 0.04402102496714849 0.0911214953271028
0 0.5039153970745363 0.9146214434405211 0.06684996345378892 0.09510314389901463
0 0.5456636005256241 0.9760514018691588 0.07687253613666228 0.04789719626168224
0 0.6008541392904073 0.9585280373831776 0.06373193166885677 0.08294392523364486
0 0.6438896189224704 0.9795560747663551 0.07752956636005257 0.04088785046728972
0 0.39388961892247043 0.8119158878504673 0.028252299605781867 0.12149532710280374