0 0.34924079472776964 0.2644339829599703 0.07003018316993935 0.17529631139760884
0 0.245295501137868 0.2537970716772846 0.06636100378166561 0.14813392709771372
0 0.19475423842515574 0.1385233780844674 0.08987494726710353 0.11290184668312833
0 0.29512893982808025 0.041348600508905854 0.08739255014326648 0.08269720101781171
0 0.4659027135822072 0.10993902907604669 0.08842561251119807 0.1076348573397605
0 0.4795845272206304 0.03371501272264631 0.0494269340974212 0.06743002544529263
0 0.6296561604584527 0.16030534351145037 0.02005730659025788 0.09923664122137404
0 0.5923314496380319 0.2024236106255914 0.07545244720574829 0.08186045197718649
0 0.6128216986157218 0.11332961883632704 0.04554152231467366 0.13155901927791488
0 0.5300894764307725 0.12487738827586324 0.060530324759127764 0.11688785267589674
0 0.5586052440641811 0.0793340390675421 0.06694814366408713 0.10878268894497016
0 0.5623209169054442 0.03689567430025445 0.06446991404011461 0.0737913486005089
0 0.18839541547277938 0.020356234096692113 0.045845272206303724 0.04071246819338423
0 0.058330427872361056 0.16692167029215033 0.1022359676909444 0.17039390241218635
0 0.02005730659025788 0.2455470737913486 0.04011461318051576 0.13994910941475827
0 0.014684813753581662 0.1227735368956743 0.029369627507163324 0.09033078880407125
0 0.02328080229226361 0.0648854961832061 0.04656160458452722 0.09669211195928754
0 0.788323782234957 0.023536895674300253 0.0666189111747851 0.047073791348600506
0 0.9806590257879656 0.019083969465648856 0.03868194842406877 0.03816793893129771
0 0.7338818705354925 0.3614182581996985 0.0956931237900476 0.1403311272118154
0 0.9318537655680939 0.1987341272730415 0.10857460409847675 0.13811571069143774
0 0.9946275071633238 0.2989821882951654 0.010744985673352435 0.17048346055979643
0 0.6583094555873925 0.4344783715012723 0.03724928366762178 0.11068702290076336
0 0.6482808022922636 0.26145038167938933 0.017191977077363897 0.11323155216284987
0 0.6883954154727794 0.31170483460559795 0.09742120343839542 0.11195928753180662
0 0.39255014326647564 0.955470737913486 0.08595988538681948 0.089058524173028
0 0.4924785100286533 0.910941475826972 0.09670487106017192 0.178117048346056
0 0.46940334802520756 0.7563596311164957 0.08153317622016097 0.18944240426159872
0 0.4520840234027317 0.6102314887254937 0.10789994671889912 0.1507493915922729
0 0.3600790715495906 0.6350223224847062 0.09585982378463088 0.19122171245354566
0 0.32915472779369626 0.9052162849872774 0.10530085959885387 0.1895674300254453
0 0.29083094555873923 0.9713740458015268 0.09742120343839542 0.05725190839694656
0 0.23244985673352436 0.9344783715012722 0.09527220630372493 0.13104325699745548
0 0.28367971212086135 0.8297006078332144 0.11150661360920415 0.1588278064265192
0 0.30260810384630227 0.7013443433008038 0.08361966085686275 0.1706253310247421
0 0.23096861477415578 0.7083324873139729 0.0957848087870684 0.16832094909476705
0 0.1987422315530699 0.8243397009824586 0.08010884646344314 0.19180900270449072
0 0.13260442781340168 0.8701008079859889 0.09237818189026333 0.22131123655059712
0 0.058022922636103154 0.8594147582697201 0.11604584527220631 0.20483460559796438
0 0.017191977077363897 0.6914758269720102 0.034383954154727794 0.1743002544529262
0 0.041352838238780845 0.6873345760659559 0.058439672622561264 0.13443266128171028
0 0.08742708413839431 0.6421561035845864 0.0791341290936156 0.1128396301702114
0 0.15161384698695962 0.6570944627844029 0.08203696610529082 0.12464587348799003
0 0.0870462354992696 0.7446623717931659 0.08640580787232967 0.14680816467330954
0 0.1647162047882116 0.7191063169638137 0.09427712903305896 0.1452422549167936
0 0.6149713467048711 0.6335877862595419 0.0494269340974212 0.2010178117048346
0 0.5967229738550837 0.6832718798112223 0.06790619103445625 0.18266300295507631
0 0.5440996328047766 0.698080557518408 0.0787720342038814 0.22089315839929083
0 0.6035100286532952 0.5190839694656488 0.07234957020057306 0.058524173027989825
0 0.45164756446991405 0.5324427480916031 0.09670487106017192 0.08524173027989822
0 0.13789398280802292 0.549618320610687 0.0651862464183381 0.11959287531806616
0 0.1840974212034384 0.5127226463104325 0.054441260744985676 0.04580152671755725
0 0.7611941859050062 0.6185506436298643 0.07417814744415534 0.1300285771376356
0 0.8506565506855159 0.5832569394403747 0.054862178231308345 0.1352600988647668
0 0.9681232091690545 0.6024173027989822 0.06375358166189111 0.13104325699745548
0 0.9845988538681948 0.5591603053435115 0.030802292263610316 0.11323155216284987
0 0.9623925501432665 0.5159033078880407 0.053724928366762174 0.05216284987277354
0 0.7084527220630372 0.5152671755725191 0.0673352435530086 0.05089058524173028