0 0.015533411488862838 0.38674321503131526 0.031066822977725676 0.11169102296450939
0 0.07680665781786575 0.30027915071043826 0.054286032869738716 0.0871631987771527
0 0.10418906111399064 0.3309949694825544 0.046402654448188925 0.10654059395087126
0 0.0808020917736515 0.2643881153377389 0.051044234609792 0.05471299931502796
0 0.07487455093119738 0.22065866869763462 0.07417983081609317 0.07465630523680633
0 0.0861192517461255 0.15479996138588015 0.05703745809941182 0.07064397348428342
0 0.4657092614302462 0.4572025052192067 0.047479484173505275 0.08977035490605428
0 0.41722607443380594 0.4492314927657231 0.03879447659435921 0.09365002574746599
0 0.389574560447607 0.443613425081663 0.04158176390112452 0.090670365143283
0 0.3662294463207513 0.3696844952436125 0.04896268627836367 0.08584600331353409
0 0.3307244228537034 0.3238993075533568 0.05142692466753392 0.11409046475035776
0 0.26412270746822875 0.29638291218639573 0.07069869406551832 0.08801363384049145
0 0.2225765637910588 0.24139097364997755 0.06202576950040982 0.11568101434147807
0 0.2840402844776381 0.23358939842743645 0.037729826624335217 0.08318123970546334
0 0.2580515732055233 0.23015013145811083 0.03796906837370856 0.0884004463860479
0 0.4311202687891295 0.2678916407492992 0.039775416137416544 0.08953540576466545
0 0.46688159437280186 0.2886221294363257 0.045134818288393906 0.06576200417536535
0 0.48563892145369286 0.354384133611691 0.0076201641266119575 0.09290187891440502
0 0.391852286049238 0.027661795407098122 0.043962485345838215 0.055323590814196244
0 0.40361200962878935 0.10533290047770036 0.03877060079004951 0.06761473770621033
0 0.41436648252532643 0.16553042829553524 0.05689391304978792 0.0675124494759327
0 0.875751800022703 0.44814083894014417 0.09296103370129397 0.10166351906473481
0 0.9167643610785463 0.5104384133611691 0.08675263774912075 0.05845511482254697
0 0.9797772567409144 0.48851774530271397 0.04044548651817116 0.1022964509394572
0 0.9399011181799071 0.43943209944523703 0.06959798853589226 0.16605875260259167
0 0.8421307932393114 0.35484568411615225 0.10285404281757796 0.1261274600079265
0 0.7868277168962857 0.3179746906515009 0.07203835112075281 0.16826792599815946
0 0.9127516249023717 0.21777483295969868 0.05722875475765538 0.12584607357514546
0 0.9645369284876905 0.26356993736951984 0.070926143024619 0.1304801670146138
0 0.6843503226294313 0.34248488128704996 0.06085343655785413 0.11562026897981109
0 0.586831322452246 0.3165054441846797 0.056511029509536084 0.11018845353339182
0 0.6546713920218344 0.4644128790346709 0.07646456533729258 0.1372564127229874
0 0.5961313012895663 0.48538622129436326 0.05744431418522861 0.10855949895615867
0 0.5508779746509178 0.41508927402730955 0.06170281732406984 0.09587840163609032
0 0.5435686796866085 0.33100488620211976 0.058090121796653536 0.09360848287885533
0 0.555560974690357 0.22961001444114007 0.060111738764169975 0.1249540956431963
0 0.5102579132473622 0.21450939457202506 0.041617819460726846 0.10125260960334029
0 0.9624853458382181 0.1336116910229645 0.07502930832356389 0.1022964509394572
0 0.8218053927315357 0.01722338204592902 0.04689331770222743 0.03444676409185804
0 0.7717543741613482 0.05718297530810657 0.06651181833960662 0.07321761904985354
0 0.6875918790362406 0.18204262742726957 0.07684735213628949 0.14560714341192268
0 0.6617827683733518 0.2644109587853652 0.07427543077458748 0.12777072265543457
0 0.7625135527579004 0.20109640262848935 0.05702547182662944 0.0831396968368528
0 0.5568581477139508 0.5213987473903967 0.05275498241500586 0.03653444676409186
0 0.5120164126611958 0.049582463465553235 0.045134818288393906 0.06784968684759916
0 0.5120164126611958 0.07828810020876827 0.045134818288393906 0.06471816283924843
0 0.3754396248534584 0.9692066805845512 0.07209847596717468 0.061586638830897704
0 0.4384525205158265 0.9572025052192067 0.059788980070339975 0.08559498956158663
0 0.425779281382973 0.9357439504623175 0.05537465538532774 0.0726405381140166
0 0.27755683306962703 0.8815024183713162 0.06956212645879979 0.15251918791390517
0 0.06330597889800703 0.954070981210856 0.0914419695193435 0.0918580375782881
0 0.14859320046893318 0.9498956158663883 0.0873388042203986 0.10020876826722339
0 0.0123094958968347 0.9405010438413361 0.0246189917936694 0.11899791231732777
0 0.03737806966109892 0.8465614714818074 0.07160781271313617 0.10784661922671263
0 0.011723329425556858 0.8079331941544885 0.023446658851113716 0.12317327766179541
0 0.011723329425556858 0.7207724425887265 0.023446658851113716 0.10125260960334029
0 0.13766628099462083 0.8057198767322787 0.07272031103303463 0.11935924660483219
0 0.20252051582649472 0.9175365344467641 0.06506447831184056 0.1649269311064718
0 0.2103868338807931 0.8215206372018137 0.06829419355774997 0.09934402513360983
0 0.21521966233001222 0.7929972365435998 0.07360555387634278 0.11315694394979782
0 0.19530189183809302 0.7532513179164337 0.074765997287371 0.07468667791763987
0 0.3179065745174215 0.8600509579245317 0.05189342189349783 0.13702460146409626
0 0.4554404260639062 0.8975206820294673 0.04000257487275205 0.15827707054421378
0 0.3212192262602579 0.5782881002087683 0.044548651817116064 0.07724425887265135
0 0.461839828450558 0.5912803256963768 0.03728720520268127 0.08628239103298052
0 0.2147049297891539 0.6119570951828714 0.04506290065169937 0.07731303653959777
0 0.3411915637978552 0.7686581118052748 0.04927374892317596 0.0671176046250968
0 0.36095998958626935 0.9077967524697987 0.049285638454703684 0.10564861601892185
0 0.4117227886388123 0.6912228938712359 0.03916537386182873 0.06346974504257624
0 0.44455410416676283 0.6992019983550315 0.04204835786834349 0.06257776711062683
0 0.1392145369284877 0.5548016701461378 0.05216881594372802 0.030271398747390398
0 0.13832982616208206 0.6053838569938043 0.06475331892577323 0.07312650100735289
0 0.17064679611419403 0.6374016848891223 0.041450205124283136 0.07504311778236265
0 0.04071517765577512 0.6071269606601992 0.05186964283044292 0.05996257867644606
0 0.05949589683470106 0.5636743215031316 0.05803048065650645 0.04801670146137787
0 0.5624267291910903 0.947286012526096 0.06037514654161782 0.10542797494780794
0 0.5067409144196952 0.8162839248434238 0.03458382180539273 0.1127348643006263
0 0.5636480713785801 0.7267926967577947 0.05544637953951202 0.09971966749138918
0 0.6340717099882607 0.690158408974816 0.052252332888184976 0.11934004411177587
0 0.6737455814014193 0.67704249287655 0.04922580383204645 0.11710049803537455
0 0.5408412753731277 0.6539379809366945 0.060339090982015696 0.09164229092995559
0 0.597908650783868 0.5946388944148393 0.053699866398460874 0.08713282609631927
0 0.5049824150058617 0.5934237995824635 0.031066822977725676 0.10125260960334029
0 0.8678863526396993 0.7101211049886855 0.05606840808788208 0.113289604860909
0 0.9506794185101265 0.7369069870743932 0.06908364296005376 0.1420807745527363
0 0.9135404454865181 0.5850730688935282 0.06389214536928488 0.09081419624217119
0 0.8347010550996483 0.56419624217119 0.0492379835873388 0.049060542797494784
0 0.7057512952262087 0.5876709989739713 0.05767147292056438 0.07171818750123377
0 0.5999413833528722 0.5490605427974948 0.03458382180539273 0.018789144050104383
0 0.55978898007034 0.5845511482254697 0.04806565064478312 0.08977035490605428