0 0.08381822752405545 0.10782807118308793 0.08172941851363685 0.18989631268424925
0 0.031843575418994415 0.17296222664015903 0.06368715083798883 0.1988071570576541
0 0.13365782372061608 0.12654443530621168 0.07714635750935206 0.18242845652698825
0 0.1670169729898025 0.14713997030148168 0.08610116031842387 0.18444170363276274
0 0.20706807640436267 0.23469293162105023 0.09112909327931773 0.18501501000053613
0 0.2729050279329609 0.05715705765407555 0.08212290502793296 0.1143141153081511
0 0.33163450604860534 0.1169168500492035 0.08758207409559593 0.1727043763318947
0 0.2815737836103391 0.18735779083197115 0.09744287614092416 0.16192255964398225
0 0.27000281388461417 0.3012126515502749 0.06113600521348874 0.1240484976622365
0 0.20686021636840765 0.3417747310158957 0.0902290722776368 0.16407655780195204
0 0.3729050279329609 0.04324055666003976 0.08994413407821229 0.08648111332007952
0 0.43100558659217875 0.02882703777335984 0.07988826815642458 0.05765407554671968
0 0.49245810055865924 0.053180914512922464 0.08770949720670392 0.10636182902584493
0 0.53268156424581 0.02485089463220676 0.057541899441340784 0.04970178926441352
0 0.5116853274354127 0.1063455800773028 0.09403187777608418 0.12383069626537598
0 0.4229736087908215 0.20907857237526886 0.07512901807191695 0.16136260291334345
0 0.4770142659002675 0.21088374038089308 0.06011621871596429 0.12988531095890543
0 0.513981156791442 0.17828577309564164 0.054746923971266605 0.10843725310007823
0 0.5406291074749285 0.14786030468499062 0.04957269310302839 0.09891762466471028
0 0.5868715083798882 0.12823061630218688 0.026256983240223464 0.08151093439363817
0 0.5520940479568149 0.21576732867321335 0.07727210123977134 0.12191967503946455
0 0.5826815642458101 0.21819085487077536 0.034636871508379886 0.10636182902584493
0 0.44454318116361075 0.27882109098380947 0.060940941337029264 0.11212006823877738
0 0.3414136618346527 0.28709474627465625 0.09466583537457698 0.16259809189161864
0 0.35731835453076727 0.3355736343283936 0.08793539234855101 0.12611209583840668
0 0.08688618472440289 0.22698496400261964 0.10896340051684565 0.15033780929337276
0 0.13212048635906493 0.2721195649110118 0.10107715017441316 0.14546985624679426
0 0.12497301352452965 0.365552253909542 0.08648698921745553 0.13983749470985116
0 0.1468411599465834 0.4193264992459398 0.09412940971431392 0.12979491097710583
0 0.0805869778051459 0.35517705513247394 0.06019151709657999 0.16858900587761758
0 0.040537184127184794 0.3532704231165227 0.07397321075551055 0.19298064591997702
0 0.015083798882681564 0.2798210735586481 0.030167597765363128 0.19980119284294234
0 0.022625698324022347 0.40357852882703776 0.045251396648044694 0.1848906560636183
0 0.028770949720670392 0.5815109343936382 0.057541899441340784 0.11133200795228629
0 0.051966255201617254 0.6243429515487348 0.07980531216054443 0.10633360601250424
0 0.025139664804469275 0.7485089463220675 0.049162011173184354 0.061630218687872766
0 0.13523814962103656 0.6681280117009257 0.0639618119489508 0.12635507277046495
0 0.16550411901497372 0.6193639942023732 0.05819641121675891 0.11478367205699017
0 0.1899461146653962 0.6594002528997275 0.07283533814283115 0.12339814094979787
0 0.09385474860335195 0.7326043737574552 0.0670391061452514 0.09343936381709742
0 0.0858049365004328 0.6742625422100087 0.05846247461994692 0.0969547286293317
0 0.23279948152120541 0.6958433345706468 0.056341625009706436 0.10365817629622798
0 0.2410369006896495 0.6177226491827892 0.05543562577344989 0.11645324008991492
0 0.2363601365547674 0.5370909369269776 0.06018721824269294 0.10012793810778772
0 0.1892488151554391 0.5140799261250488 0.058440241062333004 0.12969420883631422
0 0.3266263879764574 0.5636462974240171 0.05532183851218199 0.10949498959289702
0 0.3589353895289862 0.6227033122754766 0.06345789693476432 0.09553996342652857
0 0.3993539170925962 0.6300452907567483 0.07126287066200536 0.09543773754666571
0 0.3019675649382163 0.6814832142325056 0.04944265051872208 0.09096533838240413
0 0.38835393269798946 0.4878914986419583 0.07939295085001194 0.11521622737256827
0 0.4618775025967492 0.4660635221465561 0.052122159346839524 0.08432559142303825
0 0.515446755338085 0.4390416523788203 0.06309430159334645 0.1074046921424574
0 0.5209401144325133 0.5011563011917384 0.06620242705503493 0.09287635960831576
0 0.4822728629031502 0.5324543169216486 0.04950767181087524 0.0949414815235572
0 0.5829608938547486 0.41451292246520877 0.03407821229050279 0.12127236580516898
0 0.2881105728986699 0.6213181118178316 0.046090695211459504 0.09058313413722192
0 0.876536312849162 0.07007952286282307 0.08603351955307263 0.14015904572564614
0 0.7016759776536313 0.021371769383697812 0.07597765363128492 0.042743538767395624
0 0.812638782904185 0.08870984237358844 0.08620467049122911 0.15667240235222152
0 0.9729050279329609 0.06510934393638171 0.05418994413407821 0.13021868787276342
0 0.9273743016759777 0.08946322067594434 0.07597765363128492 0.17892644135188868
0 0.8147387086934106 0.20000999997210955 0.10684255090660504 0.15704125696026916
0 0.9153008270748302 0.30854813722023344 0.051785096416922735 0.1319119077018144
0 0.8812632530919231 0.31491896984280754 0.05551690238864121 0.12142341901635616
0 0.8730412495561729 0.44532208501959475 0.059161453510592744 0.13969826739672733
0 0.8266592682666235 0.43268474925566247 0.07363782720628259 0.13837237843665232
0 0.8723538574905887 0.5230798287484362 0.052447265807605066 0.10420630712880366
0 0.9069714845586425 0.53506680779993 0.06750883113267284 0.1386657064391066
0 0.9782122905027933 0.5457256461232605 0.04357541899441341 0.09145129224652088
0 0.9470139902654288 0.48518802791959564 0.05405822216908319 0.10042126611024178
0 0.9284465141104897 0.5819146529930752 0.06953214880468346 0.12599804406048049
0 0.9448203613456057 0.2997048029020377 0.06320808885461422 0.1143629426394753
0 0.942619544856773 0.38759400660635296 0.061727175077442416 0.12610026994034346
0 0.7307789521621524 0.09704796024150134 0.09936866187470529 0.14329068255362662
0 0.6688653109160244 0.11008295348910345 0.07852973934829438 0.1647269145143906
0 0.6131284916201117 0.28330019880715707 0.026256983240223464 0.20079522862823063
0 0.7210272688801154 0.23658849960847414 0.07627884715374772 0.1634780758989808
0 0.6762348500847746 0.20136240619919946 0.07248799812445157 0.1362569054510152
0 0.7795030097058127 0.3384727783905617 0.07429401836238918 0.14440029385591246
0 0.7033123574943414 0.4367903974132293 0.07196184955265106 0.13818127631406135
0 0.6615318419590585 0.4659536775713359 0.06959717009683661 0.12997418720163356
0 0.7110433425775657 0.48171978469236 0.07814558982995143 0.1071365396752013
0 0.6287709497206704 0.602882703777336 0.057541899441340784 0.16401590457256462
0 0.611731843575419 0.7152087475149106 0.02346368715083799 0.1242544731610338
0 0.6689861169065426 0.6822075738114661 0.08286897050700495 0.15728423389232743
0 0.7729108373277769 0.6369953426961273 0.07020459528382858 0.133019995265029
0 0.8214145079179112 0.5911312311292788 0.05435081798377215 0.11831391024543066
0 0.7183949470425889 0.6745819896244507 0.06320808885461422 0.1143629426394753
0 0.71731843575419 0.7331013916500994 0.05698324022346369 0.09244532803180915
0 0.7553306370242859 0.72564228007224 0.047977992064588304 0.10369670146856043
0 0.641340782122905 0.75 0.05921787709497207 0.05864811133200795
0 0.8225523805305905 0.6607137360994577 0.06741727742901886 0.0989679757351062
0 0.6195530726256984 0.08151093439363817 0.03910614525139665 0.16302186878727634
0 0.12647327214419285 0.8439195867394367 0.05419424298796513 0.07464003640027715
0 0.1484034507411118 0.9186004339206536 0.04992003312140772 0.08605886016349318
0 0.026624708595768622 0.8816958120512797 0.044388185146327266 0.05467044445178339
0 0.24169356189201097 0.9418233331704111 0.04429065320809765 0.048706229740053765
0 0.006424581005586592 0.9731610337972167 0.012849162011173185 0.0437375745526839
0 0.4111731843575419 0.8141153081510935 0.05921787709497207 0.06958250497017893
0 0.4142418124084741 0.848950782909774 0.05404794508062065 0.06569371433268273
0 0.46353900471019605 0.8687248835257164 0.037022105141119664 0.08161163653442954
0 0.48072625698324023 0.8036779324055666 0.04189944134078212 0.048707753479125246
0 0.5418994413407822 0.8011928429423459 0.048044692737430165 0.0437375745526839
0 0.5779329608938547 0.7872763419483101 0.03407821229050279 0.015904572564612324
0 0.7952513966480447 0.7892644135188867 0.08324022346368715 0.019880715705765408
0 0.8310055865921788 0.8389662027833003 0.06201117318435754 0.11928429423459244
0 0.7891061452513967 0.838469184890656 0.05865921787709497 0.11829025844930417
0 0.916675141159744 0.854554523578349 0.059151176422130206 0.10497071561916825
0 0.9514027266814334 0.941718605834168 0.05364586085855045 0.10930388747030576
0 0.9041899441340782 0.8066600397614314 0.04636871508379888 0.05467196819085487
0 0.9706703910614525 0.8151093439363817 0.05865921787709497 0.07157057654075547
0 0.7781593260819566 0.9236287646201021 0.05341230810143915 0.12912090246854083
0 0.7220670391061452 0.9567594433399602 0.06424581005586592 0.08648111332007952
0 0.8141684626504717 0.91802901530646 0.05438332862984873 0.12030198181600714
0 0.8189944134078212 0.963220675944334 0.05698324022346369 0.073558648111332
0 0.8918994413407821 0.9850894632206759 0.05977653631284916 0.02982107355864811
0 0.9290502793296089 0.9831013916500994 0.05251396648044693 0.033797216699801194
0 0.9307262569832402 0.805168986083499 0.05698324022346369 0.05168986083499006
0 0.9329608938547486 0.8190854870775348 0.07039106145251396 0.07952286282306163