0 0.08057324840764331 0.024321266968325792 0.07452229299363057 0.048642533936651584
0 0.44872611464968154 0.041289592760180995 0.10382165605095542 0.08257918552036199
0 0.38471337579617837 0.13009049773755657 0.07452229299363057 0.17307692307692307
0 0.47579617834394905 0.10690045248868778 0.10636942675159236 0.11764705882352941
0 0.4856687898089172 0.18778280542986425 0.06687898089171974 0.06334841628959276
0 0.5528662420382165 0.20305429864253394 0.0535031847133758 0.032805429864253395
0 0.6270700636942675 0.18438914027149322 0.06560509554140127 0.07013574660633484
0 0.6503184713375796 0.06278280542986425 0.01910828025477707 0.1255656108597285
0 0.28503184713375795 0.17703619909502263 0.06942675159235669 0.08484162895927602
0 0.22579617834394905 0.14423076923076922 0.1 0.13122171945701358
0 0.14872611464968152 0.11821266968325791 0.0751592356687898 0.1414027149321267
0 0.08726114649681528 0.13631221719457012 0.06050955414012739 0.1595022624434389
0 0.05605095541401274 0.18156108597285067 0.08280254777070063 0.0757918552036199
0 0.010509554140127388 0.053167420814479636 0.021019108280254776 0.10633484162895927
0 0.7538216560509554 0.19343891402714933 0.07452229299363057 0.05203619909502263
0 0.8735668789808917 0.20588235294117646 0.03630573248407643 0.027149321266968326
0 0.9407643312101911 0.18608597285067874 0.06751592356687898 0.0667420814479638
0 0.6767515923566879 0.18552036199095023 0.03375796178343949 0.06787330316742081
0 0.7923566878980892 0.035633484162895926 0.05477707006369427 0.07126696832579185
0 0.8777070063694268 0.009615384615384616 0.08535031847133757 0.019230769230769232
0 0.8289808917197452 0.14536199095022626 0.04331210191082802 0.07239819004524888
0 0.23789808917197452 0.252262443438914 0.10764331210191083 0.06561085972850679
0 0.06656050955414013 0.3495475113122172 0.1178343949044586 0.16402714932126697
0 0.6449044585987261 0.2647058823529412 0.029936305732484077 0.09049773755656108
0 0.6219745222929937 0.6035067873303167 0.04331210191082802 0.14592760180995476
0 0.5933121019108281 0.6640271493212669 0.06624203821656051 0.13009049773755657
0 0.5426751592356688 0.6759049773755657 0.07898089171974522 0.09841628959276018
0 0.4929936305732484 0.705316742081448 0.07452229299363057 0.083710407239819
0 0.5363057324840764 0.7630090497737556 0.0910828025477707 0.10180995475113122
0 0.445859872611465 0.7873303167420814 0.061146496815286625 0.10180995475113122
0 0.4547770700636943 0.5927601809954751 0.07770700636942675 0.11764705882352941
0 0.40254777070063696 0.5927601809954751 0.08280254777070063 0.12782805429864252
0 0.37738853503184716 0.5345022624434389 0.08535031847133757 0.17873303167420815
0 0.3292993630573248 0.5554298642533937 0.06050955414012739 0.15610859728506787
0 0.30095541401273884 0.6515837104072398 0.07197452229299363 0.11085972850678733
0 0.29235668789808916 0.7386877828054299 0.10382165605095542 0.10520361990950226
0 0.2875796178343949 0.8088235294117647 0.09936305732484077 0.08936651583710407
0 0.4388535031847134 0.9230769230769231 0.05159235668789809 0.08710407239819004
0 0.6232484076433121 0.9615384615384616 0.0732484076433121 0.07692307692307693
0 0.17197452229299362 0.4496606334841629 0.10063694267515924 0.16402714932126697
0 0.1449044585987261 0.6244343891402715 0.08789808917197452 0.1425339366515837
0 0.01751592356687898 0.7126696832579186 0.03503184713375796 0.1334841628959276
0 0.05796178343949045 0.7030542986425339 0.07898089171974522 0.11990950226244344
0 0.11878980891719745 0.7132352941176471 0.054140127388535034 0.16176470588235295
0 0.19394904458598727 0.7618778280542986 0.09490445859872612 0.15723981900452488
0 0.2859872611464968 0.9745475113122172 0.08025477707006369 0.05090497737556561
0 0.41687898089171976 0.9790723981900452 0.05159235668789809 0.0418552036199095
0 0.4605095541401274 0.9745475113122172 0.05477707006369427 0.05090497737556561
0 0.4894904458598726 0.9739819004524887 0.06305732484076433 0.05203619909502263
0 0.6414012738853503 0.6657239819004525 0.03694267515923567 0.10294117647058823
0 0.6458598726114649 0.7200226244343891 0.02802547770700637 0.09841628959276018
0 0.5289808917197453 0.8885746606334841 0.07006369426751592 0.05995475113122172
0 0.5544585987261147 0.8614253393665159 0.07579617834394904 0.05203619909502263
0 0.04203821656050955 0.8461538461538461 0.0840764331210191 0.11764705882352941
0 0.20191082802547772 0.9796380090497737 0.048407643312101914 0.04072398190045249
0 0.2554140127388535 0.5311085972850679 0.0751592356687898 0.16968325791855204
0 0.1977707006369427 0.5627828054298643 0.0732484076433121 0.14819004524886878
0 0.03917197452229299 0.9802036199095022 0.04904458598726115 0.03959276018099547
0 0.1267515923566879 0.9745475113122172 0.048407643312101914 0.05090497737556561
0 0.9471337579617835 0.36255656108597284 0.09044585987261146 0.1346153846153846
0 0.8945859872611465 0.41911764705882354 0.09171974522292993 0.10972850678733032
0 0.793312101910828 0.4971719457013575 0.07707006369426751 0.14479638009049775
0 0.7264331210191083 0.5197963800904978 0.06624203821656051 0.13914027149321267
0 0.8140127388535032 0.5735294117647058 0.07707006369426751 0.1436651583710407
0 0.8904458598726115 0.5486425339366516 0.09426751592356689 0.10407239819004525
0 0.8789808917197452 0.6487556561085973 0.07834394904458598 0.12782805429864252
0 0.9780254777070063 0.6108597285067874 0.04394904458598726 0.09954751131221719
0 0.9280254777070064 0.9722850678733032 0.05859872611464968 0.05542986425339366
0 0.8840764331210191 0.9734162895927602 0.05222929936305733 0.053167420814479636
0 0.8866242038216561 0.8998868778280543 0.06178343949044586 0.06447963800904978
0 0.9079617834394904 0.7794117647058824 0.08471337579617834 0.08144796380090498
0 0.9487261146496815 0.7058823529411765 0.07579617834394904 0.09954751131221719
0 0.989171974522293 0.8110859728506787 0.02165605095541401 0.12217194570135746
0 0.8356687898089172 0.9298642533936652 0.03821656050955414 0.08257918552036199
0 0.8015923566878981 0.9677601809954751 0.056687898089171976 0.06447963800904978
0 0.8302547770700637 0.9779411764705882 0.038853503184713374 0.04411764705882353
0 0.760828025477707 0.9835972850678733 0.04777070063694268 0.032805429864253395
0 0.6700636942675159 0.7878959276018099 0.02038216560509554 0.12782805429864252
0 0.7124203821656051 0.8274886877828054 0.06496815286624204 0.08144796380090498
0 0.7375796178343949 0.7839366515837104 0.0840764331210191 0.08823529411764706
0 0.7363057324840764 0.6973981900452488 0.08152866242038216 0.13687782805429866
0 0.7859872611464969 0.6894796380090498 0.08917197452229299 0.14592760180995476
0 0.8378980891719745 0.6357466063348416 0.054140127388535034 0.10633484162895927