0 0.027923784494086726 0.22371495327102803 0.05584756898817345 0.0852803738317757
0 0.10545335085413929 0.056074766355140186 0.06898817345597898 0.11214953271028037
0 0.11453429031334712 0.13584559762212872 0.06337439800335888 0.08473063377663181
0 0.1374417406339544 0.2341701398529841 0.05746112599284625 0.08466946500525506
0 0.20264121823654876 0.15368878846892428 0.04384303405272153 0.11955987378369906
0 0.4204993429697766 0.04848130841121495 0.06701708278580815 0.0969626168224299
0 0.36331490232759606 0.14834459256201318 0.058895140246448256 0.1337280890358498
0 0.4191934296653774 0.25751958172703016 0.05568918241572245 0.08932197261105773
0 0.44387578485279744 0.150929503954352 0.05405679698739562 0.11265927247175422
0 0.40554928046113875 0.17622264672461205 0.0466401196080436 0.0927314940861124
0 0.5412150555427596 0.07720301792757178 0.049766108234221916 0.10444092319737852
0 0.6100525624178712 0.05023364485981308 0.03876478318002628 0.10046728971962617
0 0.5835388170926767 0.08406322950222272 0.0497163214609602 0.10327269889831284
0 0.24157496607833603 0.12723421792975173 0.05519131468310509 0.07763972962040352
0 0.47673142118948314 0.06661044969559958 0.050921006190229406 0.11612996271818564
0 0.3279963725510993 0.32897418619213287 0.0473469366046956 0.09390651491533074
0 0.30494072578819004 0.34274820269541034 0.05165722969984526 0.07176462547431159
0 0.2739158460545558 0.331334033202175 0.04239921762813162 0.08568136911080186
0 0.41407752194537445 0.3532188228282529 0.05427554842241831 0.08697193095262079
0 0.6087385019710907 0.41764018691588783 0.04139290407358739 0.02453271028037383
0 0.6100525624178712 0.1483644859813084 0.03876478318002628 0.0514018691588785
0 0.5719170971685147 0.15809255056443464 0.05008443321576805 0.08109003027637594
0 0.48477611023842254 0.17061979322826357 0.07014384733030868 0.08947149627442369
0 0.32457293035479634 0.4269859813084112 0.0657030223390276 0.005841121495327103
0 0.45314631480962597 0.39157351476659913 0.05085083915666997 0.06825315604696242
0 0.5488535880304225 0.3797187391442919 0.05746112599284655 0.08466946500525506
0 0.4911300919842313 0.411214953271028 0.0519053876478318 0.037383177570093455
0 0.9569645203679369 0.06542056074766354 0.07424441524310119 0.1308411214953271
0 0.9320665174187822 0.1804477518180248 0.09811780655681793 0.12946298364876718
0 0.9901445466491459 0.17873831775700935 0.01971090670170828 0.1191588785046729
0 0.9300667961539696 0.30303654138821107 0.07063191289193768 0.11633385862277518
0 0.8575343475845818 0.2730935103899767 0.0687407914263145 0.14901015634584214
0 0.8715914942313961 0.3409660607483718 0.07610690611408258 0.09070088934486586
0 0.7601249098610598 0.29894318974553363 0.07031358791039155 0.13968475154377763
0 0.8140604467805519 0.3837616822429907 0.0657030223390276 0.09228971962616822
0 0.8544678055190539 0.401285046728972 0.054533508541392904 0.05724299065420561
0 0.9178712220762155 0.41063084112149534 0.06964520367936924 0.038551401869158876
0 0.9346254927726675 0.3855140186915888 0.07161629434954007 0.08878504672897196
0 0.9645203679369251 0.4024532710280374 0.07095926412614981 0.054906542056074766
0 0.6753634979173813 0.34419090757842363 0.061672621459794526 0.137259948053658
0 0.6438896189224704 0.39544392523364486 0.02890932982917214 0.0689252336448598
0 0.8781208935611038 0.38492990654205606 0.06110381077529566 0.08995327102803738
0 0.6645860709592641 0.415303738317757 0.05059132720105125 0.029205607476635514
0 0.04248796750978342 0.6562279646407726 0.05832788139859345 0.15123786046152501
0 0.2562950655279185 0.510724428410247 0.09426539659201182 0.1469387724236776
0 0.24170200634201824 0.6074933441233168 0.0909002762705128 0.1142081024593868
0 0.28948193269042655 0.696149646223006 0.07758090496995841 0.15610785703222332
0 0.4098731129352871 0.7318424350031264 0.08470866388072801 0.15384617026577532
0 0.4883788104185981 0.7863691502578819 0.07573879435927473 0.11288355796680276
0 0.6225361366622865 0.657126168224299 0.013797634691195795 0.1413551401869159
0 0.5256241787122208 0.46261682242990654 0.07490144546649145 0.06542056074766354
0 0.5844283837056504 0.4526869158878505 0.08607095926412615 0.0455607476635514
0 0.5922393724875235 0.788611226321119 0.06204073321460238 0.11507727943172082
0 0.06698975845224865 0.9075389160730508 0.08085547799759975 0.09425313795313306
0 0.09015322909602526 0.7267835866351009 0.08441974541214557 0.13165670511368524
0 0.09643087565333473 0.8278553780947187 0.0906513424042042 0.10836698096405996
0 0.34478907601318104 0.9074932875801001 0.07680392093974668 0.10705602953178175
0 0.4067017082785808 0.9491822429906542 0.06438896189224705 0.10163551401869159
0 0.44356648612391714 0.7981665448175129 0.058596419606877934 0.12671874324145727
0 0.4112826217614192 0.8188513574279647 0.06063690139228629 0.0975471184155866
0 0.6139947437582128 0.8779205607476636 0.03088042049934297 0.1133177570093458
0 0.560025675158585 0.8571728456027942 0.07336940950301013 0.1035173739838204
0 0.49768287205556255 0.896813922230635 0.05485338535958316 0.13135086125680095
0 0.23389465157619355 0.8403705854727377 0.06037816535498978 0.10688611627795705
0 0.585742444152431 0.9836448598130841 0.05584756898817345 0.03271028037383177
0 0.1977033014309727 0.8464186116941068 0.05768065334619115 0.13605094457367456
0 0.442838370565046 0.9649532710280374 0.04467805519053877 0.07009345794392523
0 0.6379763469119579 0.5356308411214953 0.017082785808147174 0.1413551401869159
0 0.6563731931668857 0.5811915887850467 0.05387647831800263 0.12967289719626168
0 0.8002788216069202 0.6157320829881516 0.090173854931885 0.1433933203455633
0 0.9583239968452454 0.5718262904168521 0.08290653787231814 0.12697021485711774
0 0.9223872575701492 0.6531941995422523 0.08883941422480643 0.09667114491309939
0 0.6383048620236531 0.9135514018691588 0.017739816031537452 0.08411214953271028
0 0.756599993514065 0.9854440998130448 0.05572839109967421 0.02860149518026778
0 0.7232429978123129 0.7112712161871552 0.06607268593047957 0.13263462656846697
0 0.6527595269382391 0.697429906542056 0.04664914586070959 0.11448598130841121
0 0.6798586228082569 0.6641140628249003 0.06867062439275476 0.10113334967461862
0 0.6864896778638923 0.7657733646991274 0.05775004446142867 0.10685893015734513
0 0.7714566898227558 0.8717461265587559 0.06367311864292906 0.09173997957102432
0 0.8028406550585319 0.9532265678753044 0.05372789391653938 0.07412146366290116
0 0.8705441745806942 0.9083862524079694 0.06473824522340116 0.08591245113600332
0 0.9591768249128327 0.7382336859972212 0.07080087755369865 0.08947829280457634
0 0.9848883048620236 0.7061915887850467 0.030223390275952694 0.09462616822429906
0 0.9684625492772667 0.8142523364485982 0.06307490144546649 0.08177570093457943
0 0.9308008342922187 0.8120896955405321 0.05674450682520635 0.09867456353373427
0 0.820126713126898 0.8734172940891423 0.07110940036425703 0.08130751924127157
0 0.8230041558459287 0.9178200122488576 0.06121396241112907 0.06485722763221383
0 0.890604467805519 0.9754672897196262 0.059789750328515114 0.04906542056074766
0 0.9842312746386334 0.951518691588785 0.03153745072273324 0.0689252336448598
0 0.6571342068711699 0.9476323513996892 0.04348394855057952 0.04949360196038575