0 0.22182665665122542 0.1108685092557232 0.0994847054198072 0.13425486387334615
0 0.04019941761755088 0.21458295693412963 0.07997020304806178 0.1465629942841167
0 0.4183381088825215 0.561704834605598 0.04297994269340974 0.10559796437659033
0 0.34512147609376637 0.5304480259733372 0.09316764864781299 0.10361688375339244
0 0.20986374529047827 0.41863856252724735 0.07968811404464826 0.15672630719318906
0 0.1999662955539634 0.5143470905713277 0.07897178166642475 0.15671150305391532
0 0.2704707543871265 0.5116166182218305 0.08161998949191376 0.1516816610868369
0 0.09902390004444493 0.5934731030137601 0.07397882880717492 0.1235586019504226
0 0.031160458452722063 0.48091603053435117 0.062320916905444126 0.1272264631043257
0 0.022289148519143084 0.5594041279682815 0.032279396498815775 0.1023585319151326
0 0.06339541547277937 0.6469465648854962 0.07808022922636103 0.12595419847328243
0 0.3755228545916356 0.5960358274255512 0.08974882802224925 0.10735965695015388
0 0.3314684133308906 0.5969462819908804 0.07077712986901613 0.13239043367135708
0 0.6909025787965616 0.05089058524173028 0.1010028653295129 0.10178117048346055
0 0.7469115146363988 0.265063308633119 0.09776995165994669 0.14438856850387127
0 0.9018408226543752 0.33380778276105044 0.09100796461898504 0.12009710739986017
0 0.8484436916963818 0.5526603968558913 0.08753486357157006 0.12256761596557865
0 0.7195558739255015 0.6889312977099237 0.07808022922636103 0.04198473282442748
0 0.5157167199791286 0.4169174456878284 0.08161998949191375 0.15168166108683703
0 0.5476708569223692 0.5525094101259689 0.09276631190653956 0.12776030346466688
0 0.6099570200573066 0.6806615776081425 0.05515759312320917 0.058524173027989825
0 0.5648280802292264 0.683206106870229 0.07234957020057306 0.05343511450381679
0 0.6778360690147331 0.4441282675659334 0.06514434479277335 0.1513411658835433
0 0.7118075765584979 0.442152806319392 0.06717409418958406 0.16536568510356628
0 0.790289988477197 0.5003800052154188 0.10499824275819018 0.12928423846336226
0 0.7580546084816074 0.45902444831012124 0.09037881929614945 0.15567610465125048
0 0.8459885386819485 0.6679389312977099 0.08166189111747851 0.08396946564885496
0 0.4297994269340974 0.7493638676844784 0.02005730659025788 0.07888040712468193
0 0.3745017904950871 0.841246242697282 0.06934446511256914 0.13236082539280977
0 0.17693409742120345 0.9675572519083969 0.06303724928366762 0.0648854961832061
0 0.17614803249026598 0.821787887392871 0.07671422368805178 0.15412256137400807
0 0.1611219288398731 0.8813108941485867 0.09855125135417872 0.1291510012098996
0 0.01683381088825215 0.8403307888040712 0.0336676217765043 0.15139949109414758
0 0.03975644699140401 0.8632315521628499 0.07951289398280802 0.13358778625954199
0 0.05621748551074624 0.9095833316974729 0.09625009984811188 0.10876515883466006
0 0.060530085959885384 0.9618320610687023 0.08954154727793696 0.07633587786259542
0 0.4086676217765043 0.7449109414758269 0.062320916905444126 0.06997455470737914
0 0.3946249103524181 0.9095932334310505 0.08127208722142693 0.09320190047666796
0 0.461676217765043 0.7849872773536896 0.04369627507163324 0.10432569974554708
0 0.48495702005730656 0.7569974554707379 0.07736389684813753 0.09414758269720101
0 0.4512893982808023 0.950381679389313 0.022922636103151862 0.09923664122137404
0 0.6643982808022922 0.9732824427480916 0.04799426934097421 0.05343511450381679
0 0.6869627507163324 0.9681933842239185 0.04727793696275072 0.06361323155216285
0 0.6414756446991404 0.955470737913486 0.07378223495702006 0.089058524173028
0 0.6374307948143079 0.9124726385197743 0.08914105648772808 0.10988938207296696
0 0.6858646509771708 0.9133817560653681 0.07062497549761969 0.1120490037139384
0 0.6773385502260437 0.8479785606808297 0.08770839173128109 0.10985977379441951
0 0.7274355300859598 0.7353689567430025 0.09383954154727794 0.05089058524173028
0 0.7741248419189926 0.8478883988254525 0.07805970138911088 0.11855836826189134
0 0.8497139381628075 0.821495195617829 0.0884140372153473 0.12639921399798185
0 0.9125673953681388 0.8915058693269021 0.08535295980336324 0.08820166678813698
0 0.8895682591037565 0.8397723394930642 0.07961161388341766 0.1046078697382364
0 0.49831550251463214 0.8866964811314776 0.07514009145436565 0.11722688707375377