0 0.4814024390243902 0.35629067245119306 0.03719512195121951 0.13123644251626898
0 0.4419614020940837 0.2670302594536951 0.08818416006209914 0.12427583755566629
0 0.3738735534554103 0.17449319977709254 0.05783708998199018 0.11017974536406513
0 0.4292504419374416 0.20662603286085884 0.06255740546065897 0.09105471488475898
0 0.45435926903054114 0.15707422814460753 0.07418540961428309 0.09297899978033802
0 0.22365143658283995 0.37449950328387477 0.061922009567011604 0.12129089641112198
0 0.24442174563431038 0.2532536994419065 0.07478234581380087 0.10816338155907988
0 0.13048780487804879 0.5672451193058569 0.06585365853658537 0.0650759219088937
0 0.17652439024390243 0.5672451193058569 0.06646341463414634 0.0650759219088937
0 0.18145647681972213 0.5152819003675991 0.06020783627618224 0.13955229824381438
0 0.1472610871073204 0.519292530972383 0.06821994214440595 0.1422960177756336
0 0.1344989893987731 0.44212121856345615 0.06475759855498876 0.11608887297058199
0 0.04359756097560975 0.5591106290672451 0.06280487804878049 0.08134490238611713
0 0.019817073170731708 0.5645336225596529 0.039634146341463415 0.07049891540130152
0 0.15469353936044092 0.38356116918155075 0.07522154871149965 0.10386918077552718
0 0.01402439024390244 0.39913232104121477 0.02804878048780488 0.09544468546637744
0 0.1371813077713025 0.3092901007850802 0.051782167306346 0.11082240395881132
0 0.18800857601479493 0.28755852225251494 0.06821576353857009 0.0957908557720472
0 0.0798493253996096 0.29702347057654177 0.05314241429940791 0.09902440030663488
0 0.03538617852664556 0.2873118126335702 0.06272795866052125 0.09539310967868524
0 0.011280487804878048 0.306941431670282 0.022560975609756097 0.10412147505422993
0 0.061585365853658536 0.010303687635574838 0.05853658536585366 0.020607375271149676
0 0.07469512195121951 0.027114967462039046 0.05304878048780488 0.05422993492407809
0 0.172948472794479 0.04366836835004242 0.06980202192950284 0.07427565784391012
0 0.2375 0.021691973969631236 0.04207317073170732 0.04338394793926247
0 0.16659911858464413 0.160551834948568 0.05641720618508377 0.08952817608254204
0 0.10979175775084882 0.06883236446387613 0.047326322919677845 0.07480967685705196
0 0.1297579229311923 0.1513926021352658 0.04547141483090846 0.104957470362668
0 0.012195121951219513 0.1475054229934924 0.024390243902439025 0.08676789587852494
0 0.061898174993307874 0.07239092918449605 0.04933896431026624 0.0641404659137305
0 0.027346769680220456 0.05961237696800259 0.04379570123420868 0.07779830889025542
0 0.01707317073170732 0.10845986984815618 0.03414634146341464 0.0911062906724512
0 0.1345911020685289 0.20473681140754332 0.05913770017120737 0.06593216877818892
0 0.4917682926829268 0.028741865509761388 0.016463414634146342 0.057483731019522775
0 0.3843759633060508 0.11685294427693264 0.06360636445591886 0.08680470811157982
0 0.35053241058849866 0.09114759569940757 0.05288658449961453 0.09251680811574538
0 0.6701219512195122 0.5645336225596529 0.07682926829268293 0.07049891540130152
0 0.5926829268292683 0.5688720173535792 0.06341463414634146 0.06182212581344902
0 0.5407099821941214 0.45357849158941377 0.058335929683533724 0.13833511751421232
0 0.5253048780487805 0.5005422993492408 0.05060975609756098 0.1420824295010846
0 0.6535788176928502 0.4633812815562423 0.06582355605412764 0.14320384043262102
0 0.6157995794401561 0.43036087737634576 0.0669834314454048 0.11084265551966846
0 0.6003148984425672 0.3535329912699787 0.06207556426299475 0.09426431696983013
0 0.5137195121951219 0.07321041214750543 0.027439024390243903 0.0770065075921909
0 0.8392644586011284 0.4849507509484124 0.07617241120878517 0.11259016437375309
0 0.8351285435044696 0.37974467719570093 0.06085605206787267 0.09417592894908305
0 0.9570121951219512 0.5612798264642083 0.06646341463414634 0.0770065075921909
0 0.9850609756097561 0.5450108459869848 0.029878048780487804 0.09436008676789588
0 0.973170731707317 0.2646420824295011 0.05365853658536585 0.07809110629067245
0 0.8641670723044926 0.11309451129731336 0.047142949821772515 0.0856114698314941
0 0.9213645877869995 0.20700527618415512 0.04802135561717006 0.07702306826438869
0 0.9871951219512195 0.4718004338394794 0.025609756097560974 0.08676789587852494
0 0.5189024390243903 0.01843817787418655 0.03780487804878049 0.0368763557483731
0 0.6456762491190644 0.022634618435036648 0.046230547018616584 0.03146992292816309
0 0.7409346144904129 0.048465167266363796 0.059918009468630615 0.0703147575824887
0 0.9697061567747142 0.060179324018463765 0.040631825744550244 0.05918335497457469
0 0.9174931437823414 0.04666144485037818 0.03986433634517054 0.03966057840190658
0 0.9954268292682927 0.1339479392624729 0.009146341463414634 0.06182212581344902
0 0.7224628791117819 0.027118465043622038 0.03516966066258813 0.028505233344476133
0 0.7268437513728411 0.2545527366469484 0.04561214962884827 0.09307107868974436
0 0.8260574582471992 0.03300454875940272 0.04601735551878879 0.0260469294357553
0 0.2127099658747683 0.6823680139596828 0.06601974905007638 0.11726185968981062
0 0.15980192018490325 0.6666367433842605 0.06998957363324423 0.10997902687305458
0 0.4801829268292683 0.6420824295010846 0.039634146341463415 0.08459869848156182
0 0.4167682926829268 0.6437093275488069 0.0676829268292683 0.0878524945770065
0 0.7764105323033609 0.8964961492251432 0.050903761510948595 0.11941080552591674
0 0.6817491031315301 0.8858499821725578 0.08064107549349644 0.13346270370714422
0 0.5798780487804878 0.9197396963123644 0.06585365853658537 0.16052060737527116
0 0.6688292721211639 0.7892000872013364 0.07578866650909503 0.10282877608741915
0 0.9439024390243902 0.9560737527114967 0.06707317073170732 0.0878524945770065
0 0.9589898452229074 0.908647656633539 0.06375127785969453 0.12142347844224272
0 0.9506097560975609 0.6268980477223427 0.041463414634146344 0.05422993492407809
0 0.9884146341463415 0.6203904555314533 0.023170731707317073 0.04121475054229935
0 0.7469512195121951 0.6355748373101953 0.05975609756097561 0.07158351409978309
0 0.9264895409945381 0.839779330168619 0.042550549243000335 0.10799029640624501
0 0.8624332430457954 0.7956615916107536 0.06683851804162913 0.07622388518900555
0 0.8523317184389917 0.8171003727429016 0.0714479171242801 0.08521003284947282
0 0.8344610978657143 0.8574432143024883 0.07581848491101771 0.11905356255426904
0 0.5802397641288566 0.8092762357892233 0.05057547500926725 0.09559382816969579
0 0.5479037451915955 0.6749885611128499 0.06613066544609379 0.08915068155003722
0 0.5277439024390244 0.6415401301518439 0.05548780487804878 0.08351409978308026