0 0.6147375504710633 0.042464114832535885 0.0693135935397039 0.08492822966507177
0 0.5524702085954833 0.35005523391715476 0.09930758742465731 0.1333421400097333
0 0.5873881277907899 0.44368599792428 0.04974296139566079 0.11970574091405674
0 0.47729956385088546 0.5344263905923952 0.06636057001022433 0.16040510271794498
0 0.27397980386450893 0.3707279132219011 0.08274479997046064 0.15222854017451637
0 0.642664872139973 0.5424641148325359 0.013458950201884253 0.08014354066985646
0 0.5423956931359354 0.7685406698564593 0.06864064602960969 0.022727272727272728
0 0.3930645468255933 0.624218019720931 0.04538944381292204 0.09789607734618755
0 0.6160834454912517 0.5107655502392344 0.06662180349932706 0.07177033492822966
0 0.3051418571894027 0.6118352431758388 0.08930958946300607 0.09080755988703855
0 0.33711385539348365 0.674727660730285 0.05330001726200793 0.09497611201433682
0 0.1307108438558443 0.48328126752912154 0.06854432027619961 0.10577116759812936
0 0.013458950201884253 0.4569377990430622 0.026917900403768506 0.09330143540669857
0 0.04368083062580737 0.4660580893709338 0.05939771625495501 0.11097205219182728
0 0.06053209555381814 0.522456777519397 0.05434384058193858 0.059313795021742347
0 0.07081868205293143 0.5758240751002497 0.04640574548902121 0.09083046908912448
0 0.13783882747410234 0.6054284694161942 0.065742665787793 0.10315597262900136
0 0.9398136464806194 0.3947987076242027 0.04522453607722939 0.1526971503196433
0 0.9308320612587155 0.5027884857238277 0.04970178999356165 0.10421121429748693
0 0.7293595222514432 0.36455700492215554 0.04989399724578975 0.13759261202823408
0 0.6786675639300135 0.388755980861244 0.058546433378196504 0.14114832535885166
0 0.6615074024226111 0.43779904306220097 0.024226110363391656 0.08133971291866028
0 0.7496585339160116 0.7400256150672824 0.04742215822876836 0.025375271112194474
0 0.8293204155261534 0.7352179282216985 0.04389262400625263 0.021508191276382694
0 0.9552233570169198 0.7015578787532685 0.06409469906734673 0.06727080516488652
0 0.9412768416780356 0.6913920636740539 0.06848949911583276 0.04618540562945832
0 0.9329748067180638 0.6605013320400137 0.08226428183989047 0.06877504584764874
0 0.9888963660834454 0.6602870813397129 0.02220726783310902 0.0861244019138756
0 0.385023356631956 0.8821405774126634 0.07068667701277964 0.15242188530147865
0 0.10049701001118334 0.8955674069700458 0.07256824451484918 0.12040379767317559
0 0.15379025792588147 0.851831707491693 0.054000375352285565 0.12482470561655257
0 0.19698940425281447 0.8673212870014089 0.06750049695626896 0.14143348459072386
0 0.23156385821846806 0.895441140413724 0.07579559597345902 0.1468867250005002
0 0.2913862718707941 0.9605263157894737 0.08344549125168237 0.07894736842105263
0 0.3186144571495546 0.9049170552636269 0.04574644773719465 0.13486599182334577
0 0.5558546433378196 0.8283492822966507 0.08344549125168237 0.09688995215311005
0 0.5072663692829514 0.8916820104458715 0.071304803362507 0.09289183595068755
0 0.6120457604306864 0.8391148325358851 0.05720053835800808 0.11842105263157894
0 0.6342530282637954 0.8181818181818182 0.03028263795423957 0.07655502392344497
0 0.5962053605952414 0.9111303952480265 0.05257213752789872 0.09372422714765305
0 0.5548452220726783 0.9515550239234449 0.05585464333781965 0.09688995215311005
0 0.024226110363391656 0.9330143540669856 0.04845222072678331 0.10287081339712918
0 0.061177743547376935 0.9488708354032108 0.0377672923058262 0.09249854955429114