0 0.06740331491712707 0.5466601178781926 0.05856353591160221 0.10510805500982318
0 0.023204419889502764 0.07072691552062868 0.04640883977900553 0.08055009823182711
0 0.1558011049723757 0.023575638506876228 0.057458563535911604 0.047151277013752456
0 0.3143838763000325 0.32840200491328175 0.056392706082645606 0.15935553474600866
0 0.26462449860266146 0.16942496924438824 0.06174618979420558 0.13574293680768373
0 0.6444709105413939 0.43643920521120905 0.042471780924487834 0.09754340252835621
0 0.6568889287375697 0.3323259367633301 0.023716205111936964 0.09560370256776533
0 0.591511259374587 0.26475949401473065 0.04540793930885164 0.10386702071856219
0 0.64194557798743 0.24224699494882085 0.0430532216865226 0.09861166251217335
0 0.6261899429032327 0.2823437037734151 0.03680449545333145 0.07319428860720342
0 0.6234306244775082 0.07743193424140608 0.03436056483018979 0.083570081026035
0 0.6596685082872928 0.15176817288801572 0.019889502762430938 0.10117878192534381
0 0.6527624309392265 0.07760314341846758 0.03370165745856354 0.08055009823182711
0 0.5859116022099448 0.01031434184675835 0.05027624309392265 0.0206286836935167
0 0.5121546961325967 0.05255402750491159 0.041988950276243095 0.10510805500982318
0 0.44038279421645343 0.10248349805166528 0.05852518422443559 0.08243992502912012
0 0.37410635841447354 0.056079868988491044 0.055121054096550895 0.09755542537815598
0 0.41823204419889504 0.04911591355599214 0.036464088397790057 0.09823182711198428
0 0.4540720827810949 0.04852991200297144 0.05271077660408715 0.07175732519094796
0 0.5392265193370166 0.03831041257367387 0.04419889502762431 0.07662082514734773
0 0.36546961325966854 0.009823182711198428 0.04696132596685083 0.019646365422396856
0 0.8057522411055807 0.3454425097269609 0.050001556256750984 0.11044846404686004
0 0.8837721358058931 0.3572626133100217 0.06180409894258476 0.13770757334992342
0 0.8479732095929688 0.2190926016259642 0.058320152926864356 0.09414180256986082
0 0.9718232044198895 0.23231827111984282 0.056353591160221 0.08153241650294696
0 0.7477900552486187 0.0137524557956778 0.03370165745856354 0.0275049115913556
0 0.6861878453038674 0.06974459724950884 0.03314917127071823 0.068762278978389
0 0.7732506124328958 0.06742105697737191 0.03596011424534652 0.08186326962188742
0 0.8060304220738832 0.1307690080558265 0.041542885272178615 0.08468732329110079
0 0.7736156869100025 0.19496902851328113 0.044479043656542296 0.09101094148130671
0 0.7439371590070321 0.16633997234991055 0.03939084966917645 0.08630819298255102
0 0.9448574505678572 0.16930941584821585 0.0360180233937257 0.08382790616412711
0 0.4584215832952345 0.8692254340760267 0.08522059796439169 0.07388093142673319
0 0.05997887548822929 0.9439165755990406 0.1004562253522995 0.08700685865188065
0 0.053262940746774796 0.7239752474306932 0.07293363858732642 0.19810767873296936
0 0.10552486187845304 0.68762278978389 0.06519337016574586 0.17681728880157171
0 0.1654696132596685 0.650294695481336 0.09116022099447514 0.10216110019646366
0 0.6325966850828729 0.6291748526522594 0.051933701657458566 0.05992141453831041
0 0.6422651933701657 0.6974459724950884 0.054696132596685085 0.12573673870333987
0 0.6447513812154696 0.7779960707269156 0.049723756906077346 0.11394891944990176
0 0.9881215469613259 0.9695481335952849 0.023756906077348067 0.060903732809430254
0 0.9803867403314918 0.9086444007858546 0.039226519337016576 0.11984282907662082
0 0.8924577448274931 0.885251561038408 0.03895418177808926 0.09015152435433298
0 0.7488379412836592 0.888035982630025 0.05727308969955268 0.09593455568670581
0 0.8576366377061443 0.8911570480739022 0.04538133401290615 0.0843065970088625
0 0.8213752313276806 0.8899529732140898 0.04965410136647678 0.09866064479342193
0 0.775414364640884 0.6218074656188605 0.039226519337016576 0.04518664047151277
0 0.9359601440315821 0.6594541735568393 0.02991407003148187 0.06332212361475652
0 0.8988950276243094 0.6159135559921415 0.041988950276243095 0.03339882121807466
0 0.9861878453038674 0.6665029469548134 0.027624309392265192 0.06581532416502947
0 0.9612426568318623 0.7625920260405473 0.04619676064670161 0.07465529772305884
0 0.9200773556632696 0.84379826452638 0.04198190244151016 0.062265886480739156
0 0.8050420610164439 0.8470253084133331 0.04509413754925523 0.05590530885908447
0 0.7947428069102213 0.8046257621795849 0.03921712222403916 0.08041428335583195
0 0.7385316393427036 0.7899021200805378 0.05500523579979253 0.0936261522936766
0 0.9698895027624309 0.6222986247544204 0.03038674033149171 0.04616895874263261