0 0.07291496269771963 0.2303680940741086 0.08244323100948142 0.19163375602188795
0 0.13031981262397724 0.22428852357159987 0.07965668351673855 0.19031948051855505
0 0.17485305344124194 0.17072627653170105 0.10634044732186407 0.1432656753553226
0 0.49136740331491713 0.2788697788697789 0.03660220994475138 0.10810810810810811
0 0.4651243093922652 0.1855036855036855 0.08908839779005524 0.14250614250614252
0 0.4746064132584155 0.0895953329825733 0.05985268010817231 0.1307724451953833
0 0.493439226519337 0.052825552825552825 0.0324585635359116 0.10565110565110565
0 0.15435082872928177 0.06265356265356266 0.08908839779005524 0.12530712530712532
0 0.06560773480662983 0.06941031941031942 0.07734806629834254 0.13882063882063883
0 0.03522099447513812 0.11056511056511056 0.07044198895027624 0.18181818181818182
0 0.22375690607734808 0.03746928746928747 0.09392265193370165 0.07493857493857493
0 0.32320441988950277 0.055896805896805894 0.08011049723756906 0.11179361179361179
0 0.3708563535911602 0.07063882063882064 0.06906077348066299 0.14127764127764128
0 0.4088397790055249 0.06756756756756757 0.06906077348066299 0.13513513513513514
0 0.4388812154696133 0.032555282555282554 0.07527624309392265 0.06511056511056511
0 0.300414364640884 0.025184275184275184 0.0856353591160221 0.05036855036855037
0 0.7814226519337016 0.36240786240786244 0.1042817679558011 0.05405405405405406
0 0.3546270718232044 0.9895577395577395 0.07527624309392265 0.020884520884520884
0 0.3482591722210863 0.8445696033751553 0.09052004676469187 0.11085288490271725
0 0.25008763534731027 0.8881336871035074 0.08415330591115526 0.17327056830049348
0 0.185724088807369 0.9146872417790113 0.07250066831633921 0.1422149404886364
0 0.3467442301455342 0.7107916308807688 0.08630405069530302 0.10703871980496635
0 0.4037314265438393 0.7084082858481177 0.0590261453694363 0.15898508631349587
0 0.4447875121335544 0.6561817578802593 0.04661055037926438 0.12422251124742742
0 0.4647790055248619 0.7383292383292384 0.08977900552486189 0.11793611793611794
0 0.48273480662983426 0.7843980343980343 0.05386740331491713 0.10196560196560196
0 0.4861878453038674 0.8507371007371007 0.04696132596685083 0.11179361179361179
0 0.048687845303867404 0.9815724815724816 0.06698895027624309 0.036855036855036855
0 0.07907458563535912 0.9563882063882064 0.07803867403314917 0.08722358722358722
0 0.09346109290771445 0.8506395283856126 0.05442428444378487 0.13551490155972518
0 0.0324585635359116 0.9269041769041769 0.0649171270718232 0.14619164619164618
0 0.1279816217692783 0.7445948256194871 0.07094186465494223 0.0979674526938842
0 0.15429269383129154 0.5645260084909475 0.056921433294331025 0.12208716232104333
0 0.11893905831181319 0.5723763872518063 0.05137245486236154 0.12068711254287892
0 0.21719613259668508 0.4176904176904177 0.05870165745856354 0.056511056511056514
0 0.24932689298734156 0.592882855551687 0.04677059393671019 0.09721692778910837
0 0.20483859931752044 0.6089972586910063 0.050103049843161294 0.09118163949014159
0 0.1691232154952961 0.6352751558793834 0.058100944018644046 0.07669694757262141
0 0.2826054193428108 0.5501059660533746 0.07922915747262187 0.09822477551837888
0 0.3019051608881265 0.6041416854447967 0.07398492191919653 0.07719014965290268
0 0.3566407601296341 0.5582430428595375 0.07139130685458486 0.08570388397757989
0 0.4162544604632363 0.5275398388652346 0.06206043031652157 0.10260269121468671
0 0.1408839779005525 0.41646191646191644 0.07458563535911603 0.05405405405405406
0 0.1277624309392265 0.43857493857493857 0.08011049723756906 0.09828009828009827
0 0.08844599388748822 0.4732613848582268 0.05589319381029478 0.10486670155331815
0 0.04617860890176991 0.4641379038915012 0.05248838824329444 0.10721648616678124
0 0.0162292817679558 0.7063882063882064 0.0324585635359116 0.085995085995086
0 0.012430939226519336 0.6044226044226044 0.024861878453038673 0.1375921375921376
0 0.03453034282814171 0.6707619895354944 0.056086126238425946 0.11469471138132797
0 0.042574284350063316 0.5950054500799439 0.0596597476800411 0.12094443536737348
0 0.7417127071823204 0.9699017199017199 0.09392265193370165 0.060196560196560195
0 0.9775552486187845 0.7985257985257985 0.04488950276243094 0.10319410319410319
0 0.9751381215469613 0.64004914004914 0.049723756906077346 0.11056511056511056
0 0.9514184495141728 0.5699674134520689 0.060413932758228026 0.08904629056375736
0 0.9202577937095622 0.5224387408711869 0.053812598288705944 0.06919727878936682
0 0.8859466417114723 0.6002386371661382 0.06567351254800062 0.07570432559990703
0 0.5400552486187845 0.9754299754299754 0.06077348066298342 0.04914004914004914
0 0.6791655157246965 0.8147632828128605 0.07378541757188689 0.13734382271204718
0 0.62396408839779 0.9459459459459459 0.06837016574585636 0.10810810810810811
0 0.6485036354257567 0.7242477890187895 0.05367667128477649 0.0974313634761871
0 0.7130118812867965 0.6903232269722782 0.08375866873772399 0.11800945658664588
0 0.6949936030374391 0.6061677839138682 0.07861089939836433 0.10188883563517459
0 0.7430939226519337 0.41093366093366096 0.0649171270718232 0.042997542997543
0 0.6933701657458563 0.41216216216216217 0.058011049723756904 0.045454545454545456
0 0.6498103301116235 0.4467351727897591 0.08503464567610261 0.07753324675222888
0 0.5369475138121547 0.8882063882063882 0.054558011049723756 0.12530712530712532
0 0.6337630080566393 0.5786029538291944 0.06708761688829923 0.11258080602365159
0 0.5916742968243035 0.6658524885936914 0.09769140620143854 0.12458083410330963
0 0.5898534970338153 0.7586043313455343 0.10240507757750295 0.11858843294175866
0 0.5524861878453039 0.39803439803439805 0.06767955801104972 0.0171990171990172
0 0.5452348066298343 0.42936117936117935 0.07113259668508287 0.07985257985257985
0 0.598488279479492 0.8461205156527539 0.08539639397884866 0.09596076517974744
0 0.5744562217247786 0.9100959666879274 0.06742524863752883 0.1297798232226688
0 0.5790745856353591 0.9582309582309583 0.05593922651933702 0.08353808353808354