0 0.0228494623655914 0.11950286806883365 0.0456989247311828 0.07265774378585087
0 0.03924731182795699 0.02581261950286807 0.04838709677419355 0.05162523900573614
0 0.16934524701721634 0.0683983766215294 0.03559739222783763 0.09402877425823575
0 0.24516129032258063 0.022466539196940728 0.05053763440860215 0.044933078393881457
0 0.3077956989247312 0.013862332695984704 0.04139784946236559 0.027724665391969407
0 0.3379032258064516 0.13288718929254303 0.043548387096774194 0.08604206500956023
0 0.3110885684863801 0.2049891771821501 0.06615495845983284 0.09019248689603057
0 0.26489760496025117 0.3772804775028707 0.06130418472377534 0.1298444201724833
0 0.25077475464822013 0.3264298030115476 0.06317942360344098 0.10901232755023874
0 0.21648480674485088 0.318139070683128 0.05855344478195939 0.12481379025239227
0 0.1762245692379333 0.30609736853837327 0.06329204582129028 0.11761653405119475
0 0.16862215651781384 0.25990358376846845 0.06773032094635602 0.08747472718078117
0 0.3381720430107527 0.4502868068833652 0.043010752688172046 0.07839388145315487
0 0.04811827956989247 0.44120458891013387 0.0489247311827957 0.0965583173996176
0 0.016666666666666666 0.4450286806883365 0.03333333333333333 0.08891013384321224
0 0.13712562228261665 0.1565908071335261 0.04296159741137395 0.08230191853162257
0 0.11538451076812452 0.32564639621392316 0.054602300225328616 0.11012272480785948
0 0.42016129032258065 0.4521988527724665 0.06505376344086021 0.0745697896749522
0 0.6824426945763684 0.3412623868334192 0.0747329808801912 0.1711998567908323
0 0.7565298775354963 0.32622197235821876 0.09830129980035845 0.16671222991554904
0 0.7341923481373003 0.26465056812430066 0.08063399627393082 0.1297360837042133
0 0.6954945100160218 0.20747537542779437 0.076683301238423 0.15610390183589176
0 0.7369104555663445 0.1433128413229007 0.0758833311759618 0.1770362005370714
0 0.6389423389535845 0.1639289213603338 0.08260979331280775 0.1576110582145852
0 0.7844086021505376 0.052103250478011474 0.08279569892473118 0.10420650095602295
0 0.5971561189975032 0.09699105446311689 0.06561777357235363 0.13120126743277427
0 0.535578433603477 0.12187336289289684 0.06728073111720444 0.13517566832937966
0 0.8383792278643373 0.1022695581736308 0.06701839546334551 0.15615807007002674
0 0.8862903225806451 0.07122370936902486 0.08225806451612903 0.14244741873804972
0 0.8577956989247312 0.03824091778202677 0.08118279569892473 0.07648183556405354
0 0.9763440860215054 0.16682600382409177 0.047311827956989246 0.14244741873804972
0 0.9602150537634409 0.04206500956022945 0.07956989247311828 0.0841300191204589
0 0.9626344086021505 0.10659655831739961 0.07473118279569893 0.14435946462715105
0 0.4586227554976109 0.22619968400731605 0.06908088851830353 0.10860743803983108
0 0.3931515852192477 0.36487174176102555 0.05433996457146962 0.13110512654850676
0 0.42938983063579483 0.17244979137060593 0.07115634467414579 0.10307171253039722
0 0.4717248500168701 0.11681630920746693 0.06793098774365595 0.14382997786980312
0 0.5182795698924731 0.05019120458891013 0.07526881720430108 0.10038240917782026
0 0.5782258064516129 0.04445506692160612 0.09516129032258064 0.08891013384321224
0 0.6338709677419355 0.04397705544933078 0.06451612903225806 0.08795411089866156
0 0.6583333333333333 0.022944550669216062 0.057526881720430106 0.045889101338432124
0 0.37311827956989246 0.367112810707457 0.026881720430107527 0.09369024856596558
0 0.1628241716494627 0.829451585806541 0.08607290825875753 0.1350172288216418
0 0.3443548387096774 0.5152963671128107 0.03064516129032258 0.05162523900573614
0 0.12359986413597401 0.649805250128614 0.062179236264802956 0.11464825913860767
0 0.1631591164157111 0.587730122550958 0.0653549883973715 0.11112478559721022
0 0.18629032258064515 0.512906309751434 0.06397849462365592 0.04684512428298279
0 0.0741122466244925 0.6319231390429526 0.058328200346260524 0.10760537725048033
0 0.09122202156986886 0.561411035213142 0.05085137294487453 0.1107280264761375
0 0.12258064516129032 0.5262906309751434 0.08494623655913978 0.07361376673040153
0 0.008870967741935484 0.5712237093690249 0.017741935483870968 0.1022944550669216
0 0.9662361084735607 0.9052598263711406 0.06211711788712071 0.15092702799206545
0 0.9879032258064516 0.732791586998088 0.024193548387096774 0.11759082217973231
0 0.933563072980263 0.6915013481208622 0.05507736673512545 0.10539271312457378
0 0.867427783932318 0.6971860105030937 0.05367719436525701 0.12149479406353243
0 0.8309499824158185 0.7068071663264653 0.050951481582963 0.11837621003254285
0 0.9438585659699046 0.6144453602002657 0.05876572611677421 0.10000729673354242
0 0.8865251952146477 0.593465651408681 0.05277666614358427 0.0937200256320956
0 0.9739247311827957 0.5391969407265774 0.0478494623655914 0.0994263862332696
0 0.9868279569892473 0.5282026768642447 0.026344086021505377 0.07743785850860421
0 0.6658287428496418 0.8404079422134088 0.05630279850946232 0.11696519453811688
0 0.5972872868244329 0.9090127257005143 0.06956891812898452 0.14589233287730718
0 0.6092448383166787 0.7533123411294251 0.0625792212960335 0.10418210978801785
0 0.4182795698924731 0.9780114722753346 0.04408602150537634 0.04397705544933078
0 0.38064516129032255 0.9823135755258127 0.041935483870967745 0.03537284894837476
0 0.49466100839854266 0.8616238864788471 0.06943081923048985 0.09431719691103847
0 0.3872847391563683 0.9242758593621083 0.040986249893620104 0.09548582759746178
0 0.5854838709677419 0.5105162523900574 0.05161290322580645 0.04206500956022945
0 0.5491935483870968 0.5119502868068834 0.0467741935483871 0.044933078393881457
0 0.7475806451612903 0.5062141491395793 0.06720430107526881 0.033460803059273424
0 0.6545728143604183 0.5562145472898548 0.04087362767577067 0.08688162109650581
0 0.6341373490859021 0.6399586306276384 0.04630002608083628 0.09120674326938381
0 0.6728287056567385 0.6760762670242961 0.04906327960241345 0.09719339613402551
0 0.6953338198183394 0.6270767120442093 0.04416200202618877 0.09196235405606433
0 0.7913893815727122 0.6454050249386822 0.05530216164970136 0.08154224255027448
0 0.3779569892473118 0.607074569789675 0.03655913978494624 0.06500956022944551
0 0.3941074890017564 0.5613439595011281 0.041273612707001216 0.07641547174591594
0 0.4010752688172043 0.5119502868068834 0.043010752688172046 0.044933078393881457
0 0.5148276564687576 0.7779048546607974 0.040886141255531756 0.08783764404105643
0 0.875234198352318 0.5327791807547798 0.03478445906449226 0.07294616643865354
0 0.9181452919235246 0.562281843696118 0.04800052436497011 0.0980492129996411
0 0.3663978494623656 0.5267686424474187 0.013440860215053764 0.0745697896749522