0 0.26606060606060605 0.48976293103448276 0.06666666666666667 0.11961206896551724
0 0.17666062494490234 0.47012124626629304 0.07427435989820658 0.11233255086888896
0 0.4766666666666667 0.5210129310344828 0.026060606060606062 0.057112068965517244
0 0.4351515151515152 0.505926724137931 0.048484848484848485 0.08728448275862069
0 0.4568296688644076 0.46693822295622317 0.04090224103280007 0.09598809958684311
0 0.43121292936664757 0.4139397642342597 0.06510587974315113 0.0874008353154783
0 0.41286010224796194 0.35922719519640406 0.05656461593892373 0.06901629160355939
0 0.476969696969697 0.21982758620689655 0.025454545454545455 0.0668103448275862
0 0.48545454545454547 0.15732758620689655 0.008484848484848486 0.06465517241379311
0 0.3820019356834266 0.2780562240976229 0.03725529952405299 0.09226541336547897
0 0.38669527840361934 0.23129566779507402 0.048678776145213556 0.06579960938830476
0 0.3397731818596484 0.23951485007946413 0.03839337562948927 0.06979941222087625
0 0.26544593259952404 0.11101850610712695 0.06386555087134074 0.07861683646008102
0 0.008484848484848486 0.057112068965517244 0.01696969696969697 0.07543103448275862
0 0.02 0.03556034482758621 0.03272727272727273 0.07112068965517242
0 0.00909090909090909 0.32165948275862066 0.01818181818181818 0.10021551724137931
0 0.18724532776756425 0.37245309803383414 0.06268868923383128 0.08922938932882167
0 0.14652643652274575 0.33249948120561157 0.06511645761553485 0.09063359393616796
0 0.1086774172437463 0.2439239649641582 0.047473706848014774 0.067791472601873
0 0.19215707781171878 0.29987130006582424 0.04812560490107086 0.0818817478916406
0 0.13665493193144737 0.2778524903624334 0.05051458775070139 0.07143250422312483
0 0.31460267801936 0.4154626330229617 0.061501249723938375 0.09660918357687266
0 0.8775757575757576 0.5366379310344828 0.06181818181818182 0.02586206896551724
0 0.7395463637192968 0.45461068996374426 0.09310455017561955 0.12779487795513284
0 0.7215756989078865 0.33155305138807 0.07539128025887569 0.08340103248290695
0 0.5842641861030862 0.3012048361867425 0.08212141415984371 0.10369578480828154
0 0.5027272727272727 0.1557112068965517 0.026060606060606062 0.15193965517241378
0 0.6273119168820634 0.21975865733616057 0.044633805520615806 0.12557285477372462
0 0.7105817829810955 0.21158961312748178 0.05361893588768935 0.09447008756851452
0 0.673832256314091 0.18132623395861078 0.03554994834462901 0.12650320818583133
0 0.7781698814079672 0.2244656527641557 0.0384603688212519 0.09027355015191067
0 0.9772727272727273 0.4078663793103448 0.045454545454545456 0.07650862068965517
0 0.7961912685253015 0.17788511835373552 0.04469374679745587 0.14389182029096606
0 0.7521901703303367 0.15310740122489463 0.041022123586480476 0.13262603062132594
0 0.5434005285637274 0.12443859838271414 0.05724824760913069 0.09280484275539604
0 0.5051515151515151 0.041487068965517244 0.03090909090909091 0.05495689655172414
0 0.6071442318640256 0.07324712421181691 0.051821909814274696 0.10069064100955659
0 0.5891984507934752 0.05036417557746573 0.05290004464287091 0.05990567434771246
0 0.6409410265648733 0.1268091269318499 0.053058712728624086 0.10839705365805732
0 0.7298115633144583 0.07146321521734268 0.0402291872349771 0.07543230705569626
0 0.7755391684336138 0.06846865476721047 0.039563185352076286 0.05703168693834244
0 0.8719680350102821 0.10138708101267309 0.044542130626624855 0.09755561339441433
0 0.8396182417699878 0.3049110432375801 0.04089871507533906 0.09491051337994669
0 0.8496779810081965 0.23194572316362938 0.042188407351606214 0.11878071913189557
0 0.8995810171780139 0.20904860698324973 0.04701221049786303 0.11189085248451919
0 0.9286456836265957 0.29751771772996943 0.04631094904035005 0.08271437029819985
0 0.8198950294306908 0.3868069586752492 0.08649782478579296 0.14521564287113742
0 0.9936363636363637 0.3464439655172414 0.012727272727272728 0.1497844827586207
0 0.969792574625685 0.2831348857100285 0.05011303267738957 0.13385084962301239
0 0.9893939393939394 0.23814655172413793 0.021212121212121213 0.10129310344827586
0 0.9275830115293116 0.1578886493367536 0.047688790253147144 0.13352423122256266
0 0.9164676521087414 0.09338007343128155 0.04020803149020993 0.06896678981431695
0 0.9671054463319527 0.10989650840273847 0.046938165391178094 0.08926154213969159
0 0.034545454545454546 0.9741379310344828 0.05818181818181818 0.05172413793103448
0 0.01575757575757576 0.9832974137931034 0.024242424242424242 0.0334051724137931
0 0.4678787878787879 0.927801724137931 0.04363636363636364 0.1206896551724138
0 0.4191058210752803 0.7976801571223483 0.04883391827350572 0.11321340249175316
0 0.2901363554781505 0.7248328649432844 0.04701573645532397 0.11296843869141573
0 0.2592607611649408 0.7309055493030677 0.04030675829912311 0.09913920360742046
0 0.32878712600230625 0.8732960702676089 0.07983821003404873 0.146472614683694
0 0.27359682531871804 0.8540120533815158 0.05367887716452942 0.11278905308575596
0 0.23455527963226558 0.8638315385708156 0.04890091146526836 0.1336875404227874
0 0.2306703359948884 0.7873717833839342 0.05601849660970346 0.08725360252068834
0 0.1881015293147374 0.7374749268933055 0.05978532067213096 0.12761421977653536
0 0.1426240651366942 0.7243465215400456 0.051307524102204835 0.1286262277887545
0 0.10118295872822759 0.7413824917771717 0.051821909814274626 0.10069064100955659
0 0.06092223991473151 0.7488834953524537 0.04334411324434851 0.10170264902177573
0 0.10849291059292893 0.846308588643982 0.06272042285098195 0.09892766519089063
0 0.15424242424242424 0.9504310344827587 0.07090909090909091 0.09913793103448276
0 0.10333807152258417 0.9371685248291769 0.06335116515927088 0.10655242323927894
0 0.051278563656942805 0.9490039878401976 0.06630389712542782 0.08325379968811697
0 0.049703268826319535 0.8378492993296278 0.047082729647086506 0.1334425766224502
0 0.04275079756666526 0.6570350294767233 0.03905232559746768 0.08604485992443696
0 0.08217294462029413 0.6709632681392036 0.037840204385346465 0.0858815507242121
0 0.08212121212121212 0.5948275862068966 0.06121212121212121 0.09051724137931035
0 0.017891734845796863 0.650454432251424 0.03418973691913808 0.08108127829595127
0 0.01112301745138744 0.7109378181432345 0.02032086212896784 0.10075494663129643
0 0.4569471823234625 0.6062057414708669 0.0637985576795781 0.05814269852904654
0 0.24562948442613733 0.6380531136178358 0.04936240781542038 0.08958816054014133
0 0.2139117923955993 0.6644774540084848 0.045768355668590936 0.10202926742222547
0 0.3096550622846987 0.5804369495056154 0.06924605121920126 0.056722417516265354
0 0.7318181818181818 0.9574353448275862 0.07818181818181819 0.08512931034482758
0 0.6206021859402902 0.843003719720212 0.06666001882900756 0.1920900065846687
0 0.5060606060606061 0.7192887931034483 0.03272727272727273 0.17564655172413793
0 0.7376756966164604 0.7979202641523122 0.09150497772003126 0.19436025898238196
0 0.6098971964866847 0.7187707639320939 0.09798476864125502 0.13814639061810127
0 0.5860034379556546 0.6369224414242609 0.1277416796150649 0.16046643154085172
0 0.8952882747069288 0.7378335288609107 0.07197705194256686 0.1507990359167151
0 0.9760606060606061 0.9234913793103449 0.04787878787878788 0.15301724137931033
0 0.785945259657545 0.6460882870475698 0.04713914496646546 0.15068395593279504
0 0.7363636363636363 0.6373922413793104 0.07151515151515152 0.17564655172413793
0 0.6986143540867081 0.6165498522175866 0.08216725160683905 0.1177044054979367
0 0.65 0.5716594827586207 0.10242424242424242 0.04418103448275862
0 0.5457575757575758 0.578125 0.05515151515151515 0.057112068965517244
0 0.8506060606060606 0.6206896551724138 0.0696969696969697 0.14224137931034483
0 0.8721212121212121 0.5980603448275862 0.06545454545454546 0.09698275862068965
0 0.960584152075721 0.6981608463627084 0.07188537704857591 0.12278179453740475
0 0.906969696969697 0.5845905172413793 0.051515151515151514 0.07004310344827586