0 0.26774595267745954 0.13026607538802662 0.023661270236612703 0.08314855875831485
0 0.2100744078189695 0.1531785631329568 0.036812313295578505 0.07789537536399009
0 0.1536140414715582 0.13129175263151718 0.05337861761134508 0.09398664759704954
0 0.12542182646300695 0.16927685432654022 0.050162930367450835 0.06601217590095199
0 0.06818181818181818 0.30598669623059865 0.059153175591531756 0.026607538802660754
0 0.03922789539227895 0.28991130820399114 0.04234122042341221 0.058758314855875834
0 0.016811955168119553 0.2893569844789357 0.033623910336239106 0.0598669623059867
0 0.09155393593293834 0.025901240887189682 0.05857487062054668 0.031504027909876345
0 0.12538767496163264 0.025540113977116616 0.04654122788092406 0.022516639903302417
0 0.19590236398438515 0.07431410008898263 0.05156862477018398 0.09601022841477681
0 0.39663760896637607 0.3048780487804878 0.0660024906600249 0.028824833702882482
0 0.4859900373599004 0.3004434589800443 0.06164383561643835 0.037694013303769404
0 0.5158779576587795 0.28104212860310424 0.06787048567870485 0.07649667405764966
0 0.4315068493150685 0.28824833702882485 0.07347447073474471 0.06208425720620843
0 0.3679950186799502 0.2976718403547672 0.05977584059775841 0.043237250554323724
0 0.387920298879203 0.2633037694013304 0.08343711083437111 0.11197339246119734
0 0.39293157071124074 0.21856733962683478 0.07582355892426376 0.09741986403709318
0 0.3197384806973848 0.029379157427937917 0.05292652552926526 0.058758314855875834
0 0.28922789539227894 0.024390243902439025 0.019302615193026153 0.04878048780487805
0 0.33689510761357094 0.1060620093400459 0.04972963084026346 0.09692516178239328
0 0.28922789539227894 0.05376940133037694 0.019302615193026153 0.06984478935698447
0 0.4268684842091169 0.06784987334708868 0.05408828588385001 0.09737716130821364
0 0.5912204234122043 0.033813747228381374 0.08032378580323786 0.06762749445676275
0 0.5155666251556662 0.027161862527716185 0.06351183063511831 0.05432372505543237
0 0.5099209014163735 0.04992718257626023 0.0480782855851772 0.08127495475917822
0 0.4676214196762142 0.03436807095343681 0.052303860523038606 0.06873614190687362
0 0.6563111888718726 0.2337181889877416 0.07898124399063873 0.12317704083296889
0 0.7120021679650547 0.2024544932446912 0.0718999202120696 0.1135975762629358
0 0.7294520547945206 0.2621951219512195 0.06662515566625156 0.11419068736141907
0 0.9694741480397745 0.22915475094850285 0.05935961682125832 0.10898020669597391
0 0.8216064757160647 0.04656319290465632 0.05417185554171856 0.09312638580931264
0 0.8542963885429639 0.014966740576496674 0.057285180572851806 0.02993348115299335
0 0.899401296419553 0.18540196404255146 0.06247294185239157 0.10930306350013123
0 0.8544806959007508 0.12988418607924893 0.050945959763957334 0.09594565705394532
0 0.8822182897665961 0.13386625908636016 0.047035963194040305 0.0889063441882913
0 0.9144663651909642 0.13223505632409754 0.041244329463166335 0.10489034233163962
0 0.019302615193026153 0.802660753880266 0.038605230386052306 0.1662971175166297
0 0.013387297633872976 0.6934589800443459 0.026774595267745952 0.12527716186252771
0 0.06726413031242551 0.72226460315106 0.06424029146251568 0.12938786032378982
0 0.04364378650264457 0.6501598161649741 0.07475223544436745 0.10394260601609548
0 0.03455790784557908 0.5914634146341463 0.06911581569115816 0.0942350332594235
0 0.1815632269797451 0.6406910237725919 0.06600764107263979 0.1494726571474483
0 0.19500595158482964 0.5729825564810338 0.04148998031551931 0.0905424968410299
0 0.21475040418038668 0.580005467872724 0.05934597467898104 0.13219723178747067
0 0.24651314056908463 0.5716900947293805 0.0616762703136078 0.10258660743863465
0 0.2574719800747198 0.6108647450110865 0.04420921544209216 0.1130820399113082
0 0.05278924570439016 0.4775227364358606 0.05812964575528717 0.13317673651591858
0 0.0161892901618929 0.5127494456762749 0.0323785803237858 0.13636363636363635
0 0.00933997509339975 0.43237250554323725 0.0186799501867995 0.09977827050997783
0 0.6551725592283737 0.8604581062499292 0.07343526111211801 0.12481319348570723
0 0.6309764395082341 0.6832578112662213 0.08568555361533446 0.11834408855156073
0 0.5473602178743724 0.7271045743929921 0.08393527975589737 0.17012766190261416
0 0.4921613988879992 0.7534439279713752 0.07200228242483031 0.14124919115487602
0 0.6169476843132423 0.5623938878396972 0.08121089421670993 0.11345749922529705
0 0.667745205024992 0.5577109123768799 0.06111332428910515 0.15228202861112902
0 0.6996802311420418 0.5085047263010972 0.047818992590546804 0.11883982534128465
0 0.7258347366098687 0.5825307699056752 0.08583055905913188 0.12388732580211506
0 0.7597785173245647 0.6219840941583461 0.07984955984921864 0.10889376670319055
0 0.7722122126377843 0.6818724078287726 0.08008156855929462 0.11776294630407746
0 0.7839020881771243 0.5946334674386113 0.0519012788888158 0.0849883252744996
0 0.8287552902409616 0.5882284165977841 0.07068530809258088 0.16211977862448804
0 0.8677281385034412 0.5469387239168684 0.061662628171330516 0.1258036325301313
0 0.8567300432294979 0.7437077621050949 0.07998092315073878 0.13765402904524165
0 0.8431824273510264 0.914229871133222 0.07549262160983695 0.15598446481047473
0 0.8729763387297634 0.9545454545454546 0.08094645080946451 0.09090909090909091
0 0.9084682440846824 0.9307095343680709 0.08468244084682441 0.1385809312638581
0 0.9654420921544209 0.934589800443459 0.06911581569115816 0.13082039911308205
0 0.9487079285578589 0.8770776954359959 0.07333289889935703 0.09716157859376726
0 0.9116721444275481 0.8262473255584749 0.08021293186081475 0.14652320864612856
0 0.9141960514060452 0.7446916994565068 0.06801892473091228 0.10766691084739265
0 0.9588701426703918 0.790785974093867 0.06693395910873855 0.13740667791789182
0 0.9704234122042341 0.7305986696230599 0.059153175591531756 0.1574279379157428
0 0.942503412367532 0.6873698387453752 0.057680987281617364 0.1397640498557523
0 0.8978455384517701 0.6893725854661747 0.08455622795791916 0.12264953563034116
0 0.8810676886393437 0.6295865959949832 0.06887359844721491 0.1166006618091112
0 0.9010714342295314 0.599044636804567 0.06602128321491707 0.12625563205595153
0 0.9226608434240452 0.5697727534663402 0.06159098385153439 0.14680336272140634
0 0.9838107098381071 0.708980044345898 0.0323785803237858 0.15631929046563192
0 0.9903486924034869 0.5005543237250555 0.019302615193026153 0.10310421286031042
0 0.9726027397260274 0.552660753880266 0.0547945205479452 0.1385809312638581
0 0.9128875226577767 0.3979378658571441 0.07172591367951277 0.10694569156227061
0 0.8542785466815368 0.42447640067600945 0.07152290605819621 0.09918515941149457
0 0.7742839352428393 0.35365853658536583 0.050435865504358655 0.06873614190687362
0 0.42403486924034867 0.9429046563192904 0.0784557907845579 0.11419068736141907
0 0.42185554171855544 0.975609756097561 0.08779576587795766 0.04878048780487805
0 0.37048567870485677 0.9811529933481153 0.0784557907845579 0.037694013303769404
0 0.33374844333748444 0.9933481152993349 0.06351183063511831 0.013303769401330377
0 0.30417185554171855 0.9944567627494457 0.04919053549190536 0.011086474501108648
0 0.32378580323785805 0.9412416851441242 0.06973848069738481 0.11751662971175167
0 0.34676916607975766 0.9401458182953929 0.07602656654558025 0.10518039618786912
0 0.34345793769424166 0.872911219161607 0.06567327014980318 0.11295186265462116
0 0.3808681607721185 0.8668399594409129 0.06628229301375255 0.13623345910694956
0 0.4035357145176673 0.8194368215779355 0.07624493311337895 0.1372666008802528
0 0.40351692196277505 0.7000257537701196 0.055580983552861576 0.13070115617237096
0 0.34587266138883954 0.7753124907134471 0.08785891846809153 0.15394994967677145
0 0.28704856787048566 0.8930155210643016 0.014943960149439602 0.12971175166297116
0 0.42458259475541293 0.6032555186967928 0.06787391928711481 0.10212367359683831
0 0.4311580701392146 0.4391970474448247 0.05715896768394648 0.11980839575375675
0 0.4000324993011232 0.44813131567405506 0.05214864654537379 0.11818317741699413
0 0.5186501829873001 0.46043215991244957 0.04658730472037078 0.0954936575281251
0 0.4802846407845649 0.47746075141258926 0.04958462539646604 0.09138192453183897
0 0.4508249157459394 0.5025995503900902 0.055521264571137575 0.08094116363904497
0 0.5446195688409188 0.42055808727935007 0.0753749004505941 0.10400717737692686
0 0.5669792236917642 0.46820805900216544 0.0693068979744023 0.08568767592766977
0 0.6117948867914983 0.4247601756238714 0.06761290948827947 0.09214584654584053
0 0.6622077138761336 0.3935019470388089 0.060488942478673494 0.10467475961719348
0 0.3953922789539228 0.34977827050997784 0.0759651307596513 0.06097560975609756
0 0.363013698630137 0.36585365853658536 0.0547945205479452 0.09312638580931264
0 0.32471980074719803 0.3625277161862528 0.051681195516811954 0.08647450110864745
0 0.3089545522720903 0.5746801051913084 0.05699860329366685 0.08993948596159479
0 0.29047322540473225 0.5720620842572062 0.021793275217932753 0.1197339246119734
0 0.2851805728518057 0.48226164079822614 0.0112079701120797 0.13082039911308205
0 0.3013698630136986 0.48226164079822614 0.043586550435865505 0.13082039911308205
0 0.33383811410143294 0.5407744508121558 0.05636229614516292 0.11309193969226004
0 0.3339080416170242 0.47223202298777656 0.059620626620093584 0.1189580337469717