0 0.09815789473684211 0.5529026217228464 0.07631578947368421 0.09269662921348315
0 0.0701162073378014 0.48101021930058635 0.03736483894805899 0.09431651760001451
0 0.01263157894736842 0.46441947565543074 0.02526315789473684 0.10112359550561797
0 0.15520511285383762 0.4257468799117673 0.050725572546580104 0.12706738376251064
0 0.01945448902645048 0.1725254036701529 0.03145830930230515 0.06584510488873724
0 0.3157894736842105 0.5613295880149812 0.06315789473684211 0.07584269662921349
0 0.015263157894736841 0.39185393258426965 0.030526315789473683 0.06273408239700375
0 0.10115809260303117 0.20752248825707262 0.052972919495624576 0.06460036891508632
0 0.20793496516494422 0.19509820854547236 0.041586983652508645 0.07218798005140004
0 0.16309670362884163 0.20779192469323204 0.03714055436134626 0.06158313452657294
0 0.18875392085827625 0.12336646541457888 0.03549726981782346 0.05865968824127968
0 0.11856180485911433 0.14969737567815364 0.049600567508443515 0.05500815799243987
0 0.14220982865583545 0.18752015639607972 0.037076217186244514 0.058774145762528
0 0.22033690981994164 0.36716108607777265 0.03487355273955413 0.07730997498741375
0 0.044297687681940645 0.42286558990492423 0.05648556422166908 0.05737679976054588
0 0.28913996736008707 0.3899684029314431 0.06891251325507232 0.07229925124367471
0 0.2635095455613445 0.33512000334737474 0.04059868924866303 0.07492066380127943
0 0.34360157369328137 0.221814564210641 0.04882673035493673 0.06710413762246907
0 0.24991869473058004 0.11138731219237796 0.0337994754355728 0.07629734038523317
0 0.23718390530008587 0.08045187644528766 0.037302292825243534 0.045703684037401035
0 0.1886842105263158 0.009831460674157303 0.04052631578947368 0.019662921348314606
0 0.16545752443485692 0.15075212483848371 0.0484835987543944 0.052122864214229375
0 0.10677420943468423 0.1694763477122034 0.03925743590790106 0.03930198694962731
0 0.006578947368421052 0.17883895131086142 0.013157894736842105 0.05056179775280899
0 0.8339473684210527 0.572565543071161 0.06263157894736843 0.05337078651685393
0 0.7432137830415856 0.4648858804037488 0.04053256102127498 0.11791551983580302
0 0.62731841229582 0.3575378710280839 0.04287551820682893 0.08256391053373037
0 0.6098409715657326 0.3150040314075273 0.028848176079970807 0.06659067194133834
0 0.5194107255014402 0.43084265021419926 0.05439995573652212 0.10396436411879831
0 0.43698467199418006 0.46191403034295986 0.050758636660274005 0.10556995574524897
0 0.6905455578759506 0.34758398701024396 0.0589223405914462 0.09494444080239356
0 0.7272536156320463 0.21800327555342963 0.05107049519940885 0.09624481237218181
0 0.6000929471092806 0.16517381423607574 0.04636671720783948 0.074404011791175
0 0.6210562136835198 0.07853232321764764 0.044670713877875114 0.04623781913655997
0 0.8710218180062115 0.1787171368080694 0.029922253383952012 0.06760330654351888
0 0.5605236526622449 0.18950408676438438 0.04541148691768788 0.055639267523792606
0 0.546578947368421 0.018258426966292134 0.026842105263157896 0.03651685393258427
0 0.5726994982270427 0.0722133038019868 0.034337409613706675 0.053901735287039225
0 0.5029510377331194 0.04464803399407592 0.03402555107457195 0.06322687866010623
0 0.46797829265248336 0.05242959399477715 0.04206058065554065 0.046983386189161085
0 0.5175735104552686 0.1427790265802755 0.04648556422166908 0.05665190212597314
0 0.4663877503466028 0.30601196760949184 0.039900807658918055 0.0673918745900767
0 0.4548972724567467 0.3703619763419602 0.034766324114384586 0.07262832704733885
0 0.058846431930085506 0.846694551473839 0.054733260000690565 0.09557555033374636
0 0.1131923373165516 0.8792395408984467 0.04223035540352564 0.10027786769184947
0 0.1536592295991106 0.8732630766041372 0.05274684385662543 0.07767083064021328
0 0.18822896008361759 0.7219560220875643 0.049245817519240995 0.062460642189476945
0 0.2326315789473684 0.6109550561797753 0.031578947368421054 0.023408239700374533
0 0.2789473684210526 0.9625468164794008 0.05368421052631579 0.0749063670411985
0 0.38263157894736843 0.9653558052434457 0.014736842105263158 0.06928838951310862
0 0.38105263157894737 0.901685393258427 0.017894736842105262 0.0599250936329588
0 0.2901099386547995 0.762167296549231 0.036709848808382045 0.08866038756484185
0 0.235614372681768 0.8857691748251559 0.05215619089205 0.07482368936908568
0 0.23811548622664674 0.84562146006176 0.04549726981782346 0.05938458587585269
0 0.20624121237593798 0.8447177277652742 0.03127512511337404 0.08078822578989417
0 0.1827821819624782 0.8331694042723917 0.0329184096568966 0.08371167207518754
0 0.016578947368421054 0.7626404494382022 0.03315789473684211 0.11142322097378277
0 0.32052631578947366 0.9536516853932584 0.03684210526315789 0.09269662921348315
0 0.33224156120591497 0.7525599714241099 0.03167276655264423 0.07520840076888705
0 0.3313636180431396 0.6873133787751962 0.04536859546761997 0.05376660834776259
0 0.375 0.6601123595505618 0.03 0.052434456928838954
0 0.4566263633516056 0.7905394493823358 0.0671289359726862 0.08619158503556812
0 0.6094736842105263 0.6526217228464419 0.06210526315789474 0.10674157303370786
0 0.6378947368421053 0.6245318352059925 0.034736842105263156 0.05056179775280899
0 0.7898811998885716 0.6838621700486913 0.039534439281055475 0.09727811639239055
0 0.849988428513741 0.6835299079160535 0.04275667119299932 0.10031602019893235
0 0.76 0.6226591760299626 0.04 0.04681647940074907
0 0.9566098312947585 0.8159974645952646 0.03539004119265404 0.053978040301204774
0 0.9270557138897549 0.6792687132759823 0.04179161356647383 0.05818118873825798
0 0.87 0.6254681647940075 0.034736842105263156 0.052434456928838954
0 0.9227848685409077 0.6470710584661865 0.04791439151485304 0.050212052531116644
0 0.9202631578947369 0.6147003745318352 0.04263157894736842 0.03089887640449438
0 0.9721106832171547 0.8527607166594001 0.03503529120345152 0.06143052449824174