0 0.15899199008572965 0.11801722750558134 0.05415560603877407 0.10418960344411338
0 0.29441260744985676 0.04770992366412214 0.07020057306590258 0.09541984732824428
0 0.37782093411902806 0.134700369007387 0.04192916898971961 0.12361270294009384
0 0.32854675644270964 0.1867271225787269 0.06144409465081575 0.10852480544874982
0 0.37936783196831075 0.23661114151872414 0.03548924259502771 0.10156947772315322
0 0.07808022922636103 0.023536895674300253 0.05873925501432665 0.047073791348600506
0 0.04154727793696275 0.037531806615776084 0.0659025787965616 0.07506361323155217
0 0.04058853962917528 0.12020963819022232 0.06831536716350195 0.10013736114295341
0 0.06899370071119662 0.36237085191721247 0.056311668182764285 0.08276846796098056
0 0.11231548396238414 0.15072672796109451 0.04788256608382445 0.08723543675134592
0 0.4156324568518055 0.3462116721431762 0.05841894370749914 0.08165172576338936
0 0.46454154727793695 0.4020356234096692 0.06375358166189111 0.05343511450381679
0 0.5340257879656161 0.30470737913486007 0.030802292263610316 0.07760814249363868
0 0.541189111747851 0.3575063613231552 0.0164756446991404 0.058524173027989825
0 0.535458452722063 0.3994910941475827 0.027936962750716332 0.058524173027989825
0 0.5001388166772103 0.33945832411187793 0.04290996104619537 0.08814481570433456
0 0.6729942693409742 0.05916030534351145 0.07521489971346705 0.1183206106870229
0 0.7497515317300902 0.20700343070084065 0.10290086435858768 0.1305637011499855
0 0.5752148997134671 0.11704834605597965 0.05157593123209169 0.10178117048346055
0 0.5873925501432665 0.18893129770992367 0.07593123209169055 0.09796437659033079
0 0.5626790830945558 0.21628498727735368 0.02650429799426934 0.11959287531806616
0 0.6077713609840725 0.2784921360321975 0.07601400686557891 0.138771867374607
0 0.6431113796626573 0.31610603338040427 0.046185441649124956 0.12265148317595442
0 0.6780518447651862 0.2867964355709634 0.05203420049539976 0.14845966147487416
0 0.746885867994205 0.2728879448776229 0.1046814320131582 0.09769218398746353
0 0.760582824681991 0.32928447989058374 0.09267066802310096 0.1018999487220754
0 0.7353151862464183 0.4153944020356234 0.07664756446991404 0.026717557251908396
0 0.8137535816618912 0.40521628498727735 0.04727793696275072 0.047073791348600506
0 0.8567335243553008 0.4033078880407125 0.050143266475644696 0.05089058524173028
0 0.8800143266475645 0.39185750636132316 0.058022922636103154 0.0737913486005089
0 0.9383954154727794 0.41030534351145037 0.04727793696275072 0.03689567430025445
0 0.9745702005730659 0.3975826972010178 0.0508595988538682 0.062340966921119595
0 0.9444842406876791 0.008905852417302799 0.06375358166189111 0.017811704834605598
0 0.8900429799426934 0.09223918575063614 0.0651862464183381 0.18447837150127228
0 0.9863896848137536 0.041348600508905854 0.027220630372492838 0.08269720101781171
0 0.912493741261636 0.363563303950983 0.051679901033939074 0.07227930604573067
0 0.11440323557411651 0.5320184219136943 0.07677206085373804 0.14009597281680083
0 0.21798610993330314 0.559592463272841 0.06565158069096591 0.12786797897015179
0 0.1767821997208302 0.7372882908561348 0.08769806298547196 0.10280932767506419
0 0.1865425266100555 0.8488069314931609 0.0665001429083157 0.1101599557578474
0 0.026146131805157593 0.9446564885496184 0.052292263610315186 0.09541984732824428
0 0.535458452722063 0.9783715012722646 0.027936962750716332 0.043256997455470736
0 0.5116287289890562 0.8322945791070792 0.06076948388252773 0.10974522926864229
0 0.4484111316929898 0.7437738891775759 0.04201967721891011 0.10458057428559563
0 0.48705489101178273 0.7288620509749546 0.053606160100292774 0.1092268211571359
0 0.5422636103151862 0.666030534351145 0.014326647564469915 0.1005089058524173
0 0.521098341500698 0.6721987635980837 0.052855171121453375 0.08632605779835713
0 0.4552292263610315 0.48091603053435117 0.11962750716332378 0.10432569974554708
0 0.5049292123127369 0.5732591246618998 0.06433701575500575 0.15315774915756494
0 0.30415746742847743 0.6802470211848958 0.06400324287552168 0.14297963210921888
0 0.25480337903694783 0.7188890757247061 0.06949063725101608 0.11418411289557986
0 0.36926934097421205 0.9745547073791349 0.04512893982808023 0.05089058524173028
0 0.3052864807324225 0.9007894492501596 0.05288982772206927 0.10917498034598512
0 0.49534383954154726 0.977735368956743 0.0508595988538682 0.044529262086514
0 0.4477077363896848 0.9720101781170484 0.055873925501432664 0.05597964376590331
0 0.46044695743865727 0.5962451975455612 0.06649307789899613 0.13173661367443226
0 0.7668338108882522 0.4484732824427481 0.1167621776504298 0.039440203562340966
0 0.9179799426934098 0.46564885496183206 0.10959885386819485 0.0737913486005089
0 0.9512893982808023 0.5248091603053435 0.09742120343839542 0.15648854961832062
0 0.9670487106017192 0.678117048346056 0.0659025787965616 0.178117048346056
0 0.9167500139210415 0.7287745200035667 0.0921764052672117 0.19578832736352322
0 0.8970784651111914 0.7748330860190249 0.08744066831653895 0.11675239780538939
0 0.8928915056530177 0.8223216038568305 0.09284461947216273 0.08541234932966385
0 0.8140779499711165 0.7508706400662577 0.1059677369118396 0.15870904546638923
0 0.7726526385822918 0.7028572198433886 0.09235742172559303 0.1577240700545268
0 0.7367111890643018 0.6359553155756115 0.08088197365537796 0.2000479329092859
0 0.6906919654089363 0.655864408503966 0.09474968351055708 0.18708983819082298
0 0.6416225290546441 0.7907698059321449 0.09311547571375214 0.1590481754967207
0 0.8377507163323782 0.9891857506361323 0.08237822349570201 0.021628498727735368
0 0.8135483621686289 0.9536791245136421 0.0751031964563172 0.08920538757507047
0 0.7396131805157593 0.9713740458015268 0.08810888252148998 0.05725190839694656
0 0.7405139179087796 0.927082510258201 0.0706383157472342 0.08380528418399362
0 0.6726361031518625 0.9491094147582697 0.07449856733524356 0.10178117048346055
0 0.6185530085959885 0.9497455470737913 0.062320916905444126 0.1005089058524173
0 0.9767191977077364 0.9770992366412213 0.04656160458452722 0.04580152671755725
0 0.9493386019565767 0.9342873856621942 0.0649005917121265 0.10496721561137325