0 0.16944801026957637 0.03767123287671233 0.08985879332477535 0.07534246575342465
0 0.23398919424517073 0.1634567460968938 0.09803941464721609 0.17624846034705016
0 0.11579989254858039 0.25407655228881787 0.07662688726753598 0.1397642115663754
0 0.18696665855536768 0.2384032987106497 0.07977638121634689 0.13079787040335322
0 0.014120667522464698 0.3658675799086758 0.028241335044929396 0.12214611872146118
0 0.018613607188703467 0.4309360730593607 0.037227214377406934 0.05593607305936073
0 0.12933247753530167 0.3926940639269406 0.06867779204107831 0.1324200913242009
0 0.15285600401695204 0.3732044266090505 0.06244647107514022 0.1299010441905222
0 0.11649550706033376 0.4126712328767123 0.07252888318356868 0.09246575342465753
0 0.6880616174582799 0.4275114155251142 0.023106546854942234 0.06278538812785388
0 0.502308916571117 0.3499814450155895 0.0703577737048798 0.16226310393808183
0 0.4855584082156611 0.4200913242009132 0.06739409499358151 0.0776255707762557
0 0.3465982028241335 0.4126712328767123 0.06546854942233633 0.09246575342465753
0 0.28820388810670816 0.353638818209134 0.08149280644283308 0.09893404744069982
0 0.25706033376123233 0.41837899543379 0.06354300385109114 0.08105022831050228
0 0.22298531140070282 0.34616547159521777 0.09017292351992479 0.1507357156679837
0 0.057766367137355584 0.4332191780821918 0.06033376123234917 0.05136986301369863
0 0.48754923546075246 0.15490272080669543 0.06508108242380622 0.14030787993590366
0 0.5612311154763436 0.131105736505977 0.07325333580648337 0.1144839773869318
0 0.5905006418485238 0.0684931506849315 0.07317073170731707 0.136986301369863
0 0.5311296534017972 0.037100456621004564 0.06482670089858793 0.07420091324200913
0 0.5673940949935815 0.023401826484018264 0.07573812580231065 0.04680365296803653
0 0.6793966623876765 0.1952054794520548 0.04043645699614891 0.11643835616438356
0 0.6153893452818096 0.21451943301520518 0.05590101991405255 0.11016249363985421
0 0.5288480890400263 0.23555607549488516 0.06496158508394409 0.12204303975325526
0 0.5602094933768121 0.3184366036279345 0.08036594965390557 0.12284021860910499
0 0.6026571598182267 0.28026884977192845 0.051990180101631034 0.10083077883456767
0 0.5740535984618399 0.22636504753733336 0.06309578818263004 0.13107581248759817
0 0.7284980744544287 0.10331050228310502 0.057766367137355584 0.1449771689497717
0 0.8215661103979461 0.06278538812785388 0.0693196405648267 0.12557077625570776
0 0.7342747111681643 0.2026255707762557 0.0693196405648267 0.11529680365296803
0 0.772785622593068 0.4195205479452055 0.04621309370988447 0.07876712328767123
0 0.831193838254172 0.4332191780821918 0.07060333761232349 0.05136986301369863
0 0.8369704749679076 0.4497716894977169 0.07573812580231065 0.0182648401826484
0 0.8226102262199253 0.1583825545959448 0.05264696579286229 0.10314709964305915
0 0.8578341494138191 0.29187948266585295 0.06801398744411678 0.09823651594183139
0 0.8885198717610148 0.320552874399495 0.07762677813285986 0.09645164770390631
0 0.9417662598330145 0.11738706686493579 0.07835078107776368 0.10904194111513751
0 0.932191486579995 0.2731862688808438 0.03779482674175248 0.08868450643588342
0 0.9608618155120431 0.23915731195078319 0.060849093510505006 0.08188940713974928
0 0.977214377406932 0.4195205479452055 0.045571245186136075 0.07876712328767123
0 0.9528839701456476 0.34462855610742693 0.03775748382304563 0.0829767438788058
0 0.9945442875481386 0.3367579908675799 0.010911424903722721 0.0730593607305936
0 0.20554224830834758 0.6264271131410785 0.11349605930336737 0.18503650678280856
0 0.27439024390243905 0.557648401826484 0.13286264441591783 0.19748858447488585
0 0.38061617458279845 0.5388127853881278 0.10012836970474968 0.1598173515981735
0 0.4352901863444314 0.5602955096895854 0.10635357112097966 0.1721140555149733
0 0.34157679242430045 0.6136776040239947 0.1070551683146592 0.18127969139195793
0 0.3941266666285247 0.6966035637416663 0.12496717830968312 0.17307731329912507
0 0.48258599985781175 0.6743257213935895 0.07880636468598852 0.17867664431148456
0 0.5338963139999708 0.6168573300999817 0.09755440638203683 0.20018784730111575
0 0.6819640564826701 0.632420091324201 0.03530166880616174 0.14840182648401826
0 0.6546854942233633 0.4817351598173516 0.08985879332477535 0.045662100456621
0 0.670410783055199 0.502283105022831 0.05840821566110398 0.0867579908675799
0 0.6912708600770219 0.7545662100456622 0.01668806161745828 0.1506849315068493
0 0.6729781771501926 0.7408675799086758 0.05327342747111682 0.18036529680365296
0 0.6366338295273084 0.7651314408581953 0.08591897853341043 0.1870328855336577
0 0.5937198262800681 0.8301588945181267 0.06175981104894339 0.12301851333636875
0 0.5499807693684099 0.8181481615503402 0.0694395875827 0.11999244523004697
0 0.5216869293982852 0.7625154226557916 0.1018232885360339 0.16617378245827277
0 0.464458075451304 0.7985932583034483 0.08391127854100996 0.17437616055110564
0 0.4065687015212212 0.8318504284582264 0.07428355068478404 0.17387792376619968
0 0.36297924112339625 0.8917741116024483 0.0936659723208396 0.19428079003007567
0 0.3485237483953787 0.9372146118721462 0.0834403080872914 0.12557077625570776
0 0.3485237483953787 0.9651826484018264 0.08600770218228498 0.06963470319634703
0 0.2734274711168164 0.928082191780822 0.10269576379974327 0.14383561643835616
0 0.23372144942550846 0.9098826175271754 0.0908894578810871 0.16218445656779937
0 0.1971209215653616 0.8603894464032897 0.08404571304835504 0.1949241057565851
0 0.15815861050211488 0.8915251983696704 0.09554670638963644 0.1875311223185637
0 0.1241976893453145 0.9714611872146118 0.09178433889602054 0.05707762557077625
0 0.02374839537869063 0.9389269406392694 0.04749679075738126 0.12214611872146118
0 0.49354313562000496 0.8770238316406469 0.07268617312014897 0.12586628671542677
0 0.5051347881899871 0.9492009132420092 0.07445442875481387 0.10159817351598173
0 0.5512462446345643 0.9134345804678762 0.050758763140324105 0.10875521484315548
0 0.6055758021880709 0.9248972529722659 0.10934622481122151 0.1391751116122251
0 0.6187419768934531 0.9600456621004566 0.06675224646983312 0.07990867579908675
0 0.6408857509627728 0.9594748858447488 0.05969191270860077 0.08105022831050228
0 0.6716944801026957 0.96175799086758 0.0558408215661104 0.07648401826484018
0 0.7464698331193839 0.4960045662100457 0.09370988446726572 0.07420091324200913
0 0.7069961489088575 0.9058219178082192 0.014762516046213094 0.10616438356164383
0 0.7060333761232349 0.7871004566210046 0.012836970474967908 0.12899543378995434
0 0.9874839537869063 0.5639269406392694 0.02503209242618742 0.11643835616438356
0 0.958375001965166 0.6442711982667844 0.057423711641273904 0.14675860557647188
0 0.9147068965990509 0.6431052141574455 0.06969351942990727 0.15880523061817484
0 0.9111738947825863 0.8391305882576611 0.0513632687453655 0.1030806680717383
0 0.7994887421975004 0.8934427245905618 0.05266190296034515 0.1054302046658902
0 0.9929396662387676 0.9594748858447488 0.014120667522464698 0.08105022831050228
0 0.9868421052631579 0.759703196347032 0.02631578947368421 0.09931506849315068
0 0.9543899259933418 0.722129279542663 0.06550634201905434 0.10723607289051386
0 0.9865211810012837 0.6409817351598174 0.026957637997432605 0.10844748858447488
0 0.9625068395149751 0.8341902203819975 0.05201258585285532 0.10425543636881425