0 0.11374813247112864 0.4938517252657607 0.05355940209133434 0.09026343994096969
0 0.06889917825540845 0.439988810128556 0.0544345189006949 0.07106666946205029
0 0.16645726787461462 0.40383415678705964 0.043062254312192016 0.08595301866991899
0 0.04168017371722139 0.5593026021430437 0.04877898116314432 0.06547661636589165
0 0.022404371584699455 0.5334951456310679 0.04480874316939891 0.06893203883495146
0 0.01448087431693989 0.47135922330097085 0.02896174863387978 0.0941747572815534
0 0.0836432782476913 0.19796926348252808 0.045079967539440165 0.05435559421693445
0 0.09335509321390117 0.16755617587866128 0.045079967539440165 0.05435559421693445
0 0.1836660014026113 0.09919325091773068 0.038320044756648686 0.062137068881248717
0 0.20245901639344263 0.031067961165048542 0.03224043715846994 0.062135922330097085
0 0.13173232773660248 0.043888509473966594 0.037162214706869416 0.04652951988231241
0 0.07275989010181498 0.04180514742812576 0.02583965036139074 0.04886807828329198
0 0.04872766312519798 0.05223393853211953 0.0366807004943536 0.06191636363201272
0 0.025704292762205056 0.07890285236107739 0.0380640540184991 0.04182228778309754
0 0.007923497267759563 0.26310679611650484 0.015846994535519125 0.06990291262135923
0 0.5351335217809137 0.22068877672788748 0.05642925438718809 0.06650657419565938
0 0.5096532619910702 0.3656131292710369 0.04260371784043134 0.07430253323302578
0 0.3774855028163795 0.38783610299129306 0.03527062446793892 0.06752090110122344
0 0.34289106689278664 0.3456019467314036 0.04112870793910066 0.06444665853612415
0 0.3005661902383425 0.3462478582793319 0.04049434823599795 0.0759500071401934
0 0.5120302384969481 0.4308383518148612 0.056188497280930186 0.07419999607050953
0 0.5196405552605055 0.5236086402736367 0.035373769715501546 0.0839521870537435
0 0.5237704918032787 0.5854368932038835 0.040983606557377046 0.06796116504854369
0 0.4994535519125683 0.6024271844660194 0.04262295081967213 0.03398058252427184
0 0.5967213114754099 0.6077669902912621 0.040437158469945354 0.02330097087378641
0 0.5677595628415301 0.595631067961165 0.04480874316939891 0.04757281553398058
0 0.5912568306010929 0.5752427184466019 0.04262295081967213 0.0883495145631068
0 0.5839762009028042 0.5220219702365565 0.03885500397370274 0.07572930189095746
0 0.5528668712918445 0.5168576967146661 0.036493388392634184 0.09858886226627199
0 0.6368852459016393 0.579611650485437 0.0453551912568306 0.07961165048543689
0 0.12975907948885973 0.2964115621915519 0.025499492769084364 0.08165708177192009
0 0.12351688261755618 0.2526263735516365 0.03566422706478372 0.06371097437200435
0 0.2518975892599542 0.1591322293198735 0.04760966224298748 0.06338773196025227
0 0.2430551466679161 0.20235059718807122 0.04472457631524212 0.0591363947325613
0 0.3874928831024728 0.0358648133967976 0.028292922319644545 0.05595846845379427
0 0.3432573105227748 0.015269096454899055 0.02601547359273265 0.025714244242329532
0 0.3013661202185792 0.010679611650485437 0.040983606557377046 0.021359223300970873
0 0.6198749314669871 0.18915272942056607 0.04188919063052102 0.0423372666979814
0 0.5936913787517759 0.2402846511372741 0.02369206938431047 0.0495446784040518
0 0.011475409836065573 0.22281553398058251 0.022950819672131147 0.05145631067961165
0 0.014207650273224045 0.18883495145631068 0.02841530054644809 0.04951456310679612
0 0.008743169398907104 0.15048543689320387 0.017486338797814208 0.06019417475728155
0 0.6396174863387978 0.22233009708737864 0.03989071038251366 0.07572815533980583
0 0.6497267759562841 0.09757281553398059 0.019672131147540985 0.05533980582524272
0 0.5754564280116712 0.4384014143322427 0.05399121606082578 0.08742438699815837
0 0.5516208750405591 0.3810234194070427 0.05310086561957367 0.07861295450407649
0 0.583274653065276 0.33746008256751486 0.04818283283268817 0.07795083875636877
0 0.5925662702252895 0.38751192442434873 0.05501917836077329 0.07211111166487004
0 0.6137287721989703 0.4220816275554921 0.05033041380976832 0.07727423863560882
0 0.16329870331731838 0.2677423900219944 0.03304662074556539 0.06625575364916775
0 0.2095880735303192 0.20126098203936785 0.033757403193961484 0.056694152617914044
0 0.17726359681060994 0.21301343136320142 0.044407396463690824 0.06488806903459593
0 0.8329698531345247 0.5290233135501003 0.08001043441507265 0.15466549880678612
0 0.867000225786367 0.341329245823751 0.08605957474946804 0.15644562517372568
0 0.9556832785831597 0.2864114170397053 0.06590592938941137 0.16918400593259472
0 0.9844262295081967 0.26601941747572816 0.03114754098360656 0.13980582524271845
0 0.9221797391607557 0.1955232188348095 0.07097306290536927 0.13220274925963557
0 0.8853498106444119 0.14029986126955923 0.06291395345258914 0.10697451518608564
0 0.8416244744531735 0.16954976530831073 0.06812244358875644 0.08739541825205431
0 0.8012065489624689 0.23340558341083575 0.058504157380488836 0.10541509406838204
0 0.8428645989763524 0.2287658240926584 0.06845485707219946 0.10965194692302098
0 0.7312117481140228 0.3508645340908204 0.07729342760980591 0.18230585969772753
0 0.7699502455890285 0.30874302355785205 0.07114888613671125 0.10904891521867312
0 0.7354665717289441 0.235779206193294 0.04964635386364153 0.10132537804656705
0 0.6825136612021858 0.24174757281553397 0.04590163934426229 0.1145631067961165
0 0.8808743169398907 0.0354368932038835 0.046994535519125684 0.070873786407767
0 0.6789617486338798 0.5815533980582525 0.03879781420765027 0.07572815533980583
0 0.6904371584699454 0.545631067961165 0.06174863387978142 0.08932038834951456
0 0.6896174863387978 0.4810679611650485 0.060109289617486336 0.08640776699029126
0 0.6745901639344263 0.3325242718446602 0.030054644808743168 0.08446601941747572
0 0.6906389774590568 0.36980266856114624 0.03855305775404325 0.10948917916599336
0 0.7478142076502732 0.020388349514563107 0.04207650273224044 0.040776699029126215
0 0.6998917467818361 0.0718987951533118 0.04932542925057604 0.06555018478230375
0 0.930327868852459 0.028640776699029126 0.06939890710382514 0.05728155339805825
0 0.6743169398907104 0.4097087378640777 0.029508196721311476 0.09320388349514563
0 0.2756830601092896 0.945631067961165 0.0726775956284153 0.1087378640776699
0 0.3262295081967213 0.9140776699029126 0.07213114754098361 0.17184466019417477
0 0.17595628415300546 0.9563106796116505 0.05901639344262295 0.08737864077669903
0 0.1308743169398907 0.958252427184466 0.05628415300546448 0.08349514563106795
0 0.0942622950819672 0.9504854368932039 0.08032786885245902 0.09902912621359224
0 0.5039521506507619 0.9222655485965221 0.07783613093572327 0.14085256054784145
0 0.5863387978142076 0.9728155339805825 0.060109289617486336 0.05436893203883495
0 0.6314207650273224 0.9713592233009709 0.04316939890710383 0.05728155339805825
0 0.6020948997300465 0.88521358988503 0.060819817480047486 0.13663019206625454
0 0.10708173844627945 0.8307700953622886 0.06356729154909757 0.16500623712131574
0 0.17794803863548933 0.8447029215346805 0.055317125233083915 0.13492363411572697
0 0.21039489358200214 0.8856719303425142 0.0646831654647161 0.13811604476754616
0 0.0520987717844782 0.8389840185118213 0.07077826128062152 0.08582151276129868
0 0.02814207650273224 0.7961165048543689 0.05628415300546448 0.06990291262135923
0 0.021584699453551914 0.7504854368932039 0.04316939890710383 0.06601941747572816
0 0.20997431389705315 0.7567809063725692 0.08824536709919481 0.1567398988393734
0 0.2791802917568875 0.791962603221314 0.07254747329274835 0.11696304234275921
0 0.30073639632741317 0.8304893699145005 0.07900544985588015 0.14294144495348096
0 0.38799413946589945 0.7978280698014213 0.08983126635695128 0.12798152732920026
0 0.3559161642876368 0.8242539785459894 0.07785136456761511 0.16886076352084273
0 0.44002334156352496 0.850705626779166 0.052825641902183106 0.1268623701588169
0 0.4215165299887917 0.7486601954926828 0.07416009505277443 0.10269420921229051
0 0.3153005464480874 0.6563106796116505 0.05136612021857923 0.07378640776699029
0 0.28012395990976074 0.6842396393247839 0.08000668965355842 0.11313863124048798
0 0.5027501102073122 0.7922932982155513 0.06419790649068617 0.11197602095094844
0 0.5572821572132985 0.7815786221835873 0.05402168332460925 0.14344079294416093
0 0.61196317765544 0.739163411260547 0.04564164925876335 0.0824373656063477
0 0.642896174863388 0.7393203883495145 0.03333333333333333 0.0941747572815534
0 0.6409836065573771 0.8106796116504854 0.03715846994535519 0.0970873786407767
0 0.6299465188834967 0.8684668769828596 0.05353267958906522 0.07577390156126516
0 0.6083292251995693 0.8035793812238395 0.04342913440676757 0.06765355356099527
0 0.47065851919208007 0.6864669089459532 0.06427432923597944 0.11391776852376397
0 0.40406253083551796 0.6687169138578162 0.059455696935142716 0.08816007116227817
0 0.37759562841530053 0.641747572815534 0.033879781420765025 0.04466019417475728
0 0.6486338797814207 0.6349514563106796 0.02185792349726776 0.031067961165048542
0 0.011475409836065573 0.8262135922330097 0.022950819672131147 0.09320388349514563
0 0.23567448001899155 0.7109520062728979 0.08197470263778243 0.09408899759439254
0 0.5049180327868853 0.6330097087378641 0.060109289617486336 0.027184466019417475
0 0.8199453551912569 0.9752427184466019 0.05191256830601093 0.04951456310679612
0 0.6781420765027323 0.9796116504854369 0.03715846994535519 0.040776699029126215
0 0.7073770491803278 0.9791262135922331 0.03989071038251366 0.04174757281553398
0 0.742896174863388 0.9859223300970874 0.04972677595628415 0.02815533980582524
0 0.8554644808743169 0.9631067961165048 0.04316939890710383 0.07378640776699029
0 0.7748793853675386 0.914013121412056 0.04504550092830764 0.09491158799682484
0 0.8447692958805826 0.9039020503600158 0.05064759366131973 0.0715225643335743
0 0.9313010229387809 0.8896873521886841 0.038870237605594604 0.10373750486395864
0 0.7381699626972412 0.932495361010858 0.04071212760150072 0.09529391445193676
0 0.7060497767989827 0.8622897859861733 0.04411693911440865 0.08512928171633519
0 0.7063747007593975 0.9238226766119224 0.049581419988725596 0.08586496588045477
0 0.6653005464480874 0.6854368932038835 0.011475409836065573 0.062135922330097085
0 0.6920214399327799 0.7022862011808719 0.05381164806796976 0.06905135347282289
0 0.7773341478277973 0.677171186109819 0.04332598915920482 0.0512222676084752
0 0.7461370338940839 0.7300681765448386 0.042068758623377035 0.060710300223316936
0 0.7161262176002587 0.6620986227586172 0.04561492675649435 0.06794782722664318
0 0.8273224043715847 0.6325242718446602 0.03278688524590164 0.02621359223300971
0 0.8810847340752826 0.6721067937685251 0.04281775244441976 0.052119572978470995
0 0.9058622101114283 0.7125312816397951 0.037429694315396576 0.053325636387166836
0 0.9016357267936983 0.6524251596719775 0.028369345064938052 0.05790021602660983
0 0.6726775956284153 0.8533980582524272 0.02622950819672131 0.09514563106796116
0 0.8126316220909228 0.6736271375757195 0.04391064861928339 0.052266709811295005
0 0.896284389535317 0.8791169466116651 0.042339982993418415 0.10903328429446946