0 0.07847106785940453 0.2847043701799486 0.06651162581188882 0.11182519280205655
0 0.11578793643206506 0.37724935732647813 0.09808578493632264 0.13110539845758354
0 0.22646476226134168 0.3309768637532134 0.07010851216991099 0.13881748071979436
0 0.3239328936649947 0.32005141388174807 0.06422720635658502 0.13496143958868895
0 0.4098126014444771 0.3791773778920309 0.07303034639028283 0.08483290488431877
0 0.4565364253660597 0.3194087403598972 0.0652506344991982 0.09125964010282776
0 0.5018063583815029 0.39845758354755784 0.015173410404624277 0.14652956298200515
0 0.30904558728683 0.07455012853470437 0.0597395116584336 0.10154241645244216
0 0.40999182346346646 0.06876606683804627 0.03491964409493309 0.06426735218508997
0 0.30988591613070077 0.07005141388174807 0.05599218290540542 0.09640102827763496
0 0.4138925293451463 0.23714652956298202 0.06005821904096754 0.08611825192802057
0 0.4260144204605606 0.2847043701799486 0.06531794049420925 0.09383033419023136
0 0.17087348059235768 0.2602827763496144 0.063704588801479 0.08740359897172237
0 0.1922459080990728 0.2994858611825193 0.07899678079114208 0.11953727506426735
0 0.05780634939407624 0.19087403598971722 0.04624675894155085 0.11053984575835475
0 0.008670520231213872 0.028277634961439587 0.017341040462427744 0.056555269922879174
0 0.23379120832753206 0.09254498714652956 0.04540543400391098 0.07840616966580977
0 0.05572285183003677 0.18766066838046272 0.04948929273199501 0.09640102827763496
0 0.9934971098265896 0.36311053984575836 0.01300578034682081 0.10925449871465295
0 0.9327449128663563 0.20501285347043702 0.07101515091502368 0.11825192802056556
0 0.986271676300578 0.08997429305912596 0.02745664739884393 0.11568123393316196
0 0.9480500005273574 0.04820051413881748 0.05177371218729864 0.07326478149100257
0 0.8916223208419176 0.10604113110539845 0.05034844026215721 0.15681233933161953
0 0.8597047126337053 0.09704370179948586 0.04419791046878626 0.14267352185089974
0 0.8208092485549133 0.06683804627249357 0.05057803468208093 0.13367609254498714
0 0.7315751445086706 0.015424164524421594 0.05130057803468208 0.030848329048843187
0 0.6791907514450867 0.032133676092544985 0.05635838150289017 0.06426735218508997
0 0.5227601156069365 0.036632390745501286 0.026734104046242775 0.07326478149100257
0 0.346577269515862 0.7146529562982005 0.04125426928081557 0.05784061696658098
0 0.327366549051997 0.6066838046272494 0.04132157527582677 0.060411311053984576
0 0.3470870449472921 0.5571979434447301 0.046177460759001254 0.05269922879177378
0 0.3222543352601156 0.5160668380462725 0.05491329479768786 0.032133676092544985
0 0.25289017341040465 0.5096401028277635 0.03468208092485549 0.019280205655526992
0 0.3970375722543353 0.5173521850899743 0.03395953757225433 0.03470437017994859
0 0.4288294797687861 0.5160668380462725 0.03540462427745665 0.032133676092544985
0 0.005780346820809248 0.5893316195372751 0.011560693641618497 0.09125964010282776
0 0.029985549132947976 0.5295629820051414 0.04985549132947977 0.05912596401028278
0 0.006502890173410405 0.531491002570694 0.01300578034682081 0.05269922879177378
0 0.07557596752781573 0.8682519280205655 0.06854464387966988 0.10668380462724936
0 0.04897154855041126 0.7667095115681234 0.06373824179898452 0.08868894601542417
0 0.02601156069364162 0.8881748071979434 0.05202312138728324 0.13110539845758354
0 0.3309129023660988 0.8161953727506427 0.0646785335416029 0.06940874035989718
0 0.2755126351983491 0.8071979434447301 0.054091784640108456 0.05141388174807198
0 0.2907741089241522 0.9280205655526992 0.04859848439186593 0.08997429305912596
0 0.3554913294797688 0.9517994858611826 0.06358381502890173 0.09640102827763496
0 0.3796637677928472 0.9273778920308483 0.05224485415237723 0.09125964010282776
0 0.32126544911345345 0.8811053984575835 0.05699978064303499 0.07969151670951156
0 0.3143063583815029 0.9665809768637532 0.07514450867052024 0.06683804627249357
0 0.497471098265896 0.6973007712082262 0.02384393063583815 0.08354755784061697
0 0.5003612716763006 0.6452442159383034 0.018063583815028903 0.08226221079691516
0 0.6237072407820182 0.6002570694087404 0.05668107326050101 0.09511568123393316
0 0.7970156903200096 0.6317480719794345 0.04705243869414681 0.08611825192802057
0 0.843999826925376 0.5758354755784062 0.05489945658024273 0.08226221079691516
0 0.8999296307569543 0.5784061696658098 0.0545470962002031 0.09640102827763496
0 0.6185454900399857 0.6870179948586118 0.0747110040780243 0.09383033419023136
0 0.604871576664237 0.8091259640102828 0.04762453965174196 0.10796915167095116
0 0.5962643780529575 0.9170951156812339 0.05559033912287671 0.13624678663239073
0 0.6271676300578035 0.9466580976863753 0.05635838150289017 0.10668380462724936
0 0.5177023121387283 0.9530848329048843 0.016618497109826588 0.09383033419023136
0 0.5379335260115607 0.9370179948586118 0.05708092485549133 0.12596401028277635
0 0.5227601156069365 0.877892030848329 0.026734104046242775 0.11568123393316196
0 0.5274566473988439 0.8065552699228792 0.036127167630057806 0.09640102827763496
0 0.561410101313159 0.7994858611825193 0.04885187796692714 0.12724935732647816
0 0.5397398843930635 0.6960154241645244 0.06069364161849711 0.11182519280205655
0 0.567911052846693 0.6201799485861182 0.07054400894994538 0.10025706940874037
0 0.534320809248555 0.5623393316195373 0.04985549132947977 0.09897172236503857
0 0.5296242774566474 0.62853470437018 0.04046242774566474 0.08997429305912596