0 0.04151624548736462 0.022483940042826552 0.06618531889290012 0.044967880085653104
0 0.14199759326113118 0.034261241970021415 0.05535499398315283 0.06852248394004283
0 0.014741275571600482 0.17505353319057815 0.029482551143200964 0.0974304068522484
0 0.009326113116726835 0.24518201284796573 0.01865222623345367 0.08779443254817987
0 0.2427797833935018 0.032119914346895075 0.06558363417569193 0.06423982869379015
0 0.27075812274368233 0.016595289079229122 0.04332129963898917 0.033190578158458245
0 0.3315282791817088 0.011241970021413276 0.0457280385078219 0.022483940042826552
0 0.07950556493928569 0.42418649486538645 0.0521841400702861 0.0785493997729808
0 0.16762071968177253 0.27913297929899794 0.04145188225455662 0.0813717140767518
0 0.14505447148741885 0.36111253656947506 0.05045263623917498 0.08151800105058998
0 0.15941930684720393 0.40857821074945855 0.041329298387034426 0.0760183950189357
0 0.17589413378261348 0.3505103560035507 0.03432973274207624 0.0846808086946832
0 0.20181765770227217 0.2965383045038772 0.04376055402937154 0.07741357903993955
0 0.20737684949912577 0.3811692972089886 0.04715001137108062 0.06826438505003142
0 0.25120336943441635 0.4726980728051392 0.04632972322503008 0.05460385438972163
0 0.3217648787789923 0.35554271602453896 0.039020626612219236 0.0799765300557482
0 0.23032413144914743 0.28947263558208286 0.03916772725324609 0.08640051292512722
0 0.37635379061371843 0.2874732334047109 0.02707581227436823 0.07173447537473233
0 0.2710262045791203 0.3801047233659399 0.03909417693273266 0.0831885214904377
0 0.29616878833357513 0.0416360263046056 0.0611603772813998 0.07762502293525606
0 0.38086642599277976 0.24089935760171305 0.018050541516245487 0.059957173447537475
0 0.251077660648977 0.2469373926692819 0.0468180111624215 0.07996055692486642
0 0.2936302517000796 0.27341876837714985 0.04158774827518012 0.06111023170941145
0 0.30630293120960017 0.10202280971026641 0.04205356697176481 0.08145284412911191
0 0.10820053484073222 0.14860300750301866 0.04648601095376224 0.09165672879970105
0 0.4196750902527076 0.10117773019271949 0.05956678700361011 0.11027837259100642
0 0.4073405535499398 0.17184154175588864 0.03489771359807461 0.13383297644539616
0 0.46345653765920963 0.15715194468690658 0.06813337862015567 0.12019221210982071
0 0.43291215403128763 0.026231263383297645 0.08604091456077016 0.05246252676659529
0 0.4813477737665463 0.018201284796573874 0.0914560770156438 0.03640256959314775
0 0.5815282791817088 0.019271948608137045 0.08002406738868832 0.03854389721627409
0 0.5992779783393501 0.058886509635974305 0.10830324909747292 0.11777301927194861
0 0.6120736865759798 0.1108004283183036 0.10245392427452647 0.12588728890590972
0 0.485566652723141 0.2792881170584926 0.05756150359855407 0.10382370785781454
0 0.7569193742478941 0.01980728051391863 0.06859205776173286 0.03961456102783726
0 0.6928399518652226 0.061027837259100645 0.10649819494584838 0.12205567451820129
0 0.6347221468906602 0.282803597979937 0.08558223541919296 0.12254498362826381
0 0.5159486596431073 0.3541282297212806 0.06048309471098053 0.12663216811008152
0 0.47416834695739535 0.3613727640776524 0.06279176648579538 0.12267403307326927
0 0.44757725284291466 0.3730130299944008 0.07133793639423221 0.1291631728641266
0 0.5133427152871921 0.4248246197451889 0.07849788483331827 0.10130994063260242
0 0.4954873646209386 0.4796573875802998 0.05836341756919374 0.04068522483940043
0 0.4353188929001203 0.480728051391863 0.07160048134777376 0.03854389721627409
0 0.5670878459687124 0.47109207708779444 0.04632972322503008 0.057815845824411134
0 0.6084288238357368 0.3733404791774785 0.08531255091064391 0.11076768170106895
0 0.4118531889290012 0.2837259100642398 0.043922984356197355 0.08565310492505353
0 0.39951865222623345 0.2698072805139186 0.019253910950661854 0.07922912205567452
0 0.8444645006016848 0.05728051391862955 0.09566787003610108 0.1145610278372591
0 0.931107099879663 0.05299785867237687 0.0740072202166065 0.10599571734475374
0 0.9453932124683199 0.26292966412534946 0.05535089891775696 0.11206449814087947
0 0.8971659853078491 0.2785612757386245 0.053374227351601446 0.10432646130285696
0 0.8556977496011445 0.3126129704102557 0.06131871254283002 0.1107344710413542
0 0.7184845237603216 0.2903037024304184 0.06404212193452279 0.1772778874629909
0 0.7472264528666441 0.38577038269616704 0.07000074847189028 0.09696212846487143
0 0.7274122259028836 0.42978992624777257 0.049715085501343306 0.10169835336556998
0 0.6821801401753523 0.47079294912912334 0.04124451344611763 0.04612093834752732
0 0.6807213921518371 0.4070884523411149 0.054762496353650075 0.0863685666633634
0 0.6652042684373424 0.3093015790176623 0.0750839107181048 0.10938847081094713
0 0.6812459567710281 0.33774668131203 0.06771659347057975 0.10199092731324684
0 0.9846570397111913 0.2291220556745182 0.030685920577617327 0.0728051391862955
0 0.9030275685175477 0.16554108669723197 0.046535044500771144 0.09379805642282751
0 0.8625364339735178 0.17637068428935462 0.052834858334503326 0.08077185744846724
0 0.7826829602330116 0.22096802136984825 0.05670136899320019 0.1186507411149787
0 0.7763923334869849 0.31525159370888534 0.06416675333474292 0.13033093985893165
0 0.9600660565511517 0.1261680192295486 0.06037379299655935 0.09566404762710971
0 0.10258724428399518 0.5390792291220556 0.07160048134777376 0.07815845824411134
0 0.06407942238267147 0.5513918629550322 0.06799037304452467 0.10278372591006424
0 0.2746690734055355 0.978051391862955 0.07160048134777376 0.043897216274089934
0 0.32942238267148016 0.9528907922912205 0.06197352587244284 0.09421841541755889
0 0.35379061371841153 0.936830835117773 0.07220216606498195 0.12205567451820129
0 0.34738603809524093 0.8676552855437569 0.08081779122853641 0.12403727083250929
0 0.26500324161837985 0.9072238237758748 0.06954616439570896 0.10330498128189033
0 0.11883273164861613 0.9759100642398287 0.0740072202166065 0.048179871520342615
0 0.07551143200962696 0.9887580299785867 0.06438026474127558 0.022483940042826552
0 0.11393339158481493 0.8728213524238186 0.06739582788232398 0.14037256442480073
0 0.05304524482311884 0.9153984247607506 0.07766226700146875 0.11720763770132975
0 0.03415551569752011 0.8680058940676861 0.055362133538160364 0.1387499633775986
0 0.017448856799037304 0.8110278372591007 0.03489771359807461 0.16595289079229122
0 0.12940967188309224 0.7579677506388828 0.06828047926118239 0.12661619497919974
0 0.21690734055354993 0.5422912205567452 0.09927797833935018 0.08458244111349036
0 0.15635268943588382 0.6958034604477653 0.06308596776784889 0.1355219988120273
0 0.2073789238412587 0.6969779496100604 0.07251474152244626 0.18055503581915872
0 0.0351985559566787 0.6697002141327623 0.0703971119133574 0.15952890792291222
0 0.009927797833935019 0.5851177730192719 0.019855595667870037 0.14882226980728053
0 0.005716004813477738 0.6761241970021413 0.011432009626955475 0.10599571734475374
0 0.3595066185318893 0.6509635974304069 0.060770156438026475 0.15417558886509636
0 0.26431627348179804 0.7322594072030977 0.08366583202044944 0.14363373965008663
0 0.5436221419975933 0.5497858672376874 0.07882069795427196 0.09957173447537473
0 0.7945246690734056 0.5214132762312634 0.06799037304452467 0.042826552462526764
0 0.9885679903730445 0.8715203426124197 0.02286401925391095 0.09635974304068523
0 0.9786401925391095 0.788543897216274 0.04271961492178099 0.08244111349036402
0 0.9357580936716324 0.7829311510057518 0.05122593837091441 0.08909377778389227
0 0.9042988709622759 0.779655267047535 0.041168915592906544 0.09520921357471265
0 0.8792431464908707 0.7792748408800081 0.04969056872783892 0.10062768955400682
0 0.8379409108884956 0.8073973195618618 0.06152812888396695 0.09368498010870359
0 0.7614334782528912 0.8531544370717196 0.046314393539231134 0.08416208211875875
0 0.7963868664745254 0.8377016908930219 0.04568819204851829 0.08301028825483547
0 0.8691335740072202 0.5358672376873662 0.06558363417569193 0.07173447537473233
0 0.8279967864118477 0.5971661541289783 0.05913262463553758 0.12004592513598229
0 0.9825511432009627 0.5246252676659529 0.03489771359807461 0.04925053533190578
0 0.7671480144404332 0.9710920770877944 0.05174488567990373 0.057815845824411134
0 0.785953403484702 0.8960289089268918 0.057427685110628506 0.07178492356327958
0 0.8121690811537164 0.9075296100372917 0.060705793205218475 0.08396787575227496
0 0.6719530758464893 0.5827658018563002 0.07383150773667953 0.10708488308310059
0 0.6216684604349068 0.7721209195606281 0.07089663447115191 0.10989122425598956
0 0.790507434377308 0.6204786322242387 0.06659800897708018 0.13172612387993526
0 0.6302647412755716 0.9801927194860813 0.05114320096269555 0.03961456102783726
0 0.6028931250460388 0.9405808554106416 0.048794682728577156 0.08769859376288867
0 0.5100263097875396 0.9176618476401526 0.06426686796145867 0.08231332844330927
0 0.5403490723064428 0.9372005139027173 0.06012862526151468 0.08495740951147802
0 0.3983152827918171 0.7922912205567452 0.01684717208182912 0.11349036402569593
0 0.41823925632958564 0.9155396541427853 0.04407927208492951 0.0913322085902605
0 0.39981949458483756 0.9159528907922913 0.019855595667870037 0.07815845824411134
0 0.48101317392786225 0.6917444290338585 0.05160492459388451 0.13183920019405893
0 0.509894040353855 0.6878501865205735 0.05247629381964175 0.14369763217361403
0 0.5742722575624327 0.7317940577893581 0.08543513477816611 0.11612100075888479
0 0.5484687714991415 0.6987583853691546 0.07271292324317982 0.136820079649789
0 0.6170102466596245 0.8849788484973006 0.06603412318647767 0.10710085621398237
0 0.42442005607329913 0.9614239245007223 0.04604470903068194 0.07238478019156414
0 0.9413357400722022 0.5380085653104925 0.05836341756919374 0.07601713062098502
0 0.9022262334536703 0.5433618843683083 0.05595667870036101 0.0867237687366167