0 0.03667563930013459 0.09988038277511961 0.07335127860026917 0.11842105263157894
0 0.03882986819190979 0.20154043584989287 0.06292983035154784 0.13552649095666086
0 0.09488559892328398 0.2458133971291866 0.063257065948856 0.10645933014354067
0 0.21870794078061911 0.04007177033492823 0.1009421265141319 0.08014354066985646
0 0.7562358541103786 0.17289918045634123 0.07167758532510839 0.08506645165591886
0 0.7447012056181699 0.11317203466744186 0.054087534557380156 0.12744375916585968
0 0.7759084791386271 0.27811004784689 0.07133243606998654 0.041866028708133975
0 0.6884253028263796 0.4838516746411483 0.02288021534320323 0.19258373205741627
0 0.5267481390645283 0.4461916968028712 0.1197706817426052 0.16530214031967355
0 0.34229031900533885 0.4474024571252272 0.08264949015498743 0.2044628716853206
0 0.18184017091583682 0.5114234999568108 0.0866871752155527 0.20488088628438744
0 0.11435661959403329 0.413053916588637 0.10003648422733676 0.19790106253965023
0 0.42392869992219245 0.49766361236462064 0.11265019362039785 0.18606688069985317
0 0.48807827709017515 0.5467114571324597 0.08970732616856607 0.17891344230992562
0 0.5693807469096457 0.6483035154206511 0.11571733365488271 0.16368795347180282
0 0.49987277217463766 0.7545897890234224 0.08592024954251534 0.19763418369171995
0 0.5962371205201139 0.7490370656166551 0.1175012307778077 0.14595437703927885
0 0.6045253481520266 0.8944357641704408 0.07786054244854201 0.19799432674238995
0 0.5561911170928667 0.9210526315789473 0.08277254374158816 0.15789473684210525
0 0.5497981157469717 0.9814593301435407 0.08344549125168237 0.03708133971291866
0 0.4771197846567968 0.9886363636363636 0.09421265141318977 0.022727272727272728
0 0.46130551816958276 0.937200956937799 0.10565275908479138 0.1255980861244019
0 0.6716016150740243 0.9216507177033493 0.05652759084791386 0.15669856459330145
0 0.35023733598577866 0.8746797917976492 0.10709375758325108 0.12098589556553503
0 0.3931409521889939 0.8152130679765356 0.07948780929989545 0.16829902782182773
0 0.33162806313750587 0.736574427937901 0.11095971200275158 0.15961175302648004
0 0.2507487763801109 0.692961889166773 0.08549734780927179 0.1653375329740166
0 0.18564516119970118 0.6993618812187008 0.07092744799455668 0.1817473965094956
0 0.15154468322276082 0.7639209062086062 0.09260217290432184 0.14337662034503315
0 0.08629813149611204 0.579775266425779 0.06782841924809337 0.1503682416412181
0 0.057651717222132734 0.6502744193340574 0.0920701926386422 0.15407250148442309
0 0.007402422611036339 0.5311004784688995 0.014804845222072678 0.215311004784689
0 0.0265814266487214 0.3654306220095694 0.0531628532974428 0.13277511961722488
0 0.07009482128945745 0.7793795555535785 0.08657697136778827 0.1451419429440406
0 0.03230148048452221 0.8163875598086124 0.06460296096904442 0.12320574162679426
0 0.0834846945132948 0.9038045064276513 0.05092641635995223 0.1426456529010869
0 0.12635754731985976 0.89331117570765 0.06289906695489762 0.1844998840577734
0 0.15679676985195154 0.9360047846889952 0.08075370121130551 0.12799043062200957
0 0.21405972468347573 0.8934317013713257 0.08779756217071935 0.13571190315329903
0 0.24125168236877523 0.9503588516746412 0.07065948855989233 0.09928229665071771
0 0.30142570962087667 0.9192002612844391 0.09175693209549884 0.1301490565083468
0 0.29946164199192465 0.9754784688995215 0.09421265141318977 0.04904306220095694
0 0.03936742934051144 0.9366028708133971 0.07604306864064603 0.12679425837320574
0 0.00908479138627187 0.944377990430622 0.01816958277254374 0.11124401913875598
0 0.04912516823687752 0.9886363636363636 0.07537012113055182 0.022727272727272728
0 0.990578734858681 0.687200956937799 0.018842530282637954 0.1519138755980861
0 0.9112725027089729 0.8660076631802743 0.05477614509463143 0.1287096005145079
0 0.9484647405764621 0.8835954445329647 0.04039363894813826 0.10810779343691275
0 0.968371467025572 0.965311004784689 0.063257065948856 0.06937799043062201
0 0.9223791855489607 0.4311465198629893 0.0626797845746972 0.1677534725745198
0 0.8135935397039031 0.3427033492822967 0.09421265141318977 0.08732057416267942
0 0.8232055744594289 0.42744927500434987 0.05587143168030511 0.10971018273333571
0 0.8774103003916556 0.5381814572368783 0.08252362328006586 0.14352775609616986
0 0.8736011358690297 0.6835222842422671 0.04807799604800366 0.13040525401367078
0 0.8698383977702112 0.7810858903953475 0.07643520697723945 0.08914265210124164
0 0.9436978807665922 0.7505068139664398 0.05749926118932257 0.13138062141149354
0 0.9794751009421265 0.8098086124401914 0.04104979811574697 0.11722488038277512
0 0.8604727972104385 0.8613457322664183 0.05630943378304179 0.0918372681011227
0 0.8134207294412296 0.8092897605493983 0.05430625427991629 0.09282443305039306
0 0.8103759586321522 0.7307314709532139 0.07044133149502026 0.09330031919785686
0 0.8382160083363693 0.6243123160308985 0.06261656980840441 0.11160304598058429
0 0.7570307298917454 0.5060086808093758 0.06745306925398543 0.17302584526864642
0 0.7862186439179754 0.5795089456822696 0.05856322172068196 0.10998885913271356
0 0.7244279946164199 0.4892344497607656 0.04912516823687752 0.1339712918660287
0 0.7028936742934051 0.49940191387559807 0.006056527590847914 0.06818181818181818
0 0.7092866756393001 0.42105263157894735 0.018842530282637954 0.13875598086124402
0 0.746971736204576 0.31279904306220097 0.05652759084791386 0.02751196172248804
0 0.7176985195154778 0.31279904306220097 0.03566621803499327 0.02751196172248804