0 0.0672214648042326 0.09421815943204721 0.11632283899323574 0.14560320101275548
0 0.4073303681882241 0.17782918811835174 0.11222049711000949 0.13163494620343208
0 0.5056258790436006 0.0625 0.06751054852320675 0.1125
0 0.5312939521800282 0.31625 0.01617440225035162 0.105
0 0.8013361462728551 0.024375 0.0949367088607595 0.04875
0 0.990857946554149 0.294375 0.01828410689170183 0.11875
0 0.7669565861799101 0.16437492051893648 0.08025519977286037 0.12217065291952124
0 0.7063994374120957 0.08875 0.07524613220815753 0.1775
0 0.6343178621659634 0.043125 0.08720112517580872 0.08625
0 0.6028267582607266 0.08230750040459611 0.07338271482680765 0.1254841433008744
0 0.5590717299578059 0.028125 0.03938115330520394 0.05625
0 0.7494015276614617 0.24712293975623026 0.08853415447981325 0.1189444644618976
0 0.5920896510101074 0.2930416278092579 0.050996266051879645 0.11038096348306908
0 0.9159890928825091 0.1563709166036233 0.0782205965556156 0.17315874714833313
0 0.84406655101122 0.23937688538543014 0.0650399806731966 0.14366668079663356
0 0.26441631504922647 0.461875 0.1111111111111111 0.16375
0 0.4370604781997187 0.45 0.139943741209564 0.14
0 0.4919127988748242 0.523125 0.0949367088607595 0.21875
0 0.03727144866385373 0.451875 0.07454289732770746 0.14375
0 0.13686062474746183 0.5949106272350256 0.10606256902185393 0.20106748369919117
0 0.2263571319158719 0.6672737002688873 0.11402179601191101 0.1903412952415674
0 0.1717813272568861 0.7217756969278062 0.11706887033265963 0.1631032010127555
0 0.12566049364586696 0.7589225330062138 0.0883961040926547 0.16506351157630347
0 0.06809697884947445 0.7107578647647119 0.1002655041423583 0.13089287985173242
0 0.05872011251758087 0.55875 0.11744022503516174 0.1725
0 0.03481012658227848 0.606875 0.06962025316455696 0.13625
0 0.5109001406469761 0.710625 0.056962025316455694 0.14625
0 0.5056258790436006 0.806875 0.06751054852320675 0.14125
0 0.5073839662447257 0.940625 0.0639943741209564 0.11875
0 0.45534458509142056 0.983125 0.07805907172995781 0.03375
0 0.4700521705174146 0.8983688775548038 0.07277556435814737 0.14414684137714517
0 0.4298830198974179 0.8534879352666849 0.0819071263101561 0.1609206529195214
0 0.31034399695655057 0.8359740752264783 0.11044184216300248 0.2050793894703793
0 0.23404825817463906 0.8488133791078643 0.10795912185194033 0.19619843658478517
0 0.198097686353738 0.8859522762392338 0.10544409657574656 0.15365478562292054
0 0.17875306615263753 0.9201903757667833 0.12097904339230628 0.13965875774580808
0 0.1680731364275668 0.94875 0.11533052039381153 0.1025
0 0.40822784810126583 0.976875 0.06962025316455696 0.04625
0 0.36779184247538677 0.95375 0.10126582278481013 0.0925
0 0.3627127668369891 0.9237319982773035 0.09907218619272212 0.13580557792800307
0 0.33610732402116306 0.8979562112709586 0.11073975640860899 0.1627103423559734
0 0.7876230661040787 0.468125 0.09142053445850915 0.17625
0 0.8450099969211445 0.7236308628070555 0.09433121935930895 0.1891190683093562
0 0.9824191279887482 0.98 0.035161744022503515 0.04
0 0.9265119549929677 0.96125 0.07805907172995781 0.0775
0 0.9651898734177216 0.970625 0.06962025316455696 0.05875
0 0.7996565928790361 0.7345495243663953 0.10794779987449307 0.1301230404322439
0 0.8770867006690442 0.7609106166375506 0.06510376011985478 0.12871033175849816
0 0.5562587904360057 0.856875 0.03375527426160337 0.09125
0 0.5492264416315049 0.785 0.01969057665260197 0.125
0 0.5717299578059072 0.5125 0.06469760900140648 0.135
0 0.6096253875080814 0.5443809210931687 0.07797513977922 0.13449604907206264
0 0.5460618846694796 0.465625 0.013361462728551337 0.12375
0 0.5552039381153305 0.520625 0.03164556962025317 0.14625
0 0.5520393811533052 0.604375 0.02531645569620253 0.12125
0 0.5780590717299579 0.934375 0.07735583684950774 0.11125
0 0.5710267229254571 0.8075 0.06329113924050633 0.1025
0 0.6421493778661934 0.6040733729999345 0.07167833082030092 0.16776588849155105