0 0.051832460732984295 0.048417132216014895 0.06701570680628273 0.09683426443202979
0 0.024869109947643978 0.10335195530726257 0.049738219895287955 0.10614525139664804
0 0.008900523560209424 0.14292364990689013 0.01780104712041885 0.08845437616387337
0 0.15471204188481674 0.014432029795158287 0.06858638743455497 0.028864059590316574
0 0.25188255201910986 0.07216014897579143 0.044850414846172956 0.08286778398510242
0 0.2675392670157068 0.07216014897579143 0.024083769633507852 0.09217877094972067
0 0.22381831669881935 0.08286778398510242 0.053474325848030406 0.09124767225325885
0 0.19970118110130794 0.14618249534450653 0.04413478424147088 0.07635009310986965
0 0.15906927447545605 0.13919925512104284 0.04760763531216147 0.06983240223463687
0 0.13985402487865614 0.17830540037243947 0.04190335026429019 0.07169459962756052
0 0.11494264384947517 0.17085661080074488 0.03889918214723004 0.07635009310986965
0 0.14235650571573072 0.1378026070763501 0.05226257366180083 0.0856610800744879
0 0.09150702139061898 0.175512104283054 0.04655828861392979 0.08752327746741155
0 0.061062665919098195 0.21368715083798884 0.069896762735455 0.09776536312849161
0 0.07773872929574496 0.25186219739292365 0.04206798203167161 0.07728119180633147
0 0.04087445817165082 0.2946927374301676 0.05198818738283213 0.07635009310986965
0 0.041186662973389965 0.2574487895716946 0.06182385057091869 0.09031657355679702
0 0.015968586387434557 0.3575418994413408 0.03193717277486911 0.09124767225325885
0 0.03612565445026178 0.3682495344506518 0.050261780104712044 0.08286778398510242
0 0.029842931937172777 0.39432029795158285 0.048167539267015703 0.030726256983240222
0 0.10837696335078534 0.39106145251396646 0.04607329842931937 0.037243947858473
0 0.18717277486910994 0.3952513966480447 0.04659685863874346 0.028864059590316574
0 0.16151832460732984 0.3789571694599628 0.04869109947643979 0.061452513966480445
0 0.19533251192959722 0.35661080074487894 0.04137979005486611 0.07169459962756052
0 0.22649806370427875 0.35614525139664804 0.051878432871244606 0.07262569832402235
0 0.26093994359560574 0.3333333333333333 0.03721874700737026 0.07262569832402235
0 0.26596858638743454 0.3026070763500931 0.027225130890052355 0.0931098696461825
0 0.20517891665020557 0.2090316573556797 0.053860692917970146 0.08659217877094973
0 0.23377597893510202 0.16247672253258846 0.047497880800573704 0.06610800744878957
0 0.23761221100660196 0.2099627560521415 0.04628612861434437 0.06052141527001862
0 0.12770683810908134 0.21741154562383613 0.053862919197353414 0.06890130353817504
0 0.13315379561100726 0.25465549348230915 0.04198789242736417 0.056797020484171325
0 0.17839948264465338 0.24720670391061453 0.04457602856720426 0.07355679702048418
0 0.09204393927634329 0.28165735567970207 0.05923348815169533 0.09124767225325885
0 0.09896665534859396 0.33100558659217877 0.06427701985065794 0.08472998137802606
0 0.07997091477496909 0.36266294227188084 0.05207050326652284 0.07914338919925512
0 0.11846074378312936 0.31797020484171323 0.04418966149726452 0.0782122905027933
0 0.1491965442666424 0.29655493482309125 0.060223505035366345 0.10707635009310987
0 0.1831582481697739 0.29003724394785846 0.04060705591498664 0.08100558659217877
0 0.2591623036649215 0.159683426443203 0.040837696335078534 0.09776536312849161
0 0.27277486910994764 0.22625698324022347 0.013612565445026177 0.0856610800744879
0 0.8031413612565445 0.0148975791433892 0.05130890052356021 0.0297951582867784
0 0.7706806282722513 0.014432029795158287 0.05445026178010471 0.028864059590316574
0 0.7590069951062155 0.09543761638733705 0.058127037918286495 0.12476722532588454
0 0.7162522958750788 0.08054003724394786 0.07168472610751903 0.12290502793296089
0 0.7558059423974625 0.1685288640595903 0.050911402056703636 0.0931098696461825
0 0.7875933158585903 0.1824953445065177 0.06542944222232709 0.12383612662942271
0 0.8638147105510231 0.19878957169459963 0.060998465454629086 0.08007448789571694
0 0.8268410465529896 0.1387337057728119 0.0523723281733886 0.0893854748603352
0 0.8061578303637067 0.2276536312849162 0.06716698089736378 0.11173184357541899
0 0.9224938604463224 0.08193668528864059 0.042618980868992275 0.0782122905027933
0 0.8256544502617801 0.051675977653631286 0.05968586387434555 0.10335195530726257
0 0.9031413612565445 0.03212290502793296 0.049214659685863874 0.06424581005586592
0 0.9232984293193718 0.03165735567970205 0.05706806282722513 0.0633147113594041
0 0.6748691099476439 0.02653631284916201 0.07225130890052356 0.05307262569832402
0 0.6009993400923465 0.07402234636871509 0.0695904852698227 0.12290502793296089
0 0.5610052007462729 0.09869646182495345 0.06727673540895131 0.1154562383612663
0 0.6065434459316031 0.11685288640595903 0.07449905010868446 0.09404096834264432
0 0.5183094696920482 0.2239292364990689 0.07239813043283795 0.14711359404096835
0 0.47917928548707805 0.3258845437616387 0.07755586920215499 0.10893854748603352
0 0.4278581404269094 0.22858472998137802 0.06771575345530141 0.1303538175046555
0 0.47411683041335684 0.16899441340782123 0.08265427815691125 0.1042830540037244
0 0.5605346813776542 0.30121042830540035 0.08003202455102415 0.13966480446927373
0 0.65891839024877 0.2672253258845438 0.06788261150206609 0.11824953445065177
0 0.7058823309450463 0.22811918063314712 0.05336234505705937 0.10521415270018622
0 0.6069657951093248 0.297951582867784 0.06110599368683334 0.10148975791433892
0 0.6034031413612565 0.3608007448789572 0.0549738219895288 0.09776536312849161
0 0.6397635836062223 0.34869646182495345 0.04672292038131096 0.0931098696461825
0 0.5314136125654451 0.3738361266294227 0.05759162303664921 0.07169459962756052
0 0.7047606866203492 0.29283054003724396 0.06488289594377272 0.08752327746741155
0 0.35235602094240837 0.3812849162011173 0.08481675392670157 0.056797020484171325
0 0.37675280333319244 0.20391061452513967 0.05644660277842696 0.12104283054003724
0 0.35340283617710194 0.23230912476722532 0.05380136310340948 0.12011173184357542
0 0.3259912005902298 0.28305400372439476 0.07182414552638688 0.10986964618249534
0 0.3023560209424084 0.30353817504655495 0.04554973821989529 0.1154562383612663
0 0.29790575916230366 0.2313780260707635 0.03664921465968586 0.09031657355679702
0 0.4137246026894907 0.13966480446927373 0.07361656145721747 0.09962756052141528
0 0.41217134243189024 0.059124767225325885 0.08276403266849888 0.10800744878957169
0 0.3599476439790576 0.038640595903165736 0.093717277486911 0.07728119180633147
0 0.0905759162303665 0.44553072625698326 0.0806282722513089 0.07169459962756052
0 0.22041884816753926 0.4553072625698324 0.08376963350785341 0.09124767225325885
0 0.040837696335078534 0.4702048417132216 0.08167539267015707 0.12104283054003724
0 0.013089005235602094 0.500465549348231 0.02617801047120419 0.14990689013035383
0 0.015445026178010472 0.6606145251396648 0.030890052356020943 0.16294227188081936
0 0.033507853403141365 0.8677839851024208 0.06701570680628273 0.09869646182495345
0 0.041361256544502616 0.8147113594040968 0.08272251308900523 0.1564245810055866
0 0.0793193717277487 0.9743947858472998 0.07486910994764398 0.051210428305400374
0 0.16806282722513088 0.9455307262569832 0.08376963350785341 0.10893854748603352
0 0.032722513089005235 0.9655493482309124 0.06544502617801047 0.06890130353817504
0 0.05446515068723848 0.904096834264432 0.07471855913185951 0.10148975791433892
0 0.11498268865162876 0.7248603351955307 0.0906723130656539 0.10986964618249534
0 0.07733677827012184 0.6876163873370578 0.07531998266620728 0.13966480446927373
0 0.11976368874383611 0.6159217877094972 0.09783307167144288 0.13966480446927373
0 0.17981552153602282 0.5679702048417132 0.07948102571370337 0.1387337057728119
0 0.23080665155938546 0.5609869646182495 0.06980776801361448 0.14804469273743018
0 0.25 0.6028864059590316 0.059162303664921465 0.12383612662942271
0 0.268848167539267 0.6973929236499069 0.021465968586387434 0.148975791433892
0 0.25654450261780104 0.7434823091247672 0.04607329842931937 0.12383612662942271
0 0.22264179511832852 0.7136871508379888 0.07780281685322686 0.11731843575418995
0 0.20555045126650515 0.7695530726256983 0.0636963561060567 0.1005586592178771
0 0.15640216187100017 0.749534450651769 0.08083442359818384 0.11359404096834265
0 0.16561675487468383 0.8365921787709497 0.0852401880173683 0.1387337057728119
0 0.229325355517349 0.8333333333333334 0.05488037470892125 0.0856610800744879
0 0.20208761845304 0.8426443202979516 0.06653366617635217 0.10800744878957169
0 0.2675392670157068 0.9487895716945997 0.024083769633507852 0.0893854748603352
0 0.24229052528976686 0.9441340782122905 0.06113343231473016 0.10242085661080075
0 0.11832460732984293 0.9902234636871509 0.05863874345549738 0.019553072625698324
0 0.6738219895287958 0.47067039106145253 0.10785340314136126 0.12197392923649907
0 0.5911922004451015 0.6108007448789572 0.07879506001628116 0.1154562383612663
0 0.6217867450947585 0.7807262569832403 0.06722185815315766 0.11359404096834265
0 0.8011153835776891 0.74487895716946 0.056723215336778925 0.11266294227188083
0 0.8452568466573099 0.7216014897579144 0.05515253470850667 0.11266294227188083
0 0.893312766771003 0.601024208566108 0.090121314228333 0.10893854748603352
0 0.8442408376963351 0.4408752327746741 0.09162303664921466 0.06238361266294227
0 0.9054973821989529 0.43808193668528866 0.07382198952879582 0.056797020484171325
0 0.8985235181543786 0.5130353817504656 0.07410823047997794 0.1340782122905028
0 0.963313356681939 0.5619180633147114 0.07309300124779339 0.09962756052141528
0 0.9890052356020942 0.4692737430167598 0.02198952879581152 0.11359404096834265
0 0.981151832460733 0.5982309124767226 0.03769633507853403 0.08845437616387337
0 0.993455497382199 0.7029795158286778 0.013089005235602094 0.08007448789571694
0 0.9780104712041885 0.6815642458100558 0.04397905759162304 0.08193668528864059
0 0.9062916558573691 0.7113594040968343 0.067251523060438 0.09683426443202979
0 0.962994862906445 0.7681564245810056 0.05424483370852637 0.09962756052141528
0 0.7329698788312191 0.8542830540037244 0.07601262720177956 0.10986964618249534
0 0.6747642260859651 0.9017690875232774 0.06336486629191085 0.10707635009310987
0 0.6492239828945392 0.9334264432029795 0.06512761731546132 0.11359404096834265
0 0.9248435641882291 0.765828677839851 0.060666975640483234 0.08659217877094973
0 0.9672774869109948 0.9855679702048417 0.04869109947643979 0.028864059590316574
0 0.8189572270023048 0.8500931098696461 0.06487621710562266 0.14059590316573556
0 0.9178010471204189 0.9748603351955307 0.048167539267015703 0.05027932960893855
0 0.881151832460733 0.9902234636871509 0.05654450261780105 0.019553072625698324
0 0.4022934081622665 0.909217877094972 0.045316871520420125 0.09869646182495345
0 0.4328382513901931 0.9031657355679702 0.055925268848386146 0.10335195530726257
0 0.3708271446204111 0.9287709497206704 0.06364147885026306 0.09869646182495345
0 0.2916230366492147 0.9688081936685289 0.024083769633507852 0.06238361266294227
0 0.4463350785340314 0.9776536312849162 0.06753926701570681 0.0446927374301676
0 0.8818816004705257 0.8556797020484171 0.05179389070817063 0.08752327746741155
0 0.9197573997700811 0.8584729981378026 0.06212790175716772 0.08286778398510242
0 0.8669393747121925 0.909683426443203 0.05829612224443469 0.09497206703910614
0 0.9756544502617801 0.9632216014897579 0.04869109947643979 0.06238361266294227
0 0.9921465968586387 0.9557728119180633 0.015706806282722512 0.06238361266294227
0 0.3013089005235602 0.7742085661080075 0.043455497382198956 0.11638733705772812
0 0.35141648520925806 0.9478584729981379 0.039424968636037484 0.05865921787709497
0 0.30732984293193716 0.9664804469273743 0.04502617801047121 0.0670391061452514