0 0.012658227848101266 0.41956967213114754 0.02531645569620253 0.11987704918032786
0 0.039164498291940235 0.3018155900799261 0.07297572090775217 0.123993115573377
0 0.0845987926808868 0.2233244172326712 0.07718846918931459 0.1001017008399129
0 0.07214764966021593 0.15417282904206145 0.048460003603551516 0.09724435099850219
0 0.030207134637514385 0.20440573770491804 0.06041426927502877 0.1014344262295082
0 0.13895281933256617 0.017418032786885244 0.05811277330264672 0.03483606557377049
0 0.19936708860759494 0.022028688524590164 0.04660529344073648 0.04405737704918033
0 0.3247986191024166 0.036885245901639344 0.059263521288837745 0.07377049180327869
0 0.37157788406377323 0.31912980841770977 0.06441348212242194 0.13914433739461732
0 0.39010356731875717 0.4257172131147541 0.05063291139240506 0.10758196721311475
0 0.3130034522439586 0.4149590163934426 0.07019562715765247 0.1290983606557377
0 0.2974390500807226 0.28327157265477154 0.07439601035010754 0.14558714781610685
0 0.2474980038380193 0.18503683297957427 0.07697520181733059 0.10924537351521585
0 0.3177740991336965 0.1735157190386635 0.0698172124591879 0.11643279042530148
0 0.1220280767372155 0.10820444852160635 0.06671103510655828 0.09563043194618534
0 0.44016110471806674 0.3662909836065574 0.05868814729574223 0.11372950819672131
0 0.4395966604443265 0.2630701988644325 0.052648557831269455 0.10188618325498823
0 0.451668584579977 0.125 0.03567318757192175 0.09221311475409837
0 0.979861910241657 0.020491803278688523 0.04027617951668585 0.040983606557377046
0 0.6739613795514947 0.14959758477897925 0.07077073308856274 0.15528957785470276
0 0.5928577065477794 0.1162078998632255 0.06240572166004876 0.13173928984675562
0 0.6141064442543935 0.1872298571439815 0.06215222021905229 0.13985837235812412
0 0.5982636764408533 0.26274722194966554 0.08259614251432632 0.12121461451945668
0 0.5722030244990145 0.357988249907933 0.043048387290294164 0.0323069766700987
0 0.5118810523267474 0.23261776164470988 0.06819969566001628 0.1335402680117591
0 0.4798619102416571 0.26024590163934425 0.020713463751438434 0.10245901639344263
0 0.49597238204833144 0.19723360655737704 0.05293440736478711 0.1014344262295082
0 0.4824510932105869 0.14600409836065573 0.025891829689298044 0.11577868852459017
0 0.6415420023014959 0.02151639344262295 0.07710011507479862 0.0430327868852459
0 0.5676064441887226 0.025614754098360656 0.05581127733026467 0.05122950819672131
0 0.5399884925201381 0.04149590163934426 0.051208285385500575 0.08299180327868852
0 0.512945914844649 0.024077868852459015 0.05466052934407365 0.04815573770491803
0 0.498849252013809 0.03739754098360656 0.04948216340621404 0.07479508196721311
0 0.4853279631760644 0.06352459016393443 0.03164556962025317 0.12295081967213115
0 0.41915995397008055 0.805327868852459 0.10069044879171461 0.14754098360655737
0 0.3838279907704749 0.7268790842509413 0.0950692400325337 0.14735755445602078
0 0.44476409666283084 0.7320696721311475 0.04948216340621404 0.13217213114754098
0 0.2145474686244499 0.8256486646949505 0.0928521551864219 0.19292064023232186
0 0.12140391254315305 0.9871926229508197 0.09436133486766399 0.025614754098360656
0 0.02186421173762946 0.9421106557377049 0.04372842347525892 0.11577868852459017
0 0.08037264603374235 0.8320333570347194 0.10930869359903982 0.17475800095684024
0 0.030782508630609898 0.7535860655737705 0.061565017261219795 0.18954918032786885
0 0.20255888336632868 0.6718442868983178 0.06636891148886054 0.15979141827351967
0 0.2533888880844573 0.6308435795973211 0.08848662466748654 0.15462261016621345
0 0.3165131765665457 0.6921383632145891 0.07549442724036393 0.1589844587473613
0 0.375189092804273 0.5970825793879331 0.07519674874210941 0.12225449044593577
0 0.3356270009970105 0.5478958186251915 0.07115703376351873 0.1359776423401625
0 0.34062140391254314 0.4994877049180328 0.0805523590333717 0.039959016393442626
0 0.274741081703107 0.4953893442622951 0.0903337169159954 0.031762295081967214
0 0.24884925201380897 0.5266393442622951 0.08803222094361335 0.0942622950819672
0 0.19792865362485615 0.53125 0.07019562715765247 0.10348360655737705
0 0.1608904174182849 0.6107118187688443 0.09743910711601819 0.1639839134792923
0 0.1636939010356732 0.5046106557377049 0.06962025316455696 0.050204918032786885
0 0.09925201380897583 0.5512295081967213 0.10414269275028769 0.14344262295081966
0 0.45310701956271576 0.5804303278688525 0.03279631760644419 0.13422131147540983
0 0.012658227848101266 0.6244877049180327 0.02531645569620253 0.11987704918032786
0 0.05026569447548098 0.6149379104681646 0.09053461919887204 0.16305224787800957
0 0.027330264672036825 0.5404713114754098 0.05466052934407365 0.11577868852459017
0 0.7461549097009061 0.7499418208018133 0.09593834953563801 0.1403407009086936
0 0.7856731875719217 0.4994877049180328 0.056962025316455694 0.039959016393442626
0 0.8748561565017261 0.507172131147541 0.08803222094361335 0.055327868852459015
0 0.9723820483314154 0.5563524590163934 0.05523590333716916 0.10860655737704918
0 0.9853279631760644 0.5245901639344263 0.029344073647871116 0.09016393442622951
0 0.4873417721518987 0.5389344262295082 0.03567318757192175 0.11885245901639344
0 0.5348101265822784 0.4984631147540984 0.06271576524741082 0.03790983606557377