0 0.04835873388042204 0.5219206680584552 0.09671746776084408 0.054279749478079335
0 0.08294255568581477 0.4723382045929019 0.08968347010550996 0.1534446764091858
0 0.04132473622508793 0.40762004175365346 0.08264947245017586 0.20146137787056367
0 0.18347010550996484 0.5067849686847599 0.07502930832356389 0.08455114822546973
0 0.23007033997655335 0.5182672233820459 0.07209847596717468 0.061586638830897704
0 0.2731535756154748 0.5161795407098121 0.09261430246189918 0.06576200417536535
0 0.39487340062863185 0.15402109769794936 0.05487616209933568 0.09726282883481109
0 0.5240328253223916 0.49164926931106473 0.031652989449003514 0.1022964509394572
0 0.4298670524812229 0.32059662763318303 0.048536937720274086 0.06767075399669263
0 0.43003849053989923 0.27722253457030455 0.05146777007666356 0.06785301271011518
0 0.3603174176371821 0.19378649035922793 0.054415658135420035 0.06907911275965452
0 0.34372743363655395 0.07622179227707103 0.06653126871542352 0.0938164983440334
0 0.39831766612604597 0.07752906621993894 0.07411732143730096 0.09220268832669803
0 0.4498769873053372 0.10880452869824576 0.057834833269667735 0.13498692390575787
0 0.31096131301289565 0.008350730688935281 0.03458382180539273 0.016701461377870562
0 0.27637749120750293 0.019311064718162838 0.04630715123094959 0.038622129436325675
0 0.22596717467760843 0.027661795407098122 0.06740914419695193 0.055323590814196244
0 0.19870779065817745 0.10666057185322284 0.07097554806171313 0.11494848726516307
0 0.29454512767710106 0.15451321834835527 0.07512988046775967 0.11833517347230528
0 0.3170591144538043 0.11392932440793352 0.06625837747754741 0.07711503696616283
0 0.27770706030290926 0.4167858151142247 0.08099605570132228 0.19065183960584806
0 0.2017504714607227 0.4006112631981865 0.06989927674256945 0.15659278548178612
0 0.16231754397301051 0.42918601510365506 0.07996644096849605 0.16347551312412395
0 0.3334036581858801 0.4498937980659739 0.08144126603287816 0.11038541195289953
0 0.41178194607268465 0.4921711899791232 0.07209847596717468 0.11377870563674322
0 0.44724501758499413 0.5078288100208769 0.06213364595545135 0.0824634655532359
0 0.3728110021200415 0.41975328415633 0.08294392991120311 0.0948371471391993
0 0.3894036292256808 0.375880462966344 0.07463526509910978 0.08806377472491489
0 0.47772567409144195 0.5187891440501043 0.06330597889800703 0.060542797494780795
0 0.18095185165155045 0.2948022078834494 0.10615004685916776 0.18908774053293065
0 0.10389654423206492 0.30116137405063603 0.08607315810520746 0.14299965557131517
0 0.07622958542582767 0.3316166944427069 0.09532615913829075 0.17173014778673915
0 0.021101992966002344 0.25835073068893527 0.04220398593200469 0.15970772442588727
0 0.033704572098475966 0.3001043841336117 0.06740914419695193 0.19937369519832984
0 0.08803318965205223 0.1203349199053526 0.06433383156082564 0.13851941708363805
0 0.11788955095208813 0.18796423336558682 0.09365921082708505 0.14138584555397982
0 0.13650053033746928 0.08806364197992367 0.07658137723898299 0.09965538465025439
0 0.4681343074617905 0.05908122493156331 0.044348493909493435 0.062196385117316635
0 0.012895662368112544 0.1174321503131524 0.02579132473622509 0.10960334029227557
0 0.023561150402281048 0.08881755442998779 0.041724664195714294 0.08080327045399853
0 0.010257913247362251 0.02661795407098121 0.020515826494724502 0.05323590814196242
0 0.507327080890973 0.5130480167014614 0.06506447831184056 0.0720250521920668
0 0.39876661128914737 0.4641148780100407 0.07568193553430327 0.11628394254275602
0 0.1603260441264426 0.23548054376859923 0.09393837465575242 0.12263315324655992
0 0.08763188745603752 0.04175365344467641 0.06740914419695193 0.08350730688935282
0 0.858440797186401 0.48956158663883087 0.08499413833528723 0.11899791231732777
0 0.5756154747948418 0.24791231732776617 0.07151230949589683 0.16805845511482254
0 0.5714491957433616 0.14326967353060255 0.060111276345310084 0.13095736553202808
0 0.6128304906313391 0.1621167989330844 0.06264355495646107 0.14258542720005232
0 0.7147103393079046 0.11294024918250416 0.07893682623566994 0.13629918664239987
0 0.6572350500133374 0.09666130870802135 0.05462483708461095 0.15355735749975524
0 0.6199654482754884 0.0780809417748064 0.0703723258880681 0.11386819418636167
0 0.6301289566236812 0.04175365344467641 0.08323563892145369 0.08350730688935282
0 0.9706916764361079 0.0407098121085595 0.05861664712778429 0.081419624217119
0 0.6764361078546307 0.015657620041753653 0.06330597889800703 0.031315240083507306
0 0.10375146541617819 0.9311064718162839 0.07151230949589683 0.13778705636743216
0 0.038413813367607706 0.903219225731386 0.06538677458681066 0.13128543121618874
0 0.29316823165190364 0.9093198374647696 0.060339273066875816 0.10907314921625752
0 0.30879407527839803 0.824233509369508 0.057118493770243514 0.09114558778884761
0 0.3967737372171912 0.6066472462789937 0.051188606247996066 0.086605705017535
0 0.4745975376239716 0.9346089216106943 0.058740547565138995 0.08290421232796577
0 0.10048276065360515 0.6799299499661714 0.06795943719348778 0.10954702187115604
0 0.12039046660928122 0.8030352908122064 0.0682323284313636 0.1262484832490266
0 0.3112033344871981 0.7023526056417543 0.05591204942295332 0.0889850016312448
0 0.23738987939711167 0.6557426221362455 0.058410216629369995 0.09852538062703499
0 0.4386581753250025 0.6562876910969244 0.05899638310064784 0.09856183236971948
0 0.5219812426729191 0.6936325678496869 0.03575615474794842 0.09290187891440502
0 0.46072684642438455 0.9723382045929019 0.03751465416178194 0.055323590814196244
0 0.43903868698710435 0.9728601252609603 0.041031652989449004 0.054279749478079335
0 0.5000786180764253 0.5908189416701278 0.0370182767231243 0.07946781517640562
0 0.46033555165070694 0.6183680781108217 0.050830436498283955 0.06468503695907989
0 0.6648327668817943 0.7798835781587684 0.06468121819896204 0.1239420901206858
0 0.5556858147713951 0.7072025052192067 0.031652989449003514 0.11586638830897704
0 0.5814422524136471 0.6858036693321492 0.05478461099670773 0.12749777583951694
0 0.7469310653004305 0.723055510431125 0.05722082798444692 0.09740863580554908
0 0.7707753968617786 0.7638912407078223 0.05047677726935589 0.11471651760732259
0 0.7542900023357461 0.6886385684810847 0.052019825143206896 0.06580178178056592
0 0.7526688295758541 0.643286147974026 0.07585876514876723 0.09126820221863462
0 0.7696365767878077 0.5866388308977035 0.059788980070339975 0.07515657620041753
0 0.9821219226260258 0.8423799582463466 0.03575615474794842 0.12317327766179541
0 0.9296287658384661 0.7900617962790416 0.07311554551841756 0.10256819820249809
0 0.8944542670410115 0.7201509451626756 0.06649088471989734 0.12718296935708998
0 0.9551449440764233 0.7357074803843353 0.04070583257446391 0.09012493899368171
0 0.9302786445984288 0.722102754203389 0.041377277557578036 0.0953805974169508
0 0.6433177022274326 0.5861169102296451 0.045134818288393906 0.07411273486430063