0 0.40621336459554513 0.015657620041753653 0.06330597889800703 0.031315240083507306
0 0.32063305978898005 0.017745302713987474 0.05509964830011723 0.03549060542797495
0 0.5468933177022274 0.08350730688935282 0.04572098475967175 0.09394572025052192
0 0.55978898007034 0.04801670146137787 0.01992966002344666 0.09603340292275574
0 0.5376140748235307 0.197885657882335 0.06318554801457485 0.06454361358816574
0 0.5389800703399765 0.14613778705636743 0.0615474794841735 0.060542797494780795
0 0.4702619137264974 0.3169761280184103 0.04385651311894225 0.08688863216065089
0 0.5185194804519434 0.2887024957211093 0.04778141290831091 0.05780683729575056
0 0.3597181205072986 0.4164419610593372 0.04287367200070128 0.04931034406044213
0 0.48827667057444313 0.4462421711899791 0.04572098475967175 0.026096033402922755
0 0.3311840562719812 0.4509394572025052 0.035169988276670575 0.016701461377870562
0 0.3155171542101682 0.41297864435570425 0.04437361864933729 0.06187288073043834
0 0.45911275981280675 0.08157432800235347 0.06975865859475938 0.13671442832660594
0 0.3666196963197889 0.11891984978857273 0.06902152775607885 0.10853071225144936
0 0.35841013338010164 0.20850800151166032 0.0654627691297023 0.08443125992927708
0 0.2803367911449845 0.13190819319986316 0.047770186593572295 0.124558021852343
0 0.3084695494245236 0.2226260046573446 0.04782317270702028 0.08179696770814297
0 0.4039303565599438 0.29610986768248465 0.05983235603994809 0.07069733969508733
0 0.22969275529494163 0.37479143181982094 0.036862659091418774 0.06581138193704901
0 0.1212608036077074 0.3150076899888807 0.059151443656512884 0.08945004310859819
0 0.1882523932583416 0.36671282053599685 0.04427887273717993 0.08064380446224596
0 0.12661195779601406 0.025052192066805846 0.06096131301289566 0.05010438413361169
0 0.08558030480656506 0.019832985386221295 0.05275498241500586 0.03966597077244259
0 0.017291910902696366 0.07045929018789145 0.03458382180539273 0.08663883089770355
0 0.046172131368653016 0.06821619309428535 0.06283224933722004 0.09582241303507975
0 0.15502805884502363 0.08935958517060327 0.06217702192505946 0.0707702209682739
0 0.11195124444892081 0.0989898359641734 0.07002843767469558 0.05745536805490757
0 0.11194962827802211 0.14391145405379394 0.06454898895234426 0.0718869435775774
0 0.1499596999853951 0.20464028169748352 0.0458735652979733 0.07443541740043455
0 0.056576160470721976 0.17509796653988546 0.064685494663211 0.07710615025816195
0 0.04091342915848417 0.35899888647603156 0.052676311330283186 0.08820577827121806
0 0.049824150058616644 0.44676409185803756 0.05275498241500586 0.025052192066805846
0 0.11225087924970692 0.4462421711899791 0.04044548651817116 0.026096033402922755
0 0.01963657678780774 0.3987473903966597 0.03927315357561548 0.05636743215031315
0 0.014361078546307152 0.34603340292275575 0.028722157092614303 0.06993736951983298
0 0.01817116060961313 0.3068893528183716 0.03634232121922626 0.0709812108559499
0 0.13516256780898742 0.38909045277913307 0.040747415252976794 0.05758819347619059
0 0.1608792184469605 0.3815323059361033 0.04155199086164152 0.06595714448342264
0 0.10396727653411232 0.3593918086887491 0.04805442433004451 0.06824525065691966
0 0.8719226260257913 0.40970772442588727 0.07327080890973037 0.09916492693110647
0 0.9317116060961314 0.43475991649269313 0.0627198124267292 0.049060542797494784
0 0.7175640360455835 0.3383833419144669 0.07561870713663921 0.09204789469313901
0 0.6938186808014616 0.3042151657902653 0.04613373423406955 0.10677627850176201
0 0.6307151230949589 0.4232776617954071 0.0492379835873388 0.0720250521920668
0 0.5958382180539273 0.3684759916492693 0.05216881594372802 0.09812108559498957
0 0.6356404681193497 0.2407700544931064 0.060760594873842264 0.10618794512306216
0 0.6496562854020193 0.17591259767002976 0.07068366508685615 0.08250756012171342
0 0.6455555443594224 0.10840262830752223 0.07857684063520172 0.09318283762073938
0 0.6030239447213374 0.11961686142356434 0.0652732773053875 0.12197310739289256
0 0.6012220693378958 0.18851038960728042 0.05701072825225231 0.07478160344807144
0 0.5943728018757327 0.24843423799582465 0.0492379835873388 0.09603340292275574
0 0.5844079718640094 0.16649269311064718 0.029308323563892145 0.11795407098121086
0 0.5844079718640094 0.09081419624217119 0.029308323563892145 0.13778705636743216
0 0.9903282532239156 0.42849686847599167 0.019343493552168817 0.061586638830897704
0 0.992672919109027 0.36325678496868474 0.014654161781946073 0.0918580375782881
0 0.5929073856975381 0.4431106471816284 0.04630715123094959 0.032359081419624215
0 0.3499967502818921 0.5601188197763142 0.08478057771059641 0.12883742591338437
0 0.2148596502402985 0.7026971762022842 0.06519299004976616 0.16369032020097557
0 0.2428502896516015 0.765203941107164 0.07120238678814993 0.10234054550793471
0 0.12701335063334473 0.7866758406286728 0.0745555787627769 0.09618681940101335
0 0.47860492379835873 0.9545929018789144 0.06506447831184056 0.09081419624217119
0 0.5422039859320047 0.9441544885177453 0.05158264947245018 0.11169102296450939
0 0.5621336459554513 0.9603340292275574 0.015240328253223915 0.07933194154488518
0 0.09818288393903869 0.4791231732776618 0.06740914419695193 0.03966597077244259
0 0.02688090272603519 0.6002202491650496 0.0522828690251176 0.14034318412217334
0 0.05223379301658783 0.6626450226375945 0.0526233252168352 0.13096683241541787
0 0.03977571356792219 0.8137378217592447 0.07210170830897208 0.0919385727833589
0 0.035493474673951766 0.8653168663055483 0.046623538622291266 0.08071668573543278
0 0.22982692363101265 0.9042652343860248 0.058880048405678016 0.12386036656386293
0 0.19037150755935045 0.8539383794669109 0.06050204210864468 0.11869582083816843
0 0.13373096089733716 0.8662810869480081 0.0638134742845622 0.08855196431885479
0 0.03985932004689332 0.9608559498956158 0.0668229777256741 0.07828810020876827
0 0.09613130128956623 0.9394572025052192 0.04806565064478312 0.12108559498956159
0 0.1368698710433763 0.9561586638830898 0.049824150058616644 0.08768267223382047
0 0.19226260257913247 0.9681628392484343 0.053927315357561546 0.06367432150313153
0 0.22860492379835873 0.9739039665970772 0.05627198124267292 0.05219206680584551
0 0.015826494724501757 0.6623173277661796 0.031652989449003514 0.1409185803757829
0 0.005861664712778429 0.9326722338204593 0.011723329425556858 0.09916492693110647
0 0.8280725341496677 0.5504453889256803 0.08416872626804402 0.17262410107540455
0 0.7621143040335983 0.7620342493770306 0.06940374374650576 0.12314449095708623
0 0.7341308939505633 0.6880361196157162 0.0822994061146183 0.12354533795961312
0 0.6288674474855612 0.6529010812524517 0.0755127349097431 0.17757000298153894
0 0.6236256281882764 0.8533186177868987 0.05443642691501545 0.13310917604254174
0 0.671746776084408 0.9671189979123174 0.0668229777256741 0.06576200417536535
0 0.8417350527549824 0.975991649269311 0.05627198124267292 0.04801670146137787
0 0.7968933177022274 0.9347599164926931 0.07209847596717468 0.1304801670146138
0 0.9220398593200468 0.9848643006263048 0.05158264947245018 0.030271398747390398