0 0.04980595084087969 0.2008879165660222 0.09249676584734799 0.11800038165784832
0 0.22024579560155239 0.052298850574712646 0.08473479948253558 0.10459770114942529
0 0.26972833117723155 0.052873563218390804 0.08667529107373868 0.10574712643678161
0 0.3389391979301423 0.028160919540229885 0.07632600258732213 0.05632183908045977
0 0.07826649417852523 0.028160919540229885 0.09702457956015524 0.05632183908045977
0 0.039133247089262614 0.135632183908046 0.07826649417852523 0.10574712643678161
0 0.03880983182406209 0.06609195402298851 0.07761966364812418 0.11839080459770115
0 0.013260025873221216 0.2413793103448276 0.02652005174644243 0.13793103448275862
0 0.4291720569210867 0.14535150676917782 0.06791720569210867 0.19872465930748698
0 0.4670116429495472 0.08072543632085226 0.07309184993531695 0.11754374665045456
0 0.4776843467011643 0.15172413793103448 0.06403622250970246 0.135632183908046
0 0.5009702457956016 0.10574712643678161 0.017464424320827943 0.15632183908045977
0 0.473156532988357 0.03045977011494253 0.07309184993531695 0.06091954022988506
0 0.6649417852522639 0.38275862068965516 0.10478654592496765 0.13333333333333333
0 0.7283311772315654 0.35747126436781607 0.08926261319534282 0.1839080459770115
0 0.5818240620957309 0.3554239890518165 0.10802069857697283 0.16756109196261376
0 0.8560802069857697 0.39482758620689656 0.11966364812419146 0.10919540229885058
0 0.9556921086675291 0.41206896551724137 0.08861578266494179 0.07471264367816093
0 0.9802716688227684 0.37126436781609196 0.03945666235446313 0.15632183908045977
0 0.9404915912031048 0.349301859661326 0.06727037516170763 0.1457975607459377
0 0.9065329883570504 0.37528735632183907 0.07179818887451488 0.1482758620689655
0 0.8651358344113842 0.342320336334674 0.0724450194049159 0.11863963659465267
0 0.8108020698576973 0.37038052355077844 0.08861578266494179 0.1544607787943006
0 0.7590556274256145 0.23443346594597378 0.10025873221216042 0.1841600471550587
0 0.8570504527813713 0.21195504536553247 0.07697283311772316 0.1385546138818185
0 0.8515523932729625 0.11758250957548175 0.05627425614489004 0.1276460806019013
0 0.9013583441138422 0.10713844907183041 0.0795601552393273 0.14336645640387713
0 0.7661707632600259 0.14074112889537005 0.0705045278137128 0.14721466274908576
0 0.7102199223803364 0.12813055676822094 0.1073738680465718 0.20773744167692676
0 0.6267787839586029 0.16089868500116297 0.07761966364812418 0.11906791933991936
0 0.6183699870633894 0.23688200078406038 0.08214747736093143 0.15162657478800465
0 0.5501293661060802 0.2614954967286437 0.06338939197930142 0.1696142797214705
0 0.5284605433376456 0.2908045977011494 0.037516170763260026 0.19770114942528735
0 0.5358990944372575 0.38333333333333336 0.052393272962483826 0.13218390804597702
0 0.5873221216041398 0.027011494252873563 0.06080206985769728 0.054022988505747126
0 0.5973479948253557 0.10126557759762571 0.09055627425614489 0.12358690206515498
0 0.45051746442432083 0.9614942528735633 0.11836998706338939 0.07701149425287357
0 0.015847347994825355 0.9057471264367816 0.03169469598965071 0.11724137931034483
0 0.03040103492884864 0.8011494252873563 0.06080206985769728 0.12873563218390804
0 0.04398447606727038 0.9597701149425287 0.08796895213454076 0.08045977011494253
0 0.0944372574385511 0.9431034482758621 0.09702457956015524 0.11379310344827587
0 0.12710219922380336 0.9517241379310345 0.1054333764553687 0.09655172413793103
0 0.17173350582147479 0.9373563218390805 0.07826649417852523 0.12528735632183907
0 0.18628719275549807 0.8586677162684059 0.08408796895213454 0.14374120380598548
0 0.18305304010349288 0.7692802205704045 0.11448900388098318 0.15200449137120864
0 0.17787839586028462 0.6990188481432573 0.10866752910737387 0.13428129397243876
0 0.02166882276843467 0.6649425287356322 0.04333764553686934 0.11149425287356322
0 0.34152652005174644 0.9419540229885057 0.11901681759379043 0.11609195402298851
0 0.34411384217335056 0.8042257821929453 0.1034928848641656 0.1821288732961376
0 0.4925614489003881 0.782183908045977 0.03428201811125485 0.21954022988505748
0 0.5016170763260026 0.5419540229885057 0.016170763260025874 0.1367816091954023
0 0.4663648124191462 0.6481305908417676 0.0685640362225097 0.15739888430581767
0 0.4188227684346701 0.6825252086788476 0.09184993531694696 0.15587788079744874
0 0.3573738680465718 0.7042777329455557 0.07309184993531695 0.186509263891834
0 0.27652005174644245 0.6960271221047151 0.11254851228978008 0.20011974741069913
0 0.15329883570504527 0.5154210072752279 0.08990944372574386 0.13157934373349087
0 0.02652005174644243 0.5683908045977012 0.05304010349288486 0.12528735632183907
0 0.006791720569210867 0.5988505747126437 0.013583441138421734 0.1310344827586207
0 0.1073738680465718 0.4841645453751017 0.08279430789133248 0.059726087142657314
0 0.4165588615782665 0.5338620076672581 0.10155239327296249 0.15783033623217996
0 0.48382923673997413 0.4781609195402299 0.0517464424320828 0.05747126436781609
0 0.23447606727037515 0.4839080459770115 0.05886157826649418 0.06896551724137931
0 0.1759379042690815 0.48333333333333334 0.07632600258732213 0.067816091954023
0 0.18564036222509703 0.45977011494252873 0.0646830530401035 0.020689655172413793
0 0.24773609314359638 0.9252873563218391 0.0944372574385511 0.14942528735632185
0 0.30045278137128073 0.8917474638331442 0.08990944372574386 0.18100463108981268
0 0.30950840879689523 0.46954022988505745 0.06015523932729625 0.040229885057471264
0 0.7761966364812419 0.9459770114942528 0.09831824062095731 0.10804597701149425
0 0.8078913324708926 0.9110451148995744 0.1054333764553687 0.1742435023141185
0 0.7105433376455369 0.9298850574712644 0.1054333764553687 0.14022988505747128
0 0.7357697283311773 0.8308074091100043 0.12419146183699871 0.1746466019783538
0 0.8195342820181113 0.7681274557342187 0.07697283311772316 0.1810833495140024
0 0.880012936610608 0.7700184528730526 0.09573091849935317 0.20332552963800782
0 0.9870633893919794 0.9028735632183909 0.0258732212160414 0.18735632183908046
0 0.9860931435963778 0.5028735632183908 0.0278137128072445 0.10689655172413794
0 0.9718628719275549 0.5327586206896552 0.05627425614489004 0.16666666666666666
0 0.9317593790426908 0.5456206828916506 0.08408796895213454 0.18971821530023836
0 0.8771021992238034 0.5288800515724376 0.06080206985769728 0.12457255214194068
0 0.8415265200517464 0.5801003575151114 0.0685640362225097 0.12176670039777168
0 0.8311772315653299 0.6545201413964493 0.10090556274256145 0.16812162847522852
0 0.7706985769728332 0.6773417879357763 0.08214747736093143 0.17576450582248748
0 0.7108667529107374 0.7024087497066577 0.07309184993531695 0.1761644363056271
0 0.6565329883570504 0.6902390518652909 0.09184993531694696 0.1972571911422762
0 0.6319534282018111 0.6635377627213994 0.08279430789133248 0.126392753809324
0 0.6203104786545925 0.6259956517718126 0.08538163001293661 0.10131953886011824
0 0.565006468305304 0.7311476362555281 0.10155239327296249 0.16817516381838687
0 0.546248382923674 0.7942528735632184 0.07309184993531695 0.1632183908045977
0 0.5342820181112549 0.8718390804597701 0.04915912031047866 0.19655172413793104
0 0.5488357050452781 0.4747126436781609 0.07826649417852523 0.05057471264367816
0 0.5430142302716688 0.4942528735632184 0.0666235446313066 0.0896551724137931
0 0.53751617076326 0.5614942528735632 0.055627425614489 0.1
0 0.6714100905562742 0.45977011494252873 0.0646830530401035 0.020689655172413793
0 0.7153945666235446 0.478735632183908 0.07761966364812418 0.05862068965517241
0 0.6497412677878396 0.5017241379310344 0.06274256144890039 0.10459770114942529
0 0.7758732212160414 0.5820859189836131 0.07179818887451488 0.1277815035503449
0 0.7658473479948253 0.5040229885057471 0.07373868046571798 0.10919540229885058
0 0.8172703751617076 0.5 0.04980595084087969 0.10114942528735632
0 0.8622250970245796 0.47758620689655173 0.10866752910737387 0.05632183908045977