0 0.03169398907103825 0.055825242718446605 0.05683060109289618 0.11165048543689321
0 0.05038195685399226 0.2957989904077242 0.06102496515470437 0.09568959069816624
0 0.1255104134576084 0.32755819977963374 0.04866650145438784 0.11652907522032374
0 0.3297347752485588 0.26752910632084226 0.05092860009888264 0.1243864548644228
0 0.32240002782142785 0.34638415185456395 0.058915479099745614 0.10336619163659122
0 0.34883122291052 0.3547616761557722 0.04795790249057366 0.10000162351318236
0 0.5530054644808743 0.15776699029126215 0.013114754098360656 0.12718446601941746
0 0.5549180327868852 0.46067961165048543 0.009289617486338797 0.06699029126213592
0 0.47070359563144054 0.5530838567553193 0.030185415087378743 0.07015229509825252
0 0.48105549102589 0.6122736675971748 0.04490136030065072 0.066878928084272
0 0.47759562841530057 0.6577669902912622 0.04590163934426229 0.024271844660194174
0 0.5131147540983606 0.6563106796116505 0.033879781420765025 0.027184466019417475
0 0.5119487427460889 0.4168693847746937 0.050270458306507254 0.05739616360228689
0 0.3671979916287603 0.5162660906508962 0.03684771329186542 0.08110307480724921
0 0.3384550030547287 0.5762673762768078 0.051430122489292726 0.06423747478355994
0 0.32049180327868854 0.6509708737864077 0.053005464480874315 0.037864077669902914
0 0.2877831743696945 0.5591172801340245 0.03336872074350888 0.06057914126343048
0 0.2614010535834369 0.5735665884825034 0.03323518472766459 0.046986908253721746
0 0.23129056192222186 0.6058301791811657 0.03710801277391665 0.05199945855322555
0 0.16656293322250593 0.46134832844230916 0.04140052544139346 0.0997304554546711
0 0.26578956965698414 0.4329141748135282 0.04679823830778819 0.0931603123319093
0 0.06013971272678009 0.3598205728434093 0.07412064267937289 0.09429017924237343
0 0.21223503314485345 0.5700765173640567 0.03882366333097975 0.0598342408591155
0 0.20312463970237463 0.6070936007294074 0.0377498437298085 0.06173079375551256
0 0.09468455028294186 0.4326373244588786 0.042963563408920394 0.09203125717803678
0 0.09461100972538218 0.49576671791359267 0.0524848655167721 0.06039917431434757
0 0.09885997956444174 0.536250057424294 0.050750138386016865 0.050622644435641864
0 0.11830601092896174 0.6320388349514563 0.04316939890710383 0.07572815533980583
0 0.09918032786885246 0.6475728155339806 0.04316939890710383 0.04466019417475728
0 0.040983606557377046 0.6485436893203883 0.05136612021857923 0.04271844660194175
0 0.015300546448087432 0.4587378640776699 0.030601092896174863 0.07475728155339806
0 0.013934426229508197 0.4097087378640777 0.027868852459016394 0.11262135922330097
0 0.04298320715614764 0.43681255560975235 0.03945595600002572 0.06859470227499452
0 0.4962208350027614 0.2093388547780378 0.05098859555716738 0.07489448909583615
0 0.4658800415886376 0.23722221476876046 0.04009778695591751 0.07832603747728153
0 0.4978452512971773 0.29439199911065905 0.03855382556208258 0.08796698332673161
0 0.5255839540151681 0.28097005789411117 0.04346232006212189 0.08719948558420706
0 0.5448087431693989 0.22330097087378642 0.029508196721311476 0.07766990291262135
0 0.5355191256830601 0.1669902912621359 0.048087431693989074 0.0912621359223301
0 0.5931693989071039 0.0354368932038835 0.06721311475409836 0.070873786407767
0 0.5918032786885246 0.09951456310679611 0.06448087431693988 0.129126213592233
0 0.5789617486338798 0.27621359223300973 0.03879781420765027 0.12330097087378641
0 0.5650273224043716 0.3300970873786408 0.01092896174863388 0.0854368932038835
0 0.7149616003142111 0.28745657974871663 0.06558731559107822 0.11528784513199568
0 0.6403360489696093 0.34361794139223334 0.06460887885836712 0.12689313589247042
0 0.6768363771225892 0.41214485165260023 0.05670107188948089 0.10036318092453098
0 0.589344262295082 0.38689320388349513 0.059562841530054644 0.09611650485436893
0 0.6261802387364281 0.42121964641193127 0.05705675423999215 0.08096830253458477
0 0.6383540887118516 0.4897118489083929 0.059788994677150625 0.08108128922563126
0 0.6010416233083559 0.47602800891096037 0.053739912568017856 0.07694922335969807
0 0.5748633879781421 0.48009708737864076 0.030601092896174863 0.070873786407767
0 0.6077509924094621 0.5442942380253293 0.05450574125290805 0.09930191778528584
0 0.5743169398907104 0.5349514563106796 0.029508196721311476 0.0912621359223301
0 0.7325120831761228 0.42076045976159704 0.05406421432078257 0.10995893209756215
0 0.7603924773281996 0.36509421016720656 0.06763003363811478 0.10081512768871655
0 0.8088928210937761 0.380697606277541 0.051255667588855955 0.10207895511525351
0 0.8400069780734216 0.38538371280789707 0.055808479738383876 0.12070633576267539
0 0.7725090975825468 0.4394116553821149 0.06251169682746315 0.08022340213026978
0 0.7149412826652987 0.45645641059829606 0.04952094045810072 0.09230242523654802
0 0.7465174260193659 0.49758418012625727 0.07027642949365903 0.09219025030209292
0 0.7612204466709729 0.5312153156648765 0.0646784126034978 0.0783720439102914
0 0.740983606557377 0.6402912621359224 0.041530054644808745 0.059223300970873784
0 0.8868852459016393 0.6533980582524271 0.03825136612021858 0.03300970873786408
0 0.5702185792349727 0.6199029126213592 0.021311475409836064 0.06504854368932039
0 0.5985561372539734 0.6177303870500759 0.052580248385232384 0.07010791217842524
0 0.6177724340391199 0.6092979929165268 0.03448069349206427 0.06256608351266471
0 0.823224043715847 0.629126213592233 0.0453551912568306 0.08155339805825243
0 0.9639344262295082 0.6461165048543689 0.04590163934426229 0.04757281553398058
0 0.9852459016393442 0.6203883495145631 0.029508196721311476 0.05242718446601942
0 0.9688524590163935 0.5820388349514564 0.06229508196721312 0.09805825242718447
0 0.9191256830601093 0.6466019417475728 0.046994535519125684 0.04660194174757282
0 0.9087608097399199 0.6208456386197635 0.05415282463960525 0.06337958768819846
0 0.8956065196255709 0.5965055960666458 0.03998332751376535 0.06667555204038833
0 0.8672131147540983 0.6359223300970874 0.04371584699453552 0.06796116504854369
0 0.9699453551912568 0.36893203883495146 0.060109289617486336 0.10097087378640776
0 0.32178714867691666 0.7583913900864305 0.09403800354770199 0.17566361035154276
0 0.36065573770491804 0.753883495145631 0.0994535519125683 0.1679611650485437
0 0.17841530054644808 0.9432038834951456 0.10327868852459017 0.11359223300970873
0 0.4224515842747032 0.9174714612636042 0.048418505996391394 0.0912863567737218
0 0.5172131147540984 0.7218446601941747 0.03224043715846994 0.10388349514563107
0 0.5219234504299695 0.8084321860247695 0.03731785508452909 0.07335868185419636
0 0.5301277066220764 0.8636481123681568 0.03467145922898483 0.08198355924081993
0 0.535926789866998 0.9411037464460856 0.03707663217616999 0.10440404568103562
0 0.5218579234972678 0.9723300970873786 0.046994535519125684 0.05533980582524272
0 0.4360655737704918 0.9815533980582525 0.04918032786885246 0.036893203883495145
0 0.9748633879781421 0.8155339805825242 0.05027322404371585 0.11844660194174757
0 0.6607690978652336 0.833897904859051 0.07137609821815989 0.14852352725195264
0 0.6054644808743169 0.7286407766990292 0.08743169398907104 0.11747572815533981
0 0.566120218579235 0.7548543689320388 0.013114754098360656 0.10388349514563107
0 0.5699453551912569 0.9310679611650485 0.020765027322404372 0.10485436893203884
0 0.5844262295081967 0.9839805825242719 0.04972677595628415 0.03203883495145631
0 0.5699453551912569 0.9810679611650486 0.020765027322404372 0.037864077669902914