0 0.35801021686292167 0.2982232760085645 0.06336687134981281 0.12320067310623677
0 0.05955056179775281 0.3995 0.05056179775280899 0.081
0 0.021629213483146066 0.428 0.04325842696629213 0.024
0 0.12252331276163568 0.08566255780369966 0.0518170925854682 0.09861873254146644
0 0.008426966292134831 0.1395 0.016853932584269662 0.071
0 0.059988175812634506 0.15487459361274727 0.06011329899920102 0.0890551879650443
0 0.06491312598519379 0.10216556389513244 0.043363974317653015 0.09618227711788858
0 0.08951454321822747 0.09444583313762724 0.04340320228117361 0.09918227711788859
0 0.09662921348314607 0.021 0.05056179775280899 0.042
0 0.12078651685393259 0.0075 0.046067415730337076 0.015
0 0.2692183759083024 0.14122778514571382 0.057069412178352034 0.11388060579561307
0 0.24606741573033708 0.042 0.058426966292134834 0.084
0 0.274438202247191 0.0205 0.06123595505617978 0.041
0 0.7264044943820225 0.4225 0.06179775280898876 0.035
0 0.8019662921348315 0.4015 0.052247191011235955 0.077
0 0.7513501148177779 0.28912444250116254 0.06962463283343324 0.086549837445099
0 0.7462668436181774 0.20092076330349296 0.053410953929013745 0.09170602362618195
0 0.5584269662921348 0.394 0.04269662921348315 0.092
0 0.525 0.392 0.042134831460674156 0.096
0 0.5455495431842449 0.30744583313762724 0.04201808701875162 0.07912408306141173
0 0.6097105268599127 0.1693647339556528 0.04988325555807746 0.07953144145675083
0 0.5579403745426843 0.18167325884359015 0.05365892797365797 0.06773512065442049
0 0.9853932584269663 0.129 0.029213483146067417 0.09
0 0.9572545897675533 0.21434669740705567 0.03423137440646683 0.08471672466607243
0 0.9831460674157303 0.2155 0.033707865168539325 0.089
0 0.9730337078651685 0.404 0.05393258426966292 0.072
0 0.8547928192677531 0.2999782956970495 0.052052460366591856 0.11661873254146644
0 0.8127492848598005 0.28331056709328006 0.05569737290377029 0.09482241173913598
0 0.8691011235955056 0.039 0.035955056179775284 0.078
0 0.8289325842696629 0.0315 0.04325842696629213 0.063
0 0.8533707865168539 0.0215 0.030337078651685393 0.043
0 0.8309537638396131 0.12985806010986664 0.04271064464996261 0.08915318008965016
0 0.9654494382022472 0.0195 0.039887640449438204 0.039
0 0.9310441214436954 0.03461007370691874 0.04451325207463173 0.0552695682026042
0 0.977808988764045 0.324 0.044382022471910115 0.108
0 0.29708620661762825 0.8157714306880717 0.059630426897752956 0.1379969939085672
0 0.37430023793494405 0.7743013690991061 0.055985044636254776 0.11682241173913599
0 0.4012653557589765 0.6682707690251511 0.07359644506661675 0.08975351664276855
0 0.3127749671111612 0.5987316326199427 0.07231640743123603 0.12066622555805293
0 0.19411306341910137 0.7334903200627809 0.07185874785682896 0.08566622555805294
0 0.17286187927252206 0.6539428270461943 0.042919860455405794 0.10515318008965016
0 0.011797752808988765 0.954 0.02359550561797753 0.08
0 0.011516853932584269 0.7115 0.023033707865168538 0.051
0 0.009550561797752809 0.7745 0.019101123595505618 0.051
0 0.0050561797752808986 0.8115 0.010112359550561797 0.061
0 0.026097246814332353 0.8077321145629875 0.049883725282397075 0.12250234442851252
0 0.06150381609129866 0.8320506788278949 0.04649939305338329 0.07835685928731982
0 0.10772160568179806 0.8459366351434533 0.06092307079665417 0.06511338202152138
0 0.08360936368197278 0.7837291084715549 0.03952292196287151 0.10297859792021904
0 0.14709881288114882 0.7660316211766264 0.05061504115280904 0.09256053848498937
0 0.1212166534262549 0.7402077063917738 0.055017891260399535 0.08579331471089745
0 0.11252139452123618 0.6977857994823153 0.053254042074931396 0.07970602362618207
0 0.1049758830975158 0.657422086629334 0.039483224275031245 0.05700769494845758
0 0.1378996587199627 0.6421388112954064 0.0347800961714357 0.08374582169431097
0 0.06347966128157316 0.5108707461385186 0.03195803141955059 0.08260033655311838
0 0.012078651685393259 0.527 0.024157303370786518 0.058
0 0.3623231409441948 0.5023649136755283 0.029567474266392064 0.1144548514119258
0 0.39099491004353326 0.5483197650874542 0.038751908404619215 0.0869495008919805
0 0.13647414118322113 0.5116533598095256 0.03677884341370789 0.06486220980726501
0 0.47724719101123597 0.646 0.025280898876404494 0.134
0 0.6205056179775281 0.9585 0.06123595505617978 0.083
0 0.5438202247191011 0.982 0.0651685393258427 0.036
0 0.49859550561797755 0.9535 0.01741573033707865 0.093
0 0.6775453933943572 0.8507983630076732 0.05548862682264672 0.12179331471089745
0 0.6167271653625844 0.8151704324720327 0.04555886137752815 0.09229866523084275
0 0.5560203180896132 0.8095279534222729 0.07138848201890152 0.09263712852981439
0 0.7647146375459927 0.7763665964411202 0.04491860769767785 0.0862695682026042
0 0.8022259711409117 0.9187142577342658 0.05333296772629218 0.12867692659794336
0 0.8269662921348314 0.967 0.04943820224719101 0.066
0 0.909705867763271 0.9377717901278224 0.047427318465717815 0.10638595631555836
0 0.8415058130179403 0.8957655982250813 0.04804142016988776 0.11041505334379678
0 0.8570388359681899 0.774153057586356 0.06688102400858936 0.09140435230390631
0 0.840562932720487 0.6948528893097968 0.05312328219652939 0.06970602362618206
0 0.8162956577638578 0.7925289745249444 0.04733531682651691 0.05641505334379678
0 0.9204435261085644 0.7714410217773083 0.045101671527440684 0.1002695682026042
0 0.9589729078577405 0.8199050711834082 0.05476991721575538 0.10976421768265902
0 0.9700706255929589 0.7240452058046556 0.04656477299258436 0.08335685928731983
0 0.9545812548407118 0.6557886830704541 0.05476944749143564 0.0667933147108975
0 0.8721982538163545 0.5380987110041078 0.034348588572709234 0.05074582169431096
0 0.8409078023631337 0.5709547289086316 0.050771483282571785 0.0615896355132279
0 0.7707678423208116 0.5523321488929364 0.036595779583945186 0.05086220980726502
0 0.7513930624293009 0.61628465587635 0.05635023284714121 0.058880605795613064
0 0.6565601532390637 0.5983818066181599 0.03163113172354558 0.05760033655311838
0 0.7351525269627216 0.5549844875997907 0.03436166456054947 0.05174582169431096
0 0.9504901146818476 0.4931868434716193 0.04142966756594254 0.03412408306141168
0 0.9093938848058302 0.4845627604102076 0.044630466240873884 0.02129866523084276
0 0.9575389734298002 0.5170360078104814 0.04613326539385776 0.05035685928731979
0 0.9893258426966293 0.774 0.021348314606741574 0.076
0 0.9800561797752809 0.6465 0.039887640449438204 0.097
0 0.9918539325842697 0.5105 0.016292134831460674 0.055
0 0.5982170065570911 0.49442845825195053 0.04452632806247197 0.05626956820260423
0 0.6820500330587516 0.5942057214030124 0.03245444923315857 0.07762943358135692
0 0.7097481107883147 0.6086314757866996 0.029540852566392103 0.06948394844016434
0 0.9839887640449438 0.5505 0.03202247191011236 0.085