0 0.1794736842105263 0.4854868913857678 0.06315789473684211 0.047752808988764044
0 0.2023684210526316 0.4344569288389513 0.06789473684210526 0.149812734082397
0 0.33131578947368423 0.4499063670411985 0.06578947368421052 0.11891385767790262
0 0.27659186118129175 0.42987131187660954 0.07812170240878817 0.1231851826012056
0 0.2495910788167212 0.3362924511951246 0.04589395447753448 0.10113195655657169
0 0.18697787258535647 0.33997312603494484 0.0702637109986905 0.1279851353052789
0 0.3886842105263158 0.48735955056179775 0.06263157894736843 0.04400749063670412
0 0.4413157894736842 0.48220973782771537 0.05947368421052632 0.054307116104868915
0 0.4813157894736842 0.43258426966292135 0.057368421052631575 0.11235955056179775
0 0.48210526315789476 0.3562734082397004 0.05578947368421053 0.0852059925093633
0 0.4001112703675268 0.321631774138556 0.05451710698515566 0.13290339277335048
0 0.44846820286107697 0.2862111111015677 0.043831560990315425 0.10746812371960551
0 0.48630169731650286 0.29164788782643775 0.041591564581726026 0.08665073283020476
0 0.5028947368421053 0.30102996254681647 0.014210526315789474 0.07958801498127341
0 0.49657894736842106 0.2340823970037453 0.026842105263157896 0.09176029962546817
0 0.4092823578679439 0.24629374458494666 0.047387162504604646 0.08818694728916529
0 0.31554896906429997 0.3037265139912408 0.07497605614928178 0.12473063184762889
0 0.32273403169286236 0.2505831022149207 0.07370295197828886 0.09091369670255404
0 0.09605263157894736 0.48642322097378277 0.09210526315789473 0.04588014981273408
0 0.13025157475293583 0.4487773569671108 0.08431500710911355 0.10511301070011923
0 0.11024888136957094 0.3708480417342731 0.0701167292706599 0.10551322519291935
0 0.12222284213207409 0.30925501356541574 0.07949242566249926 0.09151358157349948
0 0.07187663827935095 0.4075733639642111 0.038299305330158406 0.14619408154528918
0 0.035789473684210524 0.4302434456928839 0.049473684210526316 0.15823970037453183
0 0.014473684210526316 0.477059925093633 0.02894736842105263 0.06460674157303371
0 0.01263157894736842 0.41058052434456926 0.02526315789473684 0.1544943820224719
0 0.007368421052631579 0.2401685393258427 0.014736842105263158 0.08707865168539326
0 0.02026315789473684 0.18679775280898878 0.04052631578947368 0.07397003745318352
0 0.07549189500486184 0.09608017098442653 0.04852553342490302 0.10140463149791056
0 0.10951869416061312 0.12062528438747057 0.04425376472243418 0.09160505571161853
0 0.12563275249422443 0.06936376657464334 0.0579502237260858 0.09489562458261067
0 0.028637725632352635 0.06257153932577811 0.055697978840160575 0.07220557451718003
0 0.03009094174009635 0.12183759570579222 0.04676898313511174 0.07408746848067276
0 0.1581578947368421 0.025280898876404494 0.04368421052631579 0.05056179775280899
0 0.17740749113203505 0.07429169569843232 0.040594051150790046 0.09496862914580408
0 0.18507544677544197 0.1483527704214803 0.04836017898086862 0.07612373262150605
0 0.146354306449134 0.19821397437776195 0.04225261362189437 0.10730451875480211
0 0.2621259605212943 0.06832055135136553 0.041597688820394114 0.08758706241821977
0 0.2823684210526316 0.01544943820224719 0.05210526315789474 0.03089887640449438
0 0.22263157894736843 0.00749063670411985 0.03894736842105263 0.0149812734082397
0 0.3284752489396676 0.09653423488605382 0.06575922122683982 0.08260503517441754
0 0.3975512263727471 0.06972723007466074 0.04196477440450125 0.06329702811809802
0 0.4494208907099107 0.06014205058421751 0.050502187570771066 0.08195985010266707
0 0.44526315789473686 0.017322097378277154 0.05578947368421053 0.03464419475655431
0 0.4055263157894737 0.017322097378277154 0.038421052631578946 0.03464419475655431
0 0.21917322777982823 0.041425379190821184 0.034663719977217004 0.07283316375051396
0 0.7276963644209321 0.39492960773704106 0.05431500710911354 0.1020045163688562
0 0.6532806761097667 0.43398608228129926 0.05540438412006863 0.10773156387348151
0 0.7760597898891193 0.2781028055310172 0.0421729985192111 0.09513223411060741
0 0.6983610286843881 0.25621143697816845 0.03975576792522062 0.1276310947497929
0 0.6914121179805103 0.19283635003489114 0.05045319366142753 0.07446921339854715
0 0.8869688705953391 0.2081298587438482 0.040600175389458135 0.09590495873381905
0 0.9137681061878216 0.21190288145829655 0.03473721084123243 0.08406911880669374
0 0.8566592278066391 0.33899280685088845 0.06864801819826186 0.12220355281238568
0 0.9043887945726946 0.3190761170044152 0.04585108480685904 0.09457764944046682
0 0.938271858487734 0.32539007093530103 0.04176916750309637 0.11380429088263921
0 0.9400194067875078 0.2592424975095754 0.04834180626486494 0.07331474385746112
0 0.975 0.21348314606741572 0.05 0.10674157303370786
0 0.99 0.4157303370786517 0.02 0.12172284644194757
0 0.5202631578947369 0.3937265917602996 0.020526315789473684 0.0945692883895131
0 0.7042105263157895 0.008895131086142321 0.04736842105263158 0.017790262172284643
0 0.7389950717545043 0.11492176071975674 0.05501243284532034 0.0478064702405227
0 0.7934210526315789 0.026685393258426966 0.045789473684210526 0.05337078651685393
0 0.906578947368421 0.028089887640449437 0.04263157894736842 0.056179775280898875
0 0.5719784256893101 0.15889474525906827 0.04574697274950411 0.07866004644421214
0 0.9237654128044566 0.13086507189419566 0.04257070529665821 0.07552384775056062
0 0.9517671394552663 0.15182385451625174 0.03948630142383129 0.08643259287713372
0 0.9526315789473684 0.017790262172284643 0.03263157894736842 0.035580524344569285
0 0.8664767912224929 0.0844021961806781 0.05973090223457994 0.04548829637088778
0 0.862343002258037 0.03289945144612272 0.04507979947066767 0.0570699309315998
0 0.04736842105263158 0.5426029962546817 0.04736842105263158 0.06647940074906367
0 0.24710526315789474 0.9798689138576779 0.06368421052631579 0.040262172284644196
0 0.2239415407819504 0.9157643457536724 0.06987788396261031 0.06899637126033507
0 0.2168421052631579 0.9639513108614233 0.07789473684210527 0.07209737827715355
0 0.09983874174680354 0.791544120823074 0.06847041527689152 0.09504999475995121
0 0.17758760306878565 0.5645354239287411 0.05615080376561884 0.06102415444926797
0 0.1755263157894737 0.5337078651685393 0.057368421052631575 0.04868913857677903
0 0.2991097729773343 0.9224789510456127 0.05209338341652782 0.0839961142435003
0 0.2563901300412189 0.7795334449594785 0.06675673465777579 0.07428713885881828
0 0.16636544871856251 0.8328391510958383 0.04167730392307739 0.0997593470624145
0 0.22464582822876344 0.8080864431319496 0.050385827036080195 0.06416958793038235
0 0.177828773024231 0.6884900243641905 0.04890486748634622 0.07898725637381881
0 0.13329366205904067 0.7426964315434776 0.0746453472612132 0.0741688340948199
0 0.22852313664110385 0.7379754114010929 0.04626104006164185 0.07684192225645
0 0.3981578947368421 0.9887640449438202 0.05842105263157895 0.02247191011235955
0 0.47078947368421054 0.9578651685393258 0.04894736842105263 0.08426966292134831
0 0.42350996632384524 0.9208173813764637 0.051132615417599676 0.0979319880871896
0 0.3897646977788346 0.8934360117152409 0.047069070829840805 0.11996761829340705
0 0.34421406940267363 0.8616637017619531 0.06360496415960178 0.07489625851722659
0 0.34844278406648255 0.8986533378822762 0.07208113493919212 0.08419578462164583
0 0.3518177205400673 0.9455562371591583 0.05896610987302545 0.08938671703105627
0 0.412072613916725 0.7395419514319691 0.06791960253274594 0.09125014141962348
0 0.35548178680693726 0.6668073122657642 0.04840917289021203 0.08361436932562591
0 0.49078947368421055 0.9817415730337079 0.038421052631578946 0.03651685393258427
0 0.6960919982579166 0.9209458552185514 0.06313989075680734 0.08420501940910848
0 0.5538368756206418 0.9183754721667075 0.04640189755100443 0.09837750278079435
0 0.9928947368421053 0.9194756554307116 0.014210526315789474 0.09363295880149813
0 0.9894736842105263 0.8352059925093633 0.021052631578947368 0.10486891385767791
0 0.9779775262957037 0.7644833475135222 0.03700170420449324 0.10863182804815451
0 0.92095800247916 0.7572917795083661 0.0505511814801146 0.08945048680678705
0 0.9955263157894737 0.7467228464419475 0.008947368421052631 0.09831460674157304
0 0.9921052631578947 0.6919475655430711 0.015789473684210527 0.0749063670411985
0 0.9290000897852649 0.6535320349909693 0.03481070170524761 0.09530507386287351
0 0.9579382718483157 0.6519371050182642 0.0348780683305947 0.1056046993310383
0 0.9844736842105263 0.6395131086142322 0.03105263157894737 0.07303370786516854
0 0.983421052631579 0.5660112359550562 0.03315789473684211 0.09082397003745318
0 0.9515789473684211 0.5280898876404494 0.04 0.03745318352059925
0 0.9540341418339078 0.565322000733147 0.04523902967603422 0.08141450021998926
0 0.911578947368421 0.5313670411985019 0.037894736842105266 0.04400749063670412
0 0.7881578947368421 0.5374531835205992 0.03315789473684211 0.056179775280898875
0 0.7343279209219843 0.5834087103948681 0.060893770109550084 0.06245129893169297
0 0.6511725352005225 0.7122617881186998 0.04435175254112126 0.10658632911985834
0 0.632381519233487 0.6501137384114474 0.04434562830245329 0.10564999953184336
0 0.683302664049058 0.6247200259012852 0.04695271029514994 0.10217735612112219
0 0.5509618020704322 0.6342220923045631 0.04418639809708679 0.08130543024345374
0 0.5221052631578947 0.7392322097378277 0.024210526315789474 0.08707865168539326
0 0.5255263157894737 0.6044007490636704 0.03105263157894737 0.0945692883895131
0 0.7481578947368421 0.5341760299625468 0.057368421052631575 0.04962546816479401
0 0.716842105263158 0.547752808988764 0.04 0.07677902621722846
0 0.5373684210526316 0.5177902621722846 0.03684210526315789 0.016853932584269662
0 0.5513157894736842 0.5313670411985019 0.03105263157894737 0.04400749063670412