0 0.562415196743555 0.11835748792270531 0.054274084124830396 0.20531400966183574
0 0.012890094979647219 0.051932367149758456 0.025780189959294438 0.10386473429951691
0 0.17028493894165536 0.02717391304347826 0.09497964721845319 0.05434782608695652
0 0.22455902306648576 0.022342995169082124 0.10176390773405698 0.04468599033816425
0 0.25848032564450474 0.06280193236714976 0.1112618724559023 0.12560386473429952
0 0.3056309362279512 0.036231884057971016 0.0807327001356852 0.07246376811594203
0 0.4837177747625509 0.07306763285024155 0.1248303934871099 0.1461352657004831
0 0.385685210312076 0.042270531400966184 0.09837177747625508 0.08454106280193237
0 0.6109226594301221 0.1497584541062802 0.042740841248303935 0.15217391304347827
0 0.6453375255003803 0.12874196004264768 0.06464567574894589 0.16429421347674938
0 0.8385345997286295 0.18115942028985507 0.07191316146540028 0.0966183574879227
0 0.8931478968792401 0.20048309178743962 0.07394843962008141 0.057971014492753624
0 0.9528493894165536 0.18780193236714976 0.07666214382632293 0.08333333333333333
0 0.973202170963365 0.09541062801932366 0.05359565807327001 0.15217391304347827
0 0.9289261116920168 0.09598993640772134 0.062088092000767585 0.11837238726064046
0 0.8597656845473738 0.0830901061817406 0.06694860333977297 0.14864994320365327
0 0.8188240702187908 0.09914107325708582 0.06844671207429692 0.12816070185148812
0 0.8616010854816825 0.01932367149758454 0.06919945725915876 0.03864734299516908
0 0.31002594229269403 0.6831072238673267 0.08446128787559996 0.14418440865075008
0 0.5003392130257802 0.24154589371980675 0.06309362279511534 0.024154589371980676
0 0.20236808504169843 0.6500967426820842 0.09802980890680756 0.1444654727442062
0 0.25132717472793054 0.4869487115194309 0.06565307709115849 0.0991330349910928
0 0.5172998643147897 0.2614734299516908 0.05495251017639077 0.0640096618357488
0 0.12519844917040848 0.35698962253645466 0.06604711933204746 0.08827752297837436
0 0.036635006784260515 0.24396135265700483 0.06784260515603799 0.028985507246376812
0 0.43127186077122026 0.8208111553611506 0.10227322004875852 0.1252401736793313
0 0.06805173455947545 0.3238183756307373 0.06898201094658894 0.09678784207725881
0 0.5007482699277205 0.8457882802731217 0.09416370563121992 0.12627926469185657
0 0.43865181073969 0.7141378954602282 0.08392411845544263 0.1236530076845665
0 0.06701185002027472 0.5821108700571932 0.0673575094073221 0.1124461655550278
0 0.5045594937100691 0.6545458511609213 0.07527743461774684 0.10416069773090833
0 0.5603799185888738 0.8580917874396136 0.05834464043419267 0.11714975845410629
0 0.32903663500678426 0.24516908212560387 0.051560379918588875 0.03140096618357488
0 0.2837001654478494 0.4284726277917187 0.0771231235653135 0.0969564805333325
0 0.27882203473851647 0.5659781221535984 0.07546702382486102 0.11140707454250254
0 0.10481682496607869 0.2427536231884058 0.06716417910447761 0.026570048309178744
0 0.560719131614654 0.9541062801932367 0.057666214382632294 0.09178743961352658
0 0.3775664939896025 0.6211348536425038 0.07235927737773053 0.1222063737365297
0 0.4770581370600856 0.6141427037149138 0.0701344100159349 0.11491783731091712
0 0.4617823778909166 0.5226921179469033 0.06664748515457608 0.11122438288175603
0 0.5817503392130258 0.8556763285024155 0.015603799185888738 0.10990338164251208
0 0.1620518375411713 0.28834621075836026 0.05284104234054303 0.07593321740360065
0 0.4811621118403684 0.4470478373723576 0.054261090846035386 0.07837678275014434
0 0.5319930278661487 0.7830640635983035 0.06842997769977145 0.10160470674698212
0 0.46743554952510175 0.26992753623188404 0.048846675712347354 0.08091787439613526
0 0.5177264903089273 0.45806538430544463 0.05487632049522417 0.07597537701761908
0 0.2447668571642941 0.35282750108391053 0.06314382591869161 0.08097493334808892
0 0.5450782734183752 0.7259990577403149 0.07106375112911605 0.07268946552396931
0 0.48208215049235403 0.36558933766295054 0.05867922736844036 0.0917461261327706
0 0.30834656126018817 0.48933691018054576 0.06699319481975377 0.07260514629593257
0 0.18747145400862764 0.35284773475765735 0.060461719913635734 0.0821264499979967
0 0.07665013609959075 0.5358381367908953 0.058411577932294276 0.10743255601988516
0 0.3751798442480179 0.2837079726134655 0.04525196296863597 0.07094771427780364
0 0.36702849389416553 0.24094202898550723 0.050203527815468114 0.022946859903381644
0 0.40798226678387206 0.5396838036020642 0.05191170122736189 0.11816158919054846
0 0.2901256727413498 0.32419374702098513 0.05777961390857986 0.08327796664790452
0 0.543283672590187 0.61853221484201 0.06293937288491681 0.09907682217240169
0 0.6204206241519674 0.532608695652174 0.06173677069199457 0.16183574879227053
0 0.6676261645067832 0.5236922683480658 0.07592613301598658 0.15487128220739488
0 0.717470939100148 0.42031279267639193 0.05150092461194759 0.10246110609876102
0 0.7561078055681693 0.588293010913335 0.07340201801685924 0.1620614462002978
0 0.8041886925387293 0.5729934672213538 0.07463247731523712 0.15725863473524745
0 0.8922037924956596 0.6068041349396839 0.06391891712167454 0.13651643569897173
0 0.8225898175253563 0.4858617034904444 0.05470346566263532 0.09528499531053082
0 0.9166522821917517 0.8674352187442687 0.07439642608027698 0.17415279409096104
0 0.9681139755766621 0.8128019323671497 0.06377204884667571 0.17391304347826086
0 0.9738805970149254 0.964975845410628 0.05223880597014925 0.07004830917874397
0 0.9467166833991176 0.4485994472888092 0.07015114439046054 0.141473832415423
0 0.6845318860244234 0.2469806763285024 0.06377204884667571 0.035024154589371984
0 0.6305970149253731 0.24939613526570048 0.045454545454545456 0.03985507246376811
0 0.7167571234735414 0.2530193236714976 0.05088195386702849 0.04710144927536232
0 0.7740841248303935 0.24033816425120774 0.05563093622795115 0.021739130434782608
0 0.7879919091655115 0.3167580750129392 0.04905486984185216 0.08671846339295514
0 0.8313414834236069 0.3538682843629607 0.053093827950028795 0.08559505315239292
0 0.8381043834731527 0.4179833452337556 0.08008961338104079 0.10667452910081603
0 0.9415457514137202 0.34166620310143997 0.06096729113260727 0.10145012149558125
0 0.9382632293080054 0.26207729468599034 0.04613297150610583 0.06521739130434782
0 0.9833785617367707 0.24758454106280192 0.03324287652645862 0.036231884057971016
0 0.7557648514466588 0.4844774628301729 0.07503951283492125 0.06915059634620924
0 0.7725740083691374 0.4401638824158379 0.06599878675633633 0.060513798405269346
0 0.9888059701492538 0.3967391304347826 0.022388059701492536 0.08091787439613526