0 0.2691790040376851 0.33376934906021577 0.10363391655450875 0.07974811269290383
0 0.04542395693135935 0.16566985645933013 0.0908479138627187 0.17822966507177032
0 0.12113055181695828 0.07775119617224881 0.08075370121130551 0.15550239234449761
0 0.19549125168236878 0.037679425837320576 0.08681022880215343 0.07535885167464115
0 0.2668236877523553 0.030502392344497607 0.11238223418573351 0.061004784688995214
0 0.392328398384926 0.05562200956937799 0.0740242261103634 0.11124401913875598
0 0.9407806191117093 0.20766240470760602 0.07671601615074024 0.155069860592218
0 0.9074697173620457 0.030502392344497607 0.058546433378196504 0.061004784688995214
0 0.6874158815612382 0.04844497607655503 0.05450874831763122 0.09688995215311005
0 0.7452893674293405 0.04724880382775119 0.06662180349932706 0.09449760765550239
0 0.5353297442799462 0.04126794258373206 0.059892328398384924 0.08253588516746412
0 0.6352624495289367 0.03289473684210526 0.05383580080753701 0.06578947368421052
0 0.48620457604306866 0.03648325358851675 0.059892328398384924 0.0729665071770335
0 0.4347240915208614 0.08971291866028708 0.010767160161507403 0.11722488038277512
0 0.3273889636608345 0.7172299229926644 0.06662180349932706 0.15371025289656598
0 0.376514131897712 0.4970964191290083 0.0800807537012113 0.12920727368375112
0 0.3435397039030956 0.5619445028327313 0.059892328398384924 0.14323446977570067
0 0.3835800807537012 0.6863360813018605 0.06729475100942127 0.11193486470147547
0 0.22913862718707942 0.4954155910070579 0.07738896366083446 0.10372509440669687
0 0.23654104979811574 0.5703754831626228 0.0693135935397039 0.15526898719754367
0 0.13930013458950202 0.5978271042830492 0.06594885598923284 0.11773444491940767
0 0.06628532974427995 0.6519199731540066 0.06460296096904442 0.11874933614212457
0 0.39131897711978464 0.4281166819090378 0.06864064602960969 0.09656590649311271
0 0.02725437415881561 0.7284688995215312 0.05450874831763122 0.11004784688995216
0 0.03398384925975774 0.3869617224880383 0.0370121130551817 0.01555023923444976
0 0.14434724091520862 0.388755980861244 0.06662180349932706 0.019138755980861243
0 0.15275908479138628 0.4763970691417972 0.05585464333781965 0.09364756449648307
0 0.5578734858681023 0.9052363091413858 0.08075370121130551 0.1328864309432061
0 0.8812247644683715 0.9754784688995215 0.09757738896366083 0.04904306220095694
0 0.9771197846567967 0.9665071770334929 0.04576043068640646 0.06698564593301436
0 0.9818304172274562 0.8983253588516746 0.03633916554508748 0.13636363636363635
0 0.9569313593539704 0.9029218916051767 0.0477792732166891 0.1236603568088611
0 0.9074697173620457 0.9077897109406654 0.06258411843876177 0.11967358685179799
0 0.8398384925975774 0.8541000394393324 0.06662180349932706 0.146533219403743
0 0.9703903095558546 0.44955405742086235 0.052489905787348586 0.09199818968246189
0 0.9357335127860027 0.4679780247038448 0.040376850605652756 0.10113221068691404
0 0.9084791386271871 0.4806202573481337 0.04979811574697174 0.10598969461593402
0 0.860699865410498 0.4691131500421622 0.063257065948856 0.09584078238876496
0 0.7725437415881561 0.45526935390157364 0.046433378196500674 0.08759390831865926
0 0.8122476446837147 0.4553043387516265 0.046433378196500674 0.08639773606985543
0 0.9771197846567967 0.8151913875598086 0.04576043068640646 0.10885167464114832
0 0.9189098250336474 0.7746698748505055 0.06662180349932706 0.1202174299300588
0 0.8664199192462988 0.7039886386956469 0.058546433378196504 0.1275029495151641
0 0.7960969044414535 0.4055023923444976 0.06056527590847914 0.05263157894736842
0 0.8236877523553163 0.39593301435406697 0.063257065948856 0.03349282296650718
0 0.6954912516823688 0.792800802692897 0.07671601615074024 0.10961531513767254
0 0.6248317631224765 0.6097343245050445 0.07267833109017496 0.11265998880582322
0 0.823014804845222 0.6960789709257063 0.06662180349932706 0.13935618591092006
0 0.6154104979811574 0.3875598086124402 0.051816958277254375 0.01674641148325359
0 0.5905114401076716 0.434333067225285 0.04912516823687752 0.09154498711724458
0 0.4899057873485868 0.5029077473702588 0.06729475100942127 0.08322673073018362
0 0.5218707940780619 0.46690375840739284 0.063257065948856 0.08627140439833435
0 0.44515477792732167 0.3929425837320574 0.031628532974428 0.02751196172248804
0 0.47611036339165547 0.7637371697536786 0.04845222072678331 0.141693581053962
0 0.5080753701211306 0.7546470563888986 0.04912516823687752 0.1549421163038474
0 0.5757065948855989 0.6761596943974086 0.0901749663526245 0.11740898664256091
0 0.5497981157469717 0.7245058134797254 0.07267833109017496 0.14376046727472275
0 0.610699865410498 0.4884320336521629 0.06796769851951548 0.11082933296571511
0 0.984185733512786 0.7320574162679426 0.031628532974428 0.11483253588516747
0 0.9535666218034994 0.735910979337858 0.05652759084791386 0.10689609974636863