0 0.19116022099447513 0.3207269155206287 0.05966850828729282 0.03831041257367387
0 0.07624309392265194 0.2951866404715128 0.04751381215469613 0.0893909626719057
0 0.15218717483675206 0.2497562526536103 0.053129063727573644 0.09986073788622858
0 0.3115987263065903 0.24186255301530893 0.06682550076489781 0.08260766973613569
0 0.44602001768238936 0.21215569566996814 0.0464156556087351 0.0868848432112397
0 0.01574585635359116 0.11345776031434185 0.03149171270718232 0.07170923379174853
0 0.40331491712707185 0.012278978388998035 0.04861878453038674 0.02455795677799607
0 0.2207182320441989 0.012278978388998035 0.05580110497237569 0.02455795677799607
0 0.2533149171270718 0.03241650294695481 0.08342541436464089 0.06483300589390963
0 0.04642522302367273 0.1204525468885277 0.0370169616565422 0.08561103564367611
0 0.07722623122832174 0.1406121896822603 0.03159495991925226 0.10115666368956798
0 0.11639167735652267 0.14872681678451627 0.04542640089185293 0.10453227923299178
0 0.1417933780152146 0.10767160513988575 0.05551862665508366 0.042972010307290504
0 0.1656854815632928 0.044074512547106474 0.049396277277026564 0.035907171688223334
0 0.26721397787946793 0.14502815988333415 0.03709410676241462 0.09739885489711424
0 0.3077252813037573 0.15850267140374283 0.048580599048357306 0.08007720103021118
0 0.3451304087272592 0.18238583013152398 0.05274333819821168 0.04092164161903801
0 0.359193285017477 0.14364675682778574 0.04461033559227721 0.0642400836878758
0 0.41494977574900055 0.06432897048906104 0.03925905020203683 0.09059121271608549
0 0.46483386455473846 0.12269005996993755 0.047790248784072016 0.04371427856957434
0 0.9588127092220603 0.06285326207289861 0.06414021493154358 0.09430975684356087
0 0.8441712446377996 0.193104483463088 0.06405702813775539 0.16600184420610686
0 0.6985274271586952 0.08075241293850813 0.06893940120484536 0.15240370627325225
0 0.626243093922652 0.068762278978389 0.05027624309392265 0.137524557956778
0 0.5948526930730056 0.09673750593854816 0.04909489975417318 0.1586626627197986
0 0.5566955944027014 0.1455544724882367 0.06505914037228278 0.15031904472659446
0 0.5292817679558011 0.10216110019646366 0.01878453038674033 0.14538310412573674
0 0.9906077348066298 0.05550098231827112 0.01878453038674033 0.11100196463654224
0 0.9706937960337856 0.18868679204013927 0.0516066090993145 0.12043798229213755
0 0.9237579915667721 0.22844607788143043 0.051144125534986956 0.1341732916586127
0 0.8695275569138258 0.24338772460340027 0.045362113303626106 0.09470909652179337
0 0.8240331491712707 0.3094302554027505 0.06574585635359116 0.060903732809430254
0 0.9861878453038674 0.22347740667976423 0.027624309392265192 0.07760314341846758
0 0.9837016574585635 0.2779960707269155 0.03259668508287293 0.068762278978389
0 0.9839779005524862 0.32269155206286837 0.032044198895027624 0.0343811394891945
0 0.7577348066298343 0.29469548133595286 0.06906077348066299 0.09037328094302555
0 0.7656828477902415 0.20094202690101226 0.05260229257501927 0.10377286454150529
0 0.7075046503370944 0.2282826770163982 0.0810940973374418 0.1527809277157088
0 0.6177095729151759 0.2335247674396156 0.06960078922176967 0.08465803842438818
0 0.6465708377744505 0.17026451611957316 0.0830468917359152 0.11355678258772536
0 0.6209944751381216 0.30353634577603145 0.05303867403314917 0.07269155206286837
0 0.5599447513812155 0.2829076620825147 0.0569060773480663 0.11394891944990176
0 0.5303867403314917 0.30402750491159136 0.020994475138121547 0.07170923379174853
0 0.6680499100618722 0.2643723721145352 0.061326353921735445 0.08636547852858921
0 0.1729873146498618 0.5076504620795195 0.05608435743148115 0.12941601816583667
0 0.39366395329716664 0.46495441993181924 0.042053624935376885 0.09558853621769774
0 0.4972375690607735 0.3605108055009823 0.04088397790055249 0.0412573673870334
0 0.10019638849170279 0.699949510122942 0.05830715970050783 0.1314492404248865
0 0.020994475138121547 0.9616895874263262 0.041988950276243095 0.07662082514734773
0 0.06685082872928177 0.9759332023575639 0.04088397790055249 0.0481335952848723
0 0.15110497237569062 0.9729862475442044 0.04585635359116022 0.054027504911591355
0 0.01712707182320442 0.888015717092338 0.03425414364640884 0.07858546168958742
0 0.13434767199694841 0.7146035238503 0.07509350730610916 0.07991791136081458
0 0.07104300217690229 0.7234430178918334 0.04035759381890483 0.08964318730337095
0 0.33293655943536604 0.9240153769897748 0.041880048447163976 0.06906594289746198
0 0.3530094753596973 0.8531709223680146 0.0469231404848214 0.08002576174260345
0 0.3207340346825059 0.8472977605785262 0.03961224486637854 0.06015649274057324
0 0.34207244841764184 0.7940921687639169 0.04089079373028206 0.08671337891921385
0 0.3374126416717485 0.5776796007032198 0.042593253605576725 0.09364104610466059
0 0.30332223783986517 0.5959246758437753 0.050308773958942905 0.09093414130013706
0 0.38952313419683143 0.5490540839023824 0.05799857927701815 0.08429796341113428
0 0.3605431308347903 0.5882561107945901 0.03769159426201868 0.10429222922415578
0 0.3529365123105032 0.6533120202681332 0.03204458596593434 0.08545671778085293
0 0.31519337016574583 0.9680746561886051 0.02707182320441989 0.06385068762278978
0 0.2861166661626146 0.9038618215073567 0.0529683447570062 0.0753027811082325
0 0.3071983166157493 0.8054867356504373 0.04628065167345834 0.06625615951772322
0 0.45300742219300627 0.5971719031565975 0.043248599934585255 0.10937528487178062
0 0.5044198895027624 0.5599214145383105 0.030939226519337018 0.08055009823182711
0 0.492413753241605 0.6106807075354113 0.0407557897950053 0.06608469522569738
0 0.5 0.7107072691552063 0.039779005524861875 0.06581532416502947
0 0.5132596685082873 0.8555992141453831 0.013259668508287293 0.06483300589390963
0 0.44194027179086964 0.8955884145233122 0.0307081782726266 0.050058967162133504
0 0.4388857193961172 0.855907403118174 0.04520782309188127 0.07113345801491713
0 0.47834309344439085 0.946019886215133 0.033014554406348186 0.06486232694574152
0 0.4890335808490393 0.831762331039585 0.038462271178928926 0.05324597198432904
0 0.5063535911602209 0.7676817288801572 0.02707182320441989 0.055992141453831044
0 0.2715669460209522 0.6371770714242353 0.04166185771809903 0.12012934656649138
0 0.7249115667045397 0.5287490472837576 0.05761966957738576 0.1108034103021674
0 0.5577348066298342 0.3948919449901768 0.0569060773480663 0.1100196463654224
0 0.6196525306399617 0.702413369227735 0.06008637761076832 0.06570250197666766
0 0.5422651933701658 0.6738703339882122 0.044751381215469614 0.08447937131630648
0 0.5276243093922652 0.7396856581532416 0.015469613259668509 0.05697445972495088
0 0.549393567780679 0.7188345806676993 0.04453319048640467 0.052452264434437464
0 0.5837760930680884 0.740356249078295 0.03531450178124734 0.07868336845822949
0 0.6320734396573402 0.7879632768644609 0.05352725970367424 0.076302245808555
0 0.5926637006938767 0.8171767440647589 0.045169250538945056 0.06523954838819808
0 0.5718232044198895 0.9906679764243614 0.04419889502762431 0.018664047151277015
0 0.5547599573907089 0.9538854762358695 0.029102149779672303 0.05786607404348452
0 0.5312154696132597 0.9484282907662083 0.022651933701657457 0.055992141453831044
0 0.6247109204328624 0.8579222044790018 0.04525282440364002 0.07800968591275603
0 0.6432991801400569 0.9295310455988216 0.036252326427547714 0.053177386267518875
0 0.6436363029073419 0.9624215612521337 0.02686648999300028 0.05386821524219476
0 0.6323204419889503 0.9852652259332023 0.037016574585635356 0.029469548133595286
0 0.6726519337016574 0.9833005893909627 0.03259668508287293 0.03339882121807466
0 0.7473399664077336 0.9420160360320544 0.043428218110714054 0.05241797157603239
0 0.6965787390936039 0.9332791656719326 0.045663877897385956 0.05641583037732192
0 0.7333317345675087 0.9724054040312738 0.038924754743256476 0.03951066261785389
0 0.8569060773480663 0.9769155206286837 0.041988950276243095 0.04616895874263261
0 0.6930329672552751 0.8420521646768065 0.050796972558561256 0.08112810501814118
0 0.7621232507570004 0.7087950914757899 0.0427346862996761 0.11525204806929724
0 0.8487478645899046 0.7237848309711434 0.04365322466950845 0.08679911106522689
0 0.941414855386489 0.6595264853493238 0.0393554815843772 0.10532598678288335
0 0.8941194274963112 0.6698333694862223 0.048792748089506364 0.11249370397716588
0 0.8914626840067524 0.7381730750458616 0.04629993794992641 0.06920311433108252
0 0.8470257313672349 0.8181216778570534 0.044051420645609046 0.06324061898755308
0 0.8107737920105939 0.7868368392374683 0.046878139173062515 0.07314953384476455
0 0.9308330762754661 0.8837779672464904 0.043550364528345105 0.0710820187273094
0 0.9886740331491712 0.8678781925343811 0.022651933701657457 0.0618860510805501
0 0.9828729281767956 0.6787819253438114 0.03425414364640884 0.10019646365422397