0 0.07133757961783439 0.028846153846153848 0.10063694267515924 0.057692307692307696
0 0.04044585987261146 0.08257918552036199 0.08089171974522293 0.14479638009049775
0 0.014968152866242038 0.3093891402714932 0.029936305732484077 0.12782805429864252
0 0.02038216560509554 0.25735294117647056 0.04076433121019108 0.11425339366515837
0 0.04838941714318888 0.22066082869498208 0.0702402950006763 0.17327352596359535
0 0.09817873666515438 0.1997489067254388 0.0718107105750815 0.19150484579950014
0 0.147872939871565 0.22358612883674395 0.09993566992609011 0.1616642932385833
0 0.17248885591418212 0.27882338528334943 0.08083420562028765 0.12129205607045009
0 0.1409772333662369 0.37188058180926664 0.07313529410136078 0.1171077569645229
0 0.07876508105813841 0.43060075909759427 0.05642651943517715 0.10634494298916114
0 0.06942675159235669 0.4847285067873303 0.08662420382165605 0.08936651583710407
0 0.22399972818447483 0.40596415775787276 0.07023539375962051 0.095350999645654
0 0.23554618075494643 0.2853461153506892 0.06604797616961254 0.15025377460067688
0 0.3131854490759757 0.12227325978250266 0.06009309442511416 0.13608613850652543
0 0.28662420382165604 0.034502262443438916 0.08917197452229299 0.06900452488687783
0 0.36751592356687895 0.13009049773755657 0.06496815286624204 0.13574660633484162
0 0.36942675159235666 0.2256787330316742 0.061146496815286625 0.09615384615384616
0 0.25828025477707006 0.4796380090497738 0.06178343949044586 0.09954751131221719
0 0.13980891719745223 0.4858597285067873 0.06050955414012739 0.08710407239819004
0 0.01337579617834395 0.48755656108597284 0.0267515923566879 0.083710407239819
0 0.17961783439490445 0.5101809954751131 0.06624203821656051 0.038461538461538464
0 0.9550955414012738 0.10067873303167421 0.08980891719745222 0.16289592760180996
0 0.8919522523431991 0.21531289258855796 0.07750612837350389 0.18983537782125343
0 0.5360124957632187 0.1716951975481499 0.08187887735356625 0.1462448200608008
0 0.8278234134146074 0.29366473456164244 0.08369022373504185 0.17918202224964688
0 0.7596334808945583 0.2888773586348458 0.10702298785783806 0.12851827560242904
0 0.6375848260455431 0.2807850454329206 0.07421021616367508 0.18271861669302955
0 0.5577411860080862 0.2668602234674422 0.09254010458022445 0.1371838893447259
0 0.5689232558348153 0.36320057114775856 0.1106407793797338 0.1164701536621801
0 0.41496815286624206 0.1074660633484163 0.029936305732484077 0.18552036199095023
0 0.4226114649681529 0.29751131221719457 0.04522292993630573 0.10407239819004525
0 0.4685262866127669 0.2797279273565116 0.07722813128842253 0.17286705202939823
0 0.4749624940587973 0.393141008552337 0.08310397923584323 0.10458727492778053
0 0.4251592356687898 0.3829185520361991 0.05031847133757962 0.08484162895927602
0 0.428343949044586 0.4649321266968326 0.056687898089171976 0.11990950226244344
0 0.5280254777070064 0.49604072398190047 0.07261146496815286 0.0667420814479638
0 0.47903285421975755 0.4757146155924897 0.06712481293984605 0.09954645571200038
0 0.640764331210191 0.49434389140271495 0.10318471337579618 0.07013574660633484
0 0.7044585987261146 0.4468325791855204 0.06496815286624204 0.16515837104072398
0 0.7624203821656051 0.45305429864253394 0.05987261146496815 0.15271493212669685
0 0.9393517542874242 0.3986853202244501 0.07299193023037293 0.1859805095268079
0 0.20382165605095542 0.5537330316742082 0.06624203821656051 0.048642533936651584
0 0.3401273885350318 0.5831447963800905 0.062420382165605096 0.1074660633484163
0 0.06815286624203822 0.582579185520362 0.07133757961783439 0.10633484162895927
0 0.029936305732484077 0.5752262443438914 0.05605095541401274 0.0916289592760181
0 0.021337579617834394 0.5933257918552036 0.04267515923566879 0.12782805429864252
0 0.0980891719745223 0.5944570135746606 0.07133757961783439 0.13009049773755657
0 0.1354584163009751 0.6198231860587597 0.08864431597324728 0.13226368549311962
0 0.15302503804381454 0.6964274613306654 0.0831781117918649 0.10911216180560858
0 0.2987261146496815 0.5916289592760181 0.06878980891719745 0.1244343891402715
0 0.27415097982965503 0.6245380417428337 0.08127900095641788 0.1484413773374184
0 0.2556342667564831 0.6838121451303625 0.08194129271955732 0.11124283291992978
0 0.31050346660259553 0.8396287775650892 0.05456447487774086 0.1479366019598855
0 0.22929936305732485 0.9683257918552036 0.05987261146496815 0.06334841628959276
0 0.1786624203821656 0.9841628959276018 0.06560509554140127 0.03167420814479638
0 0.03662420382165605 0.9411764705882353 0.04522292993630573 0.11764705882352941
0 0.019745222929936305 0.9106334841628959 0.03949044585987261 0.10633484162895927
0 0.21912413383073812 0.8483066038680218 0.054057264175619554 0.15578926783378808
0 0.26292395595072243 0.8035457750266461 0.06039644059817579 0.11579003371859545
0 0.3767515923566879 0.8552036199095022 0.0464968152866242 0.1515837104072398
0 0.11742302892933534 0.805492055814931 0.05118271292185976 0.09676807993513427
0 0.07686937819717878 0.8273593271377715 0.053482736866451386 0.12072139453062065
0 0.044181437234998074 0.8364425717746842 0.062437000596691494 0.12390624424168391
0 0.08370064015733833 0.8971874290533539 0.051386577450919436 0.10921151884916142
0 0.9423566878980891 0.5509049773755657 0.0910828025477707 0.042986425339366516
0 0.9840764331210191 0.7217194570135747 0.03184713375796178 0.09954751131221719
0 0.9524476386727679 0.8250533846155407 0.06667320165474123 0.11079278674427423
0 0.9151074583788751 0.9039100019661582 0.06321049119386349 0.0934950301409371
0 0.6989093023893003 0.9178066310514644 0.08512600609535334 0.11157226373141145
0 0.6869426751592357 0.9722850678733032 0.08726114649681528 0.05542986425339366
0 0.8083673688471743 0.9155314472518062 0.07779775735653498 0.13001239901462452
0 0.8300951017380821 0.9523397253756178 0.060607121076210226 0.08983782033338042
0 0.8487261146496815 0.9638009049773756 0.04394904458598726 0.07239819004524888
0 0.8780254777070063 0.9496606334841629 0.05286624203821656 0.10067873303167421
0 0.47547770700636943 0.9524886877828054 0.05031847133757962 0.09502262443438914
0 0.4159235668789809 0.9015837104072398 0.03184713375796178 0.12217194570135746