0 0.25277777777777777 0.03260869565217391 0.07555555555555556 0.06521739130434782
0 0.33305555555555555 0.04990118577075099 0.07277777777777777 0.09980237154150198
0 0.3858333333333333 0.04792490118577075 0.06277777777777778 0.0958498023715415
0 0.23991377469547856 0.1226147136977952 0.07180105726238808 0.09249805484345451
0 0.19542901307231766 0.09819190412934013 0.052539798761721004 0.1309599223880938
0 0.1583145625351703 0.12040395741018904 0.04107823526774357 0.10274565011879352
0 0.15083333333333335 0.04841897233201581 0.07611111111111112 0.09683794466403162
0 0.13027777777777777 0.020256916996047432 0.07055555555555555 0.040513833992094864
0 0.10388888888888889 0.020256916996047432 0.04555555555555556 0.040513833992094864
0 0.06444444444444444 0.02766798418972332 0.06111111111111111 0.05533596837944664
0 0.024722222222222222 0.025197628458498024 0.049444444444444444 0.05039525691699605
0 0.02 0.10326086956521739 0.04 0.0800395256916996
0 0.05929846517741109 0.2151068276490899 0.043699705220888126 0.08117903170914059
0 0.04058702371657401 0.323470346551798 0.04775038124163807 0.08632100720090892
0 0.030192996084381793 0.3799329301696314 0.052459164404288196 0.07768649460619191
0 0.01611111111111111 0.29347826086956524 0.03222222222222222 0.08102766798418973
0 0.006111111111111111 0.3221343873517787 0.012222222222222223 0.07114624505928854
0 0.5719444444444445 0.0133399209486166 0.06055555555555556 0.0266798418972332
0 0.5369444444444444 0.03409090909090909 0.05722222222222222 0.06818181818181818
0 0.5038888888888889 0.03162055335968379 0.057777777777777775 0.06324110671936758
0 0.475 0.044466403162055336 0.06666666666666667 0.08893280632411067
0 0.45043149351743395 0.12755673279447596 0.048036118771760054 0.11198395480146371
0 0.5151619347004981 0.09896636784176366 0.07685481350067676 0.12827244140241661
0 0.6138888888888889 0.05237154150197629 0.06444444444444444 0.10474308300395258
0 0.7061111111111111 0.09782608695652174 0.027777777777777776 0.09288537549407115
0 0.6425023688052556 0.18096465408145973 0.07224858192437093 0.12310171390646002
0 0.4122731271670361 0.1943645732562274 0.05987553118474377 0.08398912441558026
0 0.37278758791838223 0.3226097478774957 0.04937921117470473 0.10218878788912737
0 0.40093747609944025 0.3325357840317192 0.044902409303888106 0.10097062956313102
0 0.30550013242642016 0.4260636239509062 0.05000496089023247 0.08742415751015215
0 0.3024831912299578 0.25745597906249384 0.040366371887554854 0.08100651968401092
0 0.3386239201138272 0.2649888265710074 0.04298236253347139 0.0762095682425015
0 0.3688208043256744 0.26095148661152223 0.04873754195448833 0.06565627507118127
0 0.2719221563671743 0.27586451026936826 0.06657455527778261 0.08532229075832928
0 0.2630335266867831 0.22534895826057458 0.061024479029454896 0.06826510374830319
0 0.21580856481094693 0.23620646410483645 0.0595843143473937 0.07509584378316919
0 0.1661861545214553 0.23333060986889564 0.05278273866801025 0.08756791753109332
0 0.3636111111111111 0.45306324110671936 0.06277777777777778 0.07213438735177866
0 0.3791893974498478 0.43313792461544764 0.0672271831124547 0.08831546963998792
0 0.41393053803887014 0.42342141001166655 0.04781509609438268 0.08829729178588915
0 0.4452777777777778 0.44664031620553357 0.045 0.08498023715415019
0 0.5049722326155018 0.28063021548891476 0.05010751247657734 0.07361891741947876
0 0.5348669413755435 0.3013539368500589 0.04993476673026028 0.10221753989331565
0 0.5248908206325761 0.379075955758524 0.048036118771760304 0.11198395480146371
0 0.49421131467875956 0.3598775758423975 0.04087861140228218 0.11358646333199678
0 0.47674941062085735 0.29396865121449145 0.04862951106091588 0.09623118212999839
0 0.5788850007614234 0.35401068176495304 0.03775038124163833 0.08580347112552034
0 0.60739356028619 0.36639269764830773 0.04461119246653804 0.09207734893071995
0 0.5930555555555556 0.45108695652173914 0.042777777777777776 0.07608695652173914
0 0.5688888888888889 0.4718379446640316 0.04666666666666667 0.03458498023715415
0 0.5011111111111111 0.4654150197628458 0.05 0.04743083003952569
0 0.6280555555555556 0.47381422924901184 0.065 0.030632411067193676
0 0.6440925843792288 0.365483207664373 0.051693026368815634 0.12203788975149459
0 0.6706915373310395 0.4215159964424223 0.04769114569612157 0.06757505564778495
0 0.7016666666666667 0.3359683794466403 0.03666666666666667 0.11067193675889328
0 0.6988888888888889 0.44219367588932806 0.042222222222222223 0.09387351778656126
0 0.7130555555555556 0.21640316205533597 0.013888888888888888 0.12648221343873517
0 0.4621401801824403 0.3491646614250016 0.051569075970554774 0.10131565361339015
0 0.7526003662785022 0.421892444303454 0.050042797623832735 0.07164263283449854
0 0.786554488437131 0.3201636884813387 0.06039872931392703 0.08302973412727842
0 0.7347222222222223 0.1373517786561265 0.029444444444444443 0.1007905138339921
0 0.8508333333333333 0.07065217391304347 0.07055555555555555 0.14130434782608695
0 0.9164069179903352 0.1644759124459237 0.05472966355757106 0.13008678811235647
0 0.9561111111111111 0.0533596837944664 0.06888888888888889 0.1067193675889328
0 0.98 0.056818181818181816 0.04 0.11363636363636363
0 0.9930555555555556 0.15069169960474307 0.013888888888888888 0.11561264822134387
0 0.9780555555555556 0.2327075098814229 0.04388888888888889 0.11363636363636363
0 0.875704717182114 0.3660305047386843 0.05105683645582707 0.06873570996540451
0 0.9295609894361329 0.41322900211573915 0.04177417914324375 0.0731876373566548
0 0.9681479620817137 0.3850018390673849 0.044934766730260284 0.10195877185562113
0 0.923080766783853 0.3427924682341077 0.03579249773762159 0.07682393448054443
0 0.9141789572523873 0.23239367551500284 0.04667162755689939 0.08725164548502247
0 0.9852777777777778 0.4209486166007905 0.029444444444444443 0.05533596837944664
0 0.9847222222222223 0.39179841897233203 0.030555555555555555 0.07806324110671936
0 0.38166666666666665 0.5192687747035574 0.07666666666666666 0.06027667984189723
0 0.45861111111111114 0.5153162055335968 0.10166666666666667 0.05237154150197629
0 0.44027777777777777 0.5405138339920948 0.08388888888888889 0.10276679841897234
0 0.40587783377678927 0.5984952853963568 0.07933041582664853 0.1530622547272343
0 0.4530646997105276 0.6544523923119309 0.07788477183735949 0.17666266173024414
0 0.35103936170015254 0.6572580293492506 0.08547388436413195 0.15436666906579527
0 0.510529084213546 0.7608531712258281 0.08590001021419867 0.15044285190002296
0 0.31384101873496295 0.7363888964629403 0.06799828203815991 0.1288005516278946
0 0.2489273916081214 0.7253960657076715 0.06927118028113215 0.13379876709872165
0 0.5599200316281996 0.6716880322392466 0.06887193255020975 0.1554803935251278
0 0.6112683441298744 0.6932810860241231 0.08508559524766547 0.14250896155591375
0 0.5869503305288072 0.7578879129424329 0.08385053373829325 0.12172922140943308
0 0.6952777777777778 0.5657114624505929 0.049444444444444444 0.1373517786561265
0 0.6847222222222222 0.724308300395257 0.07055555555555555 0.12450592885375494
0 0.6838888888888889 0.6348814229249012 0.07222222222222222 0.14130434782608695
0 0.6707737269394584 0.9044968279524435 0.08201660063253763 0.13347192090256152
0 0.7066666666666667 0.8843873517786561 0.02666666666666667 0.1600790513833992
0 0.5608333333333333 0.932806324110672 0.0661111111111111 0.13438735177865613
0 0.6025 0.9337944664031621 0.06722222222222222 0.1324110671936759
0 0.6672222222222223 0.9629446640316206 0.06222222222222222 0.0741106719367589
0 0.6977777777777778 0.9683794466403162 0.044444444444444446 0.06324110671936758
0 0.6197222222222222 0.9762845849802372 0.09166666666666666 0.04743083003952569
0 0.5194444444444445 0.932806324110672 0.07555555555555556 0.13438735177865613
0 0.4657550677811561 0.8720502477641194 0.07087861140228231 0.11513907155816251
0 0.16229086113120839 0.6373319379901778 0.07163379082329906 0.10432701034914765
0 0.08444444444444445 0.532608695652174 0.05555555555555555 0.08695652173913043
0 0.03278718114124747 0.6252276994045413 0.050037318316604754 0.08841229980264216
0 0.06583333333333333 0.9659090909090909 0.05722222222222222 0.06818181818181818
0 0.01638888888888889 0.8567193675889329 0.03277777777777778 0.10276679841897234
0 0.0749000764274087 0.9086103825408334 0.04971374405288262 0.07853087687774109
0 0.047238289295547624 0.9050928952857015 0.04049580159304368 0.08495908885397162
0 0.13650306507532173 0.699540289187733 0.07421742404284354 0.09854191661514823
0 0.18395426972726572 0.7465753634667078 0.06956239711848203 0.14269204773113273
0 0.2378859562399873 0.8130713875515083 0.07806847619813229 0.11452470532011969
0 0.3013270612583954 0.8300793280742826 0.09929805840027636 0.15310918458552147
0 0.35899158804387044 0.8236306216149885 0.06550076248327615 0.17108940617565185
0 0.38579838382198417 0.843524336706678 0.05881269700469324 0.13621690589661514
0 0.4038888888888889 0.9614624505928854 0.07888888888888888 0.07707509881422925
0 0.2715478247272753 0.9063516874002056 0.057512920642576675 0.11346088116515414
0 0.125 0.9659090909090909 0.04888888888888889 0.06818181818181818
0 0.26916666666666667 0.967391304347826 0.04611111111111111 0.06521739130434782
0 0.13020747197794472 0.9151512859048521 0.05550128090027164 0.06896572599891052
0 0.15222222222222223 0.966897233201581 0.04555555555555556 0.06620553359683795
0 0.058055555555555555 0.525197628458498 0.03944444444444444 0.07213438735177866
0 0.04410287700805233 0.6988783392742881 0.056574555277782566 0.0848047546829407
0 0.045968389914687116 0.8408205182675613 0.04873206264726036 0.082425942039325
0 0.48083333333333333 0.9540513833992095 0.05277777777777778 0.09189723320158102
0 0.102132072861459 0.576107273415993 0.05987005187751575 0.10075879138372394
0 0.8349165143490924 0.7141594967339173 0.06810083362450453 0.11499531153722112
0 0.8793502593875788 0.6945380942760915 0.053656389180060084 0.11424775942832653
0 0.9144229339926675 0.7204378302082369 0.06584077466868217 0.13066182819612185
0 0.9419766902309559 0.7546452325389391 0.07270158589358212 0.13693570600132168
0 0.9755555555555555 0.8315217391304348 0.04888888888888889 0.09387351778656126
0 0.9944444444444445 0.7885375494071146 0.011111111111111112 0.12055335968379446
0 0.7388888888888889 0.6472332015810277 0.03777777777777778 0.09881422924901186
0 0.8761450597172459 0.9535410958502109 0.07510203316934924 0.09168242457609396
0 0.8668977586931463 0.900569564112286 0.040404208621155 0.0652249950083573
0 0.9263888888888889 0.9851778656126482 0.06055555555555556 0.029644268774703556
0 0.7635923403129481 0.7198304138570886 0.0637265833400324 0.0999719131205516
0 0.8014751501221867 0.746574532060783 0.03768566638889367 0.0838271865405401