0 0.07715311004784689 0.08950785060167563 0.06818181818181818 0.11982808878201516
0 0.15101674641148324 0.09923309484669114 0.06578947368421052 0.12801627827603926
0 0.15819377990430622 0.20571255694578475 0.07416267942583732 0.1557405937703592
0 0.3014354066985646 0.1114059348153716 0.05203349282296651 0.10169411254752893
0 0.3456937799043062 0.13363212130588134 0.05741626794258373 0.1002919627817193
0 0.4554425837320574 0.13586105902508827 0.053229665071770335 0.12525959226860187
0 0.5113636363636364 0.16449403100109322 0.0430622009569378 0.126016844426715
0 0.5436602870813397 0.13936170212765958 0.03229665071770335 0.08723404255319149
0 0.42613636363636365 0.07119403559563343 0.050239234449760764 0.06953738232762147
0 0.4034090909090909 0.040957446808510635 0.030502392344497607 0.08191489361702127
0 0.3738038277511962 0.04042553191489362 0.03827751196172249 0.08085106382978724
0 0.2242822966507177 0.039361702127659576 0.07775119617224881 0.07872340425531915
0 0.13785885167464115 0.01648936170212766 0.042464114832535885 0.03297872340425532
0 0.09898325358851674 0.017553191489361703 0.05442583732057416 0.035106382978723406
0 0.9482655502392344 0.349468085106383 0.0651913875598086 0.039361702127659576
0 0.9892344497607656 0.29202127659574467 0.0215311004784689 0.10957446808510639
0 0.9500598086124402 0.04703629710034842 0.037679425837320576 0.0752913346180565
0 0.9204545454545454 0.1031542606224384 0.04844497607655503 0.07355086487367145
0 0.8427033492822966 0.00851063829787234 0.034688995215311005 0.01702127659574468
0 0.7535885167464115 0.014893617021276596 0.05382775119617225 0.029787234042553193
0 0.7284688995215312 0.02872340425531915 0.0645933014354067 0.0574468085106383
0 0.7488038277511961 0.06192826017088975 0.05741626794258373 0.053483452143421484
0 0.7111244019138756 0.08136853095915904 0.06220095693779904 0.07327728592133069
0 0.6504186602870813 0.20444428637808457 0.05143540669856459 0.09523052162316262
0 0.6300837320574163 0.2821851012107946 0.06997607655502393 0.09560184027851837
0 0.6094497607655502 0.34893617021276596 0.05143540669856459 0.04042553191489362
0 0.6880980861244019 0.01702127659574468 0.030502392344497607 0.03404255319148936
0 0.6785287081339713 0.05757040654988909 0.03289473684210526 0.06932728807418984
0 0.6818181818181818 0.14223342242332118 0.03827751196172249 0.04026556384029515
0 0.7556818181818182 0.21312887943429415 0.037679425837320576 0.08273814312869485
0 0.625 0.06744477300407847 0.02631578947368421 0.07482353258701145
0 0.5995813397129187 0.057041004310923425 0.045454545454545456 0.07846695280503134
0 0.5717703349282297 0.2 0.023923444976076555 0.06170212765957447
0 0.569377990430622 0.25851063829787235 0.019138755980861243 0.07234042553191489
0 0.16028708133971292 0.7291571183654147 0.06160287081339713 0.1295796524437729
0 0.45245215311004783 0.8583950794720447 0.06758373205741627 0.07719428509169139
0 0.48504784688995217 0.7917676719664211 0.04784688995215311 0.12878940160887947
0 0.52811004784689 0.8279848700928973 0.041866028708133975 0.0971322157694716
0 0.39952153110047844 0.4527633018103784 0.050239234449760764 0.10357993551911082
0 0.5379784688995215 0.4797872340425532 0.04366028708133971 0.07446808510638298
0 0.4700956937799043 0.5123999982670682 0.060406698564593304 0.09218438548865727
0 0.46172248803827753 0.4582094201443668 0.04126794258373206 0.10130692271744596
0 0.43510765550239233 0.4554136843637742 0.04126794258373206 0.10556224186638212
0 0.4222488038277512 0.3851063829787234 0.050239234449760764 0.031914893617021274
0 0.1139354066985646 0.40585106382978725 0.049641148325358854 0.07340425531914893
0 0.24641148325358853 0.5441447061077294 0.05502392344497608 0.11911845014808393
0 0.26435406698564595 0.423936170212766 0.056220095693779906 0.10957446808510639
0 0.23235645933014354 0.40425531914893614 0.060406698564593304 0.07021276595744681
0 0.02721291866028708 0.9037234042553192 0.05442583732057416 0.09042553191489362
0 0.9850478468899522 0.548936170212766 0.029904306220095694 0.1276595744680851
0 0.9889354066985646 0.42872340425531913 0.022129186602870814 0.06170212765957447
0 0.868122009569378 0.5465626745131815 0.04844497607655503 0.10546575849069272
0 0.8310406698564593 0.5403904182068716 0.042464114832535885 0.07061708328958285
0 0.8603468899521531 0.766227654402284 0.05741626794258373 0.11093026065405973
0 0.8489832535885168 0.6470146053694992 0.039473684210526314 0.09787359675285764
0 0.8142942583732058 0.6421156449401922 0.03588516746411483 0.09632609375985121
0 0.7957535885167464 0.5674869635955481 0.06220095693779904 0.09668154124047963
0 0.7924641148325359 0.4913345860199883 0.042464114832535885 0.0844468705236254
0 0.7488038277511961 0.5424320426476654 0.05203349282296651 0.0836090061645502
0 0.6022727272727273 0.4621820318833698 0.042464114832535885 0.06636176414064655
0 0.5771531100478469 0.5037234042553191 0.034688995215311005 0.07340425531914893
0 0.6764354066985646 0.5298456934321596 0.06578947368421052 0.07269712933986903
0 0.687799043062201 0.6081012956564337 0.042464114832535885 0.13870218967256157
0 0.645933014354067 0.5988505327025012 0.04066985645933014 0.08207737434627113
0 0.604066985645933 0.6278976420889942 0.04425837320574163 0.07936955819034137
0 0.6067583732057417 0.553598716971899 0.037679425837320576 0.06997218568188635
0 0.6892942583732058 0.7680061481327519 0.061004784688995214 0.12311606151940657
0 0.763755980861244 0.7196720567725501 0.05382775119617225 0.08597850234190436
0 0.8157894736842105 0.7323396463526808 0.037679425837320576 0.11997218568188635
0 0.7757177033492823 0.644123642540543 0.050239234449760764 0.08868631849783423
0 0.7816985645933014 0.7906579460628372 0.042464114832535885 0.11636176414064668
0 0.7404306220095693 0.7781350815462407 0.05442583732057416 0.10733571028754728
0 0.763755980861244 0.870203971666167 0.05083732057416268 0.15153288814560467
0 0.7200956937799043 0.8564078112725676 0.05980861244019139 0.13146547541535478
0 0.6904904306220095 0.9279513067095512 0.049641148325358854 0.10775464246708481
0 0.7359449760765551 0.9563829787234043 0.0867224880382775 0.08723404255319149
0 0.6019736842105263 0.948404255319149 0.053229665071770335 0.10319148936170212
0 0.6432416267942583 0.8992132876068305 0.035287081339712915 0.09730931134612296
0 0.6097488038277512 0.8696850176692165 0.04665071770334928 0.09033030486652982
0 0.5756578947368421 0.8388297872340426 0.031698564593301434 0.08617021276595745
0 0.6010765550239234 0.8064921924555067 0.04366028708133971 0.06014000981916655
0 0.6190191387559809 0.7546057413202619 0.06220095693779904 0.0637028178362243