0 0.030656934306569343 0.08051948051948052 0.061313868613138686 0.16103896103896104
0 0.0905109489051095 0.06493506493506493 0.13576642335766423 0.12987012987012986
0 0.21496350364963504 0.07857142857142857 0.09416058394160584 0.15714285714285714
0 0.2643972154022551 0.1295520577442761 0.11128550674829535 0.16585312700113738
0 0.15249636990053947 0.13526270494748172 0.11096391148957145 0.17618224940562083
0 0.19461796619622124 0.2560170528787232 0.13355595369456946 0.15863734544916364
0 0.2946588333777998 0.2818968623587093 0.0771167153636529 0.1850276257929661
0 0.3607886175809424 0.2482890100814051 0.09748828365216794 0.20354391827451052
0 0.464963503649635 0.05974025974025974 0.029197080291970802 0.11948051948051948
0 0.4726277372262774 0.4675324675324675 0.013868613138686132 0.19220779220779222
0 0.4408759124087591 0.4688311688311688 0.07737226277372262 0.19220779220779222
0 0.3864963503649635 0.5116883116883116 0.06204379562043796 0.11428571428571428
0 0.34150977880723943 0.4779616588091084 0.07227277797601611 0.11731369430511772
0 0.32108699901654736 0.4013507186097213 0.1067017788302123 0.16029539389557063
0 0.25198896637898277 0.4080025103454509 0.08405869515664217 0.17654159655332638
0 0.18301853741284813 0.4114075488344269 0.07258402891414162 0.18076859398610048
0 0.12466274294713797 0.4521742754416341 0.09363448274138399 0.19804667315407057
0 0.10100400206242913 0.4951648306930205 0.08901005767532721 0.11740621666433615
0 0.09233576642335767 0.5337662337662338 0.09416058394160584 0.07012987012987013
0 0.03613138686131387 0.45454545454545453 0.07226277372262774 0.15844155844155844
0 0.013868613138686132 0.39805194805194805 0.027737226277372264 0.15974025974025974
0 0.268978102189781 0.5084415584415585 0.07518248175182482 0.12077922077922078
0 0.3248175182481752 0.5487012987012987 0.049635036496350364 0.04025974025974026
0 0.7264181613853593 0.156497568490096 0.10826371578195455 0.16301377246322699
0 0.8204379562043795 0.09155844155844156 0.09197080291970802 0.18311688311688312
0 0.8791970802919709 0.08636363636363636 0.07226277372262774 0.17272727272727273
0 0.6125982586855031 0.266935134194137 0.11624187139367459 0.16238043900092214
0 0.6729705312270137 0.36118887185378373 0.07385506350174498 0.15757343456485798
0 0.7626162762297479 0.36275449418767886 0.08646798850012016 0.1637965355068212
0 0.8519786220583844 0.3063162007814219 0.059629160083055584 0.14733325375653697
0 0.8275824509763351 0.43328469774698636 0.06490711998715855 0.13353144335183814
0 0.8952384771099405 0.41674142630817984 0.08405369302994799 0.12087890466455138
0 0.8945255474452555 0.5181818181818182 0.09416058394160584 0.1012987012987013
0 0.48832116788321167 0.3220779220779221 0.017518248175182483 0.18961038961038962
0 0.5200609974848099 0.3296249821533927 0.07893385965825486 0.1942395108541291
0 0.5774496751446061 0.37868035310451953 0.10303179521972901 0.12245159227785198
0 0.5820335730962944 0.4670080586032536 0.08839756005246442 0.10182180107992056
0 0.6467240218924302 0.48865549950588155 0.09559974931500759 0.15549197022256261
0 0.7221642120504617 0.46037944558068217 0.07265041683000598 0.16394596508811057
0 0.9587591240875912 0.07467532467532467 0.059124087591240874 0.14935064935064934
0 0.3448905109489051 0.6214285714285714 0.08686131386861314 0.10519480519480519
0 0.4569343065693431 0.7194805194805195 0.04525547445255475 0.2025974025974026
0 0.42092586131997495 0.7949837517244663 0.0797608674760035 0.14123470954788359
0 0.30601590020225894 0.7561453828685026 0.08146058238616916 0.16597052220833527
0 0.12445255474452555 0.6142857142857143 0.09562043795620438 0.09090909090909091
0 0.19704243595338683 0.7712191350956886 0.08814735483629889 0.15099098647518905
0 0.13512124187768446 0.8188565229126815 0.10488463453561032 0.15108350883440763
0 0.022627737226277374 0.6467532467532467 0.04525547445255475 0.15584415584415584
0 0.02737226277372263 0.8071428571428572 0.05474452554744526 0.16233766233766234
0 0.4594890510948905 0.9798701298701299 0.040145985401459854 0.04025974025974026
0 0.03102189781021898 0.9707792207792207 0.06204379562043796 0.05844155844155844
0 0.5299270072992701 0.6214285714285714 0.10072992700729927 0.10519480519480519
0 0.5489051094890511 0.6077922077922078 0.11678832116788321 0.07792207792207792
0 0.49635036496350365 0.8220779220779221 0.033576642335766425 0.11948051948051948
0 0.5751481469993864 0.8275007411478374 0.09564578865688518 0.10112797963248848
0 0.7019869754164512 0.8236794482890849 0.10552782505305847 0.13042526402544077
0 0.5193430656934307 0.7642857142857142 0.07956204379562044 0.08961038961038961
0 0.5586862531833162 0.6873744132823406 0.0941195467264221 0.1178296325602248
0 0.9591240875912409 0.6155844155844156 0.05693430656934306 0.09350649350649351
0 0.9131386861313868 0.6149350649350649 0.07007299270072993 0.09220779220779221
0 0.878102189781022 0.6285714285714286 0.08905109489051095 0.11948051948051948
0 0.8189781021897811 0.5889610389610389 0.09635036496350365 0.04025974025974026
0 0.7854014598540145 0.6168831168831169 0.07737226277372262 0.09610389610389611
0 0.724087591240876 0.5896103896103896 0.10072992700729927 0.04155844155844156
0 0.719765263027582 0.6694524508563108 0.10340943407371904 0.16908386306084497
0 0.805766545154119 0.7078495962478121 0.0666018327706302 0.10260456412351492
0 0.7675474602080513 0.7020765744312447 0.08086343121059894 0.1322647764272283
0 0.9813868613138687 0.6350649350649351 0.03722627737226277 0.13246753246753246
0 0.974087591240876 0.7298701298701299 0.051824817518248176 0.0987012987012987
0 0.9567748692088219 0.8343699007162153 0.048113796692581486 0.07647752780514341
0 0.9661543341765274 0.9217920768195731 0.049323445491014674 0.12576768917066597
0 0.9225782260601514 0.9312102986840964 0.05329467578623509 0.11574100669181699
0 0.9018925657029536 0.8519717118947433 0.04772581351799289 0.10362927910761678
0 0.8498764276943633 0.8991269862122487 0.052513707310363714 0.11438181740798888
0 0.8020431890453221 0.867801563936016 0.07263006825601921 0.1264046033960268
0 0.6729917299690259 0.9372375163717477 0.062492824516986706 0.09061381250956863
0 0.65 0.9889610389610389 0.059124087591240874 0.02207792207792208
0 0.5948905109489051 0.9837662337662337 0.06423357664233577 0.032467532467532464
0 0.6211362195561926 0.8964582570938443 0.07191548769601269 0.10822278521420862
0 0.5414465720891425 0.8931118199617603 0.07890850895757391 0.10103545727327035
0 0.4923357664233577 0.9032467532467533 0.025547445255474453 0.08961038961038961
0 0.4981751824817518 0.961038961038961 0.03722627737226277 0.07792207792207792
0 0.5284671532846715 0.9857142857142858 0.07153284671532846 0.02857142857142857
0 0.5394160583941606 0.9616883116883117 0.07153284671532846 0.07662337662337662
0 0.5656414184274614 0.9296444838567879 0.0584195112846224 0.09804309239101441
0 0.831021897810219 0.9785714285714285 0.050364963503649635 0.04285714285714286
0 0.787956204379562 0.9655844155844155 0.06642335766423357 0.06883116883116883
0 0.7262773722627737 0.9603896103896103 0.052554744525547446 0.07922077922077922