0 0.13218393816706406 0.10242392549017783 0.08786964152748321 0.11180407242375288
0 0.301814685157441 0.13514204448207126 0.06818162076485525 0.11082318824661522
0 0.37729559018867026 0.12467538033183942 0.05287548824358174 0.11453135042297738
0 0.4763755980861244 0.05531914893617021 0.0651913875598086 0.11063829787234042
0 0.49872531975294604 0.07927347056829506 0.04965318092117507 0.09619839992310505
0 0.5538277511961722 0.05372340425531915 0.05861244019138756 0.1074468085106383
0 0.6686602870813397 0.031914893617021274 0.05143540669856459 0.06382978723404255
0 0.661392564931728 0.07565598193073607 0.05246055618542314 0.07954888950270073
0 0.47499730821013253 0.15531631577465618 0.049848466291716124 0.10045371907204122
0 0.4157624699315068 0.21386218801896298 0.04616230686003398 0.09795429332223278
0 0.44822999534843355 0.206792888185581 0.04737070912161709 0.08537421896309445
0 0.4686997004898731 0.4741297124293585 0.03826518324046194 0.06854931774545635
0 0.3344414475117004 0.42292423672123214 0.05604907293183435 0.07992065567804096
0 0.3730122330089193 0.5941551062290421 0.04121902253261547 0.05509129668675416
0 0.17912679425837322 0.6329787234042553 0.05442583732057416 0.05319148936170213
0 0.26453830684518503 0.2729384860867937 0.061407388025893274 0.10588629777622165
0 0.25466391884888595 0.34542856804654876 0.056598337713601204 0.07891878692003047
0 0.23207107755370268 0.43564723229289937 0.05121556259398384 0.0783611376570197
0 0.17463025087707917 0.3643076828055996 0.03842377857266528 0.11091662614714812
0 0.029130513600339657 0.3634997076422071 0.05152062195409304 0.12391993542041359
0 0.005382775119617225 0.3898936170212766 0.01076555023923445 0.08617021276595745
0 0.4822910697210055 0.5605997344076942 0.04440473852516582 0.059656420981807366
0 0.5652479525987772 0.49747874193459546 0.032174449298393124 0.07850604429633962
0 0.630567409813082 0.44253759803237924 0.04807866794406868 0.07485984314920077
0 0.6783589685822846 0.22477328544265168 0.01668526141935771 0.06525489090618042
0 0.5921371707543421 0.36552287186922383 0.047016729710391295 0.09063140687004123
0 0.6046843545200773 0.14399843200764936 0.04409958045657535 0.06597743867598807
0 0.5898906980337516 0.05130033387896797 0.03278476543557405 0.06586400890797774
0 0.13999002765016266 0.3408976849845348 0.0497264622893687 0.07185423687516881
0 0.057051687208522585 0.5268343029991602 0.04208557668727026 0.08694422927455212
0 0.07789928889009826 0.5394973229683948 0.04594266017241629 0.06722715155089229
0 0.1061008644158691 0.5281054968116351 0.037007959636243634 0.08006556231736064
0 0.057117224880382775 0.6356382978723404 0.06399521531100479 0.047872340425531915
0 0.7317583732057417 0.08404255319148936 0.06399521531100479 0.14468085106382977
0 0.8509919813735244 0.12850271477812783 0.06971954241210572 0.11839391881570026
0 0.8379319267389156 0.2314978287617233 0.05911268621355629 0.10776611323379624
0 0.8344173329658271 0.5934325584592344 0.0563420009876458 0.08630363440144545
0 0.892162824168634 0.4116940483528422 0.05510923740898593 0.07241188613817935
0 0.8880127632734358 0.37242004162379944 0.07144061812559938 0.09104414949373184
0 0.8521461875996934 0.5248932366475166 0.05402283914975024 0.1135914426941902
0 0.944019080514784 0.2739753062129978 0.060772710571635316 0.0920565105421791
0 0.986244019138756 0.27606382978723404 0.02751196172248804 0.08829787234042553
0 0.9856459330143541 0.06542553191489361 0.028708133971291867 0.13085106382978723
0 0.9574756234799012 0.06506192122517344 0.06663146910482576 0.11595645409511525
0 0.914834617650234 0.11871237580413506 0.07587132770958889 0.09679702563446596
0 0.910715082432743 0.08525845239026789 0.058172850690707587 0.10025734369393463
0 0.903745761740203 0.19821029292474646 0.07590791903944494 0.1105648518392852
0 0.9171544210932588 0.48321898457111434 0.04966541093395435 0.08349440350551997
0 0.9751794258373205 0.5127659574468085 0.049641148325358854 0.10638297872340426
0 0.6495350443235163 0.7726346372210494 0.045063777296500816 0.09995803083825412
0 0.687200956937799 0.7037234042553191 0.025119617224880382 0.08404255319148936
0 0.6282894736842105 0.6835106382978723 0.04724880382775119 0.047872340425531915
0 0.5393406346971772 0.7353471405022801 0.047016729710391295 0.09063140687004123
0 0.5214531847311074 0.8462537707156893 0.06809620809236401 0.09599153225456193
0 0.48725866601126044 0.9233809339334597 0.051362026621889434 0.08155262701872182
0 0.5841913245006161 0.9059274192032444 0.04879875807081802 0.10352128637529637
0 0.4885704804848184 0.7586059928254116 0.05365672843422697 0.07967281156114747
0 0.45103145302325465 0.7789059578247776 0.06338480046534233 0.0711516809728386
0 0.46113189883900535 0.8376801786751981 0.06901168229813567 0.07702847917201934
0 0.4514649768717857 0.8926790301748149 0.04489295195151805 0.0702947188541478
0 0.4256192038680073 0.9435307461482876 0.04397747774574667 0.08925777193669038
0 0.43450956937799046 0.9712765957446808 0.04844497607655503 0.0574468085106383
0 0.3930172963732319 0.8886758085745952 0.07363767725266597 0.08703667446168939
0 0.026913875598086126 0.701063829787234 0.05382775119617225 0.08297872340425531
0 0.05203349282296651 0.7345744680851064 0.05861244019138756 0.15
0 0.0867224880382775 0.7276595744680852 0.06698564593301436 0.13617021276595745
0 0.13875598086124402 0.7175531914893617 0.07057416267942583 0.11595744680851064
0 0.2159090909090909 0.6925531914893617 0.09569377990430622 0.06595744680851064
0 0.25 0.7127659574468085 0.0861244019138756 0.10638297872340426
0 0.43929425837320574 0.6835106382978723 0.06638755980861244 0.047872340425531915
0 0.485944976076555 0.6882978723404255 0.06160287081339713 0.0574468085106383
0 0.5454545454545454 0.9776595744680852 0.05502392344497608 0.04468085106382979
0 0.6368351334607637 0.9131788450491716 0.040828353083052084 0.09846047384645616
0 0.6230792019537605 0.9405438564500966 0.05189906139087727 0.09325475467829629
0 0.6730009989679108 0.890374208154779 0.04143866922023329 0.08581843845809452
0 0.3633373205741627 0.9579787234042553 0.04844497607655503 0.08404255319148936
0 0.35304316872357405 0.890699537958094 0.07948420577307741 0.12364061443221051
0 0.25039180459709987 0.766870062298027 0.09819579968300063 0.10334490286466733
0 0.3160227323033477 0.8283615652139331 0.041279975179548276 0.09533094551397783
0 0.28321972055708616 0.9270493949531079 0.057684637264355354 0.0896190458215942
0 0.361244019138756 0.9617021276595744 0.04425837320574163 0.07659574468085106
0 0.38307416267942584 0.9808510638297873 0.038875598086124404 0.03829787234042553
0 0.298444976076555 0.975 0.0430622009569378 0.05
0 0.21979665071770335 0.9702127659574468 0.07117224880382775 0.059574468085106386
0 0.22130557666870893 0.9207583650601432 0.07861765161842234 0.09178768184441255
0 0.10764485171526839 0.959002783234991 0.06353126449324806 0.07434317033454073
0 0.10287081339712918 0.9787234042553191 0.06698564593301436 0.0425531914893617
0 0.15849282296650719 0.9877659574468085 0.05382775119617225 0.02446808510638298
0 0.1685519937189932 0.9548104178286737 0.06034554850069743 0.06977804603948776
0 0.04395933014354067 0.825 0.08791866028708134 0.1478723404255319
0 0.04046382170323171 0.9183179221993719 0.07375968125501339 0.11563615665856192
0 0.26555023923444976 0.9829787234042553 0.04425837320574163 0.03404255319148936
0 0.8439376921966597 0.7773826664635862 0.045234701349964566 0.0777415273647861
0 0.8831428590226922 0.7791443023646301 0.0483227746572448 0.08017899208537098
0 0.8704547339845522 0.6989333370512519 0.04246401612405435 0.056279048532435066
0 0.8555622009569378 0.6829787234042554 0.05921052631578947 0.04680851063829787
0 0.9916267942583732 0.6909574468085107 0.01674641148325359 0.0627659574468085
0 0.8116028708133971 0.6851063829787234 0.04784688995215311 0.05106382978723404