0 0.038741721854304634 0.6741176470588235 0.07748344370860927 0.09176470588235294
0 0.023509933774834436 0.6129411764705882 0.04701986754966887 0.08941176470588236
0 0.06905497367176773 0.5405187818361494 0.07621713683356207 0.1154959718564685
0 0.05569888851436999 0.48014675849921423 0.07827199725418596 0.09916231081288515
0 0.14838451450768633 0.48533719089037725 0.0675397598566468 0.1314873149207753
0 0.19599408132714277 0.4482350826824995 0.06625769555980937 0.13259532191315537
0 0.13755355070833242 0.35496516755344215 0.05769975691526176 0.09692465448889219
0 0.05969311037869769 0.43355635897117334 0.07312696749173114 0.08480504116856791
0 0.058805322854648664 0.3848697567511193 0.06866096196001079 0.08927130093601537
0 0.11407271515160351 0.30040073883248075 0.061927900935562025 0.10418886880586985
0 0.09503514288941177 0.11350048483401268 0.04498965841504537 0.09274483856356061
0 0.28311258278145696 0.02 0.0390728476821192 0.04
0 0.20067266824981211 0.09864586425763147 0.07077503397016087 0.09290340809450426
0 0.25165562913907286 0.052941176470588235 0.051655629139072845 0.10588235294117647
0 0.22862688047249888 0.056688357046407185 0.03674556544654942 0.08409876287078151
0 0.43509933774834436 0.017058823529411765 0.04900662251655629 0.03411764705882353
0 0.3870860927152318 0.6941176470588235 0.09735099337748344 0.05176470588235294
0 0.3732711783679123 0.2065647977403565 0.05605251406374154 0.10623372380099147
0 0.618794877499822 0.24711427479627726 0.07503672314067185 0.13774621763915615
0 0.4827814569536424 0.26705882352941174 0.046357615894039736 0.12705882352941175
0 0.5109238417969039 0.21393899204257744 0.06328594939703094 0.14183592762939926
0 0.6965911517311678 0.12449101581454168 0.06602872791259955 0.10792367135814175
0 0.7301157990138336 0.14800507996936188 0.05814091963457603 0.12747865798508215
0 0.6980765172358995 0.08331454522630632 0.06011979589056834 0.07238993112558921
0 0.6870860927152318 0.04352941176470588 0.08675496688741721 0.08705882352941176
0 0.9399519838575842 0.5246700263874577 0.0736105692254665 0.11653551525299329
0 0.9758278145695364 0.06352941176470588 0.048344370860927154 0.12705882352941175
0 0.9069536423841059 0.05411764705882353 0.08410596026490066 0.10823529411764705
0 0.8552980132450331 0.03882352941176471 0.076158940397351 0.07764705882352942
0 0.9235099337748345 0.013529411764705882 0.04701986754966887 0.027058823529411764
0 0.8943708609271523 0.017058823529411765 0.048344370860927154 0.03411764705882353
0 0.5575853943494699 0.05652250292400334 0.05240174367022865 0.09665080010547078
0 0.4194472201379257 0.8619342407044357 0.07383953687267603 0.14120716580800663
0 0.4324503311258278 0.9311764705882353 0.054304635761589407 0.1376470588235294
0 0.39636955521819556 0.796193341395239 0.06758219887106764 0.13266378550901062
0 0.08211920529801324 0.9582352941176471 0.10198675496688742 0.08352941176470588
0 0.152317880794702 0.9764705882352941 0.0913907284768212 0.047058823529411764
0 0.22417218543046358 0.9752941176470589 0.10132450331125828 0.04941176470588235
0 0.05066225165562914 0.8752941176470588 0.10132450331125828 0.1623529411764706
0 0.02052980132450331 0.9158823529411765 0.04105960264900662 0.16823529411764707
0 0.15757357628312732 0.8924975085163115 0.11539951383052352 0.19384930897778424
0 0.15176921906717572 0.7876997519392039 0.1055684047533487 0.12288452390646225
0 0.34271523178807944 0.9423529411764706 0.09602649006622517 0.11529411764705882
0 0.21678538029575145 0.8636027573575005 0.11058611747254077 0.13371238178607361
0 0.295364238410596 0.7852941176470588 0.09006622516556291 0.13058823529411764
0 0.3360927152317881 0.7770588235294118 0.07748344370860927 0.11411764705882353
0 0.3198123986926085 0.8753043045112325 0.08412171768669088 0.11473028284336526