0 0.042418772563176894 0.01873661670235546 0.08002406738868832 0.03747323340471092
0 0.15583634175691938 0.07119914346895075 0.0914560770156438 0.1423982869379015
0 0.10318892900120337 0.05032119914346895 0.0812274368231047 0.1006423982869379
0 0.1150213996056823 0.2790421981055104 0.06950528691526778 0.10461903525053382
0 0.026173285198555957 0.34796573875803 0.052346570397111915 0.09207708779443255
0 0.022262334536702767 0.40417558886509636 0.044524669073405534 0.09528907922912205
0 0.017148014440433214 0.5080299785867237 0.03429602888086643 0.043897216274089934
0 0.10222559931682704 0.5078483523350047 0.04637172921644489 0.019094979770485746
0 0.05405911686674235 0.41258512939913156 0.0399737287820828 0.08565436932300423
0 0.24729241877256317 0.06209850107066381 0.07460890493381468 0.12419700214132762
0 0.27617328519855594 0.045503211991434686 0.04693140794223827 0.09100642398286937
0 0.23365090171592448 0.10880285887311393 0.08940988957312182 0.12228562034030147
0 0.23892799502892653 0.15789912066574038 0.087541826434375 0.1027702815750841
0 0.26396152151979513 0.45015713056277107 0.04660626266851108 0.09082945514521808
0 0.246984830964437 0.41281421100101656 0.057443588576827576 0.09443112371082633
0 0.18495199718402533 0.49508697441814575 0.04818728486592318 0.022550361362255574
0 0.14432077627605017 0.49520993389463686 0.0512307134448097 0.0336626497396878
0 0.12196897842772193 0.3787921658164871 0.05385798376857048 0.10143899007760789
0 0.18903387057121568 0.2706691973825627 0.054445666488640396 0.0972374648837153
0 0.22874176198754012 0.3563616029358453 0.0694247754317227 0.07999376758458093
0 0.2785800240673887 0.30032119914346894 0.0421179302045728 0.0974304068522484
0 0.08580333673833532 0.45597034126478725 0.04591706546918861 0.06398172980377874
0 0.08486735433945065 0.3538030773128647 0.04363984507388497 0.10327177062217557
0 0.019554753309265944 0.10653104925053533 0.03910950661853189 0.14668094218415417
0 0.021359807460890494 0.04122055674518201 0.04271961492178099 0.08244111349036402
0 0.2918170878459687 0.354389721627409 0.015643802647412757 0.10278372591006424
0 0.34777376654632974 0.03586723768736617 0.09626955475330927 0.07173447537473233
0 0.5021058965102286 0.03158458244111349 0.0776173285198556 0.06316916488222699
0 0.46381085771496605 0.1103289889360494 0.0953497257609431 0.0995423170095128
0 0.5822797380178558 0.07507442001297228 0.04914952100944211 0.1329098640056222
0 0.6708784596871239 0.017665952890792293 0.07099879663056559 0.035331905781584586
0 0.31708784596871237 0.35599571734475377 0.03489771359807461 0.07601713062098502
0 0.31438026474127556 0.16916488222698073 0.029482551143200964 0.11134903640256959
0 0.3435159202647443 0.13940296514682787 0.04971970123308922 0.12335501975391369
0 0.38449349002202304 0.153158070194478 0.04544139872622499 0.10244449696769285
0 0.41137872566525113 0.18327369292869325 0.056261222138118544 0.10069284647548514
0 0.4145849274608702 0.2433605480202118 0.06523048490768821 0.08477917627587603
0 0.47890238379489247 0.3075253366301564 0.048984997543067274 0.08258866486215315
0 0.5344670065753817 0.180065894865592 0.0448047090161712 0.09165672879970105
0 0.5505030657225352 0.38998851321991684 0.05095457516106666 0.13315325416270243
0 0.5765310802007815 0.3420268077623809 0.03755648841539633 0.08211785767887454
0 0.5972386462847065 0.41582084850890416 0.05019536797605284 0.0848922525899997
0 0.6231093388750161 0.411796924351638 0.051363732417623605 0.07434787457908823
0 0.6051076037688856 0.33710246646371295 0.053798475280732734 0.08323770528103401
0 0.6262663331007822 0.3647768332606597 0.03926702908633752 0.053453324923749296
0 0.6534592115213146 0.30487556577120856 0.0525460988563325 0.06808615181442942
0 0.6695082697662618 0.05849257526872324 0.06401661397541811 0.08140492473646631
0 0.7084837545126353 0.03800856531049251 0.05475330926594465 0.07601713062098502
0 0.7391696750902527 0.034796573875803 0.05354993983152828 0.069593147751606
0 0.7746690734055355 0.020342612419700215 0.04753309265944645 0.04068522483940043
0 0.835439229843562 0.028372591006423982 0.06438026474127558 0.056745182012847964
0 0.7288304229796899 0.1597495389168765 0.04602908144629504 0.09824297177380029
0 0.7052143981192032 0.20899271988231677 0.042327960161646985 0.06991893235899736
0 0.629358367509915 0.2058318088351501 0.04724995337713407 0.10375855093633622
0 0.6674222277417051 0.34101813987741886 0.030853944543276564 0.05552949562539755
0 0.7320650299293234 0.4126370101421256 0.03154314174259917 0.08237722096683689
0 0.7516685896487043 0.3328719239816941 0.035135747549425604 0.07751068222318144
0 0.6592473777298639 0.5102887440520578 0.03804965765478303 0.049008409572776405
0 0.7793200334755155 0.4132276158070181 0.0356779237787959 0.05939052747896743
0 0.8044245178822421 0.35896362255864334 0.04174727844014627 0.07626178517601627
0 0.8012393190823304 0.30530075033650383 0.04296815037098531 0.0817773643385521
0 0.8472506974523335 0.2937409822731402 0.03334819589422372 0.08262061112391697
0 0.8403035197900318 0.37822632020338853 0.023651230433201307 0.05990925405489188
0 0.7211946498576725 0.4939023700722436 0.04041439053220081 0.0364849640434588
0 0.8773135291572973 0.09902519114453083 0.04540639373337938 0.09173785885206116
0 0.9221337898403802 0.09137500652635845 0.04413301431327153 0.07016232251607768
0 0.9377256317689531 0.017130620985010708 0.03429602888086643 0.034261241970021415
0 0.8784596871239471 0.03372591006423983 0.04693140794223827 0.06745182012847965
0 0.7713246568573539 0.26916679499471 0.03758449240967301 0.09068316817137989
0 0.8287120368657594 0.23893493495149376 0.06097318539653159 0.07029263635903409
0 0.7030474434513634 0.2826577111838343 0.04957268026313719 0.07838713966826058
0 0.9282490521521679 0.3047775983677514 0.042359464655208054 0.07955490666306564
0 0.9643378834371629 0.2961624718856742 0.025445783086971985 0.056940652777282934
0 0.9844330627261569 0.2747079984292553 0.02364072893534771 0.05669726262020237
0 0.99338146811071 0.22002141327623126 0.013237063778580024 0.061027837259100645
0 0.9936823104693141 0.3372591006423983 0.01263537906137184 0.05139186295503212
0 0.9652178578474943 0.38119911485258606 0.047736121617951564 0.06850777520711174
0 0.8765831282860359 0.427962371451504 0.047676613130113676 0.05030649041053786
0 0.8928684702326916 0.2538491882295325 0.036986308191749355 0.09167270193058295
0 0.8676939758402734 0.286699905246644 0.029724085593836217 0.07785117556350366
0 0.9189052359591492 0.20856414230090453 0.04291914338100157 0.06678807097666796
0 0.9262024635499079 0.23114518552697297 0.0399737287820828 0.08565436932300448
0 0.9460528084688512 0.2268618980817448 0.0459660724591729 0.07897102316566311
0 0.01684717208182912 0.8452890792291221 0.03369434416365824 0.06745182012847965
0 0.019855595667870037 0.8843683083511777 0.039711191335740074 0.055674518201284794
0 0.08236280207051895 0.8418153638670643 0.03570592777307244 0.06795583797147302
0 0.01844400149519982 0.7154709441340957 0.03449905783937154 0.06672291405518964
0 0.04882382896528619 0.7097678807725658 0.03505173556659571 0.051814750745665376
0 0.08707806524834748 0.7190700839038022 0.039277530584191124 0.05666531635843856
0 0.12424789410348977 0.5588865096359743 0.04151624548736462 0.03854389721627409
0 0.019554753309265944 0.5808351177730193 0.03910950661853189 0.08244111349036402
0 0.09925157898402506 0.6681563824985143 0.04111058873009221 0.06547401700802423
0 0.11650635865263763 0.698499422258928 0.03991772079352972 0.06852374833799377
0 0.21028880866425992 0.556745182012848 0.05475330926594465 0.034261241970021415
0 0.20968347783707636 0.6602283326655962 0.04478020552117892 0.08416208211875899
0 0.2347041508408421 0.6723860607603178 0.045350385744826034 0.07460723786705033
0 0.2848977135980746 0.6750535331905781 0.029482551143200964 0.07815845824411134
0 0.27805015455469234 0.7661569964919454 0.029654075608145005 0.05643789933224026
0 0.24729947474031044 0.750487348648392 0.04474170002904878 0.07238478019156389
0 0.15065751797293225 0.833677766735756 0.05073754420542341 0.06677209784578593
0 0.21746552457874802 0.8310963137931636 0.026078972297741514 0.06665775713371157
0 0.158627989936364 0.7860086352258967 0.054379157002233586 0.0768948524640151
0 0.2851985559566787 0.8088865096359743 0.02888086642599278 0.046038543897216275
0 0.28369434416365824 0.6252676659528907 0.031889290012033694 0.06638115631691649
0 0.04713294220014802 0.9290431504466744 0.032595989707778966 0.03650093717434059
0 0.6028880866425993 0.5910064239828694 0.08182912154031288 0.10278372591006424
0 0.31227436823104693 0.5899357601713062 0.024067388688327317 0.1006423982869379
0 0.33204345431614735 0.6467853997338616 0.062288570808054146 0.10471613843377571
0 0.3111070066888209 0.687098184971176 0.020212646594896175 0.11188500050732665
0 0.33654403852758163 0.7345472538213024 0.049740704228796555 0.12977900262329295
0 0.47262334536702766 0.5995717344753747 0.08724428399518652 0.11991434689507495
0 0.7154031287605295 0.5931477516059958 0.098676293622142 0.10706638115631692
0 0.6438026474127557 0.6076017130620985 0.08182912154031288 0.13597430406852248
0 0.5956043142785501 0.7103274043959101 0.07460580559426797 0.19306250821759455
0 0.5661427661310566 0.720726759830934 0.07090468430962005 0.1647384688027915
0 0.5548297734797765 0.7586708004189239 0.08287186916737689 0.1460184574302933
0 0.6997675305908994 0.7182405134746573 0.10697076234926528 0.15889963382876596
0 0.6682891480850649 0.66410809846719 0.07614482180026526 0.111935448695874
0 0.7287901672379172 0.7577081553296808 0.0809898040314918 0.12222046341882338
0 0.47790864315781245 0.7979633700332224 0.08107031551503688 0.14684573108477628
0 0.45662914660059817 0.7333511017373463 0.07446928612216974 0.15130661956663094
0 0.42174543499966183 0.7423393000204849 0.06912063315370291 0.1709190615150902
0 0.3859819495682629 0.7584085081573244 0.054033008732798926 0.15497218065576646
0 0.36321594429431997 0.7914700368707769 0.06294626351381544 0.12192788947114652
0 0.3241659461636257 0.8149447750707575 0.04548340471763987 0.11529246270645076
0 0.39921780986762934 0.9694860813704497 0.04993983152827918 0.061027837259100645
0 0.3742478941034898 0.958779443254818 0.04091456077015644 0.08244111349036402
0 0.41064617338460946 0.9377114859344404 0.04417151980540181 0.0819396244432723
0 0.4735852353199868 0.9485053440709469 0.06045551266215302 0.09590743778419004
0 0.542719614921781 0.9876873661670236 0.06016847172081829 0.02462526766595289
0 0.5947653429602888 0.949678800856531 0.06197352587244284 0.1006423982869379
0 0.5171688718254498 0.9308461133476448 0.04723595137999587 0.09947589569008354
0 0.6329723225030084 0.9850107066381156 0.04693140794223827 0.029978586723768737
0 0.6928399518652226 0.9512847965738758 0.07641395908543923 0.0974304068522484
0 0.6867967053378157 0.8935134771259932 0.08815401264943691 0.10606340306213395
0 0.6457003191847305 0.9354734553058078 0.06041700717002275 0.08413013585699518
0 0.7064195178032618 0.8196370419291589 0.09233080067704845 0.09592467531302301
0 0.8389192729028533 0.6571676857965486 0.07630934526663996 0.16225664783934296
0 0.9155938186051241 0.6345109702876591 0.10464453496397763 0.18320038128527844
0 0.9302110270319912 0.6866323715149567 0.08887121384303578 0.1414764388960784
0 0.9376027681034335 0.7381213376532308 0.08881870635376723 0.12541648172263087
0 0.8038799896636225 0.7106289972857387 0.08779386238286398 0.1798580760076324
0 0.7903020283645348 0.7922594424514773 0.07493095086799516 0.10856119715646428
0 0.9765342960288809 0.6370449678800857 0.04693140794223827 0.16059957173447537
0 0.9611999413775928 0.8672248113654182 0.05389298876141636 0.11214562819323957
0 0.9849578820697954 0.8399357601713062 0.030084235860409144 0.08458244111349036
0 0.7265342960288809 0.9646680942184154 0.04753309265944645 0.07066381156316917
0 0.7686522262334536 0.9641327623126338 0.05595667870036101 0.07173447537473233
0 0.7915616063673733 0.9013454561523804 0.10499068323341229 0.10512305309352718
0 0.8853790613718412 0.9571734475374732 0.04271961492178099 0.08565310492505353
0 0.9240862661216944 0.9306060523419373 0.0592801472220132 0.10431048817197518
0 0.9160875895841174 0.8775922205386787 0.05748209406895771 0.1062084256380212
0 0.6783995186522263 0.9850107066381156 0.05114320096269555 0.029978586723768737
0 0.7984356197352587 0.9518201284796574 0.06738868832731648 0.09635974304068523