0 0.1329608938547486 0.03429423459244533 0.06815642458100558 0.06858846918489066
0 0.28966480446927373 0.01341948310139165 0.07430167597765364 0.0268389662027833
0 0.2488826815642458 0.03827037773359841 0.06871508379888268 0.07654075546719682
0 0.12300526564346081 0.14722536265533318 0.07026337603637375 0.1087669965439646
0 0.1666932993703742 0.09695785199681102 0.059992913207094704 0.09762440314193328
0 0.25079545859678043 0.1568265934880229 0.05573114010606042 0.07965079243190974
0 0.20977653631284915 0.05864811133200795 0.06424581005586592 0.1172962226640159
0 0.29854220290887734 0.19954769536814518 0.05623836916013045 0.10549572284940466
0 0.28320566765178357 0.0725420997122914 0.06424759004262037 0.08678254273214463
0 0.29821232128875463 0.11160444500400278 0.045870362281991914 0.089382950520932
0 0.34613375489542164 0.12054568016464567 0.044440902889886905 0.07345524464922418
0 0.32644590058807416 0.1986349743676027 0.041518141397606775 0.09525463200427942
0 0.382136266769345 0.5038393568315676 0.03424847529969568 0.06628879438834594
0 0.3129538615293133 0.5212859883853438 0.05339895918569232 0.07463434689127729
0 0.2810668303646434 0.46150469321556287 0.051300883982587454 0.08154633077410374
0 0.35637054006541974 0.3860573347185441 0.04902722949153528 0.07951199258933622
0 0.3924581005586592 0.38220675944334 0.03407821229050279 0.06063618290258449
0 0.4041899441340782 0.35636182902584496 0.010614525139664804 0.06858846918489066
0 0.11096395109182254 0.25925645672743874 0.06455973099897093 0.10268711529675706
0 0.12982713095074888 0.35255158558509997 0.05743372283497247 0.10949499929765345
0 0.08224977149522218 0.48918454302822356 0.06576749721807625 0.07886495641048193
0 0.2770666580495301 0.5279952076211729 0.04424581479216771 0.06351488679634147
0 0.3806340884169067 0.4272986013643707 0.03405338720197648 0.05634843653546324
0 0.11323939741038336 0.5032401920747441 0.04361621660071164 0.08834264812145251
0 0.05433189312576213 0.5889633413775317 0.05293784401667495 0.07959295916417056
0 0.020670391061452513 0.6158051689860835 0.041340782122905026 0.04671968190854871
0 0.044972067039106146 0.6252485089463221 0.037430167597765365 0.027833001988071572
0 0.20745858344576165 0.22498674828173382 0.060856617115813756 0.08472507124028127
0 0.3059324936796829 0.5618795224324937 0.03869114396743168 0.03657182071162811
0 0.19300351644266772 0.4701145377005376 0.04613638935329034 0.07448398039515579
0 0.7938547486033519 0.019383697813121274 0.06480446927374302 0.03876739562624255
0 0.8472067039106145 0.018389662027833 0.06089385474860335 0.036779324055666
0 0.920303295490049 0.09465957003991103 0.06611865579397085 0.09675760054567067
0 0.985195530726257 0.13717693836978131 0.029608938547486034 0.09542743538767395
0 0.945448288414027 0.19504018258361583 0.04604594156993922 0.09832927258852642
0 0.8302988668365209 0.16085987347709257 0.059051174059287816 0.106547591902432
0 0.8990645026465878 0.25022003890084027 0.057816802764902 0.10056024388360689
0 0.9270932394433021 0.32681319251891333 0.039042302543326544 0.054464464846816975
0 0.9423464113417993 0.34998253189956013 0.045285097988834316 0.059561876962284106
0 0.968766561325707 0.38729392201842494 0.04299903095351861 0.08534897411204007
0 0.979050279329609 0.4691848906560636 0.04189944134078212 0.073558648111332
0 0.9949720670391061 0.5079522862823062 0.01005586592178771 0.061630218687872766
0 0.9924581005586592 0.5864811133200796 0.015083798882681564 0.05765407554671968
0 0.9612672394774189 0.560030598914402 0.04696107564246535 0.059596576922927455
0 0.9293075011931701 0.5961332737375217 0.045687686728535744 0.051621157333525576
0 0.9134078212290503 0.6197813121272365 0.042458100558659215 0.03876739562624255
0 0.9747016657817498 0.5901177055046494 0.037788422439168835 0.047483081042703365
0 0.7276988906988546 0.23971660909142228 0.05583578042042876 0.11343644247816319
0 0.8025113438633327 0.2815076399906805 0.04860513194206145 0.08645867643280625
0 0.8243886229912674 0.37188427808698965 0.04885874646909659 0.09938114164155376
0 0.775883705078197 0.4185743469418466 0.053445073070744975 0.1054378895816658
0 0.7333892450393712 0.3873887564744694 0.052918335206903054 0.07859892337888229
0 0.6492356556491579 0.3533533787472049 0.04924892266453525 0.11926185734731917
0 0.6786956199839772 0.374829596222744 0.04987852085599131 0.09443409602220791
0 0.7583746075116651 0.3089123275875724 0.061298223475059484 0.0787724231820995
0 0.8379135089197036 0.5346231120722562 0.037580921797186355 0.0653641585243446
0 0.7492817813749648 0.542724372011039 0.05934912248462116 0.06482122222742036
0 0.7083347235802526 0.5761568909141734 0.04640951269009712 0.08840048138919158
0 0.7460610714573513 0.6062501290411059 0.05767314483098988 0.06478652226677702
0 0.6960893854748603 0.6163021868787276 0.05698324022346369 0.04572564612326044
0 0.641340782122905 0.5999005964214712 0.04581005586592179 0.07852882703777336
0 0.5629192701951466 0.4936556148025538 0.04948834466055265 0.07455338031644272
0 0.6028199485276835 0.43536063461366487 0.043635725410483536 0.08933668390674078
0 0.4646555305833393 0.26706032953137465 0.06520352172144472 0.13549029621126987
0 0.864108417597857 0.5177769018732318 0.04077680662627351 0.05748127216332514
0 0.8168671223530758 0.41544835283645654 0.039146942857694884 0.08825011489307008
0 0.4346368715083799 0.6252485089463221 0.03798882681564246 0.027833001988071572
0 0.4335195530726257 0.44980119284294234 0.048044692737430165 0.10238568588469185
0 0.9801675977653631 0.2529821073558648 0.03966480446927374 0.10039761431411531
0 0.9871508379888269 0.2927435387673956 0.02569832402234637 0.06262425447316103
0 0.10502793296089385 0.7062624254473161 0.10726256983240223 0.1341948310139165
0 0.15273832963357842 0.77233158965997 0.10538796778905164 0.13433502369613476
0 0.19888268156424582 0.6978131212723658 0.08603351955307263 0.1172962226640159
0 0.654698965015657 0.7432987895921278 0.0958269183770708 0.1877931896842932
0 0.5947158180542026 0.8026684239312286 0.10348498068366611 0.1511873654318442
0 0.5863252972285373 0.9157687370366833 0.09572227806270246 0.15400753963803976
0 0.6379888268156425 0.9294234592445328 0.08268156424581005 0.1411530815109344
0 0.5027932960893855 0.9478131212723658 0.09497206703910614 0.10437375745526839
0 0.4335195530726257 0.9423459244532804 0.048044692737430165 0.11530815109343936
0 0.4441340782122905 0.9289264413518886 0.06927374301675977 0.14214711729622267
0 0.6667597765363128 0.9751491053677932 0.06536312849162011 0.04970178926441352
0 0.8978815496752547 0.7567795880603704 0.06593776022726913 0.14444818493241204
0 0.9407821229050279 0.7162027833001988 0.0670391061452514 0.1540755467196819
0 0.852528182692973 0.8502356054379671 0.074512736593145 0.15456204258851175
0 0.8159661571300585 0.8936952320955927 0.08335374003031855 0.14977693011883525
0 0.9095282735868315 0.8807278931122987 0.07649375893761824 0.14168584399395545
0 0.7581005586592179 0.9567594433399602 0.07486033519553073 0.08648111332007952
0 0.8332402234636872 0.9766401590457257 0.07430167597765364 0.04671968190854871
0 0.9256983240223464 0.9622266401590457 0.06927374301675977 0.07554671968190854
0 0.9854748603351955 0.9567594433399602 0.02905027932960894 0.08648111332007952
0 0.9740223463687151 0.9796222664015904 0.04748603351955307 0.040755467196819085
0 0.9620111731843576 0.6724652087475149 0.07150837988826815 0.06660039761431412
0 0.8891833260193702 0.9111092529481926 0.07563537130765335 0.09794826944127154