0 0.22630110773824288 0.25914254431849665 0.05497176259611925 0.09810265128997889
0 0.2746278896633022 0.28452244624170236 0.059416630901257934 0.08994875141386448
0 0.006993006993006993 0.34854771784232363 0.013986013986013986 0.08091286307053942
0 0.023892773892773892 0.28526970954356845 0.047785547785547784 0.13485477178423236
0 0.060897435897435896 0.34647302904564314 0.06351981351981352 0.08506224066390042
0 0.13228438228438227 0.3682572614107884 0.0675990675990676 0.04149377593360996
0 0.2293123543123543 0.37136929460580914 0.049533799533799536 0.035269709543568464
0 0.46532634032634035 0.22562240663900415 0.028554778554778556 0.12344398340248963
0 0.4965034965034965 0.05342323651452282 0.0337995337995338 0.10684647302904564
0 0.5580985054222303 0.14884471869782312 0.06742826794340087 0.15135124696802463
0 0.504079254079254 0.1950207468879668 0.04895104895104895 0.1078838174273859
0 0.49155011655011654 0.2567427385892116 0.023892773892773892 0.09854771784232365
0 0.643944041446855 0.20030688903679467 0.08050422005871177 0.09474997790495973
0 0.8155681049485349 0.09403431776783094 0.055894592112799665 0.13337236083354737
0 0.7034740175968812 0.16530090773522402 0.0701919362354819 0.12345158969579366
0 0.7205805201488918 0.25823114080067544 0.06452567592297215 0.08492499164659663
0 0.7627708762387573 0.20607538825396926 0.06404033262533036 0.15539198307842989
0 0.8858166490269637 0.284648117950134 0.04567489531671798 0.09885028506710397
0 0.4967948717948718 0.37344398340248963 0.034382284382284384 0.03112033195020747
0 0.8033216783216783 0.0254149377593361 0.05419580419580419 0.0508298755186722
0 0.8604312354312355 0.029045643153526972 0.0775058275058275 0.058091286307053944
0 0.842410524564014 0.2272372880751621 0.06367311164679222 0.11910303605034697
0 0.9016028319090906 0.160556088796562 0.035198152473184946 0.07675823516691754
0 0.8587578964309454 0.1374228913513834 0.05464605806082015 0.0856545185098959
0 0.2467948717948718 0.9854771784232366 0.051864801864801864 0.029045643153526972
0 0.2654954382165792 0.9391431691468328 0.06974328912311895 0.08405060947269
0 0.28311049560445584 0.8343144390178592 0.05243799830688154 0.11253493829761255
0 0.3511606636324911 0.5405453510718743 0.08347225706168132 0.09691520127076994
0 0.4198717948717949 0.4299792531120332 0.06235431235431235 0.08195020746887967
0 0.4755244755244755 0.683091286307054 0.008158508158508158 0.09232365145228216
0 0.46561771561771564 0.741701244813278 0.027972027972027972 0.08713692946058091
0 0.4295118250275581 0.7781293598007037 0.06264171395167896 0.07968394891341773
0 0.35731860787800646 0.7732907414904351 0.06714086634603426 0.07360473783398383
0 0.3879169871664207 0.8521055585402071 0.05480891032846977 0.0918785848999374
0 0.35983558763963297 0.8777068157480638 0.06419997138767292 0.07247685886651363
0 0.4209373922479574 0.8494978937771824 0.05106812843049185 0.08243384383191942
0 0.46416083916083917 0.8646265560165975 0.030885780885780884 0.08817427385892117
0 0.14393939393939395 0.983402489626556 0.038461538461538464 0.03319502074688797
0 0.34770318007499706 0.9624612388769229 0.06453844356894933 0.06315886619527766
0 0.39314495788356507 0.9420712388763759 0.04664879541730834 0.0470554928053952
0 0.4143356643356643 0.9693983402489627 0.04312354312354312 0.061203319502074686
0 0.46940559440559443 0.9450207468879668 0.020396270396270396 0.04564315352697095
0 0.4552214659688062 0.9434809529996697 0.03796182076526596 0.048858577894686325
0 0.6191724941724942 0.4113070539419087 0.08333333333333333 0.044605809128630707
0 0.6021225994634305 0.5223876504790091 0.07023505943137413 0.19186199924477215
0 0.6477870508879017 0.716390337873983 0.07413708684434794 0.16296121140185282
0 0.8221053208174887 0.6854700907952951 0.10842357069417678 0.1381140162729036
0 0.8528538279151997 0.5467892407114383 0.11208292645832976 0.1444467241459009
0 0.9578303589441294 0.5469364520050889 0.08145579837265403 0.17562662714784724
0 0.5214658846540664 0.7072744155820503 0.08065430468038394 0.12274016974632053
0 0.7519413300029418 0.7813987344346381 0.09259350442745538 0.1117096265549228
0 0.681916262916743 0.7828566101697148 0.07588373183994629 0.11844593684235183
0 0.6268838324084185 0.8688735361282172 0.06672418153623985 0.16894988791215704
0 0.5980241075399607 0.8684959160930026 0.06427023662817367 0.14192461281383245
0 0.584335049291984 0.9012925847357197 0.07710351709466394 0.1205568394666844
0 0.7246150874672249 0.9118804173578156 0.10054925062772856 0.12646783801142356
0 0.699714887606264 0.84933456107749 0.07162725109441186 0.08929165220586911
0 0.7488344988344988 0.9548755186721992 0.07575757575757576 0.09024896265560166
0 0.5122377622377622 0.9123443983402489 0.06526806526806526 0.12344398340248963
0 0.5034965034965035 0.8433609958506224 0.047785547785547784 0.12863070539419086
0 0.7223193473193473 0.9880705394190872 0.087995337995338 0.023858921161825725
0 0.8619821761050397 0.9000567039326404 0.06940642369449593 0.13793819744490507
0 0.9362150202942184 0.9049586964412999 0.097704156201823 0.1512554620886338
0 0.9455128205128205 0.9507261410788381 0.08333333333333333 0.09854771784232365
0 0.9478438228438228 0.9808091286307054 0.08333333333333333 0.038381742738589214
0 0.8237179487179487 0.9315352697095436 0.08100233100233101 0.13692946058091288
0 0.8041958041958042 0.9849585062240664 0.07109557109557109 0.03008298755186722
0 0.9865967365967366 0.9315352697095436 0.026806526806526808 0.13692946058091288