0 0.12992700729927006 0.2694805194805195 0.07883211678832117 0.06103896103896104
0 0.06277372262773723 0.274025974025974 0.07883211678832117 0.05194805194805195
0 0.08251054193295135 0.2098313781750215 0.08241641355805704 0.10858134075751345
0 0.034306569343065696 0.23246753246753246 0.06861313868613139 0.1038961038961039
0 0.00948905109489051 0.23246753246753246 0.01897810218978102 0.09350649350649351
0 0.0440020939465592 0.14098364235571423 0.07470819013410258 0.13243992082063485
0 0.009854014598540146 0.15974025974025974 0.01970802919708029 0.12207792207792208
0 0.20510948905109488 0.2564935064935065 0.07445255474452554 0.08701298701298701
0 0.30547445255474454 0.2798701298701299 0.0708029197080292 0.04025974025974026
0 0.3467153284671533 0.2681818181818182 0.07737226277372262 0.06363636363636363
0 0.2591240875912409 0.2506493506493506 0.08613138686131387 0.0987012987012987
0 0.18321167883211678 0.2396103896103896 0.06861313868613139 0.12077922077922078
0 0.22761685027126924 0.18271872843730447 0.09683813230918352 0.12286153271384831
0 0.24853082210459163 0.13549456965631862 0.08808989793271899 0.10522973326954509
0 0.22627737226277372 0.016233766233766232 0.05693430656934306 0.032467532467532464
0 0.0062043795620437955 0.045454545454545456 0.012408759124087591 0.08831168831168831
0 0.0354014598540146 0.044805194805194806 0.0708029197080292 0.08961038961038961
0 0.06048162417764715 0.052779569449930806 0.047954802242386005 0.08467126563151366
0 0.3361313868613139 0.024675324675324677 0.06204379562043796 0.04935064935064935
0 0.4489051094890511 0.01753246753246753 0.07445255474452554 0.03506493506493506
0 0.4306569343065693 0.03636363636363636 0.05547445255474453 0.07272727272727272
0 0.3948905109489051 0.011688311688311689 0.059854014598540145 0.023376623376623377
0 0.9748175182481752 0.21168831168831168 0.050364963503649635 0.17662337662337663
0 0.9529197080291971 0.22597402597402597 0.09416058394160584 0.14805194805194805
0 0.9186131386861314 0.21688311688311687 0.0927007299270073 0.16623376623376623
0 0.9039687265007095 0.11829606301732026 0.09900613390882793 0.156695828531099
0 0.9091240875912409 0.04935064935064935 0.1335766423357664 0.0987012987012987
0 0.7259124087591241 0.24805194805194805 0.13941605839416057 0.1038961038961039
0 0.7260714443979738 0.10448581602249768 0.12121402807301687 0.20016000751801474
0 0.5445255474452555 0.137012987012987 0.07007299270072993 0.24025974025974026
0 0.5291970802919708 0.05194805194805195 0.03941605839416058 0.1038961038961039
0 0.5894160583941606 0.025974025974025976 0.08102189781021898 0.05194805194805195
0 0.6434306569343066 0.03766233766233766 0.1072992700729927 0.07532467532467532
0 0.712043795620438 0.05 0.0854014598540146 0.1
0 0.8036496350364963 0.03571428571428571 0.13138686131386862 0.07142857142857142
0 0.8324817518248175 0.21493506493506492 0.11021897810218978 0.17012987012987013
0 0.7743894861327887 0.19052847028387765 0.10521094447367697 0.1999613436943435
0 0.019343065693430656 0.8902597402597403 0.03868613138686131 0.11818181818181818
0 0.0909415234974211 0.8441485977449972 0.08231754415230609 0.17454285878721193
0 0.16021897810218977 0.9227272727272727 0.07226277372262774 0.15454545454545454
0 0.2703049664759291 0.7808562725946349 0.06429061121480051 0.17803611270659378
0 0.290865726522339 0.6651072242120563 0.06359335334088136 0.127522886159277
0 0.481021897810219 0.8818181818181818 0.05693430656934306 0.16363636363636364
0 0.4930656934306569 0.4318181818181818 0.032846715328467155 0.11038961038961038
0 0.4252687374352284 0.41132888333138495 0.05821820119469295 0.10373789047655202
0 0.37028706607892203 0.35371877237470994 0.07855642598771113 0.0862311704755237
0 0.37481751824817516 0.32727272727272727 0.08102189781021898 0.05454545454545454
0 0.26605839416058397 0.35844155844155845 0.0854014598540146 0.11688311688311688
0 0.2859188793134386 0.43984508860901844 0.07596858132597832 0.09375113006366373
0 0.2994334186596019 0.45540099549730506 0.07800332037527087 0.07324415748851071
0 0.3047637189528678 0.4924167436749819 0.09516792576073552 0.10071554858490929
0 0.16175204307503946 0.6325191675644017 0.09407346625259186 0.14330044323798438
0 0.03795620437956204 0.6863636363636364 0.07591240875912408 0.11298701298701298
0 0.07744002887641036 0.6319728070408079 0.05967805520929158 0.10387401457858586
0 0.03776876609547792 0.7184587616830294 0.06438948062055146 0.11207459467689529
0 0.008759124087591242 0.6746753246753247 0.017518248175182483 0.12337662337662338
0 0.06171980494446434 0.5487115163278217 0.09036852065485147 0.1416614316841984
0 0.14268094733787592 0.534047802547593 0.052057811479961406 0.0785861314441088
0 0.18425956247611747 0.4881306285593778 0.05419228194061517 0.07749161629845824
0 0.14204616889198496 0.42092190429385634 0.05054264690411882 0.07715130604337361
0 0.09178093679969661 0.40620572838452246 0.05208045290782517 0.13032999723910993
0 0.2083941605839416 0.32532467532467535 0.0781021897810219 0.05064935064935065
0 0.1999542861414672 0.35860633127371205 0.06889055349796196 0.09826531474829955
0 0.18877826292863348 0.39910152754732187 0.05660330520748916 0.0828906076463143
0 0.1591240875912409 0.35194805194805195 0.049635036496350364 0.1038961038961039
0 0.015693430656934307 0.37272727272727274 0.031386861313868614 0.1038961038961039
0 0.2273143661956477 0.4672999127172785 0.07168875069354408 0.11275521518706462
0 0.042898037735704185 0.4017090077372566 0.05681365774133854 0.1049004676732194
0 0.883848885113935 0.4812857671520276 0.05237878513629896 0.10319339406841646
0 0.8459852432789503 0.6277529598777578 0.08286978775913617 0.1021558963150239
0 0.8198343957025497 0.6955153610947155 0.07127979734258236 0.1372944157603555
0 0.7197401091467517 0.7326598469295882 0.08706163869694608 0.13229827438922168
0 0.5521897810218979 0.9597402597402598 0.08102189781021898 0.08051948051948052
0 0.948905109489051 0.3220779220779221 0.04671532846715328 0.04415584415584416
0 0.9204379562043795 0.32727272727272727 0.042335766423357665 0.05454545454545454
0 0.5737505558397498 0.6098037665281241 0.0648428548216305 0.10564915023440574
0 0.5606880976862502 0.7287342672711286 0.07594680190372495 0.1273812397278637
0 0.6400293302396995 0.6838233211754872 0.07085909227488359 0.09327469570654522
0 0.6178268809310741 0.7356950275784527 0.06922241686542613 0.10605752254050739
0 0.6504460471533914 0.8147934885206469 0.06802822594592102 0.12922995976407994
0 0.6079937837491771 0.8556179503905824 0.09683899431479391 0.2082355081730493
0 0.92007299270073 0.32402597402597405 0.041605839416058395 0.048051948051948054
0 0.8301879293635067 0.5121602607992729 0.0723633671395993 0.11152457593938019
0 0.7722919948335668 0.46322992546271574 0.08358882505530874 0.11903901319814093
0 0.8036239765889964 0.41891497083808826 0.06249803182712736 0.08473380535315109
0 0.6781255350335923 0.506289390357451 0.0671432569660164 0.10845073898485916
0 0.7433148637781566 0.5888185654973895 0.07071580201901523 0.14112245760544245
0 0.7077198169597879 0.5966650295171655 0.07429923678314082 0.15697912139392564
0 0.6580847804634374 0.6012932489863172 0.07480792154546392 0.15185237825013753
0 0.5266423357664234 0.4785714285714286 0.034306569343065696 0.11038961038961038
0 0.5758205500392535 0.4246339772219739 0.054513255596952644 0.10209887892276606
0 0.6256273940777044 0.38183019354316766 0.06677872446517195 0.15110369568895118
0 0.6270029892420214 0.5117030845779873 0.0890519568961213 0.09367754568326728
0 0.5204379562043796 0.7922077922077922 0.021897810218978103 0.17402597402597403