0 0.4945054945054945 0.34130859375 0.01098901098901099 0.1103515625
0 0.47774725274725277 0.34765625 0.04450549450549451 0.107421875
0 0.48296703296703297 0.392578125 0.03406593406593406 0.0546875
0 0.2362913434657385 0.21387577876755365 0.06373764193838845 0.13433850389276358
0 0.1281589774547251 0.15727561331590378 0.051981774140561675 0.11618295228437381
0 0.1538401816369472 0.3741307652856055 0.045068652459853545 0.0908808960081513
0 0.2638134174497555 0.3529832127652276 0.0578339011321367 0.10234850907924464
0 0.3107142857142857 0.408203125 0.036813186813186814 0.0234375
0 0.11199379785638564 0.2608360993124048 0.048889229099023185 0.08944576737761434
0 0.08202316570434658 0.2668221960460828 0.054511620628449386 0.09995138719113328
0 0.06705303143145276 0.34195137032055606 0.05549542429592188 0.09131032365383718
0 0.02032967032967033 0.2119140625 0.04065934065934066 0.095703125
0 0.04648815013930385 0.23700119332463165 0.05111260850380959 0.09169489030302191
0 0.1151098901098901 0.38330078125 0.04010989010989011 0.0732421875
0 0.6258241758241758 0.06201171875 0.08681318681318681 0.1240234375
0 0.6835164835164835 0.041015625 0.06593406593406594 0.08203125
0 0.7521157874687056 0.09816769175997908 0.07063797501560447 0.1586639976689863
0 0.832967032967033 0.0517578125 0.07802197802197802 0.103515625
0 0.9155576836242977 0.11953587782643993 0.0731806101069841 0.14340899507574578
0 0.9475274725274725 0.05419921875 0.09175824175824175 0.1083984375
0 0.7593406593406593 0.02685546875 0.1021978021978022 0.0537109375
0 0.9490988255463488 0.19690516050127083 0.07870069280847379 0.14610211488926472
0 0.954815983100195 0.28387079198437215 0.08255963525811974 0.14759667375872798
0 0.993956043956044 0.22802734375 0.012087912087912088 0.1337890625
0 0.8558265124764223 0.19923116608109215 0.06493885186522598 0.14229900285546737
0 0.8103566269090474 0.17416012277397497 0.061718880189475044 0.147714380967356
0 0.5690982891887665 0.06383848702218631 0.05837056307809527 0.10144594606059654
0 0.5480769230769231 0.04833984375 0.06098901098901099 0.0966796875
0 0.5208791208791209 0.04443359375 0.041758241758241756 0.0888671875
0 0.5471819132246639 0.2715065938695025 0.04579714345819302 0.10462677048950297
0 0.566692883230488 0.3522277070688066 0.0412224986136997 0.09036289963868804
0 0.6236891308338947 0.3138440417395618 0.07789547018918196 0.12649686540791283
0 0.5276259534062635 0.21516254342952235 0.04616755355875464 0.09102889497085487
0 0.5655385007190596 0.16813839119759377 0.07485407956161175 0.10366593050115336
0 0.5859389677686445 0.11811112861892581 0.07394700751509162 0.11816636903844957
0 0.6416435664193526 0.17836027578968117 0.09610406994200245 0.1347982232925249
0 0.7768143364852257 0.20158631014576434 0.06446613293672779 0.14808437837411548
0 0.8182204322467275 0.2647360063316688 0.09763732415892556 0.12623115923658057
0 0.8230755075666297 0.3128241365181499 0.08650763853150183 0.11400898210954291
0 0.7468236026265321 0.29287362666673855 0.06128406767074484 0.11451125596735601
0 0.7032571516762878 0.31092661694353785 0.054984339556947634 0.09416601167248517
0 0.6848901098901099 0.37060546875 0.0521978021978022 0.0986328125
0 0.7296703296703296 0.38330078125 0.05274725274725275 0.0732421875
0 0.7747252747252747 0.400390625 0.04065934065934066 0.0390625
0 0.8175824175824176 0.408203125 0.05384615384615385 0.0234375
0 0.9085164835164835 0.3916015625 0.05 0.056640625
0 0.9354395604395604 0.3916015625 0.05989010989010989 0.056640625
0 0.9755494505494505 0.3837890625 0.0489010989010989 0.072265625
0 0.6148351648351649 0.3798828125 0.06923076923076923 0.080078125
0 0.5964285714285714 0.40673828125 0.056593406593406594 0.0263671875
0 0.5200549450549451 0.34912109375 0.04010989010989011 0.1240234375
0 0.5142857142857142 0.3984375 0.02857142857142857 0.04296875
0 0.064010989010989 0.509765625 0.09945054945054944 0.1796875
0 0.09379844610776537 0.658066965483776 0.09742037730026878 0.1515477847552289
0 0.16566274885648338 0.5314075318707341 0.08808017736031751 0.1922079815908948
0 0.29615384615384616 0.46484375 0.11648351648351649 0.08984375
0 0.27727518561164816 0.7620353902681891 0.06906635498820518 0.16430137422493052
0 0.38724087862094 0.8461715890444313 0.08884611536771665 0.1250471675349505
0 0.3978985344209277 0.7652867543707733 0.07134042940625167 0.1285385591316901
0 0.43956043956043955 0.45263671875 0.08021978021978023 0.0654296875
0 0.4818681318681319 0.447265625 0.03626373626373627 0.0546875
0 0.4793956043956044 0.56787109375 0.04120879120879121 0.1376953125
0 0.47225274725274724 0.72900390625 0.05549450549450549 0.1572265625
0 0.44193108029757 0.7744665148719462 0.057923421356581156 0.10918444657924464
0 0.435989010989011 0.95068359375 0.06318681318681318 0.0986328125
0 0.012362637362637362 0.890625 0.024725274725274724 0.15234375
0 0.06995968232164812 0.8031167884878516 0.09664119128866921 0.1758138482925251
0 0.09176413935111083 0.8971767790210722 0.0638015849558487 0.13922131639276358
0 0.12952299372164805 0.8828304707984678 0.05466554327106223 0.15358832520978138
0 0.15578129296349175 0.9090266522029011 0.07687376011194154 0.17412642946385715
0 0.18818681318681318 0.90966796875 0.08296703296703296 0.1806640625
0 0.18186813186813186 0.9462890625 0.1 0.107421875
0 0.27774725274725276 0.955078125 0.07527472527472527 0.08984375
0 0.3094034165481804 0.926355735183696 0.05714423534498185 0.13345051011654085
0 0.3326923076923077 0.94970703125 0.05989010989010989 0.1005859375
0 0.35494505494505496 0.95654296875 0.06153846153846154 0.0869140625
0 0.3659340659340659 0.97412109375 0.06263736263736264 0.0517578125
0 0.23846153846153847 0.95947265625 0.07252747252747253 0.0810546875
0 0.04916893316520115 0.9038883013258436 0.07504590861399266 0.11831436800115336
0 0.04230769230769231 0.95556640625 0.05384615384615385 0.0888671875
0 0.7019230769230769 0.4404296875 0.07967032967032966 0.041015625
0 0.9645604395604396 0.60009765625 0.07087912087912088 0.1591796875
0 0.9638915272728324 0.6999182270135369 0.054844124319242835 0.12534201219113328
0 0.9267974505835285 0.6844423792454654 0.05369406880637383 0.12128776322842949
0 0.8270589278540535 0.7407680356294815 0.06493839246451778 0.10038081483681927
0 0.8828599004316604 0.7517747760315887 0.049630968101563075 0.14608639237761434
0 0.9172323015806959 0.7656674962064196 0.06505348989594645 0.10916987733681927
0 0.9064664020517336 0.8129349241114296 0.07709024756989014 0.10689161592656071
0 0.5382457027964833 0.8064732320892237 0.057335604996654556 0.10618075959789275
0 0.5839836896364833 0.852954650914989 0.05409005611391941 0.1096430127097815
0 0.692186163266349 0.925142816625963 0.06272826106393167 0.1410264424300598
0 0.8610593110000486 0.8877765383509327 0.049835126356727634 0.11979320435896623
0 0.9603495435062391 0.9285078514948888 0.03913979384732617 0.09885596421328025
0 0.7912087912087912 0.978515625 0.06483516483516484 0.04296875
0 0.9357142857142857 0.9833984375 0.05714285714285714 0.033203125
0 0.9516483516483516 0.96826171875 0.06373626373626373 0.0634765625
0 0.6590659340659341 0.96630859375 0.05879120879120879 0.0673828125
0 0.5876373626373627 0.96484375 0.05879120879120879 0.0703125