0 0.15365853658536585 0.039045553145336226 0.07560975609756097 0.07809110629067245
0 0.17359614212826013 0.4841695934146089 0.04536463491838609 0.11738449821518351
0 0.2625 0.5070498915401301 0.075 0.1052060737527115
0 0.36890243902439024 0.4896963123644252 0.05731707317073171 0.1399132321041215
0 0.058070663975524475 0.3031276393061087 0.05958076094015333 0.1257823678299336
0 0.028353658536585367 0.37310195227765725 0.056707317073170734 0.1019522776572668
0 0.01402439024390244 0.42462039045553146 0.02804878048780488 0.11822125813449023
0 0.01707317073170732 0.5 0.03414634146341464 0.10629067245119306
0 0.06859756097560976 0.5417570498915402 0.06402439024390244 0.03579175704989154
0 0.0826219512195122 0.5303687635574837 0.0676829268292683 0.05856832971800434
0 0.10853658536585366 0.504880694143167 0.07073170731707316 0.10954446854663774
0 0.9905487804878049 0.48156182212581344 0.018902439024390243 0.11279826464208242
0 0.6140243902439024 0.0650759219088937 0.06585365853658537 0.1301518438177874
0 0.7280898441280776 0.3864311507345194 0.06606179347149267 0.1396194119612171
0 0.6050564322516861 0.34683905029084966 0.05338733207561124 0.12170671198498427
0 0.6435975609756097 0.5450108459869848 0.04695121951219512 0.02928416485900217
0 0.7649390243902439 0.5195227765726681 0.061585365853658536 0.08026030368763558
0 0.591608124566319 0.463162580916578 0.05127305291712025 0.09117357647759959
0 0.5587465036244758 0.47569402081504 0.05769017352250466 0.10284142321191997
0 0.5448170731707317 0.5368763557483731 0.05914634146341463 0.0455531453362256
0 0.4802252868700356 0.4301023441999859 0.05695259357303382 0.09842084244304312
0 0.517263221807357 0.45103718251661407 0.05377598923331908 0.09367151777436462
0 0.43020930888854686 0.4373838934951654 0.058334478384032225 0.08348301858915269
0 0.38170731707317074 0.8611713665943601 0.036585365853658534 0.16052060737527116
0 0.30823170731707317 0.9018438177874186 0.09329268292682927 0.1963123644251627
0 0.21515325302590355 0.8336575726776849 0.1062072352205954 0.16231507950870283
0 0.25107963243704035 0.8201729035552299 0.08820215596056354 0.1696108885465227
0 0.25640243902439025 0.952819956616052 0.0774390243902439 0.09436008676789588
0 0.1423780487804878 0.952819956616052 0.07865853658536585 0.09436008676789588
0 0.10853658536585366 0.9891540130151844 0.08414634146341464 0.021691973969631236
0 0.009146341463414634 0.9235357917570499 0.018292682926829267 0.15075921908893708
0 0.03170731707317073 0.9186550976138829 0.06341463414634146 0.1279826464208243
0 0.0456514291079089 0.9386060308987131 0.05098026364834474 0.12246256678366405
0 0.07164634146341463 0.9441431670281996 0.06524390243902439 0.11171366594360087
0 0.6942976110584043 0.6715000554611437 0.0762972304771302 0.15720336803764817
0 0.9695860899501422 0.7586288222466823 0.05819887612915492 0.14072019168382405
0 0.9853658536585366 0.7527114967462039 0.02926829268292683 0.1279826464208243
0 0.974390243902439 0.8476138828633406 0.05121951219512195 0.113882863340564
0 0.7457162162588046 0.8433578443894482 0.07864297977943097 0.13375312654580618
0 0.4641267730091409 0.6711951777114074 0.05951684901419839 0.12361317043297047
0 0.5792558156012013 0.7626263697206903 0.06866578327860222 0.10432077076102843
0 0.49593773637421157 0.7252432788071358 0.06975747162181431 0.10014674791700313
0 0.5368056553162373 0.8326253596145498 0.06478096215140491 0.11676065331815383
0 0.486691216644827 0.8226355157089748 0.072388231789923 0.1069830840076944
0 0.8312284645517289 0.8474963030494144 0.06179350078856584 0.13904411013656376
0 0.9920731707317073 0.938177874186551 0.015853658536585366 0.11496746203904555
0 0.7846844729797195 0.9018427072781788 0.06638394590225638 0.12994020964983352
0 0.9442073170731707 0.9539045553145337 0.0774390243902439 0.09219088937093275