0 0.02005730659025788 0.14376590330788805 0.04011461318051576 0.1806615776081425
0 0.07181074151158176 0.3549188312013018 0.06968368348442917 0.14186156935209454
0 0.13228913851331986 0.3608045154210794 0.0741701829145844 0.18174659996242254
0 0.21594070991236541 0.31213865815729536 0.07446206599169329 0.19446924627285497
0 0.26522960896781317 0.28432706346254477 0.1022980885047282 0.1624044529875375
0 0.2666811178567769 0.3632519532920254 0.08257766629245201 0.14346294672484697
0 0.2836676217765043 0.4351145038167939 0.10458452722063037 0.10941475826972011
0 0.3276362784963417 0.13941828064723788 0.09883074216584113 0.22921172056564873
0 0.22960880825329194 0.14074780969340728 0.11279375472323137 0.1840062028185924
0 0.24140401146131804 0.05979643765903308 0.1318051575931232 0.11959287531806616
0 0.4871060171919771 0.1183206106870229 0.06446991404011461 0.1628498727735369
0 0.4670487106017192 0.2366412213740458 0.10458452722063037 0.16539440203562342
0 0.3973108366448833 0.311303390961702 0.10945897460835001 0.22545714318543575
0 0.505730659025788 0.30279898218829515 0.027220630372492838 0.178117048346056
0 0.37893982808022925 0.43256997455470736 0.09598853868194843 0.11450381679389313
0 0.02041547277936963 0.3944020356234097 0.04083094555873926 0.15267175572519084
0 0.034383954154727794 0.43320610687022904 0.06876790830945559 0.11323155216284987
0 0.5311604584527221 0.18829516539440203 0.02363896848137536 0.22646310432569974
0 0.5605300859598854 0.22900763358778625 0.08237822349570201 0.21882951653944022
0 0.5993688816406213 0.2672009257460502 0.09713538263999605 0.21758340806706475
0 0.6404011461318052 0.3861323155216285 0.10315186246418338 0.20737913486005088
0 0.7472009216812857 0.13528663756775858 0.08906478364011011 0.23941658651067516
0 0.8106340254190987 0.2856188401157444 0.09962126415264838 0.20139982950189173
0 0.7397438706040704 0.35821757803723875 0.11491356355019089 0.18300083441634107
0 0.7127507163323782 0.4573791348600509 0.06876790830945559 0.0648854961832061
0 0.6289398280802292 0.4618320610687023 0.10458452722063037 0.05597964376590331
0 0.8767908309455588 0.12659033078880408 0.0988538681948424 0.25318066157760816
0 0.9509670761388528 0.1399631627764288 0.09019219000489938 0.19515422065295324
0 0.9849570200573066 0.23536895674300254 0.03008595988538682 0.1628498727735369
0 0.9906876790830945 0.3377862595419847 0.01862464183381089 0.12340966921119594
0 0.9158309455587392 0.41412213740458015 0.083810888252149 0.15139949109414758
0 0.9752865329512894 0.43320610687022904 0.0494269340974212 0.11323155216284987
0 0.8044412607449857 0.4510178117048346 0.11031518624641834 0.07760814249363868
0 0.5376074498567335 0.34033078880407125 0.036532951289398284 0.16157760814249364
0 0.5608882521489972 0.4122137404580153 0.0830945558739255 0.15521628498727735
0 0.05249714330721008 0.8515076301181572 0.08849683047905431 0.18352590815436917
0 0.41703007193567593 0.6148507495190378 0.09203592874791215 0.15098082020482864
0 0.44345896148205494 0.6708972655266423 0.0724322597664795 0.13712837246631113
0 0.4978510028653295 0.7544529262086515 0.04297994269340974 0.11704834605597965
0 0.3905239297235352 0.8529064023580787 0.06734374351033127 0.164406471072484
0 0.4299593053301194 0.8339739111839505 0.07699294880521873 0.14911254660328443
0 0.42406876790830944 0.9408396946564885 0.0830945558739255 0.1183206106870229
0 0.14255014326647564 0.9745547073791349 0.09169054441260745 0.05089058524173028
0 0.24355300859598855 0.9599236641221374 0.07163323782234957 0.08015267175572519
0 0.4792263610315186 0.9853689567430025 0.08022922636103152 0.029262086513994912
0 0.49606017191977075 0.8829516539440203 0.04656160458452722 0.14249363867684478
0 0.47937467641303994 0.936925302809523 0.0667757903492753 0.10851579271617794
0 0.5612464183381088 0.5451653944020356 0.07664756446991404 0.11068702290076336
0 0.6392597071560792 0.677701637515807 0.10323455203008983 0.14095388507899678
0 0.5275787965616046 0.7639949109414759 0.0164756446991404 0.14631043256997456
0 0.5379656160458453 0.7989821882951654 0.03724928366762178 0.1272264631043257
0 0.5683616458444699 0.7656120337146192 0.052812777791885056 0.1537213104632344
0 0.6368376710768165 0.7443487080828418 0.10537017385021148 0.10950313094130484
0 0.6510159394241188 0.798726974475993 0.09328008834354465 0.1118075128712796
0 0.627467567005231 0.9152057640891458 0.0770537630992535 0.08949403976344603
0 0.5633954154727794 0.94529262086514 0.058022922636103154 0.10941475826972011
0 0.7059284630711402 0.8907885257764407 0.0479176420537773 0.0960245750183011
0 0.7483234207710254 0.8912647574498923 0.051162419566913094 0.11291987686025277
0 0.7715762535948847 0.8558416681367783 0.05860425111170796 0.09481452690017479
0 0.830108752776622 0.9021595498728077 0.047872640752904344 0.1251976961226989
0 0.8689299550819708 0.8877689503169284 0.056452816298424476 0.15671066677330764
0 0.8567335243553008 0.9879134860050891 0.08022922636103152 0.024173027989821884
0 0.9437679083094556 0.9872773536895675 0.0494269340974212 0.02544529262086514
0 0.9075931232091691 0.9815521628498728 0.05157593123209169 0.03689567430025445
0 0.956619857120314 0.9368450561194817 0.06113269624662009 0.11162086333252905
0 0.7782951289398281 0.5655216284987278 0.0666189111747851 0.15139949109414758
0 0.9577363896848138 0.5922391857506362 0.08452722063037249 0.11323155216284987
0 0.9011461318051576 0.5089058524173028 0.08166189111747851 0.03816793893129771
0 0.9666905444126075 0.6679389312977099 0.0666189111747851 0.11959287531806616
0 0.9555727345606416 0.797265182791453 0.07595554504217537 0.13502867025221135
0 0.9494668775132732 0.859904154197823 0.054144502310650634 0.11836479702281513
0 0.9063038984770172 0.8729201492647217 0.05589823845191749 0.13253763878348576
0 0.9845988538681948 0.7557251908396947 0.030802292263610316 0.10687022900763359
0 0.9917621776504298 0.8142493638676844 0.0164756446991404 0.10178117048346055
0 0.9871060171919771 0.8969465648854962 0.025787965616045846 0.14249363867684478
0 0.9817335243553008 0.9764631043256997 0.036532951289398284 0.047073791348600506
0 0.8033375100342932 0.8155342000153664 0.051777811707454845 0.07747439801023609