0 0.055334906443885244 0.04847210549675828 0.0585564568032105 0.09396011088219243
0 0.12854280270099092 0.10547655665656507 0.042330979766436586 0.11976746240779264
0 0.3484362180653809 0.10484871483977395 0.04410296392067709 0.12726468897077306
0 0.32953053329519877 0.18620225737601748 0.055087076056408404 0.10178723451971729
0 0.3553968225252025 0.2029325391537737 0.043435454745109396 0.10125247375406708
0 0.6069347319347319 0.06483402489626557 0.02505827505827506 0.12966804979253113
0 0.5148601398601399 0.30601659751037347 0.050699300699300696 0.026970954356846474
0 0.1510478136471682 0.25952932530623185 0.03586986820049001 0.10334263859249428
0 0.257642010306691 0.2601860568316536 0.042246221173619466 0.0938338524492863
0 0.05597848894554899 0.11889361669659593 0.07368423954873696 0.08874243680699825
0 0.08073841375710841 0.2067998976479586 0.03816696709436552 0.09328361564188964
0 0.07149049289871931 0.2738896484446569 0.05260689860204829 0.055829659959948236
0 0.06963869463869464 0.3065352697095436 0.051864801864801864 0.025933609958506226
0 0.005536130536130536 0.15508298755186722 0.011072261072261072 0.11514522821576763
0 0.0268950110395077 0.19539868486128947 0.03692009767976008 0.06823013956532485
0 0.5293345043693156 0.09444593154641699 0.049747391187698387 0.07203414404239472
0 0.494025543785359 0.11528038784176166 0.03637464087784903 0.07956232268886808
0 0.518553424320515 0.18507244445126975 0.03349818174493544 0.0905800847796132
0 0.5494425955500085 0.17986902136835506 0.03989826712405393 0.0883327094247872
0 0.5883463795981364 0.12847994597194604 0.04742995023154662 0.07586910060295764
0 0.5780755462780937 0.06298612692659125 0.047480805387236785 0.09142926657806137
0 0.8636363636363636 0.04149377593360996 0.08275058275058275 0.08298755186721991
0 0.8687631806834565 0.2307978783848411 0.05744520113711214 0.11040041073923736
0 0.8161421911421911 0.2712655601659751 0.06118881118881119 0.09647302904564316
0 0.9155011655011654 0.2712655601659751 0.053613053613053616 0.09647302904564316
0 0.8843240093240093 0.3029045643153527 0.043706293706293704 0.03319502074688797
0 0.2878787878787879 0.379149377593361 0.09207459207459208 0.11929460580912864
0 0.493751703016292 0.5344318790371422 0.0936774475790286 0.14639426869781497
0 0.4211821094773661 0.6385772713028451 0.06580034923095568 0.1716668594577651
0 0.09949550620767779 0.5953884191966681 0.07091288107091655 0.13191787524629112
0 0.35832961086520515 0.7103053448580485 0.07218009254779804 0.1631954177128976
0 0.2963107482705329 0.705191327677874 0.09532398901590015 0.11550975252220608
0 0.1856644202814574 0.6967860777731267 0.06286964459863942 0.16608711117506625
0 0.11377100604529572 0.6831535781981115 0.08137187846701292 0.12399667030882015
0 0.11814144114801006 0.7717363543897768 0.09878319873156419 0.10457059568966047
0 0.012237762237762238 0.358402489626556 0.024475524475524476 0.07780082987551867
0 0.03205128205128205 0.6939834024896265 0.0641025641025641 0.15560165975103735
0 0.03350815850815851 0.7982365145228216 0.06701631701631702 0.09439834024896265
0 0.07102301400219979 0.9305144016017549 0.062171622329657804 0.13073879637329827
0 0.029428904428904428 0.8739626556016598 0.058857808857808856 0.09024896265560166
0 0.17278554778554778 0.9310165975103735 0.09032634032634032 0.13796680497925312
0 0.2363989310539112 0.8573999353835193 0.05471113644013126 0.16498663756027296
0 0.2890886988090052 0.8653276532923966 0.05002200902842506 0.15605904030795478
0 0.45354133000275687 0.8073725887373939 0.06171431446427631 0.16904193385368796
0 0.5662208928798641 0.6392327777787999 0.08020298695779891 0.12280211539408085
0 0.6072261072261073 0.6587136929460581 0.024475524475524476 0.1078838174273859
0 0.597027972027972 0.7930497925311203 0.04487179487179487 0.1358921161825726
0 0.8100233100233101 0.3480290456431535 0.0641025641025641 0.05705394190871369
0 0.9137529137529138 0.35684647302904565 0.07575757575757576 0.07468879668049792
0 0.7389277389277389 0.38900414937759337 0.07575757575757576 0.13900414937759337
0 0.9433213518384044 0.4107585928314603 0.0592510887284796 0.12827108128562015
0 0.9900932400932401 0.41597510373443985 0.019813519813519812 0.13278008298755187
0 0.6987179487179487 0.3381742738589212 0.05710955710955711 0.03734439834024896
0 0.6509324009324009 0.3381742738589212 0.06293706293706294 0.03734439834024896
0 0.6614219114219114 0.3698132780082988 0.0780885780885781 0.10062240663900415
0 0.6676004588522156 0.5614887889489899 0.05408770173282857 0.15245989952199043
0 0.6366550116550117 0.5456431535269709 0.034382284382284384 0.13900414937759337
0 0.6305361305361306 0.6224066390041494 0.022144522144522144 0.11825726141078838
0 0.7095025601389985 0.5729453929312387 0.06515318211766423 0.15187871063110087
0 0.6255827505827506 0.8231327800829875 0.012237762237762238 0.07365145228215768
0 0.698612600555562 0.8751115578393027 0.04403176670271081 0.10548045660562784
0 0.7150752073843084 0.9174771171092472 0.034578924317619754 0.06480368533750602
0 0.7518139216754401 0.9047449028551257 0.05966432212559622 0.07648246662680723
0 0.6607897533480332 0.8631047170496573 0.04226995357960836 0.10109526323766804
0 0.7810889540012478 0.7696298761842081 0.0492799122911787 0.10722524832776355
0 0.8201366333892495 0.7633259794865 0.045786799138387846 0.10779096117690666
0 0.8469785645368444 0.8379903370549112 0.03057086745633196 0.0860376808952546
0 0.8057437781577141 0.8896938334841182 0.04807033665741265 0.09358256063294126
0 0.7330715562072116 0.6687889673865522 0.057353661856870006 0.08239211198405064
0 0.7726074450898389 0.5131074773278484 0.06444159847383178 0.11238101823597188
0 0.9877622377622378 0.5103734439834025 0.024475524475524476 0.10995850622406639
0 0.9453201004855641 0.5121039228360067 0.09077047535270123 0.148075931203498
0 0.8874330422976925 0.49036083067416164 0.051248536380754585 0.1748884499944783
0 0.8573891790207671 0.5042637732556692 0.04879887201980845 0.1382669750197715
0 0.8231404246793034 0.6462710110113242 0.07261027766347813 0.11659352504578593
0 0.9092974725500886 0.7512993749819737 0.05917650116680041 0.10544950452213468
0 0.9671679675552269 0.5998845578791967 0.049883004936205136 0.11352791997600457
0 0.9921328671328671 0.8345435684647303 0.015734265734265736 0.06742738589211618
0 0.9616824979068715 0.67424345748515 0.04046067564452839 0.08218724829294499
0 0.9057007596461462 0.8715449819103699 0.07085185488408845 0.11324567607616662
0 0.930908015559864 0.9116941179089814 0.03618478162993894 0.02147103638181413
0 0.9020584713699974 0.9166224225881977 0.03209874686325957 0.018846110777736978
0 0.6337412587412588 0.8511410788381742 0.028554778554778556 0.07365145228215768
0 0.7475811840289193 0.595805047274357 0.047480805387236785 0.09142926657806148