0 0.15914560770156438 0.4609207708779443 0.05475330926594465 0.03747323340471092
0 0.3574007220216607 0.4534261241970021 0.06738868832731648 0.05246252676659529
0 0.31979542719614923 0.4421841541755889 0.07641395908543923 0.07494646680942184
0 0.24843049732573944 0.40110116054228795 0.06217073541460968 0.0869113933622886
0 0.17714836557377706 0.4006955156428377 0.06572832200623686 0.08377415173575171
0 0.44584837545126355 0.4063169164882227 0.027677496991576414 0.08886509635974305
0 0.45216606498194944 0.31156316916488225 0.015042117930204572 0.08565310492505353
0 0.43561973525872444 0.26605995717344755 0.048134777376654635 0.08886509635974305
0 0.3904934896028131 0.33447308851406754 0.07365526675318707 0.09036009252279466
0 0.33777785661754167 0.21885933421199297 0.06284244908064708 0.09120650690990005
0 0.2630606889344031 0.22908557762002182 0.0540161965839648 0.06640682302492447
0 0.1356882592365817 0.18256588890991227 0.05312795741927963 0.08565385503034396
0 0.08645747081519777 0.2248937342654433 0.04847848346864003 0.05880005163175342
0 0.04492603305706916 0.25988889085769606 0.06291247802947615 0.09548916215615266
0 0.0729090023401363 0.3343190882660197 0.053390565977389046 0.10171381220379151
0 0.011732851985559567 0.26017130620985013 0.023465703971119134 0.08993576017130621
0 0.2885249310260638 0.1862656293608197 0.05188957351044866 0.0834876108045001
0 0.31149489806285535 0.1380425288383666 0.037379111348623185 0.07890595632563716
0 0.43110709987966306 0.03961456102783726 0.04271961492178099 0.07922912205567452
0 0.34025270758122744 0.010171306209850108 0.04993983152827918 0.020342612419700215
0 0.42695708843660096 0.136687199358778 0.04690102340071015 0.07268130627799832
0 0.36331947066982867 0.0888114310637894 0.04983941803792213 0.06846094253853949
0 0.3067546686000992 0.1240304620278547 0.044581820717913945 0.07798479213037915
0 0.44584837545126355 0.17184154175588864 0.027677496991576414 0.08029978586723768
0 0.016245487364620937 0.34796573875803 0.032490974729241874 0.07066381156316917
0 0.16615161377585805 0.04084657939606334 0.04277676656628939 0.07794741722630284
0 0.24007220216606498 0.01980728051391863 0.03489771359807461 0.03961456102783726
0 0.8948992728393572 0.23459837597127442 0.06965356057921743 0.10312085015204124
0 0.8333611129306532 0.22315632302283053 0.08296065330662639 0.10767758802818671
0 0.6193419602691365 0.24815819340641862 0.060663304295509014 0.10507530325478612
0 0.5991344111378469 0.33657479091724624 0.08750508383402217 0.12810740855739824
0 0.505306609727785 0.33677262352840553 0.0652602565345267 0.12871711521868714
0 0.5425364033129765 0.259411496571255 0.05733975043973691 0.08574106313985529
0 0.5296462649524621 0.2987457458185201 0.07104950962291386 0.11492306868195376
0 0.625780789853467 0.1637377102105922 0.044330280744851694 0.09938561006028382
0 0.7141997593261131 0.02462526766595289 0.06618531889290012 0.04925053533190578
0 0.8063930571584393 0.06365818580067001 0.057000674280638285 0.10178856201194413
0 0.8371983090704275 0.08998326149680354 0.04792932046305376 0.06199958476508422
0 0.8573418697925809 0.1631808371759001 0.043448480232326794 0.08224253077391429
0 0.932882781984099 0.1481552940678752 0.0414333392342146 0.06935719013108001
0 0.6648616125150422 0.017665952890792293 0.05415162454873646 0.035331905781584586
0 0.47743682310469315 0.14293361884368308 0.035499398315282794 0.07173447537473233
0 0.6275420759120732 0.16109842558576057 0.04596026252440335 0.08871634684872838
0 0.9759326113116726 0.028372591006423982 0.048134777376654635 0.056745182012847964
0 0.9927797833935018 0.08779443254817987 0.01444043321299639 0.08137044967880086
0 0.98014440433213 0.15471092077087795 0.039711191335740074 0.08458244111349036
0 0.7668471720818292 0.010706638115631691 0.03910950661853189 0.021413276231263382
0 0.32731648616125153 0.9571734475374732 0.08543922984356198 0.08565310492505353
0 0.1657641395908544 0.9882226980728052 0.06799037304452467 0.023554603854389723
0 0.40704354489928796 0.8704509507030816 0.05381073967036393 0.12740974368130756
0 0.3697049823176029 0.8124167095522469 0.06110098522569134 0.13184189854386535
0 0.398716140528311 0.52671180483519 0.049622892539274356 0.09200308809157043
0 0.39652733776493265 0.5951657681177596 0.04401515047512037 0.08011366145214666
0 0.1898315282791817 0.5064239828693791 0.06919374247894103 0.05353319057815846
0 0.08389367305866906 0.7690382413034824 0.04987443251233667 0.07060227016166581
0 0.04904989177902278 0.8635735933003993 0.052064645882521625 0.09419424892013178
0 0.12755716004813478 0.9705567451820128 0.061371841155234655 0.058886509635974305
0 0.07821901323706378 0.9839400428265525 0.07099879663056559 0.032119914346895075
0 0.26160397080765063 0.7673663502971809 0.0607397718964985 0.07296784720924987
0 0.3306257521058965 0.5144539614561028 0.052346570397111915 0.069593147751606
0 0.42527368058579057 0.6059288436421509 0.05544716010207584 0.0803503691779632
0 0.4299010173663362 0.5578610968340372 0.05582125073558935 0.06644419792900076
0 0.08176332441190316 0.6571476438444518 0.047555229829540385 0.07590575601404659
0 0.1367931320346171 0.8958939656269702 0.059074775642532315 0.08149578279767898
0 0.450661853188929 0.8029978586723768 0.018050541516245487 0.08137044967880086
0 0.4874223869650087 0.8761735181699176 0.04788786733647888 0.0962483684337468
0 0.5312928496095842 0.873870982734418 0.05370569624712024 0.12098576081192843
0 0.678368337885764 0.7827297677524735 0.04909123677089525 0.09627328503646435
0 0.6752014448052205 0.8281520007850761 0.0619367026787546 0.10938287510375645
0 0.7026384704087816 0.8875866756808362 0.056042406167123755 0.11675293877111108
0 0.9650766399279866 0.8073965359016002 0.0521107289419832 0.13379635164661033
0 0.9295270348675252 0.8403749478843141 0.0637003037038044 0.14366903367649528
0 0.879023246175363 0.6761082816629091 0.047233660907648925 0.09302391869769847
0 0.7737394892489778 0.7113888540284778 0.04787036009927158 0.09517770462218364
0 0.6557290915019347 0.6120830977690904 0.043091896836020584 0.09721936583443982
0 0.6876455467294161 0.5592288846149845 0.06459498152064971 0.08803189037928685
0 0.4666064981949459 0.6370449678800857 0.013838748495788207 0.057815845824411134
0 0.7945246690734056 0.5240899357601713 0.04993983152827918 0.08886509635974305
0 0.7611311672683514 0.4989293361884368 0.04693140794223827 0.03854389721627409
0 0.97352587244284 0.49089935760171305 0.04091456077015644 0.022483940042826552
0 0.9422382671480144 0.4860813704496788 0.04693140794223827 0.01284796573875803
0 0.9317087845968712 0.5074946466809421 0.04753309265944645 0.055674518201284794
0 0.9732250300842359 0.6734475374732334 0.05354993983152828 0.08779443254817987
0 0.9429935014490738 0.7443266623775979 0.060488231923436254 0.09436866513915454
0 0.98676293622142 0.7714132762312634 0.026474127557160047 0.09528907922912205
0 0.8182912154031288 0.5032119914346895 0.05054151624548736 0.047109207708779445
0 0.7432226005037403 0.5555632903386358 0.04788786733647902 0.0962483684337468
0 0.504169543668948 0.7416623144057594 0.07673371928805706 0.09470503927584112
0 0.9226868412995312 0.642762724842757 0.047852852862064414 0.09410704081062046