0 0.057588086351136075 0.33447128538391807 0.07641569235633969 0.13558973961580986
0 0.14962466485550463 0.33823139126874274 0.06601859017352771 0.12312559885516355
0 0.12779749517357422 0.5025733889009408 0.08269924556956666 0.10644816223145089
0 0.14484141716660517 0.5982326237330279 0.06568375489644974 0.10851885728212984
0 0.019279393173198482 0.6932584269662921 0.038558786346396964 0.051685393258426963
0 0.4314159292035398 0.024157303370786518 0.07142857142857142 0.048314606741573035
0 0.5587863463969659 0.028651685393258425 0.041719342604298354 0.05730337078651685
0 0.5692161820480405 0.06179775280898876 0.020859671302149177 0.10561797752808989
0 0.5609987357774968 0.1146067415730337 0.03729456384323641 0.08764044943820225
0 0.5344462847487406 0.14338170943003326 0.06342682930485566 0.09276890954119404
0 0.5261215100907474 0.24888855987184647 0.05878204424861699 0.11069414253165735
0 0.5563211890878369 0.2430225551874935 0.04337956517271338 0.10042489768282259
0 0.5679519595448799 0.23426966292134832 0.02338811630847029 0.10224719101123596
0 0.5195691122229318 0.390360271824577 0.05763265072735811 0.14325880153229453
0 0.5666877370417194 0.42359550561797754 0.025916561314791402 0.09887640449438202
0 0.5581542351453855 0.598314606741573 0.04298356510745891 0.07752808988764046
0 0.5445981195974063 0.6551631200204519 0.04374230808374079 0.06111212876104944
0 0.5137276945090736 0.6593371945589499 0.0391887465238028 0.055448393020963244
0 0.46743493515646206 0.6661601041195058 0.04577922738015817 0.0948330677044447
0 0.4258309733851879 0.5191354089469633 0.06057535176425722 0.10621937117146961
0 0.36398334667219584 0.4539043946245518 0.043960163304743075 0.09818424355901473
0 0.39636375711864086 0.4328959981640684 0.05420272612890356 0.10390681128595318
0 0.45514635321838093 0.3644191473179405 0.050255519260770994 0.0971260169276771
0 0.42194065732204145 0.3769940405988611 0.051868530857984305 0.08478607702816339
0 0.348532057402039 0.20717385938627114 0.11328419742619744 0.14495764313158008
0 0.40011028919400804 0.2930802634763386 0.066482208249482 0.14335031795628714
0 0.23413707312908635 0.42728670226911314 0.06630191233105509 0.1354851494169613
0 0.19405434760760212 0.4706820293053918 0.06828946958209646 0.1119157913486959
0 0.31542351453855877 0.6825842696629213 0.045512010113780026 0.07303370786516854
0 0.2759165613147914 0.702247191011236 0.05246523388116309 0.033707865168539325
0 0.3053097345132743 0.7061797752808989 0.03792667509481669 0.025842696629213482
0 0.25215759331940146 0.6206856723151082 0.05359637143709872 0.10502386990414318
0 0.42467727771558 0.6617862799484502 0.048373139323004806 0.07014665101798957
0 0.4440581542351454 0.6926966292134832 0.04361567635903919 0.052808988764044947
0 0.38194537683447305 0.6585360512830126 0.052746404964516165 0.06794521821874992
0 0.3729456384323641 0.7067415730337079 0.056890012642225034 0.024719101123595506
0 0.4111883691529709 0.6966292134831461 0.03729456384323641 0.0449438202247191
0 0.5230720606826802 0.6921348314606741 0.0461441213653603 0.05393258426966292
0 0.36316934027913744 0.3219048018204376 0.06733432579623871 0.12538586364125556
0 0.6280025284450064 0.21741573033707864 0.09671302149178256 0.15393258426966291
0 0.8915929203539823 0.024719101123595506 0.0979772439949431 0.04943820224719101
0 0.851828897053268 0.34461632937162007 0.07006882328076161 0.13440077523591154
0 0.6439512166313084 0.42896293667809515 0.07058610555044056 0.10182957934784626
0 0.7352832400390839 0.470908947535361 0.055712711487016134 0.08707248936396768
0 0.6568488561864919 0.4953727354832606 0.05884751118514237 0.08598157829548982
0 0.7056244487972742 0.5003704578376915 0.0560475467640941 0.10167923093700139
0 0.613343182975041 0.485936194649496 0.06016324680785337 0.08824184308158196
0 0.9644707797081364 0.5856119722401111 0.06694797739961031 0.10853193105698604
0 0.9845132743362832 0.6646067415730337 0.030973451327433628 0.09325842696629214
0 0.9879898862199747 0.5533707865168539 0.02402022756005057 0.12696629213483146
0 0.7525284450063211 0.6882022471910112 0.06005056890012642 0.06179775280898876
0 0.8012010113780025 0.6893258426966292 0.04993678887484197 0.05955056179775281
0 0.7727795542121735 0.5903695999394087 0.049443112090763866 0.08925431150092315
0 0.7135483693905413 0.5841404234367972 0.062420172399447395 0.10399179082251782
0 0.6968478588061271 0.6137359399314026 0.0520230702166355 0.09152765006187151
0 0.7527113593545688 0.6384652209521424 0.05500333055611026 0.08369516595968553
0 0.7460645395443499 0.5552701268807019 0.07101216432381899 0.09284735219033066
0 0.2806573957016435 0.7421348314606742 0.07711757269279393 0.046067415730337076
0 0.34041385890821174 0.7930853020997569 0.07562904174610807 0.12884162969467403
0 0.17667509481668775 0.7646067415730337 0.06890012642225031 0.09101123595505618
0 0.21780305575292558 0.8064206190680369 0.05972323421750008 0.12418382548650105
0 0.2696866159649717 0.8367253878485845 0.1004616764761654 0.13696173684369328
0 0.29312999569021825 0.9082992250715936 0.052680938027990926 0.09265778245491746
0 0.3216345675764558 0.869839145393177 0.06707676019848634 0.11414990858507593
0 0.45417193426042984 0.9859550561797753 0.0777496839443742 0.028089887640449437
0 0.4965233881163085 0.9853932584269663 0.06131479140328698 0.029213483146067417
0 0.4895701643489254 0.9573033707865168 0.07648546144121365 0.0853932584269663
0 0.027496839443742097 0.7808988764044944 0.054993678887484194 0.12359550561797752
0 0.021175726927939318 0.8342696629213483 0.042351453855878636 0.13370786516853933
0 0.044381339913491184 0.9051651621158509 0.062420172399447395 0.10399179082251782
0 0.08182561728106594 0.8707291831310899 0.06970823144390835 0.11867043815725972
0 0.11440402776013833 0.8997109813394645 0.06515466988397035 0.11300670241717352
0 0.0732126946312321 0.9223132546343823 0.06939915272660567 0.105187292089844
0 0.5356509135216174 0.8327358444220815 0.081538049305507 0.11092947047906686
0 0.49083438685208597 0.7589887640449439 0.07901390644753477 0.07977528089887641
0 0.54551201011378 0.7719101123595505 0.06826801517067003 0.10561797752808989
0 0.5603666245259166 0.9550561797752809 0.038558786346396964 0.0898876404494382
0 0.33154235145385585 0.9724719101123596 0.06510745891276865 0.0550561797752809