0 0.3970375722543353 0.35218508997429304 0.04552023121387283 0.13367609254498714
0 0.41401734104046245 0.2731362467866324 0.011560693641618497 0.11182519280205655
0 0.33639634877197316 0.05830418767599024 0.04192732923092727 0.08766501955121991
0 0.4125722543352601 0.04820051413881748 0.014450867052023121 0.09640102827763496
0 0.18460982658959538 0.38817480719794345 0.08020231213872832 0.061696658097686374
0 0.27428131250808707 0.3390580384828267 0.11288901236838521 0.12834574788616646
0 0.1315028901734104 0.37017994858611825 0.08670520231213873 0.09768637532133675
0 0.2085823391051786 0.2888223484760252 0.09701088120368169 0.1549015352231721
0 0.18364075522299367 0.2093674979363393 0.09272510449056405 0.12882027964817216
0 0.17431798591549738 0.12508972657325415 0.09238857451550803 0.11596680921115415
0 0.08934192859982024 0.1781183006433288 0.06652944840441073 0.1466159035602681
0 0.02384393063583815 0.198586118251928 0.0476878612716763 0.16580976863753213
0 0.4324421965317919 0.2930591259640103 0.025289017341040464 0.16709511568123395
0 0.4418352601156069 0.1870179948586118 0.04407514450867052 0.17866323907455012
0 0.48941214790941234 0.07502371916709259 0.11050363392056453 0.14732650178092238
0 0.843844350513862 0.28505898645339495 0.09640512724858102 0.13176528843653973
0 0.8533236994219653 0.05334190231362468 0.08815028901734104 0.10668380462724936
0 0.026372832369942197 0.62146529562982 0.052745664739884394 0.2326478149100257
0 0.06247017073458535 0.6088460093922154 0.12104289160710832 0.24712171648808143
0 0.1290708559614224 0.5833585182309 0.10657220977502481 0.16230148866418725
0 0.24060693641618497 0.5244215938303342 0.10838150289017341 0.21079691516709512
0 0.1795520231213873 0.43573264781491 0.10476878612716763 0.033419023136246784
0 0.26445086705202314 0.4582262210796915 0.08092485549132948 0.07840616966580977
0 0.3291184971098266 0.4652956298200514 0.09898843930635838 0.09254498714652956
0 0.35802023121387283 0.4370179948586118 0.10332369942196531 0.03598971722365039
0 0.38872832369942195 0.4903598971722365 0.06213872832369942 0.14267352185089974
0 0.40534682080924855 0.4640102827763496 0.028901734104046242 0.08997429305912596
0 0.06394508670520231 0.4601542416452442 0.12789017341040462 0.08226221079691516
0 0.9465317919075145 0.9325192802056556 0.10115606936416185 0.13496143958868895
0 0.7287501778104147 0.8757759118026769 0.09595180787602468 0.14197320184596127
0 0.4869942196531792 0.980719794344473 0.07658959537572255 0.038560411311053984
0 0.544302693193394 0.819897748315859 0.05982464024596684 0.13823005483632222
0 0.6539729173788104 0.7181636351162541 0.07192378184767492 0.15999341457863553
0 0.7877038244963128 0.6607244861050178 0.06721833875950636 0.145405419456759
0 0.43966763005780346 0.9524421593830334 0.039739884393063585 0.09511568123393316
0 0.444364161849711 0.8219794344473008 0.049132947976878616 0.16580976863753213
0 0.4935316518225405 0.818748850380941 0.07546919261566949 0.15779703519219582
0 0.610044284437731 0.6208072047843955 0.05236363573741611 0.12848399612848185
0 0.6301616971943707 0.5129693631143702 0.05191031636485968 0.13869190953790345
0 0.5726096303738009 0.5368783940014252 0.05335341088252361 0.08372143841949718
0 0.5029119268303416 0.4742384111987624 0.07093002232749053 0.09451557829003651
0 0.5513005780346821 0.42480719794344474 0.06936416184971098 0.011568123393316195
0 0.5979046242774566 0.4569408740359897 0.04985549132947977 0.07583547557840617
0 0.5545559539488022 0.49708848299622543 0.06337005101396145 0.13603367544988254
0 0.6574045270306123 0.6146183351580665 0.058009370568202955 0.1239415114752169
0 0.6722275692427354 0.5438620618746993 0.06699859818195085 0.10949056517330145
0 0.7271804400528822 0.6054660408639105 0.06123607395366351 0.13709443367300594
0 0.81199022456857 0.5037440050135531 0.06978781259983859 0.10593397580296718
0 0.8428468208092486 0.442159383033419 0.07153179190751445 0.04627249357326478
0 0.766257225433526 0.4620822622107969 0.06286127167630058 0.08611825192802057
0 0.9184940787071524 0.6055128094201051 0.06765582772707911 0.16211493102488247