0 0.4117132867132867 0.014522821576763486 0.07634032634032634 0.029045643153526972
0 0.08886946386946387 0.03993775933609958 0.07400932400932402 0.07987551867219916
0 0.042452577978438745 0.16919007932627428 0.0554724451362592 0.08456805465040035
0 0.06848482605077998 0.2612304272128171 0.04828489018647174 0.1114545177029384
0 0.11007289091614719 0.2756600506585353 0.06569271896062608 0.10956088170120463
0 0.13879918551388368 0.3049923607373946 0.055808544323893296 0.09390415423546258
0 0.17395485534276278 0.2944683852378803 0.05024244897565837 0.10110521409219546
0 0.14995306819278972 0.35591879774670504 0.05564440782301261 0.07316330136182256
0 0.15362846727432833 0.39328733645961356 0.031116779909152043 0.05528100777027778
0 0.17027766968604244 0.4188652217344017 0.05981310969478422 0.09187171109093635
0 0.19318775109128664 0.44036011544064274 0.036600360363151126 0.07815086527908235
0 0.21712916197325569 0.4338678332177741 0.052229525933154025 0.12393886104201071
0 0.23747679538033095 0.44081878252117446 0.0438096072953749 0.11659295894932055
0 0.004662004662004662 0.2795643153526971 0.009324009324009324 0.052904564315352696
0 0.375 0.45487551867219916 0.07051282051282051 0.10892116182572614
0 0.38432400932400934 0.4948132780082988 0.05419580419580419 0.029045643153526972
0 0.007284382284382284 0.4221991701244813 0.014568764568764568 0.06224066390041494
0 0.034709110751437074 0.4719015206603504 0.03983545338038372 0.07092566504968993
0 0.019230769230769232 0.49896265560165975 0.03146853146853147 0.02074688796680498
0 0.039410246342804996 0.3112217705945799 0.05016776026729528 0.09903052529551497
0 0.9848484848484849 0.03008298755186722 0.030303030303030304 0.06016597510373444
0 0.9032634032634033 0.04823651452282158 0.06876456876456877 0.09647302904564316
0 0.88289743762181 0.09218167049092144 0.05964114700803098 0.10327646437951427
0 0.9327113198119714 0.1004747363974891 0.060918681236076876 0.10640056776086479
0 0.9676090456107206 0.10705789083084165 0.059207773842006706 0.10741980687971031
0 0.9183539888018964 0.2356490223064502 0.06546865283553681 0.10333681531116314
0 0.9570547991164742 0.2184215363232961 0.05841571621832104 0.11778118067678303
0 0.9801864801864801 0.20176348547717843 0.039627039627039624 0.09439834024896265
0 0.9880536130536131 0.1654564315352697 0.023892773892773892 0.10062240663900415
0 0.6538461538461539 0.08246887966804979 0.10256410256410256 0.16493775933609958
0 0.7331075059410879 0.14662612623184068 0.0864103294603762 0.10251673426675893
0 0.7458090528007741 0.09490978364395053 0.09379847197763491 0.17829115609091634
0 0.7444476637471062 0.2431806290352099 0.060821407257686526 0.11988000984612308
0 0.7778772204539653 0.2575257611766196 0.05769834730299853 0.13021724327053613
0 0.8276246867654315 0.19115718832193135 0.08649977725289375 0.12118289834371859
0 0.8104213586516849 0.2796389061192514 0.0557633737838389 0.1250124159993404
0 0.8439968263261293 0.2737648751327736 0.07106426635208035 0.12931870601498857
0 0.610381598453227 0.2246824101278356 0.07636895122104438 0.11485623536987384
0 0.6704899965323228 0.3004843356842455 0.06953314783063624 0.08678758568303836
0 0.6765793594828952 0.2673647536019187 0.06150143181882746 0.10640660285402974
0 0.8762226442257148 0.3679432802942283 0.06991352427073384 0.14589811110893783
0 0.8431886696869031 0.3888588050566396 0.05201328599393718 0.08556918848975116
0 0.8493589743589743 0.46473029045643155 0.06585081585081586 0.08921161825726141
0 0.710081585081585 0.48132780082987553 0.07400932400932402 0.056016597510373446
0 0.6595579467595292 0.45798868407676396 0.06658205056270175 0.08572006581887351
0 0.6399650266219578 0.4396390165779507 0.04449745804238838 0.07097394579500926
0 0.6444520487918636 0.38628216608824156 0.0649006613369406 0.11992225549827734
0 0.6840677957838897 0.3944696178644237 0.06565537460644469 0.10852353730286426
0 0.6968691897835162 0.4345250615172386 0.044945590292567034 0.08342207857509225
0 0.7238511457259375 0.4477664632354943 0.0675981743114766 0.0815827584118424
0 0.7620816851641046 0.39320363155183863 0.05785555090559766 0.1022210147016793
0 0.7400235910067545 0.3468305775649263 0.06336171662962393 0.10953674132854496
0 0.7269559801473299 0.39646921380955363 0.06293616964947195 0.0815344776665233
0 0.8020448239787784 0.4029501174721134 0.05804227267650554 0.10740773669338054
0 0.803872124172125 0.3485287646648222 0.07073599335031898 0.08783700026770827
0 0.9058857808857809 0.47769709543568467 0.06351981351981352 0.06327800829875518
0 0.4624125874125874 0.1270746887966805 0.02505827505827506 0.13174273858921162
0 0.4763986013986014 0.2567427385892116 0.05303030303030303 0.12551867219917012
0 0.5007441005196364 0.3993113021066944 0.08251779715202975 0.10766121060630592
0 0.4597902097902098 0.4802904564315353 0.019813519813519812 0.058091286307053944
0 0.46416083916083917 0.4657676348547718 0.028554778554778556 0.06846473029045644
0 0.4985431235431235 0.5005186721991701 0.04836829836829837 0.017634854771784232
0 0.571377673568465 0.29012528780773417 0.06805323945993735 0.14276797263442237
0 0.12966200466200467 0.5565352697095436 0.11247086247086246 0.09439834024896265
0 0.027389277389277388 0.5560165975103735 0.054778554778554776 0.09336099585062241
0 0.026806526806526808 0.6431535269709544 0.053613053613053616 0.13070539419087138
0 0.2561188811188811 0.5746887966804979 0.09615384615384616 0.13070539419087138
0 0.39335664335664333 0.5772821576763485 0.10722610722610723 0.1358921161825726
0 0.43414918414918413 0.8589211618257261 0.03146853146853147 0.16804979253112035
0 0.4326923076923077 0.9439834024896265 0.034382284382284384 0.11203319502074689
0 0.2552776331609826 0.764574560452188 0.10109023380409451 0.18666233239561697
0 0.15537067941188912 0.6593256580467859 0.09816172180618722 0.17004068164951341
0 0.03292540792540793 0.7489626556016598 0.06585081585081586 0.15767634854771784
0 0.022727272727272728 0.7785269709543569 0.045454545454545456 0.1358921161825726
0 0.06691502324376801 0.7346259792444887 0.07213942643747327 0.1915472997290736
0 0.10762504914207296 0.7651193531315685 0.07710018593293042 0.1998943356611147
0 0.15760217454552417 0.8750359595164912 0.1007098573639972 0.12755180696971738
0 0.21445221445221446 0.9496887966804979 0.09673659673659674 0.10062240663900415
0 0.241779668940879 0.8831664237206174 0.07920018924056159 0.14495732820123577
0 0.2854525313859275 0.866508908228535 0.07207256391498267 0.15732700477017517
0 0.3163496049067219 0.8590517027253047 0.06713438968955272 0.1334258379561953
0 0.01486013986013986 0.8962655601659751 0.02972027972027972 0.11618257261410789
0 0.013694638694638694 0.9662863070539419 0.027389277389277388 0.06742738589211618
0 0.3382867132867133 0.9346473029045643 0.06934731934731934 0.13070539419087138
0 0.38432400932400934 0.9429460580912863 0.08216783216783216 0.11410788381742738
0 0.36451048951048953 0.9771784232365145 0.07634032634032634 0.04564315352697095
0 0.7511655011655012 0.5440871369294605 0.09207459207459208 0.06950207468879668
0 0.6625874125874126 0.5928423236514523 0.08624708624708624 0.16701244813278007
0 0.8183488677868219 0.617125870983396 0.08778424437922147 0.1730440831675662
0 0.543997668997669 0.5705394190871369 0.10664335664335664 0.12240663900414937
0 0.5606719231397377 0.6440106049708814 0.13647388285099937 0.1662896202050352
0 0.9723193473193473 0.5933609958506224 0.05536130536130536 0.13900414937759337
0 0.9428447190053707 0.604416249089672 0.08537162044157416 0.12220817255572895
0 0.9175407925407926 0.5679460580912863 0.08100233100233101 0.11721991701244813
0 0.8652146725143941 0.6891613015494049 0.055128519762752626 0.10737756122755616
0 0.9007963359672204 0.6661982459095551 0.06041755225997101 0.15720630290687732
0 0.8635849400831735 0.7814336547097855 0.0638098488798026 0.12198487410862818
0 0.4723193473193473 0.6353734439834025 0.04487179487179487 0.12136929460580913
0 0.4970862470862471 0.7302904564315352 0.0944055944055944 0.13692946058091288
0 0.6295172202233607 0.7764172038082311 0.09373160945514458 0.1440708611320179
0 0.5916462585304454 0.7438793165902952 0.06589419981568827 0.13133907897318492
0 0.8892167996069402 0.9351688363783311 0.05710083763609357 0.11361973289709215
0 0.8445434657848623 0.8916724469530088 0.08015638336512794 0.1553368072778031
0 0.9022327536718243 0.8274600366527272 0.05618198786570906 0.10427759821886508
0 0.7397313224277885 0.8200738690154334 0.07787748447246129 0.17294148658376296
0 0.7752830210685102 0.8043692066173829 0.058901192822681275 0.13126665785520628
0 0.6634615384615384 0.9740663900414938 0.08916083916083917 0.05186721991701245
0 0.6165501165501166 0.9610995850622407 0.07109557109557109 0.07780082987551867
0 0.7234848484848485 0.9787344398340249 0.05303030303030303 0.04253112033195021
0 0.6943249673186426 0.8533047545083002 0.07860267957365635 0.1283598178277918
0 0.46678321678321677 0.866701244813278 0.0337995337995338 0.1400414937759336
0 0.49760538819320316 0.8663033692479182 0.056398227804925705 0.14264727077112463