0 0.3198324022346369 0.4537773359840954 0.0776536312849162 0.13220675944333996
0 0.19684115994658338 0.34171030227934834 0.08046580217053818 0.1808225892015941
0 0.13398303058354671 0.3851442466705864 0.09101530601804983 0.17805675950351824
0 0.38966480446927376 0.45825049701789267 0.1011173184357542 0.12326043737574553
0 0.44553072625698326 0.4577534791252485 0.08212290502793296 0.1242544731610338
0 0.5201709757054829 0.4386047755343198 0.10230825587143537 0.15255550815887295
0 0.4738394397657372 0.3162443466216385 0.08038452555534673 0.17585241027515278
0 0.5505973489028595 0.37262136053960754 0.10263934056677666 0.13870270787236758
0 0.5702282389802067 0.2602627045787321 0.07368061494082172 0.17508800178478814
0 0.5350498032673322 0.20614630390855584 0.07619757053855626 0.15850789697253934
0 0.539214054680254 0.119805179771136 0.07515125162953099 0.12862312270636084
0 0.4806095810068495 0.08236519684403971 0.08200743838597623 0.1046003372720491
0 0.46209983817288874 0.12688720434279024 0.09530577120764552 0.1676319715255904
0 0.614804469273743 0.2654075546719682 0.029608938547486034 0.15904572564612326
0 0.5008379888268156 0.01143141153081511 0.07653631284916201 0.02286282306163022
0 0.46145251396648046 0.03827037773359841 0.07597765363128492 0.07654075546719682
0 0.36446965617293464 0.14105564269605889 0.0928007720790621 0.11674504435329738
0 0.3937791809808116 0.2113699439333014 0.07329048718790301 0.15123114293786943
0 0.3371180581008257 0.24161994546710322 0.09834887537718084 0.14912749585029555
0 0.26839484664042385 0.233287740548222 0.0777109949618049 0.14875864124224786
0 0.2167248472213682 0.1936619091093907 0.06673287448072229 0.1594130565150995
0 0.19522842380225142 0.12374239988492927 0.08246258743104802 0.13243333926012066
0 0.12653305448994956 0.2364596082948607 0.0629745360975028 0.1341799576377103
0 0.10974459611519237 0.16459646562118693 0.08260888533839257 0.1413796613277151
0 0.03814298314258149 0.21893962811539813 0.06552830119520106 0.18804899216586812
0 0.011731843575418994 0.21222664015904572 0.02346368715083799 0.17594433399602386
0 0.04673466065649023 0.36924272158411703 0.07621980409617034 0.12576841676555683
0 0.04078212290502793 0.43687872763419483 0.08156424581005586 0.12226640159045726
0 0.01005586592178771 0.378727634194831 0.02011173184357542 0.13320079522862824
0 0.01983240223463687 0.46520874751491054 0.03966480446927374 0.10934393638170974
0 0.1313034213532641 0.06783646645487072 0.0780095690110695 0.13291776938516592
0 0.10279329608938548 0.03628230616302187 0.061452513966480445 0.07256461232604373
0 0.15307262569832403 0.018886679920477135 0.049162011173184354 0.03777335984095427
0 0.18631284916201118 0.0437375745526839 0.06089385474860335 0.0874751491053678
0 0.21536312849162012 0.023359840954274354 0.07318435754189945 0.04671968190854871
0 0.25642458100558657 0.05765407554671968 0.0782122905027933 0.11530815109343936
0 0.2849162011173184 0.03429423459244533 0.06256983240223464 0.06858846918489066
0 0.3291611778757541 0.0789869557435765 0.08116646044187271 0.12137154420688899
0 0.338268156424581 0.030318091451292245 0.08547486033519552 0.06063618290258449
0 0.7723463687150838 0.4761431411530815 0.06759776536312849 0.0874751491053678
0 0.8117318435754189 0.49801192842942343 0.0446927374301676 0.0437375745526839
0 0.8022549218065089 0.3131197824672524 0.0597098356400073 0.10503441632669867
0 0.853082633544862 0.28418899507495826 0.05938472917924176 0.08515370062093326
0 0.7596522027211939 0.1971376228652482 0.04843911934423591 0.09779618746436143
0 0.9857541899441341 0.4662027833001988 0.028491620111731845 0.08548707753479125
0 0.9357026356620616 0.4091989162991821 0.03418004308261932 0.07831102564091294
0 0.8666645948293569 0.4157135474520946 0.05314194584436397 0.07848877812636944
0 0.8951998423659722 0.40458061500322934 0.06216176994558894 0.08447816837329679
0 0.9079198014831835 0.3469961531130717 0.04352497364460983 0.10418113159360592
0 0.9770827463559633 0.33107003235368593 0.04047159238661198 0.08795805549134159
0 0.9905027932960894 0.3538767395626243 0.01899441340782123 0.08349900596421471
0 0.9550896958938345 0.28192972355898255 0.04200127213289865 0.07920283554633836
0 0.8655236326972245 0.039050273302969354 0.04849386354792628 0.06704477882795534
0 0.8589385474860335 0.018389662027833 0.04860335195530726 0.036779324055666
0 0.9499120058620536 0.15285173547273453 0.05320696713651713 0.08246492126752251
0 0.9667633361020205 0.19446048740264638 0.04450197240759517 0.061628694948801285
0 0.6421787709497206 0.06908548707753479 0.025139664804469275 0.08648111332007952
0 0.8084279149490919 0.11092237640381772 0.03100689632877794 0.08886321503390161
0 0.8197726198888802 0.0715364744189018 0.03966910332316054 0.07298381800448712
0 0.9452699018001915 0.10767422018204961 0.047886438360934314 0.06399897076456013
0 0.941883286419909 0.0710734104813759 0.04391080254364174 0.05957692267069434
0 0.9516251626597381 0.03596956740766604 0.03401748985223668 0.06837066778803023
0 0.9809303886137283 0.037822800875078784 0.03487472311937849 0.05259349663847861
0 0.9946927374301676 0.23061630218687873 0.010614525139664804 0.0636182902584493
0 0.7781281251724791 0.06529971802995593 0.037483232420767024 0.07571112253023032
0 0.9828360902168387 0.08616093787662064 0.029798024189369762 0.04903808291484039
0 0.7701117318435754 0.021371769383697812 0.04860335195530726 0.042743538767395624
0 0.041340782122905026 0.9577534791252486 0.08268156424581005 0.08449304174950298
0 0.07991070251836868 0.8297380145968063 0.09318492159740517 0.17433541919248677
0 0.19752855201216762 0.7761769994400546 0.09545206911499 0.1765782935931847
0 0.17902310803209381 0.889160074708635 0.11514116255957027 0.1530265886467835
0 0.2512424232801593 0.872590272055378 0.07928346244263096 0.1767190446453802
0 0.3059033017360927 0.7711711608121693 0.09285981513663938 0.15445470348672136
0 0.366740262854062 0.7746354126844723 0.08075409913134023 0.13025416556695313
0 0.39361961686771674 0.6963413640211183 0.0599374101625431 0.11895091732073446
0 0.121987172629718 0.6236970178867751 0.07350180638740053 0.16415360814661717
0 0.18079866664873315 0.6055983982527892 0.06217204703405161 0.11920572015085595
0 0.21396648044692737 0.5685884691848907 0.07262569832402235 0.09741550695825049
0 0.04441340782122905 0.5576540755467196 0.08212290502793296 0.07554671968190854
0 0.4869811975915994 0.8473806429668612 0.06928234072453361 0.14482102327342744
0 0.5280691825170668 0.8877842325331916 0.06086994181030061 0.14187744108989486
0 0.4622799564629089 0.7349279596837616 0.07158797712277065 0.11531845325243112
0 0.47131771526786087 0.6397168019538766 0.05320696713651713 0.08246492126752251
0 0.5073674901439716 0.6448195333748746 0.06116851585956532 0.12603656923281292
0 0.5493024312481182 0.6347184000140944 0.06068085616841713 0.09621549567416493
0 0.6156424581005586 0.694831013916501 0.027932960893854747 0.09145129224652088
0 0.595314838961674 0.7034645972287396 0.056493901151626544 0.07887098237155185
0 0.0111731843575419 0.5675944333996024 0.0223463687150838 0.09542743538767395
0 0.40502793296089384 0.5690854870775348 0.07597765363128492 0.09840954274353876
0 0.6231843575418995 0.5591451292246521 0.012849162011173185 0.07852882703777336
0 0.6058659217877095 0.540258449304175 0.04748603351955307 0.040755467196819085
0 0.35893854748603354 0.5323061630218688 0.06312849162011173 0.02485089463220676
0 0.5952513966480447 0.9602385685884692 0.06759776536312849 0.07952286282306163
0 0.26564245810055864 0.5526838966202783 0.05195530726256983 0.06560636182902585
0 0.8689944134078212 0.9721669980119284 0.06871508379888268 0.055666003976143144
0 0.825977653631285 0.9627236580516899 0.0776536312849162 0.07455268389662027
0 0.7855477400469432 0.9374638937405503 0.07187029584899732 0.09848354561006092
0 0.8276837232621248 0.9055576738109586 0.08783786041032127 0.12014788112667694
0 0.7511970160724218 0.8487154923541106 0.06200949380366858 0.10926536229797314
0 0.7432960893854749 0.9766401590457257 0.0776536312849162 0.04671968190854871
0 0.6980446927374302 0.9637176938369781 0.08324022346368715 0.07256461232604373
0 0.6731843575418994 0.9721669980119284 0.08715083798882682 0.055666003976143144
0 0.6472067039106145 0.9607355864811133 0.03519553072625698 0.07852882703777336
0 0.6405027932960894 0.9065606361829026 0.021787709497206705 0.12127236580516898
0 0.6466480446927374 0.8290258449304175 0.03407821229050279 0.1272365805168986
0 0.6460893854748604 0.7678926441351889 0.0329608938547486 0.11232604373757456
0 0.7562377451928114 0.730724474856292 0.05226845725418413 0.09327191349063269
0 0.9223545967787681 0.7615720144162751 0.0771745693015416 0.11595546032773493
0 0.9829608938547486 0.9443339960238568 0.03407821229050279 0.05765407554671968
0 0.9737430167597766 0.9826043737574552 0.05251396648044693 0.03479125248508946
0 0.6491620111731844 0.606858846918489 0.03910614525139665 0.110337972166998
0 0.7445045918807934 0.6440589342321886 0.05486071123253438 0.11539550359709613
0 0.7814787707431425 0.6715911715297032 0.057030326811889596 0.11167416328606455
0 0.8064854038460179 0.6833721750823996 0.06435791793644499 0.11647841562511264
0 0.7603134320193671 0.5878188620187363 0.07174025326469101 0.09053125932775472
0 0.9544295755279304 0.7111554058623569 0.03669102044577863 0.09546443682093492
0 0.7921787709497207 0.5482107355864811 0.05139664804469274 0.05666003976143141
0 0.8444134078212291 0.5715705765407555 0.06536312849162011 0.10337972166998012
0 0.8933911022526714 0.59307112291185 0.046860673628834115 0.10356930005349985
0 0.9218553502625579 0.6116955633141026 0.05218718063899268 0.08830173456419133
0 0.6692737430167598 0.5616302186878728 0.0782122905027933 0.08349900596421471
0 0.9321229050279329 0.9686878727634195 0.06089385474860335 0.06262425447316103
0 0.8314659745836468 0.7958567087192644 0.065926086563384 0.07597775125841517
0 0.8515229622235319 0.8289013428267642 0.07029782836817101 0.07052314220692855