0 0.22537619699042408 0.06995133819951338 0.09097127222982217 0.13990267639902676
0 0.26812585499316005 0.28527980535279807 0.023255813953488372 0.12287104622871046
0 0.23682763054158693 0.3521032708907167 0.08581633693089943 0.11465280682035153
0 0.2670998632010944 0.38321167883211676 0.0253077975376197 0.10462287104622871
0 0.17476060191518467 0.4738442822384428 0.09507523939808482 0.07177615571776155
0 0.2585499316005472 0.4659367396593674 0.04240766073871409 0.08759124087591241
0 0.24008207934336526 0.49452554744525545 0.06155950752393981 0.030413625304136254
0 0.6874145006839946 0.024330900243309004 0.07797537619699042 0.04866180048661801
0 0.8891928864569083 0.045012165450121655 0.057455540355677154 0.09002433090024331
0 0.7746238030095759 0.03527980535279805 0.0786593707250342 0.0705596107055961
0 0.89628199797659 0.3795060859974598 0.05581928875794951 0.08514143800905398
0 0.8554043282060724 0.42261176109588267 0.05489955759541489 0.04499545260759412
0 0.8464049748955071 0.3540892790618401 0.061709304601633604 0.1041270873414563
0 0.9791381668946648 0.3424574209245742 0.041723666210670314 0.07664233576642336
0 0.9674772282948799 0.29289877444783674 0.04528066442440351 0.07159322385629867
0 0.9955540355677155 0.23418491484184914 0.008891928864569083 0.08880778588807786
0 0.9661422708618331 0.10279805352798053 0.0677154582763338 0.09854014598540146
0 0.9273642401966421 0.0793965614888175 0.05131003347453244 0.09666159824952825
0 0.6363739240445037 0.13134859833108337 0.07734246768566423 0.13170258650921235
0 0.46836676118319553 0.2619296974489046 0.07777562644210764 0.12084586566846336
0 0.5302752488699476 0.4318660323038094 0.0650177946766968 0.09972182863649487
0 0.5950166647666854 0.4037359908475959 0.052133381209020745 0.1028365075790953
0 0.6307667032098049 0.42074803482335044 0.05763320807465994 0.10479052674118132
0 0.7386619014079681 0.3692165738944836 0.052510798682886314 0.08954669671401569
0 0.6900837574495147 0.18293019778753228 0.062350329351278856 0.1321076226212618
0 0.7335621102449222 0.07095145309865132 0.06792099663660559 0.107389835784448
0 0.7789577486838769 0.0836315547816313 0.0816008871974811 0.10923352115924931
0 0.7440345494246411 0.1495841070642498 0.052622281248042 0.09441287676267748
0 0.7128280226583174 0.12771495779910577 0.05144938668097712 0.10274432331035535
0 0.8257155875735301 0.3047277401384081 0.05921139075687954 0.08438581434058888
0 0.44689642923536427 0.41035798203037055 0.0759895777666862 0.10241332194850147
0 0.3682503966842738 0.22691116873581663 0.08856508654725385 0.14534298493070802
0 0.3841733071991436 0.29086217304596196 0.08937566277756283 0.12119645322487915
0 0.33036935704514364 0.46654501216545013 0.08071135430916553 0.08637469586374696
0 0.3953041978985473 0.43004552481361263 0.051254292191954445 0.09422850822519707
0 0.39842681258549933 0.46472019464720193 0.05950752393980848 0.09002433090024331
0 0.32660738714090287 0.07481751824817519 0.073187414500684 0.14963503649635038
0 0.2917236662106703 0.30170316301703165 0.023939808481532147 0.11678832116788321
0 0.9471577088782138 0.2422745983778691 0.04960759672297753 0.0818786895660627
0 0.0253077975376197 0.9379562043795621 0.0506155950752394 0.12408759124087591
0 0.06942544459644323 0.933698296836983 0.06361149110807114 0.13260340632603407
0 0.11306759074406206 0.8605464879016965 0.07943742104819408 0.10409078830436728
0 0.09907008211105835 0.772080214810762 0.06709532126918707 0.16064126351350744
0 0.14229354101570604 0.7456374328076952 0.07305617753255852 0.15295510684700994
0 0.22210199378567597 0.669997175886106 0.06747273874305264 0.14735145264842764
0 0.182603354089196 0.8166104360466045 0.0642908303702545 0.12751799537882008
0 0.14446921199940824 0.8738998220816825 0.0659247543350521 0.10954637300255854
0 0.10362696243873434 0.9303414001795551 0.05801062554852567 0.09150071587610158
0 0.13577291381668946 0.9501216545012166 0.04719562243502052 0.09975669099756691
0 0.1687887655877361 0.9433895205994869 0.05202189864386506 0.09797032753043376
0 0.2031963579831267 0.8999430510419292 0.08521595432672249 0.11821025758810781
0 0.3033515731874145 0.6648418491484185 0.04719562243502052 0.13260340632603407
0 0.36158000288449976 0.7513204137573728 0.06144336969292379 0.12228307825519798
0 0.8332406911984768 0.804787217060102 0.07601744840797521 0.10362986696066692
0 0.7913428182412825 0.639430716350358 0.05974093294136911 0.10750016957173257
0 0.625209374098422 0.6733425791353961 0.04994204441844489 0.0964772297120481
0 0.585128345237569 0.7412030584457306 0.0567262484163048 0.09496598237511765
0 0.5325519280706198 0.7592040601138348 0.057716819998526785 0.10844016177767767
0 0.7889876880984952 0.5620437956204379 0.0759233926128591 0.10462287104622871
0 0.32339361096152935 0.9001823954047219 0.03936045030650049 0.11081736657035779
0 0.3183994528043776 0.9549878345498783 0.04993160054719562 0.09002433090024331
0 0.4842681258549932 0.9811435523114356 0.06429548563611491 0.037712895377128956
0 0.47058823529411764 0.9586374695863747 0.060191518467852256 0.0827250608272506
0 0.9406493169905487 0.804258462373444 0.055429099779904775 0.06810980783873767
0 0.9046536647114537 0.7533214344601671 0.033652757447659325 0.07002609128771743
0 0.9671682626538988 0.7512165450121655 0.06566347469220246 0.11070559610705596
0 0.9849521203830369 0.8746958637469586 0.030095759233926128 0.043795620437956206
0 0.8679890560875513 0.5462287104622872 0.07523939808481532 0.072992700729927
0 0.842341052726012 0.6010250022816613 0.07293192346322337 0.11776748576295197
0 0.8850994241137679 0.639529102026336 0.0667202314282514 0.11450473731996041
0 0.8930745161184969 0.5741764658285365 0.07478881255833218 0.10952822348401403
0 0.9165526675786594 0.5444038929440389 0.06976744186046512 0.06934306569343066
0 0.3672819071379518 0.9191295906860094 0.04783431955173572 0.09376758688149699
0 0.42920656634746923 0.968978102189781 0.04719562243502052 0.06204379562043796
0 0.38782489740082077 0.9653284671532847 0.060191518467852256 0.06934306569343066