0 0.3786318795330892 0.11370510441441085 0.07087926307842825 0.1010639301772185
0 0.3802788346631856 0.34985148086789636 0.07563688101901586 0.10653211796932704
0 0.05282637954239569 0.43361244019138756 0.051816958277254375 0.05143540669856459
0 0.07696574609609651 0.3589954735400551 0.048789458670139084 0.1098034440513317
0 0.01816958277254374 0.35107655502392343 0.03633916554508748 0.08492822966507177
0 0.017496635262449527 0.2063397129186603 0.034993270524899055 0.13995215311004786
0 0.00908479138627187 0.10586124401913875 0.01816958277254374 0.1519138755980861
0 0.9444818304172274 0.056818181818181816 0.11103633916554509 0.11363636363636363
0 0.7624495289367429 0.07177033492822966 0.07537012113055182 0.14354066985645933
0 0.603944255824279 0.11732054889841673 0.08059078079317518 0.2004194094876483
0 0.5339838492597577 0.05861244019138756 0.09353970390309556 0.11722488038277512
0 0.8442126514131898 0.090311004784689 0.10699865410497982 0.180622009569378
0 0.9098945728962653 0.1372264395959965 0.08437004631913712 0.17468947612558694
0 0.9687079407806191 0.23385167464114834 0.06258411843876177 0.15669856459330145
0 0.9270562627802852 0.34516502680884015 0.08053204908076532 0.19443854824362924
0 0.9828398384925976 0.33373205741626794 0.034320323014804845 0.14114832535885166
0 0.7809555854643337 0.4366028708133971 0.10430686406460296 0.045454545454545456
0 0.8220053835800808 0.39354066985645936 0.07469717362045761 0.13157894736842105
0 0.7589603413665156 0.33510842247687167 0.10701533481270065 0.15408588244870577
0 0.6772635267680305 0.29578169583665825 0.08087609900136418 0.16104336796239244
0 0.6125179066948916 0.30609601881332227 0.06558624774890903 0.17793634218203316
0 0.5805729866617589 0.3719345112571309 0.08871654227285516 0.13829163520956142
0 0.5109196879960798 0.1904218823414654 0.06327374665657683 0.14773910790612615
0 0.48855989232839836 0.2631578947368421 0.07806191117092867 0.1507177033492823
0 0.4996635262449529 0.38995215311004783 0.08277254374158816 0.13875598086124402
0 0.4717362045760431 0.41566985645933013 0.04441453566621804 0.08732057416267942
0 0.5585464333781965 0.43600478468899523 0.05652759084791386 0.04665071770334928
0 0.645693135935397 0.4461722488038278 0.08411843876177658 0.02631578947368421
0 0.24955422855630027 0.5251763254071113 0.06274516124488769 0.0939113567099539
0 0.4414535666218035 0.7900717703349283 0.016150740242261104 0.11363636363636363
0 0.44044414535666215 0.9395933014354066 0.01816958277254374 0.09688995215311005
0 0.40107671601615075 0.9617224880382775 0.04979811574697174 0.07655502392344497
0 0.3506056527590848 0.9784688995215312 0.06056527590847914 0.0430622009569378
0 0.06344465819318079 0.6994402187974634 0.08791438499545921 0.12503609778744879
0 0.25432001223305467 0.8394156474312923 0.0993075072971327 0.12191133444183139
0 0.364193463492884 0.7371056378693387 0.0566617349804544 0.15872440354145995
0 0.3275883022476413 0.7389611450149219 0.04252983726847594 0.15667390715078033
0 0.03398384925975774 0.7482057416267942 0.06796769851951548 0.09928229665071771
0 0.5380749824321072 0.7080090060350753 0.09615420391133744 0.1429542214939479
0 0.49897431298005973 0.7978930461657894 0.04623862473954601 0.1237669402958958
0 0.6051245886260243 0.8981023560756877 0.0627887406261942 0.16678022120171687
0 0.8167398564947621 0.755012025105466 0.07884551012859967 0.15955426765777717
0 0.6853970390309556 0.97188995215311 0.04374158815612382 0.056220095693779906
0 0.4740915208613728 0.861244019138756 0.04912516823687752 0.07894736842105263
0 0.7742261103633916 0.9706937799043063 0.08681022880215343 0.05861244019138756
0 0.9557277742024896 0.8802919334806466 0.06561314642249455 0.11224451118309316
0 0.9424629878869448 0.972488038277512 0.06258411843876177 0.05502392344497608