0 0.014444444444444444 0.592391304347826 0.028888888888888888 0.08399209486166008
0 0.09468250099334474 0.4872842969485065 0.059497358983058274 0.06170346060013186
0 0.0898200740837517 0.3956630549527225 0.044116407274961425 0.06995276175234968
0 0.2639055988445586 0.5622278325766354 0.049511472666681204 0.11855572822156343
0 0.3334311734198904 0.5410837914054231 0.04878131326366694 0.10963944832200277
0 0.3995863839048372 0.43714279106938875 0.04717284787948655 0.11253487739802376
0 0.3567962625413755 0.41126874971734667 0.06057672608099008 0.08840630176451478
0 0.3047715730150132 0.38923269429699103 0.058657853856882915 0.07549145416069399
0 0.27651495634269196 0.4289087074280187 0.04805115386065267 0.10072316842244187
0 0.3036587035809354 0.31868401708612143 0.05128042821469737 0.06728732534782618
0 0.1755881610677597 0.2682013071727488 0.035149916676090874 0.06563220430799299
0 0.18254319077492134 0.22496412551078127 0.04190652863842312 0.042215779761177
0 0.36907759464499823 0.05433088909049114 0.04689418505273921 0.07006775808809845
0 0.13994002861957472 0.06233587335103166 0.038463849581928826 0.06478205761840145
0 0.08535360938982037 0.05768430511785213 0.02753968590396034 0.04557036798524377
0 0.03624601727963712 0.16980560880465503 0.04170018077778505 0.05997934175884942
0 0.48138888888888887 0.010375494071146246 0.041666666666666664 0.020750988142292492
0 0.6658333333333334 0.6002964426877471 0.058333333333333334 0.07806324110671936
0 0.5979611614650975 0.455094824180763 0.05004057095292966 0.08895745798115953
0 0.5200925533426847 0.4770779255054667 0.044388013259897184 0.08378675384721135
0 0.5553765029133044 0.48943996450274385 0.04537037822035195 0.10554888354914356
0 0.49464282686435684 0.3596508137641405 0.04521517480038862 0.09764374520922273
0 0.4287521890724791 0.16737911902463687 0.038813057276846245 0.08256861888322357
0 0.39808375937285684 0.16025636886528252 0.03440035684558122 0.05572778211594209
0 0.5013227339406492 0.18905827270669648 0.04084127522411437 0.07277919302692142
0 0.5554347277457355 0.17546370742953346 0.0343615559905902 0.05375149753096185
0 0.6263703617353907 0.06836278644525581 0.03080247436912335 0.07038892163324553
0 0.5680555555555555 0.009881422924901186 0.045 0.019762845849802372
0 0.11312696192275054 0.26881244014211647 0.038495593595108124 0.03812521498831801
0 0.5542856890536306 0.29053628597033276 0.036054679926563846 0.08344176483996496
0 0.5262036762287681 0.32131901846894945 0.04122928377402281 0.0925420388767239
0 0.5908676971685042 0.3216040307234728 0.05384480129002567 0.05653275646618356
0 0.49685976234270657 0.30328070455790423 0.038044097018840956 0.0716760543986825
0 0.7163888888888889 0.4935770750988142 0.02722222222222222 0.06225296442687747
0 0.6901824986383504 0.49373256551025346 0.033373904286263245 0.08826747996666674
0 0.6548756202193293 0.4966752324129984 0.04505997138042529 0.08973860686930166
0 0.7038888888888889 0.5464426877470355 0.052222222222222225 0.05928853754940711
0 0.7033333333333334 0.58399209486166 0.05333333333333334 0.11067193675889328
0 0.7069320655338435 0.3898622153655675 0.037721346593230516 0.08351076264141422
0 0.712537007207107 0.3447062472864941 0.030111115821100105 0.06344892631866487
0 0.7152777777777778 0.3048418972332016 0.029444444444444443 0.06818181818181818
0 0.6522962837363258 0.11912479234422368 0.04967196283051686 0.07018275442384728
0 0.6072901119434838 0.10716524052206743 0.04102822265725687 0.054027488736758965
0 0.5321287367306785 0.1043527874659191 0.03221693547834977 0.0576120696323233
0 0.6332927506054311 0.1964302969274253 0.0446843064162009 0.04233077609692585
0 0.7141666666666666 0.18181818181818182 0.03166666666666667 0.05731225296442688
0 0.715 0.12549407114624506 0.03 0.04940711462450593
0 0.6970096907937698 0.07531180280856267 0.03215873419586362 0.05464764275485292
0 0.6970652487043197 0.04420831986227371 0.04407760641997053 0.06797647716736942
0 0.725 0.051877470355731224 0.01 0.042490118577075096
0 0.590391501645897 0.3882691365658312 0.039671962830516855 0.06976876761515152
0 0.8784135666402788 0.08022593131802772 0.037352738470817715 0.06473605908410196
0 0.8425643613003558 0.06838096273414548 0.04014991667609087 0.06583919771234087
0 0.8512901048785003 0.14700685969108443 0.03640917436535385 0.044950213967149814
0 0.8634373687626771 0.1785925010525688 0.05056966923917855 0.05935918774075541
0 0.9564496982183942 0.3889945067717167 0.050047627794741374 0.11759058519622315
0 0.9202653870922043 0.4931757601203992 0.03812875557063434 0.10426175078370659
0 0.9838888888888889 0.4950592885375494 0.03222222222222222 0.116600790513834
0 0.8827927294104808 0.4226513214691037 0.046248684201518064 0.09373717457356179
0 0.8200026080470192 0.39760525373445293 0.05441975727307661 0.057543898025823506
0 0.7827018990658456 0.44555439347979775 0.051209883346527235 0.09196788339292931
0 0.8999717490828093 0.32518089695845365 0.04272134659323064 0.08371775604576209
0 0.7505035025159665 0.23362211030024133 0.04060847009416938 0.06092148551704011
0 0.7341666666666666 0.22924901185770752 0.008333333333333333 0.06324110671936758
0 0.7377777777777778 0.12005928853754941 0.015555555555555555 0.05434782608695652
0 0.8154699766298757 0.44469150786420697 0.055460323516017526 0.08227045460522629
0 0.9034047397005283 0.19273533086405314 0.03923280983993392 0.07567462210294251
0 0.232015839036667 0.8900265821111324 0.05341270514125401 0.09107173816903828
0 0.2529955606251855 0.8392974227229901 0.06812875557063434 0.10550371120979364
0 0.28614900336718774 0.7905326351887785 0.04666843676460581 0.08684317779328067
0 0.32646469695098673 0.8293445234117912 0.03919400898494309 0.07369833751796227
0 0.3231551775150241 0.7717221934383172 0.04856085171940587 0.07013675588954774
0 0.40605375955267725 0.8611001806920501 0.04057672608098996 0.08757832814712348
0 0.444775101435919 0.8397503854089143 0.041481489331463055 0.10538788867909533
0 0.4832301240780972 0.8885126943582775 0.05949735898305815 0.06170346060013175
0 0.47583333333333333 0.9535573122529645 0.04388888888888889 0.09288537549407115
0 0.5113888888888889 0.9580039525691699 0.049444444444444444 0.08399209486166008
0 0.5788888888888889 0.9738142292490118 0.04555555555555556 0.05237154150197629
0 0.5407944971534253 0.8969903357920938 0.04389065898682778 0.08672818145753187
0 0.5078236001496629 0.8657730958024803 0.046913585480234464 0.0710559003805885
0 0.47232360250465744 0.836141565953776 0.041661379922794214 0.05800305717386918
0 0.4967786322118193 0.7921799073765909 0.029181665399259045 0.10092933563184013
0 0.5238262505865826 0.7999462239186639 0.036261027787201985 0.06567820284229253
0 0.553380040754188 0.8214315362198497 0.06302469659134582 0.07172287912793156
0 0.6429682183069091 0.8952288263677634 0.04124868420151819 0.09353018116921391
0 0.6661111111111111 0.9787549407114624 0.05 0.042490118577075096
0 0.6900960817635905 0.926353656191303 0.043871258559332396 0.08574003916504176
0 0.6952750990809244 0.8604811988706619 0.038463849581928826 0.0647820576184015
0 0.7158333333333333 0.7717391304347826 0.028333333333333332 0.06719367588932806
0 0.7042248443992081 0.729781924689744 0.03725573633334079 0.05979534762165136
0 0.6532751085009023 0.7378152113888877 0.04407054957815919 0.03934334995230573
0 0.6679417728125746 0.7683092137557079 0.04460670470621911 0.03837820692696532
0 0.6560061435329082 0.8107652465295332 0.037675488896428154 0.05290135084137025
0 0.09944444444444445 0.966897233201581 0.04666666666666667 0.06620553359683795
0 0.06055555555555556 0.9718379446640316 0.03777777777777778 0.05632411067193676
0 0.03166666666666667 0.9787549407114624 0.04555555555555556 0.042490118577075096
0 0.0753888700489331 0.6965745560881639 0.047255736333340605 0.06020933443034701
0 0.04811990508093901 0.7707665516548964 0.035072314966109214 0.06167963513803263
0 0.07334123989919722 0.8432791876222219 0.035433866246710674 0.05182121148028105
0 0.05237739031726843 0.9073367683254059 0.05183598377025299 0.0673103246149759
0 0.36916666666666664 0.6556324110671937 0.050555555555555555 0.03260869565217391
0 0.3458765241082547 0.6888324110099466 0.042294537188331434 0.06197862561097937
0 0.4875 0.674407114624506 0.03833333333333333 0.07015810276679842
0 0.4563888888888889 0.6645256916996047 0.05611111111111111 0.05039525691699605
0 0.4127777777777778 0.6605731225296443 0.03 0.042490118577075096
0 0.5455555555555556 0.6566205533596838 0.02666666666666667 0.03458498023715415
0 0.58 0.6536561264822134 0.027777777777777776 0.02865612648221344
0 0.6103438974011003 0.6625800539466392 0.03659612179849672 0.026198509676987333
0 0.6886111111111111 0.6561264822134387 0.03722222222222222 0.03359683794466403
0 0.7211111111111111 0.6566205533596838 0.017777777777777778 0.03458498023715415
0 0.7241666666666666 0.849802371541502 0.011666666666666667 0.06521739130434782
0 0.7211111111111111 0.8058300395256917 0.017777777777777778 0.05632411067193676
0 0.75 0.9619565217391305 0.04 0.07608695652173914
0 0.7991666666666667 0.9362648221343873 0.08944444444444444 0.1274703557312253
0 0.8797222222222222 0.9446640316205533 0.08166666666666667 0.11067193675889328
0 0.9296392748935063 0.7423152859939385 0.07957673079097882 0.15139524274018445
0 0.9736111111111111 0.6655138339920948 0.05277777777777778 0.05237154150197629
0 0.8647222222222222 0.6605731225296443 0.095 0.042490118577075096
0 0.7580555555555556 0.7045454545454546 0.05611111111111111 0.13043478260869565
0 0.7963641428426591 0.7448706832324105 0.0714444585744113 0.1895648038729032