0 0.023676880222841225 0.3966584158415842 0.04735376044568245 0.16212871287128713
0 0.05267198280461718 0.4173591755960902 0.06438336120030334 0.16257839094908344
0 0.09421972267188498 0.3866606715324895 0.07601922377918421 0.13310902931918198
0 0.2889972144846797 0.4504950495049505 0.06128133704735376 0.1188118811881188
0 0.33530640668523676 0.46163366336633666 0.07590529247910864 0.09653465346534654
0 0.375 0.45482673267326734 0.08704735376044569 0.11014851485148515
0 0.3616930424706803 0.21709600496094866 0.07249681412225838 0.12648819508685838
0 0.1304228308530755 0.28357418766244746 0.05779182767748763 0.11229455269723743
0 0.006963788300835654 0.26485148514851486 0.013927576601671309 0.10396039603960396
0 0.41508303005909286 0.13531299496790666 0.05564596947812581 0.10337155710833827
0 0.4768029103404391 0.4224586704965477 0.07199490972341292 0.15610462229979966
0 0.39326556764404014 0.36323063333411015 0.07746060004716084 0.14070785806161654
0 0.4257163035449161 0.43094923896455756 0.0738895717824255 0.12666128125503537
0 0.4511944162208749 0.3370411392713417 0.06276371670369173 0.1277518394343718
0 0.14616047483194589 0.3492157592747708 0.05517647748448674 0.13793847937078443
0 0.16864717492715972 0.3829257320250088 0.07251302032486164 0.12896344261161086
0 0.2168391184757036 0.4105556206686997 0.07111215956339287 0.12755273268105763
0 0.18076873570228277 0.3213646956574137 0.05493338444543898 0.1008097664994973
0 0.475675847436738 0.09090531680584871 0.05344338956965271 0.08578519518280546
0 0.45813697100475004 0.12211430974575027 0.04928942589305622 0.08897880796540307
0 0.41369002845799907 0.08196535855959568 0.06180803863195729 0.0880613359542437
0 0.01149025069637883 0.12561881188118812 0.02298050139275766 0.09777227722772278
0 0.09505571030640668 0.029084158415841586 0.04805013927576602 0.05816831683168317
0 0.025536054089703115 0.09864956516296347 0.04227701898441092 0.0806876345502607
0 0.03644717698394478 0.06476197728065679 0.054795631723311984 0.07977016253910127
0 0.9641364902506964 0.1782178217821782 0.07172701949860724 0.12128712871287128
0 0.8583019900210664 0.30082199368164364 0.0790559352398677 0.1718215382891996
0 0.860949508678347 0.22695401181746755 0.08166318233156712 0.1449399878532762
0 0.8261465294358452 0.17192755489766087 0.07553352558294202 0.16520070405687587
0 0.7856914885396591 0.1038325156813839 0.08243248907336492 0.1561651447987509
0 0.7935236768802229 0.05198019801980198 0.08704735376044569 0.10396039603960396
0 0.916782729805014 0.47277227722772275 0.08426183844011143 0.07425742574257425
0 0.5567548746518106 0.15717821782178218 0.05362116991643454 0.1311881188118812
0 0.588373430527889 0.09538666025318433 0.06376801338323565 0.17486808548875726
0 0.5543175487465181 0.053217821782178217 0.04874651810584958 0.10643564356435643
0 0.7106545961002786 0.05754950495049505 0.07033426183844012 0.1150990099009901
0 0.22040389972144847 0.963490099009901 0.06197771587743733 0.07301980198019802
0 0.17827298050139276 0.9603960396039604 0.052924791086350974 0.07920792079207921
0 0.0100974930362117 0.9201732673267327 0.0201949860724234 0.125
0 0.027506963788300837 0.8966584158415841 0.05501392757660167 0.12004950495049505
0 0.05424227687063939 0.8472827033735609 0.06252872676594552 0.09186075032546091
0 0.13509749303621169 0.9566831683168316 0.052924791086350974 0.08663366336633663
0 0.09525594387478208 0.8944246817135304 0.06188096654367148 0.0991999498156299
0 0.13746359861627627 0.8582434138033251 0.0401311607850491 0.0717646389613615
0 0.013927576601671309 0.6553217821782178 0.027855153203342618 0.10272277227722772
0 0.06708379395697088 0.6299974306567813 0.05573510359244327 0.11698541849447688
0 0.3098609503554109 0.673771556847763 0.05906303881813088 0.09390328242977085
0 0.45641628168279513 0.6870383809988881 0.040285119709779355 0.09527949044651
0 0.46286957460163053 0.6099335148100701 0.05836665998804732 0.09381673934568235
0 0.48446517749459606 0.560679423939056 0.05528132991955417 0.04767848780140758
0 0.4404879708824107 0.5391381007305892 0.039750315023874355 0.013596322129678338
0 0.3669928631586721 0.7915488733916051 0.06455303844578354 0.08221938947871656
0 0.34575208913649025 0.9412128712871287 0.05083565459610028 0.11757425742574257
0 0.30977303594572664 0.9260304466622944 0.057840446285297116 0.11972029527149484
0 0.258008356545961 0.9511138613861386 0.06476323119777158 0.09777227722772278
0 0.16051532033426183 0.5439356435643564 0.03690807799442897 0.06806930693069307
0 0.1329478272271257 0.5404900179595105 0.0469977118702657 0.05777858465373169
0 0.09661077393353225 0.5699811595102106 0.031742202418840015 0.06577562690279451
0 0.1671073417389308 0.6566490364908081 0.04930563209565933 0.09145405549015562
0 0.20029043254389425 0.6236743916557691 0.039450988157568805 0.07415334340202547
0 0.09734410460132627 0.6819861100052601 0.04949200342559597 0.11991940202480908
0 0.1421876112300019 0.6764295250675825 0.045653572817908133 0.06503124105981216
0 0.6302228412256268 0.9344059405940595 0.10445682451253482 0.1311881188118812
0 0.5724233983286908 0.9610148514851485 0.08495821727019498 0.07797029702970297
0 0.6402903612658984 0.8107014921594079 0.09114557149163771 0.21165910735236743
0 0.6926160107377849 0.8320437086145605 0.08835195307000182 0.21007531125363707
0 0.7394797774956477 0.8162269509489503 0.09798781327294949 0.19396018175760896
0 0.7831490662583726 0.79073857118712 0.08340437334770247 0.19833089580363156
0 0.8450557103064067 0.9220297029702971 0.12604456824512536 0.15594059405940594
0 0.9013273261712414 0.8802405900218395 0.08398730875956378 0.18109070621445264
0 0.9418523676880223 0.9164603960396039 0.0745125348189415 0.1670792079207921
0 0.9651810584958217 0.9084158415841584 0.06963788300835655 0.18316831683168316
0 0.9832869080779945 0.9164603960396039 0.033426183844011144 0.1670792079207921
0 0.9825905292479109 0.8978960396039604 0.034818941504178275 0.1844059405940594
0 0.5734679665738162 0.557549504950495 0.08704735376044569 0.0952970297029703
0 0.8529895267992689 0.8303334736553764 0.0970564445051198 0.1579825495646095
0 0.8626494523651947 0.7647566652063427 0.07039147142940441 0.12375331830984035
0 0.5821727019498607 0.7840346534653465 0.10445682451253482 0.2042079207920792
0 0.9700557103064067 0.6287128712871287 0.05988857938718663 0.17574257425742573
0 0.927924791086351 0.5903465346534653 0.08008356545961003 0.1608910891089109
0 0.7913306637186112 0.605644526584691 0.0780030199525143 0.11727954966055644
0 0.7311977715877437 0.5266089108910891 0.06824512534818941 0.03341584158415842
0 0.6057542964844959 0.6901675189177493 0.08570370258994137 0.12441964239741127
0 0.9811977715877437 0.5389851485148515 0.037604456824512536 0.05816831683168317