0 0.08882907133243607 0.01375598086124402 0.05652759084791386 0.02751196172248804
0 0.014804845222072678 0.11004784688995216 0.029609690444145357 0.11483253588516747
0 0.049437041556165934 0.10886375776962527 0.0693392375139853 0.11033585876591408
0 0.08837079583109717 0.07598427999554228 0.04799291595001086 0.11789919735795067
0 0.13223418573351278 0.22188995215311005 0.034320323014804845 0.10885167464114832
0 0.02086137281292059 0.4647129186602871 0.04172274562584118 0.11124401913875598
0 0.061347117599190475 0.45997928669315985 0.04262428772270993 0.08396755327304493
0 0.10746324788981043 0.47180208959922454 0.04566002744486027 0.06753458544579027
0 0.12025139471100185 0.3679282565028984 0.057476132634542626 0.08773904985704835
0 0.013122476446837146 0.41327751196172247 0.026244952893674293 0.07775119617224881
0 0.08490456871129037 0.25241968669410686 0.05638873590803489 0.10077156713149082
0 0.019851951547779273 0.3534688995215311 0.039703903095558546 0.07535885167464115
0 0.0509068253996914 0.35886630094762895 0.04810186718298397 0.08925375211785862
0 0.06851028202880166 0.3005122452150519 0.04773441765633016 0.10474130262110856
0 0.13425302826379543 0.30861244019138756 0.03028263795423957 0.07416267942583732
0 0.5706594885598923 0.05263157894736842 0.1063257065948856 0.10526315789473684
0 0.4670255720053836 0.056220095693779906 0.1009421265141319 0.11244019138755981
0 0.4050663007960773 0.10865947729977248 0.09679763434999489 0.1403553697363945
0 0.38627187079407804 0.05263157894736842 0.10228802153432032 0.10526315789473684
0 0.1816958277254374 0.25 0.06460296096904442 0.15789473684210525
0 0.2804599160662736 0.19429419453517502 0.0859685226452744 0.1703901397748972
0 0.234853306436288 0.13944053503777237 0.10088231910032018 0.14312384662120092
0 0.23470588924189287 0.2666134689761807 0.09495183872529954 0.18316681576853305
0 0.32961926200577046 0.239265032386148 0.07592130968362122 0.1718421533045078
0 0.4007562233899902 0.22547433775174514 0.0931594466523902 0.16031416557886072
0 0.40259774501897183 0.28559893702593925 0.0831891370874032 0.09729825513546408
0 0.4950351003421065 0.23042255187941577 0.10100836631614746 0.18373101434933137
0 0.47670422058641543 0.2745165737231468 0.09102310489770737 0.15414523814124212
0 0.6198957093698773 0.1489430931492267 0.12686236983828825 0.20046725312056995
0 0.7086137281292059 0.08851674641148326 0.0901749663526245 0.17703349282296652
0 0.7753359063439008 0.08371870876470767 0.10196971582682791 0.13009132934675843
0 0.8756360611195451 0.0898969826847859 0.0731269722722971 0.1321804029003819
0 0.9515477792732167 0.031698564593301434 0.059219380888290714 0.06339712918660287
0 0.9165545087483177 0.01375598086124402 0.06729475100942127 0.02751196172248804
0 0.7441431783013654 0.20124686009146692 0.10005342066749284 0.1693142586324855
0 0.65062697424315 0.20876442147943675 0.1085197401601569 0.15577514515243715
0 0.6957571831135088 0.21948508523349738 0.06741439436322269 0.11493248156752982
0 0.6467206681957373 0.2879312004596887 0.07226602600316252 0.1225483361787516
0 0.47531878754010437 0.4818017039658117 0.07481681697425903 0.11562205761072762
0 0.4268473409641545 0.4701983116189461 0.06699994514680917 0.12802768757317196
0 0.40814266487213996 0.5418660287081339 0.08546433378196501 0.11483253588516747
0 0.43438761776581425 0.5639952153110048 0.08142664872139974 0.07057416267942583
0 0.16083445491251683 0.527511961722488 0.02288021534320323 0.09569377990430622
0 0.1753028263795424 0.5586124401913876 0.04374158815612382 0.08133971291866028
0 0.3072005383580081 0.562799043062201 0.07335127860026917 0.0729665071770335
0 0.23663606418998057 0.39060790609898 0.07818155452473016 0.11593550126672683
0 0.17193808882907133 0.3923444976076555 0.04508748317631225 0.10526315789473684
0 0.18539703903095558 0.3654306220095694 0.07200538358008075 0.12320574162679426
0 0.7011268548793321 0.5103167498768345 0.06491060308188636 0.12425110463316118
0 0.6261776581426649 0.5598086124401914 0.0639300134589502 0.07894736842105263
0 0.9528359539566384 0.14359853018900318 0.060411469115147394 0.13457783375399707
0 0.248989449617802 0.49691560077052854 0.06752334559619587 0.0862870363274379
0 0.25336473755047106 0.5651913875598086 0.07604306864064603 0.06818181818181818
0 0.5332200472488002 0.4579011475917685 0.0826806884914692 0.10560877214589093
0 0.6033903130619251 0.45912529479861325 0.08606892588682043 0.1071183880506937
0 0.7146029010640707 0.439810362284616 0.07646820997788817 0.13129767430757727
0 0.7414449558727848 0.5095458566268554 0.05945652346649248 0.12016107803715147
0 0.7720031881035591 0.42431435601779943 0.07101413036249443 0.12720764771156728
0 0.779513489882868 0.5036115988164587 0.048266366097144325 0.09762695785948555
0 0.8342775345631667 0.4513476964927225 0.051866102096415775 0.10990212400352276
0 0.7871338292229394 0.37216057208844083 0.06451965371035269 0.13854248288760743
0 0.5107671601615074 0.569377990430622 0.07940780619111709 0.05980861244019139
0 0.4932800736397406 0.5249028788223604 0.06605995135160718 0.08018079762101886
0 0.5441068365010201 0.5362868606100266 0.05826657936903718 0.0937825998322673
0 0.5782626606016646 0.541462941060463 0.06571600166983368 0.09686452037307278
0 0.9146819542953735 0.3077435116755082 0.06428465526155201 0.12658076039956917
0 0.9767833109017496 0.23863636363636365 0.046433378196500674 0.09688995215311005
0 0.9882234185733513 0.3116028708133971 0.023553162853297442 0.08732057416267942
0 0.9976446837146703 0.3953349282296651 0.004710632570659489 0.0729665071770335
0 0.9858681022880216 0.41746411483253587 0.02826379542395693 0.05502392344497608
0 0.7220886451968878 0.3835928097688397 0.08207824051601502 0.10913460016110274
0 0.0743606998654105 0.6507177033492823 0.10699865410497982 0.10287081339712918
0 0.08658266349081241 0.6953675324995829 0.0917815037958947 0.12436630938354606
0 0.052489905787348586 0.9509569377990431 0.0901749663526245 0.09808612440191387
0 0.013458950201884253 0.8672248803827751 0.026917900403768506 0.11244019138755981
0 0.029273216689098252 0.8373205741626795 0.058546433378196504 0.13157894736842105
0 0.08927230940178799 0.7977995247783135 0.1145997675958849 0.1575355159820393
0 0.7695154777927322 0.6345693779904307 0.08546433378196501 0.07057416267942583
0 0.648721399730821 0.6369617224880383 0.0847913862718708 0.07535885167464115
0 0.595222072678331 0.6501196172248804 0.0800807537012113 0.10167464114832536
0 0.4525560856843903 0.7337746820501573 0.08874576407374435 0.14079927721080057
0 0.41657796580393064 0.6845909833187783 0.07013823223990678 0.15100571522524422
0 0.30647840423948547 0.8011118548198886 0.08354163476060378 0.11524083886752151
0 0.3103494605195782 0.7237393342128423 0.08046744334012043 0.16390776868127957
0 0.21230634865402995 0.7394394919708357 0.0736824205579911 0.1262622303875627
0 0.16150740242261102 0.7177033492822966 0.024226110363391656 0.12679425837320574
0 0.4225159078425887 0.929401360748768 0.0693392375139853 0.1103358587659138
0 0.49327052489905787 0.9581339712918661 0.05518169582772544 0.08373205741626795
0 0.6442211366470252 0.8932265289495808 0.06357965991515085 0.09069559293545433
0 0.5934050516434851 0.9325858346392776 0.0649960544699793 0.09440948714426543
0 0.6083445491251682 0.9700956937799043 0.05114401076716016 0.05980861244019139
0 0.9766251730603481 0.7100284333047857 0.045895025893660964 0.07949630793382856
0 0.8403490140074675 0.9280883957798066 0.048407365166424375 0.10480399135230851
0 0.9761103633916555 0.7769138755980861 0.0477792732166891 0.08971291866028708
0 0.6947541514473042 0.9195626638472947 0.06840779171021039 0.09711527529787202
0 0.7375450679504869 0.9125914987940971 0.04747591936264977 0.09158340788426673
0 0.7981157469717362 0.6423444976076556 0.06729475100942127 0.0861244019138756
0 0.9528936742934051 0.6399521531100478 0.06460296096904442 0.08133971291866028
0 0.9429030240252837 0.7340645398532434 0.05485484212880579 0.09107681167866058
0 0.9116793202111418 0.8360737963111528 0.06362665960491087 0.09308793743306198
0 0.5518275933457267 0.7239300080737834 0.06193681490294895 0.10964628272271613
0 0.9872139973082099 0.8983253588516746 0.02557200538358008 0.045454545454545456
0 0.470489597943433 0.7953851823975655 0.07395587070512445 0.10598999088909733
0 0.1813593539703903 0.9850478468899522 0.0639300134589502 0.029904306220095694
0 0.24730820995962316 0.9802631578947368 0.06258411843876177 0.039473684210526314
0 0.2294751009421265 0.9629186602870813 0.07133243606998654 0.07416267942583732
0 0.7691501010800348 0.9108413006765098 0.041692841918935325 0.07074696980500315
0 0.7701189407805309 0.7931437116317326 0.05680318512444856 0.08767636112584853
0 0.7101080410930452 0.8560452435542997 0.05886902734449137 0.09025677181705577
0 0.9489296336461369 0.8546924139668342 0.03981499845793304 0.07773593710422655
0 0.3051816958277254 0.9730861244019139 0.06123822341857335 0.05382775119617225
0 0.23189765777872745 0.8534308163408131 0.06177231598878856 0.10127307698108948