0 0.03260869565217391 0.019825918762088973 0.057608695652173914 0.039651837524177946
0 0.12573565332356854 0.18371063082121164 0.058750773402040886 0.13474486175859032
0 0.15436210184332586 0.33623880534956524 0.05625969978757143 0.101626014703795
0 0.1763586956521739 0.38249516441005804 0.07119565217391305 0.11315280464216634
0 0.21114130434782608 0.4119922630560928 0.049456521739130434 0.05415860735009671
0 0.2487203608427403 0.3937817670110418 0.04164831977539373 0.08119819902967641
0 0.24809782608695652 0.4245647969052224 0.050543478260869565 0.029013539651837523
0 0.023369565217391305 0.2572533849129594 0.04673913043478261 0.08704061895551257
0 0.010326086956521738 0.3849129593810445 0.020652173913043477 0.058027079303675046
0 0.8802941034268468 0.08439148725343167 0.08220818455755188 0.12081032455838586
0 0.8794565700717157 0.1661623179431091 0.07705184392387003 0.13065917093279483
0 0.8369930731821722 0.2606737002975128 0.08019805617265191 0.10606671928308768
0 0.9330562072131574 0.27992666817217154 0.07779632696779859 0.09704687678836386
0 0.9666401587364729 0.16678351220487167 0.055387153738049325 0.08897453570487243
0 0.971195652173913 0.11943907156673114 0.057608695652173914 0.10154738878143134
0 0.9823369565217391 0.24032882011605416 0.035326086956521736 0.08994197292069632
0 0.9918478260869565 0.19342359767891681 0.016304347826086956 0.09671179883945841
0 0.9599167058643853 0.35464131720965775 0.05436422871910696 0.11194853197696308
0 0.9283071207958306 0.3673916771629652 0.04688209760103014 0.11567888982183196
0 0.8967220993983472 0.36039506350397693 0.0417123512781905 0.10433008560135335
0 0.8651184679386233 0.36303015715403786 0.04787970971315338 0.09173777556134682
0 0.9880434782608696 0.41779497098646035 0.02391304347826087 0.0425531914893617
0 0.8070652173913043 0.39119922630560927 0.05 0.09574468085106383
0 0.8127717391304348 0.4134429400386847 0.07445652173913044 0.05125725338491296
0 0.8703804347826087 0.42311411992263054 0.06032608695652174 0.031914893617021274
0 0.5467354648103507 0.15492403852331502 0.07013700550198594 0.09400740871447087
0 0.5740359826650805 0.3395348850637147 0.06275612601118684 0.10160623851291829
0 0.3318293207453175 0.34240809107287246 0.061176317042217064 0.103303639040328
0 0.37360866019214284 0.37689843053989447 0.05339043104230714 0.09542858102446186
0 0.41875 0.3979690522243714 0.05923913043478261 0.08220502901353965
0 0.5144021739130434 0.41150870406189555 0.051630434782608696 0.0551257253384913
0 0.2970108695652174 0.3617021276595745 0.034239130434782605 0.09090909090909091
0 0.05252316992017652 0.58751133700055 0.06819240709137894 0.14382387321223042
0 0.0921195652173913 0.4990328820116054 0.058152173913043476 0.11992263056092843
0 0.12644141777151996 0.5674185194684794 0.08019805617265191 0.10606671928308768
0 0.14320652173913043 0.4990328820116054 0.08206521739130435 0.11992263056092843
0 0.21983695652173912 0.4961315280464217 0.08423913043478261 0.11411992263056092
0 0.21168478260869567 0.4637330754352031 0.07336956521739131 0.04932301740812379
0 0.26114130434782606 0.6644100580270793 0.0375 0.13152804642166344
0 0.22404343474540764 0.6764950425391447 0.07849318114108106 0.1443567130699054
0 0.2692934782608696 0.8181818181818182 0.021195652173913043 0.08897485493230174
0 0.26603260869565215 0.8679883945841392 0.027717391304347826 0.11121856866537717
0 0.20930032610320443 0.8578889939357601 0.06961884014793573 0.09489558155307237
0 0.20860272269417385 0.7898650660535282 0.07548394217256166 0.11212603885371158
0 0.2333480951544832 0.7423971798586858 0.0645756583591932 0.08838236727456646
0 0.1683771300737508 0.7319961164700115 0.053341303700164606 0.13492252824905365
0 0.12903898766350397 0.749404479681686 0.05180021332717205 0.15878469735974568
0 0.09459810320991414 0.7574080829382522 0.05784100722803759 0.14135679737776624
0 0.07055404006022166 0.8006423559100087 0.0705926378247357 0.11141553250557316
0 0.05568207889952242 0.73923044345381 0.05882521365100279 0.09621803252239335
0 0.007608695652173913 0.7408123791102514 0.015217391304347827 0.12959381044487428
0 0.25516304347826085 0.9724371373307543 0.049456521739130434 0.0551257253384913
0 0.20652173913043478 0.9777562862669246 0.04782608695652174 0.04448742746615087
0 0.03804347826086957 0.9869439071566731 0.05326086956521739 0.02611218568665377
0 0.03260869565217391 0.9535783365570599 0.043478260869565216 0.09284332688588008
0 0.008152173913043478 0.9352030947775629 0.016304347826086956 0.08123791102514506
0 0.7847826086956522 0.5178916827852998 0.06739130434782609 0.1576402321083172
0 0.9239130434782609 0.480174081237911 0.0782608695652174 0.08220502901353965
0 0.9205189870886762 0.6306554200105001 0.0544148545327457 0.11388276795375225
0 0.9420452055227382 0.6877349979029429 0.060075954831319965 0.08194809814585384
0 0.8690523772418002 0.7845558052127964 0.05927934750225622 0.07219797311211514
0 0.8762359578511264 0.7383906736032554 0.04554201201109683 0.10584981963829995
0 0.6334366903283513 0.7806788816872119 0.0567153321103213 0.11903413849489751
0 0.6353260869565217 0.9821083172147002 0.04565217391304348 0.035783365570599614
0 0.46098505232388387 0.6250824526740804 0.050408003452103424 0.10559320799804356
0 0.32379030567721334 0.6581429288385328 0.05903962412321979 0.08372444382305684
0 0.35981920041584825 0.7004689335533816 0.04421383363882497 0.07579021684827454
0 0.4074256725270704 0.7507390533384509 0.04784248958867218 0.11100119017944543
0 0.50625 0.956963249516441 0.049456521739130434 0.086073500967118
0 0.94933902858832 0.8940074374552652 0.061238850073517447 0.08500734241062398
0 0.8588506473892855 0.9015771616153986 0.06019061214775547 0.10701422069432016
0 0.45294682676868225 0.8040783054837288 0.03923468335287907 0.09240888914144578
0 0.41929347826086955 0.9830754352030948 0.03641304347826087 0.033849129593810444
0 0.3744565217391304 0.9840425531914894 0.034782608695652174 0.031914893617021274
0 0.29239130434782606 0.7741779497098646 0.025 0.06673114119922631
0 0.3178053822402236 0.8225037060021343 0.031195668284774807 0.0748626512416338
0 0.3394700724260442 0.8641883412300568 0.04032163987461814 0.09256677944103195
0 0.5305249970855233 0.8100483129679771 0.057662318408805306 0.0931587882576232
0 0.5036183680351453 0.8576839775578442 0.061971425899784674 0.0716255808726862
0 0.9926630434782608 0.7722437137330754 0.014673913043478261 0.10541586073500966
0 0.9746472386074876 0.857700880701857 0.048030088682573635 0.05611230029033338
0 0.9372790075146673 0.8262598974041666 0.05182252929099901 0.07689544894537859
0 0.9774941511117706 0.7699595636867874 0.03858995346473154 0.08846147203807436
0 0.2858695652173913 0.9110251450676983 0.011956521739130435 0.059961315280464215
0 0.45644296457560163 0.8445689551761733 0.04704438378811204 0.05982288194432555
0 0.28940217391304346 0.8679883945841392 0.019021739130434784 0.05319148936170213