0 0.06396648044692738 0.5825049701789264 0.06424581005586592 0.033797216699801194
0 0.17067039106145251 0.5631212723658051 0.06312849162011173 0.07256461232604373
0 0.2952513966480447 0.49647818111822234 0.06480446927374302 0.12430497938473416
0 0.31452513966480444 0.287030103039231 0.06424581005586592 0.10637762275502097
0 0.05195530726256983 0.1935040211914392 0.05027932960893855 0.1154501682447886
0 0.2511173184357542 0.21741132305644112 0.045251396648044694 0.08233457487955421
0 0.08100558659217877 0.1956751146173131 0.043016759776536316 0.10108240482193295
0 0.13910614525139664 0.10707495554460753 0.0659217877094972 0.08262490139167611
0 0.01983240223463687 0.1988071570576541 0.03966480446927374 0.07157057654075547
0 0.36815642458100556 0.009443339960238568 0.0446927374301676 0.018886679920477135
0 0.3983240223463687 0.07953694655437799 0.0553072625698324 0.10383415127205083
0 0.28212290502793297 0.16280088299004747 0.06201117318435754 0.10425070120634591
0 0.3100558659217877 0.13372927416839 0.06927374301675977 0.0937675699969948
0 0.32737430167597764 0.0993529880309704 0.06927374301675977 0.08780335528526519
0 0.5606145251396648 0.07342911003613468 0.06424581005586592 0.08848497861983198
0 0.5706703910614526 0.17021979209294244 0.0670391061452514 0.10853925679822046
0 0.5044692737430168 0.24391572766428643 0.060335195530726256 0.11209885000507822
0 0.4505586592178771 0.21893546350519466 0.057541899441340784 0.110931251747167
0 0.55 0.5591451292246521 0.06089385474860335 0.0805168986083499
0 0.605586592178771 0.5075134818610992 0.06759776536312849 0.14734136491898756
0 0.5896648044692737 0.4076081557482908 0.06871508379888268 0.10864339428179409
0 0.5251396648044693 0.3246393176531585 0.045251396648044694 0.09625107587359
0 0.41145251396648047 0.3550631512431891 0.0776536312849162 0.136037760396971
0 0.6164804469273742 0.2354648188341717 0.0553072625698324 0.13763136797185202
0 0.6262569832402235 0.21073558648111332 0.04692737430167598 0.11928429423459244
0 0.6452513966480447 0.15308151093439365 0.008938547486033519 0.09940357852882704
0 0.8715083798882681 0.5705765407554672 0.05810055865921788 0.05765407554671968
0 0.9815642458100559 0.4423459244532803 0.03687150837988827 0.12326043737574553
0 0.9067039106145252 0.38638321748143556 0.060335195530726256 0.0862539195875833
0 0.9231843575418994 0.330687230702105 0.0670391061452514 0.08269432638072542
0 0.8958100558659218 0.309028301979536 0.044134078212290505 0.09816972245511735
0 0.8561452513966481 0.3174571038025123 0.0446927374301676 0.12206129379656049
0 0.9430167597765363 0.26036945006894696 0.05921787709497207 0.11401749658660555
0 0.9706703910614525 0.23081817960190762 0.036312849162011177 0.09967181910234947
0 0.9885474860335196 0.2529821073558648 0.022905027932960894 0.12027833001988071
0 0.9854748603351955 0.11282306163021869 0.02905027932960894 0.08449304174950298
0 0.8860335195530726 0.08249859369534679 0.04078212290502793 0.09199723277624011
0 0.8466480446927375 0.01739562624254473 0.057541899441340784 0.03479125248508946
0 0.8371508379888268 0.5382703777335984 0.04748603351955307 0.12226640159045726
0 0.8463687150837989 0.4552415108264741 0.06983240223463687 0.11169492662670821
0 0.8005586592178771 0.5437375745526839 0.05698324022346369 0.11133200795228629
0 0.7597765363128491 0.5142998798833537 0.056424581005586595 0.1247783277521538
0 0.7963687150837989 0.45934231487171406 0.057541899441340784 0.07713403504736592
0 0.8075418994413408 0.4139164546432499 0.061452513966480445 0.08433527300605585
0 0.8156424581005587 0.35625606581856767 0.05027932960893855 0.0985515598948879
0 0.7932960893854749 0.33726683200114205 0.057541899441340784 0.08707439290024863
0 0.7793296089385475 0.2953911055968615 0.05865921787709497 0.10503646202448658
0 0.7675977653631285 0.42136857692820023 0.03966480446927374 0.10087412985478546
0 0.7391061452513966 0.4708526318427918 0.049162011173184354 0.15713024623784677
0 0.7139664804469273 0.44159958475246247 0.04636871508379888 0.11918332392426931
0 0.7212290502793296 0.31192367023616746 0.05195530726256983 0.11953044886951543
0 0.6832402234636872 0.27352865266702114 0.04581005586592179 0.07441700109177271
0 0.6768156424581006 0.3410252618610123 0.048044692737430165 0.0755498868551595
0 0.662290502793296 0.4686878727634195 0.025139664804469275 0.10039761431411531
0 0.6642458100558659 0.5303180914512923 0.02905027932960894 0.10437375745526839
0 0.6575418994413408 0.3643141153081511 0.01564245810055866 0.09840954274353876
0 0.7681564245810056 0.1603994707955046 0.05251396648044693 0.07582758681135619
0 0.8089385474860336 0.21005233742284302 0.050837988826815644 0.07969959246893553
0 0.8215083798882682 0.16503671385071148 0.055865921787709494 0.0690776112814859
0 0.8081005586592179 0.016898608349900597 0.04748603351955307 0.033797216699801194
0 0.7863128491620112 0.0268389662027833 0.038547486033519554 0.0536779324055666
0 0.7472067039106145 0.03876739562624255 0.056424581005586595 0.0775347912524851
0 0.7611731843575419 0.01341948310139165 0.04860335195530726 0.0268389662027833
0 0.729050279329609 0.07982735734065606 0.049162011173184354 0.054744560353154906
0 0.7005586592178771 0.05624978203655973 0.05418994413407821 0.06499733065675896
0 0.6882681564245811 0.009940357852882704 0.026815642458100558 0.019880715705765408
0 0.6639664804469274 0.016898608349900597 0.028491620111731845 0.033797216699801194
0 0.0717877094972067 0.6718087753191813 0.053631284916201116 0.10273597800318869
0 0.019273743016759777 0.7032803180914513 0.038547486033519554 0.07852882703777336
0 0.03324022346368715 0.6399097028489333 0.05307262569832402 0.07486826352059246
0 0.15921787709497207 0.6496023856858847 0.04692737430167598 0.10039761431411531
0 0.2393854748603352 0.635685884691849 0.045251396648044694 0.07256461232604373
0 0.3340782122905028 0.6788711000941559 0.07094972067039106 0.11077031583046915
0 0.4195530726256983 0.681015356821554 0.05810055865921788 0.10500174952996204
0 0.39106145251396646 0.6436381709741551 0.0670391061452514 0.08846918489065607
0 0.5773743016759777 0.9771371769383698 0.08547486033519552 0.04572564612326044
0 0.6008379888268156 0.9277034386306274 0.05921787709497207 0.08220835145738091
0 0.5871508379888268 0.7774604553826631 0.05251396648044693 0.10664269615529245
0 0.5337988826815643 0.7275945840968399 0.055865921787709494 0.08597621963138649
0 0.5290502793296089 0.6588041532227641 0.05865921787709497 0.07919153160699155
0 0.5899441340782123 0.6922968332678928 0.05418994413407821 0.09283033264483054
0 0.5656424581005587 0.6381709741550696 0.04189944134078212 0.0775347912524851
0 0.5544692737430168 0.6078528827037774 0.05418994413407821 0.016898608349900597
0 0.6418994413407821 0.8245526838966203 0.01564245810055866 0.12823061630218688
0 0.6282122905027933 0.808648111332008 0.043016759776536316 0.11232604373757456
0 0.6315642458100559 0.7196819085487077 0.036312849162011177 0.08946322067594434
0 0.6410614525139665 0.6491053677932406 0.017318435754189943 0.0775347912524851
0 0.8885474860335195 0.790270928380327 0.0893854748603352 0.20038501304043707
0 0.9782122905027933 0.8533797216699801 0.04357541899441341 0.1441351888667992
0 0.7614525139664804 0.6818658340059457 0.09553072625698324 0.15901734749810018
0 0.693854748603352 0.7561455687062454 0.07486033519553073 0.16966141462414946
0 0.7631284916201118 0.8045251160054734 0.10391061452513967 0.1575499633453927
0 0.7005586592178771 0.941351888667992 0.10167597765363129 0.1172962226640159
0 0.8784916201117319 0.9657057654075547 0.10558659217877095 0.06858846918489066
0 0.9854748603351955 0.6346918489065606 0.02905027932960894 0.0705765407554672
0 0.8472067039106145 0.6277335984095428 0.0888268156424581 0.05666003976143141