0 0.11401098901098901 0.48974609375 0.06868131868131869 0.0791015625
0 0.0844533244836721 0.4043134043498491 0.051194393929570495 0.10846403610340682
0 0.024725274725274724 0.49951171875 0.04945054945054945 0.0595703125
0 0.17335164835164835 0.48193359375 0.06428571428571428 0.0947265625
0 0.26895604395604394 0.490234375 0.07087912087912088 0.078125
0 0.32664835164835165 0.48583984375 0.06648351648351648 0.0869140625
0 0.1952980707864684 0.4615306212702853 0.06027903846816397 0.10161846700867017
0 0.1337948333659007 0.34761980557879774 0.06716588080895525 0.09454538475975394
0 0.09755793621741476 0.3112647513619238 0.04757767213028482 0.09835714137213736
0 0.17269806360883222 0.03923384990356679 0.05308843490997213 0.04929187162322113
0 0.17115875252880142 0.1008758597780249 0.05059177786972462 0.07336466439195172
0 0.0762722017277911 0.020979368158208306 0.038258689169867924 0.031211473621053587
0 0.05483033892162083 0.010000491549229436 0.02284749103005484 0.012097634830341132
0 0.0804459899990128 0.10657078262957057 0.047684515871180715 0.0681974604492272
0 0.03921358194260693 0.02638898828715472 0.031174416632466603 0.04896986508142491
0 0.24504256870450788 0.35864937775914113 0.04732707642327958 0.0739999571606823
0 0.26300410211506897 0.2884882494353026 0.053691050969817945 0.08439124333467629
0 0.06246523339568696 0.2847606395778672 0.04169914443268056 0.08606960848668832
0 0.026639966645708085 0.07715624653498718 0.030491539586922526 0.06155142100433508
0 0.18156605475805093 0.15110231864474338 0.05039976676817527 0.06750528939195166
0 0.2137116214484384 0.14615735641889283 0.04855398492321358 0.07801996373777209
0 0.3467032967032967 0.16845703125 0.026373626373626374 0.0634765625
0 0.34505494505494505 0.2373046875 0.02967032967032967 0.076171875
0 0.2832613837415793 0.3635789813130121 0.05184526912485626 0.09490591768049661
0 0.057864582880986996 0.2195632810294151 0.053883062071367324 0.09025061833467624
0 0.2818112313699956 0.2023560355828264 0.03720753448630146 0.08268489467832907
0 0.3901981693251302 0.1358085011413388 0.05435767073018014 0.12144374004613123
0 0.4279315375132675 0.14263435140666492 0.05151441243215281 0.11822966110340682
0 0.375 0.0390625 0.03021978021978022 0.078125
0 0.6049981100424011 0.2655883593368551 0.05752636662585066 0.1178787597774007
0 0.6796564151595764 0.3297653575690551 0.07105978107044374 0.14653071041393373
0 0.6555800751622153 0.1715530566142559 0.06415719416457595 0.10299317752848447
0 0.8668560773633397 0.40267271745296074 0.0452892834767686 0.07865525650650262
0 0.9098572285466446 0.41150375520946336 0.050911796372306875 0.08313028939195188
0 0.7796460896895606 0.2729619067384075 0.07091602910433427 0.09201384527956824
0 0.8928833588392389 0.3279936697072958 0.0414697123858122 0.09577835519814348
0 0.9655149655600769 0.3136142649780407 0.03527116618562569 0.07372519731269422
0 0.9399091272325955 0.38444394101225055 0.04938603302992775 0.10341058873777209
0 0.6214533596634004 0.057556467850013615 0.04732165732821883 0.09054464137213736
0 0.5852720812127874 0.09809389883468755 0.05026092117702112 0.09668840781486199
0 0.5587679942506504 0.049607499205894356 0.04518785883093327 0.09227025321795779
0 0.46328076785716654 0.07670629542199092 0.05682774501523014 0.07984970056594576
0 0.8818681318681318 0.017578125 0.046153846153846156 0.03515625
0 0.752798111017174 0.18891629329243176 0.041763148133196946 0.08802273348668832
0 0.9523185959834058 0.0947268850540468 0.04644676918112534 0.09726682229504746
0 0.9757795412634278 0.10883452317293285 0.0376609794849773 0.07981208546687402
0 0.9898351648351649 0.14501953125 0.02032967032967033 0.0576171875
0 0.9901098901098901 0.0224609375 0.01978021978021978 0.044921875
0 0.1956043956043956 0.9765625 0.08351648351648351 0.046875
0 0.0782967032967033 0.93701171875 0.08186813186813187 0.1259765625
0 0.017857142857142856 0.853515625 0.03571428571428571 0.130859375
0 0.04735625831295845 0.8948205203961449 0.07949896950881188 0.136698575530652
0 0.03626373626373627 0.822265625 0.07252747252747253 0.103515625
0 0.036813186813186814 0.75048828125 0.07362637362637363 0.1396484375
0 0.03324175824175824 0.6708984375 0.06648351648351648 0.15625
0 0.34203296703296704 0.92578125 0.03571428571428571 0.138671875
0 0.31648351648351647 0.93505859375 0.07472527472527472 0.1298828125
0 0.2868131868131868 0.935546875 0.06593406593406594 0.12890625
0 0.24395604395604395 0.9296875 0.06043956043956044 0.140625
0 0.1993783066943931 0.8550823786887185 0.07393504121872925 0.15072135185665814
0 0.1481969477823688 0.8055012998254045 0.07853349490600432 0.12394638474210717
0 0.0929210361446103 0.8231372143938241 0.0707023416225426 0.15233320712538867
0 0.13186813186813187 0.92919921875 0.07912087912087912 0.1416015625
0 0.13741569245998367 0.8608337241888717 0.06961427871376275 0.11913008212538867
0 0.22203675253048144 0.8029259625289669 0.09766283949093822 0.13955212155263386
0 0.30435045711475106 0.78322271074352 0.0474870856745708 0.0788827696606822
0 0.3489010989010989 0.72216796875 0.02197802197802198 0.0986328125
0 0.30866631324476235 0.731113996917514 0.06076990441215857 0.08317753608575984
0 0.2777961705498018 0.6412991417017238 0.049770055233026585 0.11512933873777209
0 0.2521027116741892 0.6342597700343857 0.06144194326758164 0.10368534858575995
0 0.22663842848539206 0.6676339855399578 0.06525609526347705 0.10310693410557425
0 0.19862637362637361 0.55712890625 0.06098901098901099 0.0556640625
0 0.3032967032967033 0.5654296875 0.04395604395604396 0.072265625
0 0.26868131868131867 0.54443359375 0.06153846153846154 0.0302734375
0 0.3478021978021978 0.5771484375 0.024175824175824177 0.095703125
0 0.34065934065934067 0.5576171875 0.038461538461538464 0.056640625
0 0.18249062978785147 0.607102013572 0.05795322886932869 0.0974847038544906
0 0.12922296243382334 0.660956058073237 0.04603616422282907 0.06802682558359252
0 0.026373626373626374 0.560546875 0.05274725274725275 0.0625
0 0.11038189086126622 0.6040170498783449 0.06254626346154325 0.0872544209513948
0 0.12582417582417582 0.56201171875 0.05714285714285714 0.0654296875
0 0.07472527472527472 0.572265625 0.05824175824175824 0.0859375
0 0.9683969266036866 0.9411414443007955 0.05187727097511445 0.09588248018049661
0 0.9247252747252748 0.94921875 0.05934065934065934 0.1015625
0 0.9571231212299871 0.8226978061554393 0.051162392079312176 0.10748747360340682
0 0.9870879120879121 0.84716796875 0.025824175824175823 0.0947265625
0 0.8953574244720822 0.9180085102128679 0.04683621047928492 0.09244088808359241
0 0.8734357902720912 0.8422588622195237 0.07387103751821286 0.14876822685665814
0 0.8497857997981029 0.763897173110545 0.05508338781610366 0.076749378200311
0 0.8272049054001824 0.7766450037416589 0.061793963620422034 0.11442753608576003
0 0.8278473955928247 0.8380262455202966 0.05394706577188387 0.09220374333467629
0 0.8527472527472527 0.9814453125 0.04835164835164835 0.037109375
0 0.832967032967033 0.96533203125 0.07142857142857142 0.0693359375
0 0.8423354464501042 0.9125197553682846 0.04421696513306495 0.09606274664086789
0 0.7208778390788576 0.8405784151097675 0.052805324632603075 0.12420279268049661
0 0.6532341273434538 0.8233569185130166 0.08445486264398809 0.104121111704646
0 0.3799450549450549 0.96435546875 0.04010989010989011 0.0712890625
0 0.3752747252747253 0.8623046875 0.03076923076923077 0.13671875
0 0.40267925769894264 0.8139651031479946 0.06150052787303741 0.12218315779721511
0 0.39782698603702676 0.9248998959255487 0.05749436477559234 0.1169021972774007
0 0.43104395604395607 0.95068359375 0.06428571428571428 0.0986328125
0 0.5258241758241758 0.95947265625 0.08681318681318681 0.0810546875
0 0.5848901098901099 0.962890625 0.08516483516483517 0.07421875
0 0.6118131868131869 0.95947265625 0.08296703296703296 0.0810546875
0 0.6252747252747253 0.9501953125 0.0945054945054945 0.099609375
0 0.6320450570717138 0.9287075517784958 0.09062682608897715 0.10865302287863998
0 0.4406499302164864 0.8363875142690483 0.05523255887727363 0.11472155912322113
0 0.4742835829438817 0.8768527082931977 0.07956839230438903 0.12210701631919707
0 0.481023451050928 0.9237797707843743 0.07760002215345518 0.11217075645356223
0 0.5027472527472527 0.9404296875 0.08681318681318681 0.119140625
0 0.6963241808751532 0.6594453345492408 0.05211212211704331 0.0696290492575864
0 0.6909970441943717 0.7893093394997048 0.04839397567192249 0.07313715123777209
0 0.5797899520687191 0.6541946357334483 0.06267427086257615 0.09116067095139468
0 0.5260238028482108 0.6510619697060476 0.059478992211708055 0.07720440450867018
0 0.4823481596220054 0.5798731276709072 0.0635974181451097 0.03578099989411925
0 0.43647420147789245 0.6087014402503177 0.05420308057394967 0.1000162433346762
0 0.4390129294783613 0.7028828432117729 0.05449651632133442 0.09226062162322113
0 0.6009167027472622 0.7391078708997026 0.04496384587912566 0.08543431571795779
0 0.5453901954024986 0.7323866012566671 0.057409197414938884 0.0808831413544906
0 0.7382340468820425 0.7435902571802016 0.04269662088574633 0.09979836177523319
0 0.7632839901248022 0.889737722606363 0.05886011886668062 0.09173908543158038
0 0.7897560752366809 0.9372475597351562 0.05475795021846072 0.08352843741176608
0 0.5891591346319484 0.8147774728975351 0.04739108012379597 0.0759530821606822
0 0.38186813186813184 0.58740234375 0.04395604395604396 0.0712890625
0 0.4828333501108868 0.6280992148438174 0.04897542807163123 0.07417059202631698
0 0.3870879120879121 0.6904296875 0.0543956043956044 0.095703125
0 0.38852773898947984 0.6494808317812762 0.04948745767576296 0.08979559202631698