0 0.1387434554973822 0.7630353817504656 0.0774869109947644 0.11266294227188083
0 0.22326497171928106 0.4682612811265046 0.07865432991333786 0.10653767502631922
0 0.35941391775339293 0.3332906422633552 0.061854701073172494 0.10305088893006425
0 0.4230818167445257 0.295297468490688 0.04878092988376859 0.10344019855865931
0 0.4448689277505578 0.1948355528047579 0.04279325688713132 0.08923533092187048
0 0.4651832460732984 0.18016759776536312 0.028795811518324606 0.07914338919925512
0 0.35510926044127666 0.06875064390475805 0.05041814933551976 0.07559392391566323
0 0.2036649214659686 0.006517690875232775 0.048167539267015703 0.01303538175046555
0 0.3141091517221514 0.24025818008721211 0.05600413449231868 0.09722590956143197
0 0.29801510471085835 0.18463103473949846 0.05040291528932157 0.07466282521920146
0 0.26947748504297264 0.12207521732524235 0.04619919956773071 0.07355835402102218
0 0.22969610001970148 0.21909485779075036 0.036678108882222143 0.0992173578303746
0 0.08071870140521666 0.4346167589293394 0.05530739713602859 0.11859783645462468
0 0.10967771224251803 0.3115267442130349 0.04839447609012819 0.111798415264101
0 0.055086755792356605 0.25842355742131135 0.0452130153336753 0.07723940568144022
0 0.04882845821842498 0.35312511917661865 0.04445534179259246 0.09488693778878554
0 0.07486095831581646 0.3129679031335605 0.038437200703558584 0.07881987275907318
0 0.013612565445026177 0.5619180633147114 0.027225130890052355 0.11638733705772812
0 0.019895287958115182 0.7867783985102421 0.039790575916230364 0.06517690875232775
0 0.20364074885301275 0.2606487218785013 0.04453711466226946 0.06790674715410724
0 0.03414469383577042 0.4351488799662524 0.041883242884066606 0.09757187606459766
0 0.021465968586387434 0.024674115456238363 0.041884816753926704 0.049348230912476726
0 0.11512423017874311 0.15451742026428664 0.03897599495918086 0.07977264301824963
0 0.13094249048860884 0.13106619110088916 0.04131958317473413 0.06312122429551008
0 0.15540229557331509 0.12307522321119327 0.03466564091420268 0.07215048094483763
0 0.047689587102010524 0.1828965944444647 0.044135426822430754 0.07533386516308721
0 0.02198952879581152 0.35986964618249534 0.04397905759162304 0.07914338919925512
0 0.10192421143055053 0.04992090710146856 0.05714826182704191 0.07122016074864486
0 0.031792795756363665 0.06724609051903538 0.03831532833397308 0.07137108318737846
0 0.012827225130890052 0.08752327746741155 0.025654450261780103 0.06517690875232775
0 0.017277486910994764 0.1750465549348231 0.03455497382198953 0.0595903165735568
0 0.8018324607329843 0.7797951582867784 0.05602094240837696 0.07914338919925512
0 0.8969678901978344 0.4620523784087514 0.05196799327890765 0.10636352402433276
0 0.9939790575916231 0.20763500931098697 0.012041884816753926 0.08379888268156424
0 0.967946463400056 0.18509152383598074 0.05478943956529045 0.08694048077492242
0 0.9787958115183246 0.1527001862197393 0.042408376963350786 0.06517690875232775
0 0.8113795502275106 0.06502858461971782 0.04405925659143994 0.07067837168077809
0 0.7785340314136125 0.019087523277467412 0.03769633507853403 0.038175046554934824
0 0.7329842931937173 0.00931098696461825 0.05130890052356021 0.0186219739292365
0 0.6333036735551504 0.268263162171632 0.03731391005371948 0.07412103615133459
0 0.6330691197089389 0.37853334301421426 0.058764644593908726 0.07407847152617433
0 0.6271964889937177 0.4336740459512513 0.05079900049047422 0.0988713913272089
0 0.5650896392233452 0.5041689878492236 0.06173282870358723 0.09560209935836976
0 0.543455497382199 0.7881750465549349 0.05235602094240838 0.06238361266294227
0 0.5028795811518325 0.7546554934823091 0.04659685863874346 0.11638733705772812
0 0.7225827755684348 0.0719607599374709 0.04883223466104932 0.07459781053105737
0 0.7105236423210697 0.10549153804158845 0.04070461868812092 0.0575129605540245
0 0.7316620789141963 0.12462162594421614 0.03443713022123011 0.0581840004979103
0 0.6528795811518324 0.036312849162011177 0.039790575916230364 0.07262569832402235
0 0.6102094240837697 0.016294227188081937 0.04554973821989529 0.032588454376163874
0 0.5725130890052356 0.02094972067039106 0.028795811518324606 0.04189944134078212
0 0.6461590059736467 0.12211278492106299 0.03298832196254324 0.0655677753814608
0 0.6305339725606012 0.14974312243718135 0.03061986829327964 0.048721312594289336
0 0.5212089100912558 0.14822033751754565 0.04272268929482638 0.05294415332257405
0 0.5031413612565445 0.5097765363128491 0.04712041884816754 0.06797020484171322
0 0.49973821989528794 0.553072625698324 0.04031413612565445 0.0782122905027933
0 0.5323125795231634 0.5888026149454373 0.048613355375588814 0.09319811289757923
0 0.512041884816754 0.6340782122905028 0.06492146596858639 0.148975791433892
0 0.49267015706806283 0.03445065176908752 0.02617801047120419 0.0521415270018622
0 0.5180599318116123 0.1488159162420646 0.03549948468627646 0.059158442319801385
0 0.6292707741756356 0.14700400525458257 0.029018719572611134 0.0467941005132217
0 0.6022287982603385 0.31281620219455775 0.05155667403155705 0.0812238592198635
0 0.5538985001888987 0.30876868021866294 0.058962687194485046 0.08618275458017806
0 0.5674188744218059 0.26587273624314045 0.04443047633888226 0.06138905627887446
0 0.5 0.37988826815642457 0.040837696335078534 0.0782122905027933
0 0.5560324000119508 0.4021923982740736 0.0503211424196447 0.10164301585387965
0 0.5329223818856432 0.42361928257432196 0.05258295776552086 0.11197178776581845
0 0.5028795811518325 0.44925512104283055 0.04659685863874346 0.10893854748603352
0 0.7322966526362108 0.22973825661218636 0.039962179193236275 0.07609159135783158
0 0.543179616586596 0.08450431299778567 0.032866449592957855 0.05811898580976626
0 0.4869109947643979 0.4068901303538175 0.014659685863874346 0.06890130353817504
0 0.5942808431020679 0.12705156571920082 0.050926475498745655 0.07468449678191598
0 0.7976895871020105 0.15026784772153862 0.06324257314706673 0.09194271926066634
0 0.6128836920323039 0.04533081755743796 0.05242098589602697 0.07009401798775096
0 0.10209424083769633 0.9348230912476723 0.07853403141361257 0.1303538175046555
0 0.9643979057591623 0.9241154562383612 0.0712041884816754 0.15176908752327747
0 0.9730366492146597 0.8696461824953445 0.05392670157068063 0.1005586592178771
0 0.7424083769633508 0.9343575418994413 0.07958115183246073 0.13128491620111732
0 0.7264397905759162 0.9748603351955307 0.08219895287958115 0.05027932960893855
0 0.6494764397905759 0.9492551210428305 0.06649214659685863 0.10148975791433892
0 0.5759162303664922 0.8682495344506518 0.06596858638743455 0.09776536312849161
0 0.5259162303664922 0.9483240223463687 0.0549738219895288 0.10335195530726257
0 0.4979057591623037 0.9548417132216015 0.03664921465968586 0.09031657355679702
0 0.5366437702530257 0.883227961092882 0.06152918346432485 0.11513350042135335