0 0.3611731843575419 0.011928429423459244 0.0664804469273743 0.02385685884691849
0 0.5438275370442455 0.06182712428161741 0.044017985973953996 0.07743138779037725
0 0.4491620111731844 0.015407554671968192 0.06927374301675977 0.030815109343936383
0 0.4864934510548849 0.06610873911205363 0.037833725764419686 0.07432204724548666
0 0.45764471725852235 0.05009971845560002 0.039964339134897595 0.06641602757737149
0 0.4293296089385475 0.02584493041749503 0.049720670391061456 0.05168986083499006
0 0.39273743016759777 0.037276341948310136 0.04357541899441341 0.07455268389662027
0 0.3390009160665174 0.06355216046807913 0.061518462854947456 0.09170645504439487
0 0.3747936477233765 0.10406542436021686 0.051852217961862165 0.07858735672533465
0 0.5087290612500431 0.09639826213938756 0.04948755171406589 0.06860073225826073
0 0.5081699349320045 0.1391418009067832 0.05335915742631928 0.06569959147723049
0 0.5549280374944254 0.17441341772401744 0.046915305564369944 0.08544150734042248
0 0.5307262569832403 0.014910536779324055 0.04692737430167598 0.02982107355864811
0 0.3729050279329609 0.2778330019880716 0.04860335195530726 0.02286282306163022
0 0.3963329001051516 0.2516685200318883 0.03493640617400374 0.06631192769544143
0 0.4245061817950586 0.25523474339191693 0.03715804010788353 0.06536415852434438
0 0.33806470455724363 0.1351227370088346 0.05313857458679103 0.09153295524117788
0 0.3109430259647047 0.20068248401375813 0.041614310913271196 0.06446265596743853
0 0.3068826441067531 0.23341048168021042 0.03264975755198 0.062289517940097364
0 0.3128491620111732 0.2639165009940358 0.04357541899441341 0.05069582504970179
0 0.27318435754189946 0.25646123260437376 0.04022346368715084 0.06560636182902585
0 0.2061361429435005 0.18160934479687157 0.04888988368330227 0.06560705824884806
0 0.2577406044401734 0.1881464570691283 0.05118953524295473 0.07062350378948086
0 0.21658789781272467 0.2156321112408548 0.04312125037772806 0.05157489071933459
0 0.12821229050279329 0.25198807157057657 0.04078212290502793 0.07455268389662027
0 0.0664804469273743 0.2773359840954274 0.041340782122905026 0.02385685884691849
0 0.09112362666769666 0.19513697005741132 0.049110933622992056 0.08250566659874867
0 0.2720393604468774 0.0989550527515572 0.059348840671582775 0.09663036735664501
0 0.1212290502793296 0.032803180914512925 0.05027932960893855 0.06560636182902585
0 0.16089385474860335 0.02584493041749503 0.054748603351955305 0.05168986083499006
0 0.030471494015629732 0.06859877924050982 0.050799914214252055 0.08353440234468051
0 0.9641981598899934 0.22453586076156481 0.053411169176834396 0.06967573461838357
0 0.7988099597234385 0.1375899920401064 0.04396597422343889 0.07345524464922418
0 0.6723463687150838 0.04125248508946322 0.037430167597765365 0.08250497017892644
0 0.6340782122905028 0.07107355864811134 0.008938547486033519 0.06262425447316103
0 0.6441340782122905 0.08946322067594434 0.02905027932960894 0.05765407554671968
0 0.6399441340782123 0.12624254473161034 0.020670391061452513 0.04572564612326044
0 0.6819387240169581 0.2291320764654537 0.04422603297601494 0.09333596035498957
0 0.8991620111731844 0.01739562624254473 0.04078212290502793 0.03479125248508946
0 0.12681564245810056 0.3508946322067594 0.08826815642458101 0.12326043737574553
0 0.2927374301675978 0.3682902584493042 0.09720670391061452 0.15805168986083498
0 0.40340930077618864 0.3561116774084435 0.08767188969430173 0.12702977359268294
0 0.2639952509897081 0.5903669487340333 0.09446728797238978 0.17685879604612223
0 0.3231283754400122 0.6194317993249453 0.08159212008595916 0.17460469144394627
0 0.17778665887880807 0.5592500617681206 0.08955638145015522 0.1857010182317865
0 0.12405738483022949 0.6083500368381376 0.10716041473201737 0.1651963996542624
0 0.02318435754189944 0.5621272365805169 0.04636871508379888 0.17992047713717693
0 0.03407821229050279 0.6550695825049702 0.06815642458100558 0.13916500994035785
0 0.4285326929418993 0.6569119505499866 0.09587020393581643 0.1560187445157119
0 0.5227218190557542 0.3769766032955053 0.05242388011736836 0.07959295916417078
0 0.5634516966601861 0.40317466485611936 0.06954773890728748 0.10777296075867628
0 0.6226256983240224 0.7385685884691849 0.013966480446927373 0.1312127236580517
0 0.5972067039106145 0.7375745526838966 0.06480446927374302 0.1709741550695825
0 0.5643047524419116 0.8078744626574712 0.07512132814842959 0.10689459150886597
0 0.520580500315009 0.7542710170801429 0.07378389397330842 0.17543679407956542
0 0.5143170547292983 0.8699778695110701 0.07105467837174434 0.09488519551057217
0 0.445186577576536 0.8362316581225004 0.07512179524859111 0.14962656362271398
0 0.3465516524774796 0.7511650223926478 0.09679247830713851 0.14113134104348357
0 0.2807917008381003 0.8015073680893195 0.08638600016953452 0.1568161471906877
0 0.22771954223993773 0.7576534305813354 0.09032215346977046 0.11615321322225103
0 0.11171926980450621 0.8039726701028405 0.08942635207386733 0.1757606603789039
0 0.07079481523580357 0.7499300399006069 0.07892838627270031 0.14175524391524214
0 0.034916201117318434 0.9681908548707754 0.0664804469273743 0.0636182902584493
0 0.1885667189564367 0.8672106536338571 0.07325077353052772 0.13468132688274656
0 0.25149366504330195 0.8839252401567264 0.061505927017479894 0.13344439137295436
0 0.2209689535933082 0.8678815195396293 0.05403531018301684 0.11738945231222055
0 0.28520129361138397 0.9129608259038577 0.07169182231555563 0.1435929489896974
0 0.31145251396648044 0.9368787276341949 0.08435754189944134 0.12624254473161034
0 0.1664862098125012 0.9105029120249507 0.08576185916335206 0.10910242949685071
0 0.161731843575419 0.9552683896620279 0.08324022346368715 0.08946322067594434
0 0.4276536312849162 0.9567594433399602 0.06312849162011173 0.08648111332007952
0 0.38966480446927376 0.9488071570576541 0.07318435754189945 0.10238568588469185
0 0.4790502793296089 0.9592445328031809 0.05865921787709497 0.08151093439363817
0 0.5192737430167598 0.94831013916501 0.06089385474860335 0.10337972166998012
0 0.5223463687150838 0.9865805168986084 0.07709497206703911 0.0268389662027833
0 0.5502651209874609 0.9626953621111636 0.04149728447461189 0.05551633389984432
0 0.09944134078212291 0.9900596421471173 0.05251396648044693 0.019880715705765408
0 0.010893854748603353 0.6938369781312127 0.021787709497206705 0.1073558648111332
0 0.8960893854748604 0.323558648111332 0.07374301675977654 0.06858846918489066
0 0.8891534860002978 0.50106322373838 0.06727409322289257 0.10474458678862031
0 0.6525139664804469 0.41898608349900596 0.04581005586592179 0.10636182902584493
0 0.6789225475206826 0.4673785396848561 0.057127206737703363 0.09757813652774207
0 0.7191000338259713 0.51444556940975 0.06394814379088769 0.10666325843791002
0 0.8098879575495714 0.5799607908500383 0.05625694411689638 0.11644168314112371
0 0.8638043728932834 0.6447126131561717 0.06616977772476722 0.10571548926681286
0 0.8677858029251394 0.7034590410433359 0.07706990039210423 0.08507207084671524
0 0.7107289445939909 0.8980739826097356 0.06830039109524526 0.0978094695986979
0 0.8544799032463931 0.887627129470128 0.05202125615103671 0.09150982193408216
0 0.7851160738665547 0.807640904085332 0.04901991305959036 0.07554741610173077
0 0.8011869282586216 0.8392942476015726 0.04620061109494727 0.07350151126341538
0 0.9231966218958407 0.7394069588832052 0.04879933022006217 0.10138077986567817
0 0.7729050279329609 0.9761431411530815 0.04189944134078212 0.04771371769383698
0 0.6936048522539909 0.9469375377018449 0.04093862525673498 0.05550476724629624
0 0.6895746801727496 0.5928815150092297 0.06882004150023589 0.09483892889638096
0 0.6972575099772809 0.7745012455881994 0.04944854290117943 0.06561862490239616