0 0.018548387096774192 0.15439770554493307 0.037096774193548385 0.10611854684512428
0 0.049979077056042036 0.13416252251267627 0.05254534058215746 0.10725015268148054
0 0.014516129032258065 0.045889101338432124 0.02903225806451613 0.07839388145315487
0 0.30776932341604585 0.17863198690374896 0.06985931407243966 0.13473323205442456
0 0.19435483870967743 0.41634799235181646 0.07688172043010753 0.12715105162523901
0 0.46774193548387094 0.14388145315487572 0.023655913978494623 0.07743785850860421
0 0.41674983047575187 0.09338182913406613 0.04742141164050741 0.0772236674307252
0 0.4445037882214717 0.07128149136137418 0.05309396885170935 0.09588924133821078
0 0.3567204301075269 0.021510516252390057 0.04139784946236559 0.043021032504780114
0 0.3997311827956989 0.015296367112810707 0.037096774193548385 0.030592734225621414
0 0.7916666666666666 0.4378585086042065 0.06612903225806452 0.0841300191204589
0 0.908136952271653 0.30812461262942864 0.060467202713326874 0.1166339071218053
0 0.8067104122930236 0.21116887646870525 0.06987030793338965 0.12331663871548566
0 0.726718099122539 0.20624618041775633 0.07454446462254143 0.10857709155936693
0 0.5356606600578914 0.33198473200264705 0.06217887322469184 0.10729640565897534
0 0.989247311827957 0.20793499043977057 0.021505376344086023 0.09273422562141491
0 0.9572644487615555 0.19698391898583753 0.05170049918742489 0.1005023100739565
0 0.9759444072637475 0.14896902673711335 0.04427238475255342 0.0902182146847502
0 0.9524749452639251 0.10715503221408351 0.06493291970190664 0.08569765190399432
0 0.935901460220847 0.062212970858715966 0.05504706064649615 0.06849866792025659
0 0.907258064516129 0.01959847036328872 0.04032258064516129 0.03919694072657744
0 0.493010752688172 0.35707456978967494 0.026881720430107527 0.11950286806883365
0 0.4881720430107527 0.27246653919694075 0.017204301075268817 0.10325047801147227
0 0.5224335590108942 0.22591288419170596 0.040958804876331745 0.08797207682163385
0 0.49435483870967745 0.22131931166347993 0.02956989247311828 0.08891013384321224
0 0.5154606250275008 0.14834524971210303 0.05986378260201579 0.09183299255915703
0 0.5516905257386692 0.112233945236079 0.07356796309089564 0.0989611801181911
0 0.7354133425522669 0.11685332059318161 0.06287015549210681 0.08738696981041891
0 0.698854158401573 0.08953301875484622 0.06506457983881975 0.08856572073764633
0 0.6639784946236559 0.025334608030592735 0.047311827956989246 0.05066921606118547
0 0.7389352733975652 0.05189944235940534 0.049659722699524664 0.07935844130250351
0 0.6896484546553847 0.042952606979636224 0.05029612439368545 0.06990957584833508
0 0.8490133031908607 0.13102012003859417 0.0621020936610328 0.09396776643093512
0 0.4615591397849462 0.9694072657743786 0.03602150537634408 0.06118546845124283
0 0.3586021505376344 0.9622370936902486 0.05268817204301075 0.07552581261950286
0 0.32661290322580644 0.9627151051625239 0.0478494623655914 0.0745697896749522
0 0.2982671847159391 0.9471415359546709 0.05829476608851354 0.09262196951670008
0 0.40705033466751833 0.9367952598339554 0.045007553732272845 0.07126480178074444
0 0.14489247311827957 0.9431166347992351 0.044623655913978495 0.11376673040152964
0 0.10806451612903226 0.9445506692160612 0.05698924731182796 0.11089866156787763
0 0.08032226209622363 0.9231284522939842 0.06611786093412432 0.1115102714068624
0 0.11230016062112107 0.7266421646433859 0.055387160483981034 0.08756344481560085
0 0.2797460604428017 0.8563707697656275 0.04374574420490101 0.07874593935014218
0 0.3880794381418826 0.8911246180258012 0.0403443909040708 0.07458775559792427
0 0.07900508397237441 0.6458681009037169 0.04240715511387062 0.07289843769149978
0 0.24472796449575962 0.5660143822048593 0.040925912024977154 0.07559946053814419
0 0.01801075268817204 0.8436902485659655 0.03602150537634408 0.11376673040152964
0 0.07660253048532258 0.82764695084843 0.0590957207709419 0.09841378917967333
0 0.046379878623861504 0.8682226900528524 0.056462429301185335 0.08767480880693912
0 0.035215586152411736 0.7878195422465191 0.04754207791647065 0.09150832960331612
0 0.2625637914551802 0.9011787866975974 0.04099169772768609 0.1003446931051232
0 0.24309378340001453 0.919334239682574 0.05547493390858969 0.08947549070470208
0 0.20452675997852277 0.9239850244910168 0.054399665091385385 0.0893641267133637
0 0.23894622289276754 0.8684748511456335 0.04178174728065994 0.0709307098067292
0 0.03746998871112568 0.5916168251400422 0.04121122002070308 0.05850241152757056
0 0.04800328768739455 0.6210445059090094 0.037623326009705575 0.06193672933608882
0 0.08463371010552471 0.6056268997299978 0.04761894621162443 0.05821457253105031
0 0.39467348321423346 0.7827830598063078 0.044832006883055046 0.06744071000254176
0 0.32805597836160827 0.6630168173997659 0.03646028376789238 0.05991331945564911
0 0.4661290322580645 0.6993307839388145 0.026881720430107527 0.07743785850860421
0 0.37345332613437826 0.7508077047071307 0.03202754836216231 0.05659979465664349
0 0.36831831460028314 0.7214588324225802 0.04260468968498777 0.05388934279182478
0 0.9704301075268817 0.7882409177820268 0.05913978494623656 0.11376673040152964
0 0.8956615553615476 0.7660211869976089 0.054520331367348754 0.1036487888859544
0 0.9303880921646802 0.6332170746418814 0.06985940280393477 0.08811083575411852
0 0.925626028953677 0.5486741550629906 0.05448743851599428 0.09127617260246504
0 0.621505376344086 0.9741873804971319 0.05913978494623656 0.05162523900573614
0 0.4991935483870968 0.9741873804971319 0.03924731182795699 0.05162523900573614
0 0.5088709677419355 0.9560229445506692 0.0478494623655914 0.08795411089866156
0 0.4889784946236559 0.9364244741873805 0.01881720430107527 0.0965583173996176
0 0.5013440860215054 0.9034416826003824 0.043548387096774194 0.08795411089866156
0 0.5138700644495746 0.8633605826211428 0.05737314513012212 0.07254548768113624
0 0.5521133900935112 0.8481100224291389 0.053291503422826736 0.07688014643853565
0 0.5698606450448669 0.7615758024200419 0.048705120158283606 0.09353173948375594
0 0.5434507289549049 0.7602814190490771 0.034957052957099374 0.08544752898017119
0 0.5140399369053268 0.7596368076464824 0.05691229028517883 0.08581844491350692
0 0.4860215053763441 0.7151051625239006 0.012903225806451613 0.10707456978967496
0 0.5186645324887091 0.676546334464078 0.04320810979629892 0.07869025735447305
0 0.4954301075268817 0.6749521988527725 0.031720430107526884 0.08795411089866156
0 0.5895499091985641 0.6445045301809927 0.04679591507580137 0.12187833584626077
0 0.544130706801137 0.6042595066115629 0.038095085984103556 0.08386957506508508
0 0.5051083254651767 0.6011785848700966 0.04410783176428579 0.07497752956760874
0 0.49973118279569895 0.5344168260038241 0.04032258064516129 0.08604206500956023
0 0.4854838709677419 0.6065965583173997 0.011827956989247311 0.06405353728489484
0 0.5166666666666667 0.48996175908221795 0.04838709677419355 0.020076481835564052
0 0.5350566188261142 0.5312770998698711 0.04589628183930973 0.07896866733281893
0 0.6811011846910046 0.5564886846075103 0.050098589822568304 0.0889186707480101
0 0.7266137018092628 0.6241195670858071 0.03648218275829711 0.08370252907807746
0 0.6975046641810877 0.6345527425390488 0.044722245736546797 0.08836185079131811
0 0.6411464103644408 0.6796259180354797 0.04181464013201429 0.08330332609021877
0 0.6704639320589352 0.6764185966620372 0.04339465050646627 0.07109775579373682
0 0.715345721876498 0.8342775688999468 0.09541343927246666 0.12025323684030328
0 0.6802566982222525 0.751396572286334 0.05486043120483363 0.12271356578129865
0 0.8334603838547229 0.6736082479930123 0.05446545079409444 0.11410935928034262
0 0.8714897285018651 0.6453678550560705 0.056769636287315864 0.0943669694187938
0 0.8373655913978495 0.515774378585086 0.044623655913978495 0.07170172084130019
0 0.7142428353096762 0.7347445331844258 0.05572726032146615 0.1066282217109451