0 0.35312259866400275 0.6936523997530486 0.0836791141735506 0.11211381571882875
0 0.3744553165307989 0.47048017194118874 0.08474661758734348 0.13249381654269565
0 0.4379790164442243 0.38581274274107724 0.08640457109794117 0.12618199888581696
0 0.3635529635453441 0.35622505129189996 0.05747467112493962 0.12224602786268644
0 0.3297728106744202 0.3620661252657093 0.0473195812529138 0.12482241642654107
0 0.5054504421797595 0.29929629319653706 0.056603301899182376 0.11043133753132464
0 0.4504463478685687 0.3267698795337996 0.06157716243097572 0.09149588456068845
0 0.4260760692889393 0.2758963599442913 0.07308272237844463 0.09541825567454622
0 0.6305655836341757 0.5069593147751607 0.018050541516245487 0.12098501070663811
0 0.6173285198555957 0.3859743040685225 0.044524669073405534 0.11027837259100642
0 0.6290613718411552 0.13972162740899358 0.0210589651022864 0.07815845824411134
0 0.6203369434416366 0.09100642398286937 0.03850782190132371 0.08993576017130621
0 0.6260529482551144 0.03586723768736617 0.02707581227436823 0.07173447537473233
0 0.30772448602270697 0.34098425037913604 0.05400042884231401 0.10171647342215227
0 0.2987840002055009 0.3116038781220353 0.05687298640773143 0.12220863945851963
0 0.4389290012033694 0.04336188436830835 0.04271961492178099 0.0867237687366167
0 0.4076664379699404 0.04343315908232559 0.04140284870754785 0.07634343767286443
0 0.24858571878907598 0.2997552107101582 0.06634160662163227 0.08965366417089626
0 0.25630902773087255 0.13302396338500153 0.05541321461786717 0.0846980176496419
0 0.12625627561702765 0.38112738874345103 0.05291964327541985 0.10699501567163473
0 0.18008918211020616 0.39168106191876434 0.06367641786465378 0.10445601551194668
0 0.16757536315000765 0.36091902436931944 0.0585197052979259 0.08916761491672841
0 0.014139590854392299 0.5556745182012848 0.028279181708784597 0.11777301927194861
0 0.009326113116726835 0.6359743040685225 0.01865222623345367 0.10706638115631692
0 0.08866783272212116 0.34337035367650437 0.043785070802876 0.07542232747796827
0 0.22016964729331895 0.2550133667113313 0.056260067070119886 0.0954420441694404
0 0.07167815354311798 0.3112827334409653 0.050169669577524695 0.09185616869308336
0 0.0361721141512846 0.3006593777501292 0.04604266149798411 0.12153564818351806
0 0.01865222623345367 0.2885438972162741 0.03730445246690734 0.08458244111349036
0 0.09272843003615591 0.24475711780019252 0.045086507331310206 0.07977975953255446
0 0.048948451255589547 0.13628698851846294 0.037117505366577076 0.07286972740900759
0 0.09099844844985064 0.12351718821902345 0.04609374257769091 0.07128922584838261
0 0.13426969077548193 0.09677267576301268 0.04975288442794892 0.07365488389650941
0 0.3937740623832906 0.08599289842287443 0.057193751995987197 0.08373951905057905
0 0.3786236665050138 0.14413334563733932 0.03805119029244445 0.06116720229014623
0 0.3326060202589911 0.12026435167118345 0.07065146673610737 0.09419803824631609
0 0.35804073095336647 0.07217624549943207 0.0369458879520459 0.0653750807280654
0 0.13447653429602888 0.04443254817987152 0.036702767749699154 0.08886509635974305
0 0.25614507515924084 0.17954175658174928 0.045957876557067415 0.09159444986391602
0 0.4953668550955493 0.2411201632397311 0.06268246477137426 0.08728800612276928
0 0.5286367492667322 0.21820455088716123 0.0519992405026537 0.09303899771714673
0 0.8047533092659447 0.032655246252676656 0.08243080625752106 0.06531049250535331
0 0.6738868832731648 0.45074946466809424 0.06859205776173286 0.15203426124197003
0 0.7148908761469608 0.4278421990833226 0.08176066324210901 0.1857652882916868
0 0.8137965093398913 0.47729154799084306 0.06789944550551436 0.13144694122602654
0 0.9153954178408088 0.4747202310271328 0.06291435035331765 0.12365318731175033
0 0.8252336377985917 0.6075505432073292 0.0847088186607378 0.15708169580448186
0 0.7930204572803851 0.7178800856531049 0.07821901323706378 0.12312633832976445
0 0.8802709374925354 0.64422331455344 0.06354055184403049 0.1247612395274802
0 0.936949837244929 0.5829677355456875 0.06743362680892967 0.11110432880632634
0 0.9568759119342657 0.4999403018361024 0.06314828346795923 0.1076306185424695
0 0.959591656483059 0.39446122219504687 0.06746937820283741 0.13890419950280206
0 0.9915764139590855 0.39132762312633834 0.01684717208182912 0.1145610278372591
0 0.9927797833935018 0.05192719486081371 0.01444043321299639 0.0867237687366167
0 0.8639794342610823 0.09623209071575672 0.06513823718721605 0.08957888736256263
0 0.7280533390292434 0.08917593899186044 0.051495622879463465 0.09728426455923264
0 0.7686088368060816 0.16791050617690517 0.07055339964208969 0.08991538300006335
0 0.8346588149662502 0.3140204110202704 0.08485591930176466 0.16350567867386076
0 0.84791784950718 0.40407343069688756 0.08145522733965248 0.1461881156680162
0 0.7565256104364521 0.31513358022147725 0.06169974629849792 0.09684920361850442
0 0.9810469314079422 0.7526766595289079 0.03790613718411552 0.05353319057815846
0 0.9268953068592057 0.7558886509635975 0.06799037304452467 0.047109207708779445
0 0.9088447653429603 0.721627408993576 0.05956678700361011 0.11563169164882227
0 0.9732250300842359 0.1145610278372591 0.05354993983152828 0.07066381156316917
0 0.11191335740072202 0.9828693790149893 0.08664259927797834 0.034261241970021415
0 0.04753309265944645 0.9630620985010707 0.07460890493381468 0.07387580299785867
0 0.0809265944645006 0.9453961456102784 0.09085439229843562 0.10920770877944326
0 0.13086642599277978 0.9464668094218416 0.060770156438026475 0.10706638115631692
0 0.11603477497949609 0.8831259400118804 0.08237767764511643 0.10775638366424245
0 0.019554753309265944 0.9528907922912205 0.03910950661853189 0.09421841541755889
0 0.1125150421179302 0.7955032119914347 0.07942238267148015 0.032119914346895075
0 0.28941034897713597 0.949678800856531 0.07701564380264742 0.1006423982869379
0 0.3276173285198556 0.952355460385439 0.08844765342960288 0.09528907922912205
0 0.24699157641395908 0.9646680942184154 0.07280385078219014 0.07066381156316917
0 0.20276774969915765 0.9571734475374732 0.07701564380264742 0.08565310492505353
0 0.18471720818291215 0.9352248394004282 0.061371841155234655 0.12955032119914348
0 0.2283393501805054 0.8035331905781584 0.06438026474127558 0.048179871520342615
0 0.45246690734055356 0.9630620985010707 0.07340553549939831 0.07387580299785867
0 0.4936823104693141 0.9801927194860813 0.0776173285198556 0.03961456102783726
0 0.53309265944645 0.9726980728051392 0.07701564380264742 0.05460385438972163
0 0.5694945848375451 0.971627408993576 0.08604091456077016 0.056745182012847964
0 0.5743009498296381 0.9428535752782754 0.09125584776221231 0.10189322685736481
0 0.4229843561973526 0.9475374732334048 0.08182912154031288 0.10492505353319058
0 0.4190095944000185 0.9156179646606186 0.0800199723232926 0.10974815767070177
0 0.33574007220216606 0.7933618843683083 0.07340553549939831 0.027837259100642397
0 0.3832731648616125 0.8319057815845824 0.06016847172081829 0.10492505353319058
0 0.5309867629362214 0.8206638115631691 0.05956678700361011 0.08244111349036402
0 0.6233453670276775 0.974304068522484 0.032490974729241874 0.05139186295503212
0 0.6284596871239471 0.9266595289079229 0.022262334536702767 0.1145610278372591
0 0.7102888086642599 0.9539614561027837 0.06678700361010831 0.09207708779443255
0 0.8306257521058965 0.9662740899357601 0.0740072202166065 0.06745182012847965
0 0.7983253478733588 0.9314926400897257 0.06108477942818871 0.12247035828768685
0 0.7586677836284804 0.8922604687200179 0.06839182850830136 0.10047246749902804
0 0.7280385078219013 0.8035331905781584 0.05415162454873646 0.048179871520342615
0 0.7575210589651022 0.7965738758029979 0.04693140794223827 0.034261241970021415
0 0.6808062575210589 0.7944325481798715 0.05354993983152828 0.029978586723768737
0 0.9894705174488568 0.8506423982869379 0.0210589651022864 0.08886509635974305
0 0.9566399312869265 0.8660597484009182 0.05290840865501676 0.0802658087867222
0 0.935659110049006 0.8245978726904779 0.045737225595527335 0.08195847555984749
0 0.9068216598598204 0.837615791909812 0.042274217933305096 0.08815812800422611
0 0.9373002116289989 0.8710035006747253 0.05753698682504968 0.09872881241246341
0 0.8798193979059656 0.8360862786626263 0.05039032053906464 0.10149214299715188
0 0.8456678700361011 0.8163811563169164 0.0776173285198556 0.07387580299785867
0 0.8243080625752106 0.791220556745182 0.06859205776173286 0.023554603854389723
0 0.9223826714801444 0.7997858672376874 0.06016847172081829 0.04068522483940043