0 0.19634146341463415 0.4240780911062907 0.0524390243902439 0.049891540130151846
0 0.23902439024390243 0.4240780911062907 0.05853658536585366 0.049891540130151846
0 0.21060287056217783 0.39213670928838806 0.0669582527755758 0.08159657301441238
0 0.24694185484492162 0.3320619682722699 0.06372209236008491 0.09965572680528013
0 0.1951053512227128 0.19360267391478755 0.05239864340526684 0.08333427277658212
0 0.14272844097509751 0.1908814921334225 0.03649529355457855 0.07952263768523768
0 0.13665314549157628 0.09827999333889444 0.05732638349985758 0.08600883561797014
0 0.27682926829268295 0.03091106290672451 0.05609756097560976 0.06182212581344902
0 0.49115853658536585 0.16594360086767895 0.01768292682926829 0.11496746203904555
0 0.42699901072376956 0.2257420227635877 0.07563045175541269 0.11495575281604989
0 0.41848519601536743 0.27896122679881574 0.07342849860695773 0.09849726029716706
0 0.4040725855877673 0.340225513616365 0.05980163887587872 0.11439791382015015
0 0.3422242653354684 0.37547598341093297 0.05993725248986183 0.1468727040940437
0 0.31453109171034693 0.3482614174104837 0.06492814422688117 0.12574926624939067
0 0.3045658810640337 0.2850126027200502 0.06774192847249709 0.08925193458433649
0 0.35579161825795547 0.13126195529304202 0.06506583284046426 0.10520506165879429
0 0.23805019495082147 0.18290341045531774 0.05301978483155353 0.11044924023862115
0 0.010670731707317074 0.33568329718004336 0.021341463414634148 0.0770065075921909
0 0.04201980741469374 0.32219332060019895 0.04464573373633442 0.09010524481876239
0 0.01524390243902439 0.24023861171366595 0.03048780487804878 0.0596529284164859
0 0.012195121951219513 0.2749457700650759 0.024390243902439025 0.07049891540130152
0 0.6733482146332925 0.2653459209517823 0.11006148077511922 0.1574756933918081
0 0.5088414634146341 0.3796095444685466 0.01768292682926829 0.13232104121475055
0 0.9920731707317073 0.18058568329718006 0.015853658536585366 0.1442516268980477
0 0.9511516510499827 0.20377727200245738 0.08280983631256132 0.13625800557328388
0 0.9667682926829269 0.1279826464208243 0.06646341463414634 0.11062906724511931
0 0.7716463414634146 0.016811279826464208 0.06280487804878049 0.033622559652928416
0 0.6871951219512196 0.05422993492407809 0.08902439024390243 0.10845986984815618
0 0.5201219512195122 0.16323210412147504 0.04024390243902439 0.12906724511930587
0 0.9484756097560976 0.044468546637744036 0.075 0.08893709327548807
0 0.9783536585365854 0.050433839479392624 0.043292682926829265 0.10086767895878525
0 0.4600609756097561 0.9848156182212582 0.07621951219512195 0.03036876355748373
0 0.2926829268292683 0.9810195227765727 0.07682926829268293 0.03796095444685466
0 0.16128048780487805 0.9718004338394793 0.07621951219512195 0.05639913232104121
0 0.4125 0.9354663774403471 0.08231707317073171 0.12906724511930587
0 0.4472560975609756 0.938177874186551 0.06524390243902439 0.12364425162689804
0 0.46219512195121953 0.9088937093275488 0.07560975609756097 0.15184381778741865
0 0.3801829268292683 0.9278741865509761 0.0798780487804878 0.1442516268980477
0 0.34136916516679267 0.9122665441746732 0.09337445522750963 0.1460086967305397
0 0.3154633361842138 0.8435791963451729 0.08617022501330933 0.12362184527482392
0 0.19420731707317074 0.9571583514099783 0.07621951219512195 0.08568329718004339
0 0.21189024390243902 0.9322125813449024 0.0871951219512195 0.13557483731019523
0 0.22208161845810453 0.8831369816403492 0.08500040413229044 0.12566470131068083
0 0.0350609756097561 0.9788503253796096 0.0701219512195122 0.04229934924078091
0 0.15240638390015573 0.749321744397439 0.06369517170343354 0.15159012297128888
0 0.44847560975609757 0.48752711496746204 0.05060975609756098 0.0770065075921909
0 0.4716463414634146 0.4761388286334056 0.05060975609756098 0.05422993492407809
0 0.22164634146341464 0.4886117136659436 0.08475609756097562 0.07917570498915401
0 0.20563842148552067 0.5238243076047258 0.0754565321560521 0.10736356192667895
0 0.27957317073170734 0.49186550976138826 0.057926829268292686 0.08568329718004339
0 0.33902439024390246 0.4940347071583514 0.07804878048780488 0.09002169197396963
0 0.2083926717534708 0.5776698698809459 0.06617250207905466 0.12696020630897864
0 0.4592803852431609 0.6555990010945665 0.06620873306483191 0.15509660178894613
0 0.2522780327847724 0.5416404637085422 0.07014264687736392 0.11438721669107176
0 0.3922475954964306 0.5707486319847094 0.053640926257840074 0.13756420770066008
0 0.41943039565219714 0.602238422098532 0.05855728102370538 0.11318697376056236
0 0.23621834649317552 0.7168877184520243 0.06384424564574247 0.15809771516217824
0 0.20096222329177066 0.7711235079876003 0.0660979651079002 0.12370641021353389
0 0.0819479788106488 0.7539245311365734 0.06989211530724915 0.1565602245707465
0 0.47042682926829266 0.78470715835141 0.05914634146341463 0.12906724511930587
0 0.33568312736676886 0.7304383354776288 0.05589464571999809 0.10317290275201572
0 0.37022907434260705 0.6983104778998187 0.060074941103444905 0.12632849950344732
0 0.39964747846764265 0.6813407653250131 0.06871090909750442 0.1315512838251174
0 0.49359756097560975 0.7033622559652929 0.012804878048780487 0.10737527114967461
0 0.35537339208728036 0.6340139984157194 0.05677770404512524 0.11516665911586609
0 0.9798780487804878 0.9078091106290672 0.04024390243902439 0.10629067245119306
0 0.989329268292683 0.8167028199566161 0.021341463414634148 0.1279826464208243
0 0.9786585365853658 0.7657266811279827 0.042682926829268296 0.11713665943600868
0 0.9884146341463415 0.6149674620390455 0.023170731707317073 0.1193058568329718
0 0.5442073170731707 0.9419739696312365 0.08841463414634146 0.11605206073752712
0 0.752972114178903 0.7920510731321375 0.11020847971782831 0.21700228044718767
0 0.8277640385933653 0.7110734856063435 0.09163318423430698 0.12310578270132057
0 0.8463346789123237 0.7649345875292227 0.10134890081030512 0.20201810783918367
0 0.8297092623419796 0.6101057020621894 0.0657615112379054 0.13557382521627803
0 0.8631159267582131 0.5946311976094607 0.06232658556600266 0.14495618941929328
0 0.9215691699891496 0.6634443807531086 0.09208040606123322 0.14262855927398868
0 0.894811858502658 0.5708642762167373 0.06037308898806248 0.13934368388522606
0 0.9305322815240782 0.5767289584260583 0.07637582146695678 0.14749371377049675
0 0.6920896892212852 0.6304731159280395 0.0815406328033363 0.13396246681521465
0 0.7468341993873899 0.550664692039437 0.07355272689221498 0.10392025378957487
0 0.7567631790479258 0.5857771112499031 0.0660731194508488 0.12262181151505233
0 0.9539634146341464 0.5043383947939263 0.07621951219512195 0.11062906724511931
0 0.9173780487804878 0.4772234273318872 0.05548780487804878 0.05639913232104121
0 0.7106707317073171 0.4891540130151844 0.0701219512195122 0.08026030368763558
0 0.751219512195122 0.48156182212581344 0.07073170731707316 0.0650759219088937
0 0.8323170731707317 0.47993492407809113 0.06219512195121951 0.06182212581344902
0 0.8140243902439024 0.5059652928416486 0.06829268292682927 0.113882863340564
0 0.7957317073170732 0.4734273318872017 0.06707317073170732 0.04880694143167028
0 0.8731707317073171 0.47559652928416485 0.06219512195121951 0.05314533622559653
0 0.8807926829268292 0.5005422993492408 0.075 0.10303687635574837
0 0.5310975609756098 0.7337310195227765 0.06219512195121951 0.15075921908893708
0 0.5410948254394264 0.5980586780049527 0.07383741444850687 0.14290263625435803
0 0.5158536585365854 0.6415401301518439 0.03170731707317073 0.1420824295010846
0 0.510060975609756 0.5710412147505423 0.020121951219512196 0.12039045553145336
0 0.5146341463414634 0.5254880694143167 0.02926829268292683 0.113882863340564
0 0.5591463414634147 0.48101952277657267 0.08658536585365853 0.06399132321041215
0 0.6446120557464463 0.5627970050343477 0.07365003452082086 0.16127764344799142