0 0.5273936170212766 0.17296786389413987 0.06436170212765957 0.15879017013232513
0 0.5194148936170213 0.0723062381852552 0.08031914893617022 0.13705103969754254
0 0.4778250761377851 0.1457729763964246 0.0702651235881889 0.14358707000525908
0 0.45132978723404255 0.07277882797731569 0.07925531914893617 0.14555765595463138
0 0.5055851063829787 0.024102079395085067 0.09627659574468085 0.048204158790170135
0 0.31274402684190344 0.1901445062440886 0.07707532449154542 0.16585446979975144
0 0.3707599000009372 0.1968333120963614 0.06544749634152786 0.16866669431010073
0 0.4095592940308719 0.22552277702588683 0.06489700657052164 0.16767749227933726
0 0.46123947304728574 0.2746229509259908 0.08878927047783852 0.14040195771714103
0 0.44042809662464677 0.33706823111055456 0.06671395500542085 0.09799833773423947
0 0.38290951949247565 0.3016394928358767 0.0696521526343444 0.11239614372926654
0 0.4308510638297872 0.3823251417769376 0.06063829787234042 0.05387523629489603
0 0.23298972816539185 0.2797953782648075 0.06246539240715536 0.12501234365396557
0 0.261968085106383 0.3558601134215501 0.08776595744680851 0.10680529300567108
0 0.2968693308682428 0.30112411356864105 0.06833503111433178 0.12644177015115393
0 0.33643617021276595 0.3667296786389414 0.07925531914893617 0.08506616257088846
0 0.38218085106382976 0.3667296786389414 0.06648936170212766 0.08506616257088846
0 0.18186341719531957 0.24536749914189998 0.06101824674541806 0.13244171298700597
0 0.07833926354132413 0.15234362783103622 0.07084600656330302 0.1191004457113984
0 0.13770941924905872 0.2955008274721848 0.05843297178688986 0.13600231909027757
0 0.09608918601789523 0.24487413109798561 0.0758747140119162 0.13178398232475366
0 0.02420212765957447 0.2603969754253308 0.04840425531914894 0.08601134215500945
0 0.009840425531914894 0.18100189035916825 0.019680851063829788 0.12570888468809074
0 0.0598404255319149 0.3908317580340265 0.06968085106382979 0.036862003780718335
0 0.04973404255319149 0.01984877126654064 0.06329787234042553 0.03969754253308128
0 0.03164893617021276 0.043478260869565216 0.06329787234042553 0.07561436672967864
0 0.5914893617021276 0.195179584120983 0.06382978723404255 0.21833648393194707
0 0.798936170212766 0.34782608695652173 0.09042553191489362 0.12287334593572778
0 0.863609453415125 0.3092983056746519 0.08616684576453194 0.14207220465217069
0 0.9242021276595744 0.3549149338374291 0.05585106382978723 0.10869565217391304
0 0.9696808510638298 0.3487712665406427 0.06063829787234042 0.10207939508506617
0 0.9571808510638298 0.1441398865784499 0.08563829787234042 0.14272211720226843
0 0.9816489361702128 0.2570888468809074 0.036702127659574466 0.15879017013232513
0 0.9438829787234042 0.06379962192816635 0.10904255319148937 0.1275992438563327
0 0.8401595744680851 0.03449905482041588 0.07606382978723404 0.06899810964083176
0 0.8055851063829788 0.3950850661625709 0.08351063829787234 0.02835538752362949
0 0.8704787234042554 0.3827977315689981 0.075 0.052930056710775046
0 0.07713696956098216 0.5505466797347441 0.05042891695457473 0.10703061731365325
0 0.08670212765957447 0.9777882797731569 0.0425531914893617 0.0444234404536862
0 0.2921868120871738 0.9410833808764226 0.035986158766687815 0.07469510742495633
0 0.312199468782076 0.8379953785746567 0.058765624805273496 0.07186217470997809
0 0.327741511737353 0.7911559156304036 0.04919791327083755 0.09843595616327942
0 0.3991042253183094 0.7744146359082353 0.060807166543466025 0.09467855206880925
0 0.4764640483123234 0.4953653133878657 0.050268499608742266 0.1258901865494304
0 0.5121631438667892 0.5959868257061852 0.06438872833034179 0.11479145801520482
0 0.1726063829787234 0.9844045368620038 0.03351063829787234 0.031190926275992438
0 0.512425745586082 0.8795730662681158 0.045028711958177176 0.07544348901787852
0 0.5160545806798323 0.794001948579531 0.05277271850704312 0.09118267661680887
0 0.4602474231554942 0.8186361363431781 0.049630197226837904 0.06638789519645098
0 0.4738847050649739 0.7829627386218069 0.0482202013198793 0.07570762369773323
0 0.4455868282149845 0.7211712800434182 0.046958804432034276 0.09258878887198357
0 0.47456014592774703 0.6957317281005071 0.06613982858097735 0.14985114752096607
0 0.32982865455561705 0.9243822145448197 0.050422160403904175 0.07966443182078713
0 0.3747340425531915 0.9617202268431002 0.05797872340425532 0.07655954631379962
0 0.35425531914893615 0.9825141776937618 0.043617021276595745 0.03497164461247637
0 0.4417443933051676 0.9444964935571327 0.046661606393806634 0.07746591552604784
0 0.38944533417155003 0.8774158963354088 0.048189808115771095 0.1011834500223574
0 0.41515961956372394 0.8752976768690249 0.05054036621891004 0.11270169481837915
0 0.45131125745229217 0.8773460236565929 0.05152989649658729 0.10900902137518019
0 0.551063829787234 0.970226843100189 0.01702127659574468 0.05954631379962193
0 0.5204787234042553 0.9891304347826086 0.03776595744680851 0.021739130434782608
0 0.19151811650116163 0.8987806958792801 0.038664308112161996 0.07586039924228964
0 0.4786846160954668 0.946138284222604 0.06344140958349126 0.06658729922503447
0 0.5476063829787234 0.7533081285444234 0.023936170212765957 0.12476370510396975
0 0.11522294813387349 0.9212474296551311 0.06284195173098789 0.09012874393477428
0 0.9888297872340426 0.9300567107750473 0.022340425531914895 0.0945179584120983
0 0.9502389763397652 0.8602470720976148 0.050373192322407015 0.1041950785612903
0 0.9558223992220309 0.928179591935405 0.061041883398855405 0.0795997011695159
0 0.9547872340425532 0.9716446124763705 0.0627659574468085 0.05671077504725898
0 0.8410140526497187 0.8554537674411286 0.05123945500903008 0.12125233352211037
0 0.8171623167725155 0.8983027539179997 0.03224417963397922 0.07344177071433783
0 0.8022374591598198 0.8819692632893956 0.04617359780563856 0.10667843774051335
0 0.7749147633727649 0.8697997328773587 0.049376905494059334 0.08052156651162334
0 0.7591388396754999 0.8236710741256225 0.0643819717796713 0.0874252725223387
0 0.6897653102019939 0.7254526241581705 0.047534625631100245 0.12188935597973405
0 0.665684755358851 0.6215462975374413 0.04971125328706543 0.09753479902580092
0 0.6940805683718346 0.6342764626348237 0.043161100667158094 0.08849991340900233
0 0.5781914893617022 0.6011342155009451 0.03723404255319149 0.07183364839319471
0 0.5836905004562247 0.6647733138196257 0.02464877210422718 0.06526401978837512
0 0.5694148936170212 0.6469754253308129 0.019680851063829788 0.06521739130434782
0 0.5995652077037952 0.7024173675375944 0.052951710730264674 0.07326828696515279
0 0.6074890538631941 0.7408188539321073 0.05297028560765392 0.07421346654927377
0 0.6382539998567057 0.7660124434096325 0.04564168291202154 0.10663441529387097
0 0.5779255319148936 0.8161625708884688 0.036702127659574466 0.0671077504725898
0 0.5851638362072427 0.874855659053332 0.03390746727371669 0.0499883708978832
0 0.5656914893617021 0.9352551984877127 0.01223404255319149 0.04253308128544423
0 0.6619680851063829 0.9815689981096408 0.03563829787234043 0.036862003780718335
0 0.5979897439488654 0.9330075177187862 0.0330108113829857 0.05840694226168707