0 0.47262334536702766 0.2623126338329764 0.013838748495788207 0.1006423982869379
0 0.43772563176895307 0.04229122055674518 0.052346570397111915 0.08458244111349036
0 0.2612543495368433 0.13072477700067425 0.05220665587232304 0.09736886545074505
0 0.28899591893492327 0.2666371646150481 0.060136149855698026 0.1339084763588392
0 0.24895340799820964 0.23157236220738647 0.08364041153546674 0.13546501392339402
0 0.157942238267148 0.04229122055674518 0.05475330926594465 0.08458244111349036
0 0.19163658243080625 0.03747323340471092 0.040312876052948254 0.07494646680942184
0 0.14495246133692707 0.4155755379693656 0.06312125435427411 0.1500182667377218
0 0.07942238267148015 0.5315845824411135 0.08543922984356198 0.09528907922912205
0 0.044354979281524154 0.4520077531053293 0.08848528882687706 0.08635151990643464
0 0.057018178819188546 0.3779143048863375 0.054050267732597156 0.09847690416638447
0 0.11081966606831432 0.30253292268729465 0.07979895698032029 0.1289662812458625
0 0.11516017522551576 0.17263414410275105 0.048688901607557816 0.11655360594937078
0 0.11713204206684634 0.08548093902190221 0.07140677049315058 0.07957870459901036
0 0.18082900528478688 0.1429677650182418 0.05711248764847231 0.11672802216839341
0 0.22346030640122402 0.1080099833300653 0.05729003757053536 0.10496317854255738
0 0.1125150421179302 0.02569593147751606 0.05415162454873646 0.05139186295503212
0 0.06829121540312875 0.03907922912205567 0.052346570397111915 0.07815845824411134
0 0.0619272386851517 0.10520026132101908 0.06674752359008333 0.08376169343439288
0 0.08074801206301298 0.21043677238817868 0.06074591503918628 0.1007552731044572
0 0.018351383874849577 0.28051391862955033 0.036702767749699154 0.15417558886509636
0 0.03240474636623811 0.2286933694355765 0.057058691318638076 0.09853919567317837
0 0.0048134777376654635 0.4941113490364026 0.009626955475330927 0.1145610278372591
0 0.5258068767983359 0.18817024925812947 0.07277960938334997 0.10100443913163257
0 0.5842281309305041 0.19098470020727423 0.06589117353351297 0.09337275113574399
0 0.5877333033401615 0.26327319493982626 0.05903321492604557 0.11997738850715917
0 0.7436823104693141 0.5080299785867237 0.08303249097472924 0.1423982869379015
0 0.8807859723176176 0.495617596778811 0.043975858374656326 0.10254776828953802
0 0.9122394679907737 0.4925243342596749 0.04364407761799514 0.11002995666912162
0 0.9948856799037304 0.42880085653104927 0.01022864019253911 0.09314775160599571
0 0.8630874127237336 0.40484750546911275 0.05385747918934931 0.09312358510856862
0 0.8221849726529973 0.3542518486431058 0.053818921480699736 0.09205292129700544
0 0.9090781970371976 0.36300515881392825 0.05449772161520706 0.09420670722149062
0 0.9769488567226337 0.37778378621064934 0.03877680355049516 0.09174146376303642
0 0.9048651307177265 0.12915232409688718 0.04821097048257824 0.08658747752696075
0 0.9924789410348978 0.2114561027837259 0.015042117930204572 0.056745182012847964
0 0.9389445908121926 0.18228136998617625 0.043243261910314496 0.08220515586983804
0 0.9725999161115136 0.2236331139482705 0.037889976251555324 0.06711619609708352
0 0.9239898643759565 0.30126171933198925 0.06002855719602942 0.09753082336840886
0 0.7182697931990307 0.10656609227467395 0.04848087444312523 0.09408212420790293
0 0.7606195308111887 0.07213741334159969 0.05178252107717777 0.08559156352355018
0 0.7626353790613718 0.029978586723768737 0.057160048134777375 0.059957173447537475
0 0.9022315469858242 0.06437093434663606 0.04390682342363715 0.06724077911067115
0 0.9341670140170999 0.07466096947203966 0.037018387573800424 0.059609091114782575
0 0.9265944645006017 0.011777301927194861 0.048134777376654635 0.023554603854389723
0 0.7641116602100505 0.2776238862028962 0.05622566034953247 0.09210275450244053
0 0.7320071848786797 0.20420829025002135 0.04565000077914723 0.08225498907527312
0 0.757613302835537 0.22239126264720227 0.042410230941209166 0.0757687146991002
0 0.7885767466842936 0.23908036403926733 0.035282368373194775 0.09487870538957331
0 0.2918170878459687 0.9694860813704497 0.05896510228640193 0.061027837259100645
0 0.4554753309265945 0.9775160599571735 0.048134777376654635 0.044967880085653104
0 0.4232851985559567 0.9470021413276232 0.04632972322503008 0.10599571734475374
0 0.32644248153700883 0.9317749335179203 0.03973358811182972 0.06822423481272294
0 0.185545166439453 0.8341744643341024 0.07080508577594247 0.07956624629765152
0 0.23553971660894182 0.7699478440469615 0.04661394349538648 0.10902158436435234
0 0.2633369269596071 0.7571500865662837 0.06887627803208925 0.10948254151462648
0 0.28247158570686787 0.7291948486553783 0.05624897943699737 0.07605525563035181
0 0.3945489888631698 0.8946699701085833 0.04143012729240998 0.11533344252150238
0 0.3684299611501359 0.8705921175971255 0.04867366298637308 0.09943544326571878
0 0.34913795364651207 0.8273980452445153 0.06012899170079319 0.08362465211944649
0 0.32515576084176384 0.7958753792575504 0.035421360586608115 0.08204319795217399
0 0.45104951571776464 0.8942350547189623 0.05540786800161181 0.10278447601535468
0 0.2695547533092659 0.6097430406852249 0.05776173285198556 0.061027837259100645
0 0.1582430806257521 0.5872591006423983 0.05415162454873646 0.016059957173447537
0 0.3868832731648616 0.6086723768736617 0.04091456077015644 0.058886509635974305
0 0.4324731316025962 0.6622245483924372 0.049337224499695465 0.08447106650655195
0 0.46239470517448855 0.5856531049250535 0.031889290012033694 0.01284796573875803
0 0.43441636582430804 0.5861884368308351 0.04332129963898917 0.013918629550321198
0 0.4368231046931408 0.6049250535331906 0.04091456077015644 0.05139186295503212
0 0.47262334536702766 0.5910064239828694 0.013838748495788207 0.023554603854389723
0 0.43759056962063037 0.7291970989712496 0.039579357277231435 0.06394157956647026
0 0.442491900007952 0.8068638293643352 0.04148484593361976 0.050072783221584136
0 0.44535325091429934 0.8529272898642689 0.03699506848633552 0.07565658998687122
0 0.4584837545126354 0.7350107066381156 0.0421179302045728 0.05032119914346895
0 0.46540312876052947 0.671306209850107 0.028279181708784597 0.07066381156316917
0 0.006618531889290012 0.6225910064239829 0.013237063778580024 0.08244111349036402
0 0.5998796630565584 0.9839400428265525 0.07460890493381468 0.032119914346895075
0 0.8793625651873979 0.8303633492762567 0.07027243600975319 0.11486077717515986
0 0.8361381209757203 0.7904182682097669 0.06292130765612163 0.09438112344051325
0 0.7945246690734056 0.5931477516059958 0.06438026474127558 0.027837259100642397
0 0.6704546758796174 0.8142692459282505 0.07774731795561371 0.10538676078875527
0 0.6554170593382406 0.7556502147188442 0.06138615746504406 0.10183839521737913
0 0.4918772563176895 0.9234475374732334 0.0246690734055355 0.12955032119914348
0 0.6350507495245831 0.8996603514721246 0.065883093067233 0.12653841269148458
0 0.5780754094667734 0.9369957934565988 0.06918473970128554 0.11804785200713183
0 0.5803557379773004 0.8584078988682553 0.06402424258577408 0.10831221129219329
0 0.7722623345367028 0.610813704496788 0.04512635379061372 0.06316916488222699
0 0.5949136889389962 0.6950199179452883 0.06522761202019045 0.10833712789491076
0 0.4927797833935018 0.8576017130620985 0.026474127557160047 0.09850107066381156
0 0.5180235331832791 0.8555124689602785 0.06664708908531942 0.09766786468335525
0 0.5727544456731344 0.7892441874608814 0.07834900267282176 0.10539921909011397