0 0.3887065774071575 0.3158498262131367 0.08091852406447887 0.0627347488576406
0 0.38778768625984694 0.25736770717211577 0.0652288669880406 0.13236484489828795
0 0.34114944423743093 0.19860893591628004 0.06756726349136634 0.14839684698923097
0 0.4818709307476994 0.3066276996319045 0.059879073581742236 0.0490140521943976
0 0.510539220542136 0.303220976752695 0.047406720675277556 0.04498331486872051
0 0.5461818114771582 0.2791867826278587 0.04695979146166778 0.08147232118113881
0 0.5847107438016529 0.266281512605042 0.010035419126328217 0.07668067226890757
0 0.5684769775678866 0.2599789915966387 0.04250295159386069 0.11029411764705882
0 0.4924637081014237 0.2051573971900745 0.0790331748219565 0.14078106260952353
0 0.5599173553719008 0.20063025210084034 0.05962219598583235 0.11554621848739496
0 0.5417896434526928 0.17371145559374715 0.06373064391684041 0.10706286100802946
0 0.546811769372546 0.11536075815434478 0.05118263231878708 0.10093128334621816
0 0.4667967332504415 0.16003480356906594 0.05578376663384962 0.13089444719197002
0 0.5065829948830335 0.1274332092588887 0.054550348983209415 0.11294540447818235
0 0.4847416527583305 0.08963736775851508 0.06192185825463522 0.1057367412700276
0 0.4672373081463991 0.04411764705882353 0.06434474616292798 0.08823529411764706
0 0.42621015348288077 0.0351890756302521 0.0602125147579693 0.0703781512605042
0 0.24822904368358914 0.03466386554621849 0.10684769775678866 0.06932773109243698
0 0.9822904368358913 0.17699579831932774 0.03541912632821724 0.14390756302521007
0 0.698467402237416 0.2688304248250237 0.07739858512815097 0.127992220879427
0 0.6757335590185857 0.18152698564052305 0.06136144100364234 0.1390744870782445
0 0.6339682796677141 0.2086269685962653 0.042554826811498664 0.10585530650494838
0 0.9374262101534829 0.023634453781512604 0.06729634002361275 0.04726890756302521
0 0.5708382526564345 0.43067226890756305 0.03778040141676505 0.04201680672268908
0 0.5377804014167651 0.4417016806722689 0.05785123966942149 0.06407563025210083
0 0.48140495867768596 0.42804621848739494 0.06552538370720189 0.03676470588235294
0 0.4487344698797972 0.5406516459013406 0.08463372777697172 0.13329669983143452
0 0.5761511216056671 0.5646008403361344 0.02715466351829988 0.0976890756302521
0 0.5731995277449823 0.6391806722689075 0.03305785123966942 0.13130252100840337
0 0.5359370817028212 0.6955574324193925 0.06342710426175728 0.18013277348951112
0 0.49373325340735413 0.6857548597078145 0.07309918069071475 0.18790569220423267
0 0.5537190082644629 0.8592436974789915 0.07201889020070838 0.11134453781512606
0 0.5345267534175963 0.9366155283016832 0.06554735740369598 0.07600975524923735
0 0.48578014999021735 0.9346975350339581 0.0674089231722672 0.09510111798773703
0 0.4290224498808699 0.9493431821245587 0.08175076967195374 0.0858439925551196
0 0.4152568762814768 0.8638125055945867 0.08289267298170505 0.16645064592636144
0 0.33234946871310506 0.9432773109243697 0.09799291617473435 0.1134453781512605
0 0.043923942466474665 0.8962695816056342 0.07266810712640515 0.15963624752306232
0 0.15287388358103282 0.6907572097032382 0.0756267239230117 0.20918979513551184
0 0.2604051161413516 0.8002458948027406 0.07693670515396896 0.1477664043594147
0 0.24550591141426908 0.9140060179464691 0.07998683629146473 0.13466234131441002
0 0.1841739194874067 0.8675696846317164 0.09627383507596152 0.11421819345963226
0 0.15584564136075477 0.9216263252197647 0.08231028203421822 0.1339795205729222
0 0.3022432113341204 0.9800420168067226 0.07201889020070838 0.03991596638655462
0 0.30136148091433484 0.6929923295756321 0.08434513888246081 0.2230814351453469
0 0.36222592726418607 0.5863365897391554 0.09291314134746104 0.15129812065689358
0 0.27533557972267086 0.5966946081617508 0.07113907764533227 0.1823778917939619
0 0.20333956810718481 0.5920581882947727 0.07380298750023441 0.19114885256507913
0 0.17925440284364186 0.5414077942634934 0.08914425263987337 0.14444420050862097
0 0.11449614045620897 0.6470852529160609 0.07268305788697718 0.17635107035549316
0 0.02036599763872491 0.5052521008403361 0.04073199527744982 0.17016806722689076
0 0.04043683589138135 0.6223739495798319 0.0808736717827627 0.1565126050420168
0 0.1077331759149941 0.48214285714285715 0.07733175914994096 0.14495798319327732
0 0.07851239669421488 0.43067226890756305 0.09917355371900827 0.04201680672268908
0 0.4514652057129095 0.6659273454712752 0.07593728651401628 0.1852139309832552
0 0.21748207783142842 0.8116814750941191 0.07697453449976328 0.14881682452748193
0 0.17207792207792208 0.4222689075630252 0.05726092089728453 0.025210084033613446
0 0.6883116883116883 0.9590336134453782 0.07201889020070838 0.0819327731092437
0 0.6086186540731995 0.9490546218487395 0.03778040141676505 0.10189075630252101
0 0.7037565957996507 0.7665969742507637 0.07694463297861921 0.11538717886262026
0 0.6083234946871311 0.6292016806722689 0.0371900826446281 0.12815126050420167
0 0.6097992916174735 0.44065126050420167 0.04014167650531287 0.06197478991596639
0 0.6868358913813459 0.4164915966386555 0.05726092089728453 0.01365546218487395
0 0.6679456906729634 0.43592436974789917 0.05962219598583235 0.052521008403361345
0 0.6431148172548286 0.5827329704491451 0.04819320911230798 0.09942136389492671
0 0.7118939771447056 0.621672084619111 0.058947385808728096 0.120941644651167
0 0.7444604993334131 0.56167409426589 0.08060003364882377 0.11908983850669132
0 0.814643761374369 0.5819092059964224 0.044159514984160306 0.08521450257018351
0 0.7927381998506884 0.5340884229710877 0.059848267171869765 0.09705768035555534
0 0.9105667060212514 0.4332983193277311 0.045454545454545456 0.04726890756302521
0 0.8335423423517659 0.5050254494641784 0.04526449383684557 0.08329746194733877
0 0.9855371900826446 0.4485294117647059 0.028925619834710745 0.07773109243697479
0 0.994391971664699 0.5640756302521008 0.011216056670602124 0.08823529411764706
0 0.9613793170641572 0.5849452355227845 0.06194473683985731 0.0900723386056643
0 0.9478807030201927 0.6551786324925324 0.06803707129019847 0.09624343801244918
0 0.9861275088547816 0.6838235294117647 0.027744982290436836 0.10294117647058823
0 0.972188428001812 0.7697010961901359 0.05447469029162077 0.11084456414204766