0 0.08878504672897196 0.4744655581947744 0.08811748998664887 0.12945368171021376
0 0.06341789052069426 0.5243467933491687 0.09479305740987984 0.029691211401425176
0 0.530795902782555 0.5083062587284519 0.07405274388132327 0.05511492924192184
0 0.3835113484646195 0.5130641330166271 0.04739652870493992 0.052256532066508314
0 0.40420560747663553 0.4827790973871734 0.05540720961281709 0.11282660332541568
0 0.4459279038718291 0.504750593824228 0.050734312416555405 0.0688836104513064
0 0.37850467289719625 0.30938242280285033 0.037383177570093455 0.10570071258907364
0 0.4218651104397867 0.2805527833650225 0.05325028013018846 0.09565674900553288
0 0.4454307474188847 0.21686408631911472 0.07128984972855666 0.09871205888877455
0 0.5165502421857444 0.3391238129023946 0.05755083414137375 0.11863710554332378
0 0.5192060479001784 0.4399355863763376 0.06279806274609111 0.1120645959705919
0 0.48286053765591197 0.21655336354201363 0.042755822920753646 0.10880176815099636
0 0.5210361305638781 0.2732497666556489 0.08386466494318355 0.09171279995994998
0 0.5230224260096131 0.19514751587938423 0.06658587742100584 0.09585255345850156
0 0.5712177434542652 0.12355501289952217 0.06928717950158737 0.09850454095242094
0 0.5582616999759533 0.05294738892619639 0.08651935435683134 0.09080184208569832
0 0.4158878504672897 0.04928741092636579 0.05473965287049399 0.09857482185273159
0 0.6413805622481977 0.070498246923491 0.05559477658133806 0.12199253297514091
0 0.6815754339118825 0.052256532066508314 0.0520694259012016 0.10451306413301663
0 0.6445260347129506 0.014251781472684086 0.0794392523364486 0.028503562945368172
0 0.982977303070761 0.07244655581947744 0.03404539385847797 0.14489311163895488
0 0.33444592790387184 0.6359857482185273 0.050734312416555405 0.1508313539192399
0 0.2553221709586562 0.6607879436974617 0.07406883958736087 0.1073022886629788
0 0.2052090816926867 0.6879819748660884 0.05660415954784165 0.1481899716538463
0 0.23965287049399198 0.584916864608076 0.09078771695594126 0.09144893111638955
0 0.09946595460614152 0.5748218527315915 0.04672897196261682 0.07125890736342043
0 0.421290779031331 0.896275140825726 0.08344570909117345 0.11064600261141089
0 0.3711615487316422 0.9020190023752969 0.022696929238985315 0.16270783847980996
0 0.5359471153014393 0.8463381088915549 0.06321757674849435 0.1441311042841311
0 0.41126049496485717 0.7682799414116819 0.06028321133324435 0.12366438994935688
0 0.37216288384512686 0.8052256532066508 0.024699599465954607 0.07838479809976247
0 0.3841789052069426 0.7250593824228029 0.048731642189586116 0.08432304038004751
0 0.40137809675220315 0.6771364304581305 0.06383796267349064 0.08963762059641145
0 0.4758736609693966 0.750881358698394 0.07250066276804637 0.08934921653122116
0 0.4839145797629731 0.6757194994812388 0.05351441857614602 0.115846772758502
0 0.5486908901017804 0.6707912255565495 0.0562467957680167 0.12087405716453511
0 0.5908243735711618 0.6468025630454521 0.05390285746726004 0.1455379841599272
0 0.46224145474534956 0.6030419987586372 0.06118327325984285 0.09054857847066337
0 0.5290387182910548 0.581353919239905 0.06074766355140187 0.08432304038004751
0 0.5003776456138113 0.6056312244762274 0.056572526286159455 0.09481496377673243
0 0.7227608927394307 0.7169739406890188 0.0943907554143006 0.13194278869160062
0 0.9024110651273701 0.6787357132149565 0.06655536046010968 0.14447696751138764
0 0.5967957276368492 0.5700712589073634 0.0774365821094793 0.06175771971496437
0 0.5614152202937249 0.5480997624703088 0.03871829105473965 0.017814726840855107