0 0.27225130890052357 0.6508379888268156 0.06806282722513089 0.037243947858473
0 0.40471204188481674 0.611731843575419 0.05654450261780105 0.1154562383612663
0 0.36068989528559103 0.5743365265734337 0.06767479956163017 0.10974724796742656
0 0.606282722513089 0.6135940409683427 0.027225130890052355 0.11173184357541899
0 0.45810580416476276 0.46819134418047664 0.06274948103003902 0.09632156664812541
0 0.5050322091811801 0.41986607962945416 0.0615652541954074 0.0878549451424499
0 0.5645621443392708 0.37025386718750614 0.053660546276765406 0.11602513883261374
0 0.6083769633507854 0.40037243947858475 0.023036649214659685 0.08752327746741155
0 0.4513131816185878 0.3706632138482941 0.05338633344519826 0.09926536229630088
0 0.506245330238348 0.3136774616140466 0.05635451755487676 0.12089746540872048
0 0.5687498390797332 0.32258416734165923 0.04538058984185536 0.08930387605028955
0 0.4267050648407258 0.32060834997067233 0.05169378044734075 0.09168647286832765
0 0.5935219421115021 0.2985299516130469 0.0463764054834228 0.11821130225936556
0 0.6023560209424084 0.2467411545623836 0.03507853403141361 0.08379888268156424
0 0.6133507853403142 0.2090316573556797 0.013089005235602094 0.07169459962756052
0 0.5596877841645829 0.23559020554374951 0.03999264728563265 0.07955922289807585
0 0.5863027662717781 0.22707258478179546 0.04989458912609568 0.07758989256512164
0 0.5839716107830799 0.1933145153059923 0.04550806485012657 0.06513867656104154
0 0.4915030845698666 0.23740133467670366 0.057051254911166846 0.09956892862761761
0 0.47453027858283536 0.21734826232840224 0.05854576530844816 0.09504353500158723
0 0.43773712741919685 0.27117466942754487 0.045660405312108444 0.07444966352565979
0 0.4764128166436174 0.32659037614575254 0.03855907307314409 0.08780901130995362
0 0.43480265323581063 0.17816173287013715 0.050046929588077556 0.08690087952973989
0 0.40483426067477934 0.11927163122738377 0.05466756719570518 0.0817045869198048
0 0.34459918420236946 0.0998307569654983 0.051998461371304025 0.11030844679756414
0 0.393717277486911 0.016294227188081937 0.03664921465968586 0.032588454376163874
0 0.41858638743455495 0.010242085661080074 0.034031413612565446 0.020484171322160148
0 0.2117804511324191 0.11073982178618692 0.04687510023913656 0.08477848242425896
0 0.2789083989007752 0.1414737804106372 0.0447046891704494 0.07994952246691166
0 0.31643715947112927 0.1548382626224043 0.041055001750679006 0.08057705483205677
0 0.27916939207055713 0.09347883092409363 0.04390691612945818 0.06314637931183925
0 0.28021090985071917 0.06186484186315114 0.03756325743157642 0.058901585100877514
0 0.27076746917188593 0.4307635919883278 0.05662873038644391 0.13765724194503334
0 0.26038049275204705 0.2965756795440577 0.04259521428655488 0.07884495729541165
0 0.20808732828466875 0.5607640585085653 0.061407311094739465 0.11015794723877426
0 0.1946644014821897 0.49998115991912095 0.06028402044490036 0.10541572051894584
0 0.15426087546375913 0.47006225080671465 0.06691712602054732 0.12735138996268236
0 0.20570408108375995 0.4500819300277626 0.05186135495552058 0.10192855852940762
0 0.21302070435391188 0.41945388974016545 0.051882191640404696 0.07124566816492683
0 0.18963052433697392 0.2468944973496744 0.054698035288101556 0.0835667843127284
0 0.10520862816194199 0.29584344344523683 0.05169378044734051 0.09168647286832765
0 0.19521046634053382 0.3224117084587254 0.045258717472269866 0.08185508647859495
0 0.019895287958115182 0.6247672253258846 0.039790575916230364 0.0893854748603352
0 0.013612565445026177 0.5446927374301676 0.027225130890052355 0.0893854748603352
0 0.014659685863874346 0.49487895716945995 0.02931937172774869 0.07169459962756052
0 0.029630694551529987 0.4611376435866363 0.03755765479289037 0.09051557416182011
0 0.05192008856754899 0.4606529781427622 0.039849938231162965 0.10279332369086203
0 0.07003063231568739 0.4271895587538885 0.04651911453789242 0.09497720146657959
0 0.10865781808217032 0.46954820041225087 0.06681048769716025 0.12083369908744958
0 0.015968586387434557 0.35940409683426444 0.03193717277486911 0.09683426443202979
0 0.09708985666159556 0.23130426690930986 0.05387942556222597 0.09744653152213678
0 0.060712053514133814 0.19565846591059824 0.04150239172911215 0.07596492796850708
0 0.606544502617801 0.1336126629422719 0.026701570680628273 0.08472998137802606
0 0.9680628272251309 0.39711359404096835 0.06387434554973823 0.1387337057728119
0 0.9850785340314137 0.29655493482309125 0.029842931937172777 0.11266294227188083
0 0.8687662064812388 0.3510588659515533 0.061656658472596285 0.09344153732122085
0 0.7155738868677908 0.4856828737897732 0.05358997868446064 0.079755656289362
0 0.7878119761065292 0.4604322942283596 0.061595722287803654 0.08971714253537355
0 0.8287423041682798 0.378045393870217 0.05495701407347051 0.09939546215257963
0 0.6796102983811985 0.13633206186282168 0.031432875380469176 0.0676921726403812
0 0.6303664921465969 0.20577281191806332 0.020942408376963352 0.0670391061452514
0 0.7960691755663178 0.13199297078051278 0.045030206779297165 0.06788860603166758
0 0.7661107608331758 0.21668721817729833 0.0474443625871552 0.08761514513240387
0 0.8352756015087086 0.3151860320077881 0.05462186505711062 0.07891129083041948
0 0.7926491321948272 0.3410246281361925 0.06296836031549959 0.07774295933764835
0 0.693717277486911 0.6554934823091247 0.04712041884816754 0.027932960893854747
0 0.9503843453150519 0.12099973993604174 0.05399166652429922 0.07235023333642705
0 0.6670568455673228 0.24670934040543913 0.03817822191818957 0.0645315438984079
0 0.6484564515360526 0.1659180196933214 0.031371939195676456 0.0639677778545339
0 0.6293193717277487 0.10521415270018622 0.018848167539267015 0.0670391061452514
0 0.7931937172774869 0.034916201117318434 0.04293193717277487 0.06983240223463687
0 0.660167122011097 0.4274827872265674 0.04624490170632528 0.07821742493026675
0 0.6520663858762918 0.37786287314340944 0.03921010829083955 0.06368717843946538
0 0.6366492146596858 0.6284916201117319 0.033507853403141365 0.08193668528864059
0 0.7978045352892513 0.410446331099482 0.05951671549630551 0.09047477475679719
0 0.8425381186822368 0.2398002043618842 0.05251239017321609 0.07780672565891948
0 0.4112565445026178 0.9860335195530726 0.08324607329842931 0.027932960893854747
0 0.44502617801047123 0.9594972067039106 0.07853403141361257 0.08100558659217877
0 0.49136125654450263 0.9897579143389199 0.05287958115183246 0.020484171322160148
0 0.493717277486911 0.9692737430167597 0.04607329842931937 0.061452513966480445
0 0.5143979057591623 0.9567039106145251 0.051832460732984295 0.08659217877094973
0 0.520467698045854 0.8928043709350862 0.05620777973158106 0.07997248938315984
0 0.48840786596646946 0.8495911639665256 0.057005552772572285 0.09677563253823218
0 0.45503028889094266 0.8869179942419125 0.06022308426010749 0.10169132573309853
0 0.3670157068062827 0.9464618249534451 0.060732984293193716 0.10707635009310987
0 0.3416230366492147 0.9590316573556797 0.041361256544502616 0.08193668528864059
0 0.34160131893522466 0.9143508864094733 0.07410986253670104 0.11957863435715958
0 0.2693717277486911 0.9506517690875232 0.07172774869109948 0.09869646182495345
0 0.2819371727748691 0.9771880819366853 0.07801047120418848 0.04562383612662942
0 0.051310474393420305 0.760707911024075 0.036714179613304455 0.07091913491736214
0 0.11690223839472648 0.725117029105938 0.049797582210220494 0.10361728944729319
0 0.27852518694103046 0.7641442117647166 0.0527561349123871 0.09270430480230857
0 0.32350006017422117 0.7389663147689611 0.05318829084462206 0.08716107924229714
0 0.3676695433433213 0.7309703770389899 0.038437200703558584 0.080360221738259
0 0.39589407812921434 0.7682717421880833 0.043164476634573526 0.08168162000355672
0 0.288974326995145 0.8144248249805235 0.05594319830752593 0.09575780060425126
0 0.2415035250844194 0.8319370993107866 0.049909823172293866 0.07852099126158346
0 0.2397464476474959 0.7791131898668958 0.037192037684133976 0.06816920544673621
0 0.21081554409780076 0.7529416424565849 0.05040291528932157 0.07670216048741936
0 0.1748506340675499 0.7881894422452506 0.03902169709777542 0.08412798314286588
0 0.20396434617162326 0.8031878052980197 0.052567723719322675 0.11314510950570918
0 0.14577579401390212 0.8188799652472504 0.046564816676486986 0.09777049755596497
0 0.12221759897423128 0.7847621957563785 0.039718434454065504 0.06279944636176295
0 0.09233456753715011 0.8167843168749315 0.057422474658609175 0.09030130828175896
0 0.05411747356853508 0.8294689148547157 0.04512161105648617 0.07347519821043842
0 0.07872559034639706 0.8795237787323376 0.05462186505711062 0.07891129083041938
0 0.048173488326078984 0.8723313380525952 0.05050955361270889 0.08321985136265213
0 0.0827140150368005 0.9241412663831101 0.04891803629955228 0.11377264187085417
0 0.05 0.9608938547486033 0.050785340314136125 0.0782122905027933
0 0.03349173832783752 0.920530353567944 0.04713968166319157 0.06899317120316749
0 0.42307271994574214 0.7253034696570416 0.04600115696715451 0.06331984578687747
0 0.5284045420209281 0.7121176573514769 0.03638463323563074 0.018820974534259464
0 0.6520942408376963 0.7001862197392924 0.03926701570680628 0.061452513966480445
0 0.6356020942408377 0.6885474860335196 0.031413612565445025 0.038175046554934824
0 0.7764397905759163 0.6983240223463687 0.05968586387434555 0.05772811918063315
0 0.8251308900523561 0.6983240223463687 0.049214659685863874 0.05772811918063315
0 0.8178337819234298 0.7670599750728617 0.04812026325856105 0.09696949871578178
0 0.8743726819025446 0.7400428476004307 0.06098075780119056 0.08408718373784295
0 0.8850785340314136 0.7029795158286778 0.050785340314136125 0.0670391061452514
0 0.9319371727748691 0.6964618249534451 0.061780104712041886 0.054003724394785846
0 0.9037890605461686 0.7685855083706556 0.05759004916678888 0.10054339394283908
0 0.8803522973615303 0.8552184865466284 0.04847064632111913 0.11838476873440375
0 0.9454966713844033 0.8149287445274226 0.061976573442758 0.11299460994691918
0 0.9397905759162304 0.979050279329609 0.0743455497382199 0.04189944134078212
0 0.9454878269118212 0.8955771983182693 0.05171864590105095 0.1251626593221938
0 0.9072963853318465 0.9227155094025916 0.058077538645130655 0.1303385522296175
0 0.9913612565445026 0.8249534450651769 0.017277486910994764 0.0893854748603352
0 0.981675392670157 0.7029795158286778 0.03664921465968586 0.0670391061452514