0 0.14 0.5775691699604744 0.07666666666666666 0.044466403162055336
0 0.08777777777777777 0.5701581027667985 0.052222222222222225 0.05928853754940711
0 0.04638888888888889 0.5612648221343873 0.042777777777777776 0.07707509881422925
0 0.02277777777777778 0.583498023715415 0.03333333333333333 0.03260869565217391
0 0.235 0.5528656126482213 0.06222222222222222 0.09387351778656126
0 0.13014107011986847 0.50268805009855 0.058640053161055083 0.11519158994618643
0 0.0812036856521408 0.5318577331702234 0.059980446471105134 0.0790625813667689
0 0.09582865788775312 0.4655346168320884 0.06854686917758347 0.08628820384986063
0 0.12085188917638795 0.4261813795475911 0.05925781764856904 0.08877110179458343
0 0.18401243848143167 0.49019315619215253 0.06588563608637818 0.08882037448461413
0 0.1898126343472166 0.4279648281102904 0.05221815621908389 0.10633548787228776
0 0.24355387408355378 0.4258886538993108 0.05463461958559366 0.11162200432891212
0 0.27835569635059404 0.4079408361869406 0.05541158416274382 0.13138485017871449
0 0.07074282942376148 0.26478181925498406 0.04461913205983712 0.08158265787000422
0 0.02016175074906973 0.10827974480055598 0.032847601058148386 0.06305521392680422
0 0.0077777777777777776 0.3483201581027668 0.015555555555555555 0.08992094861660078
0 0.01861111111111111 0.3433794466403162 0.03722222222222222 0.08399209486166008
0 0.027780587266143627 0.29836096408435037 0.04510867150922814 0.06594528368724908
0 0.05230666475697528 0.3285234922683351 0.05180250605320181 0.08171838180857835
0 0.04084172416854219 0.16518392978530186 0.05196957932018235 0.0719234101322206
0 0.03200310503112904 0.03456415054800137 0.0457807717513562 0.06899616181326287
0 0.08888888888888889 0.029644268774703556 0.044444444444444446 0.05928853754940711
0 0.2264009574838377 0.08022474432033272 0.05092448431523571 0.0874743330664323
0 0.23476742828471944 0.14465757924005163 0.056375175535769255 0.07162687782807765
0 0.2782735456463423 0.09724444231582371 0.043107858308600394 0.0852758732943346
0 0.211479042184951 0.28916756649196207 0.06291361716431286 0.08344740677944645
0 0.17041858906871407 0.3667869053064257 0.05648003987079126 0.08833884555186634
0 0.2262285616989464 0.34763436909822754 0.05711329188406189 0.09040158138538991
0 0.20242130585644474 0.3702756386589362 0.05326325122403053 0.0907845649380763
0 0.3893658797153553 0.4704509139495519 0.08736186878296344 0.12948202654680108
0 0.41899643329781067 0.27125334268227025 0.06663923996042741 0.13607830202705296
0 0.2825805059460808 0.3360225769565205 0.06898588004656656 0.08341022822093383
0 0.2524347603806321 0.2995175280541344 0.03768052779116791 0.07362824684005247
0 0.2719529646941194 0.272232079335118 0.06206276330365389 0.10393904117610873
0 0.272384102385758 0.21861304179502142 0.038663413864155956 0.08458426330598731
0 0.24018130427796464 0.21310479823325904 0.05057485025551816 0.07858105243402112
0 0.20871091175715462 0.2529460595982423 0.061647113137771735 0.0793219351123991
0 0.11722222222222223 0.019762845849802372 0.03222222222222222 0.039525691699604744
0 0.3472222222222222 0.009881422924901186 0.04 0.019762845849802372
0 0.3660628743612045 0.05373975277332595 0.051402343413076326 0.0855844997299955
0 0.31088031356846746 0.0640422339733847 0.045469985920496156 0.06109102347334205
0 0.3379199749979526 0.08713949995786709 0.04930834622897704 0.07445558076697399
0 0.33055555555555555 0.031126482213438736 0.04888888888888889 0.06225296442687747
0 0.3077179900907868 0.10182635848862405 0.04965798028869459 0.08334886139938506
0 0.6283333333333333 0.5533596837944664 0.08333333333333333 0.09288537549407115
0 0.6144381242406934 0.4930897211003358 0.05858952458064708 0.1279509885000144
0 0.6550266878493312 0.49145229827981146 0.06123907732030186 0.13916635871157948
0 0.7399779334415602 0.3992878719389241 0.0764838470449974 0.13368185533087368
0 0.5147222222222222 0.5657114624505929 0.059444444444444446 0.06818181818181818
0 0.6850148780833146 0.4111157922019898 0.05388863005995669 0.14882560644936288
0 0.6483928998212807 0.4113820891773376 0.06844581201676747 0.11180700095751706
0 0.6497991798230293 0.36139445215804317 0.08051264132355969 0.10975635925551133
0 0.9908333333333333 0.21788537549407114 0.018333333333333333 0.11561264822134387
0 0.962118134373997 0.19425640764092897 0.06586227538327724 0.11631545617725057
0 0.8407622535381902 0.1674184458700027 0.06695002579128742 0.14398344036697389
0 0.6788888888888889 0.016798418972332016 0.058888888888888886 0.03359683794466403
0 0.4786111111111111 0.5138339920948617 0.017222222222222222 0.11067193675889328
0 0.5049121761643279 0.5207845820449708 0.06687232933357244 0.14200715578199366
0 0.5213669517449152 0.4363537357928554 0.04979001250102366 0.11479651226198198
0 0.49916666666666665 0.2816205533596838 0.058333333333333334 0.11857707509881422
0 0.511191617057192 0.15490653301223772 0.05525619124731375 0.127432281008754
0 0.6798786504533811 0.2716273686772935 0.06229965985100509 0.15209865976249434
0 0.5744765842261526 0.27262379844543905 0.05118474156568785 0.10813886996018135
0 0.7269529646941194 0.12634491917227214 0.06821272264362253 0.10587814720257624
0 0.5778388596094299 0.16577475398369115 0.06898968722077263 0.12564099305237872
0 0.572840892610999 0.21470638674120845 0.07440153021244865 0.10880539552153384
0 0.6222222222222222 0.024209486166007904 0.04555555555555556 0.04841897233201581
0 0.657533784539879 0.12200466362980428 0.05671312924393634 0.09426769930680706
0 0.48638888888888887 0.1808300395256917 0.03277777777777778 0.1007905138339921
0 0.8605950508567437 0.08947838648836014 0.062206475867533424 0.12163915119238744
0 0.9323937497357393 0.06883714169368856 0.0623735491345139 0.1118441795160297
0 0.5694444444444444 0.016798418972332016 0.056666666666666664 0.03359683794466403
0 0.2739873036056939 0.8655467964980795 0.08959957853094239 0.15831105552610117
0 0.09916666666666667 0.6758893280632411 0.07166666666666667 0.15217391304347827
0 0.2825 0.6427865612648221 0.0661111111111111 0.08596837944664032
0 0.4225 0.6472332015810277 0.06388888888888888 0.09486166007905138
0 0.4387948366340432 0.8037043624608078 0.050267871598864276 0.11290667892554529
0 0.45713210655604875 0.8348922114957953 0.010640866361682634 0.0880803879701948
0 0.32305555555555554 0.6141304347826086 0.05388888888888889 0.02865612648221344
0 0.6638888888888889 0.9891304347826086 0.06888888888888889 0.021739130434782608
0 0.9755555555555555 0.9061264822134387 0.04888888888888889 0.1600790513833992
0 0.8488888888888889 0.9446640316205533 0.057777777777777775 0.11067193675889328
0 0.7344350559233953 0.6640815633253979 0.06188400968512294 0.12748155369878478
0 0.8661111111111112 0.6225296442687747 0.06111111111111111 0.045454545454545456
0 0.8910977860013898 0.6601258575815825 0.0591295926104461 0.09955421576343124
0 0.9391666666666667 0.6343873517786561 0.049444444444444444 0.0691699604743083
0 0.9347222222222222 0.6151185770750988 0.05388888888888889 0.030632411067193676
0 0.8235066350194874 0.7301370384422474 0.05785140823235452 0.10917628494270216
0 0.8864009574838377 0.7369416026501816 0.06257947063035191 0.10303735013216195
0 0.8530540402118509 0.739208820555525 0.05790193681276252 0.09641688638887407
0 0.6477777777777778 0.6393280632411067 0.042222222222222223 0.07905138339920949
0 0.6961716752848988 0.6705546570805729 0.05786308858390498 0.09542874409638394
0 0.6759793377277142 0.6510083874341085 0.053236083346723466 0.07604888179926785
0 0.5769467362749459 0.6534930777067482 0.046208102268788784 0.07986572703065418
0 0.99 0.883399209486166 0.02 0.11462450592885376
0 0.959237266433834 0.8889533630821531 0.05285140823235451 0.10839822370581155
0 0.5809077402747067 0.7873305905013903 0.06834094768174546 0.09509503323372837
0 0.7250024212449676 0.7476167655993257 0.04945205879285658 0.09215569078325257
0 0.7802572265630427 0.9416310686098657 0.049646299937144124 0.09709640224570328
0 0.8069444444444445 0.9570158102766798 0.065 0.08596837944664032
0 0.7863350707921393 0.8083615359965147 0.057501774172636966 0.1002830043102911
0 0.58627121710201 0.9139299385994433 0.054541435602122115 0.08116249575880531
0 0.62 0.967391304347826 0.05 0.06521739130434782
0 0.5763888888888888 0.9678853754940712 0.05277777777777778 0.06422924901185771
0 0.7488682082596877 0.8656621429114028 0.05274654389733238 0.09168625598202297
0 0.5576811748634984 0.7454400316803392 0.03855854952913398 0.06787229558219862
0 0.6196915059996414 0.6680981878087829 0.04280875282929085 0.06362319410809532
0 0.6378305981886871 0.6758917904731658 0.0408973164379287 0.07118252745384263
0 0.7133333333333334 0.9530632411067194 0.06333333333333334 0.09387351778656126
0 0.7427777777777778 0.9733201581027668 0.06888888888888889 0.0533596837944664
0 0.5157951321768064 0.8085151791323376 0.0378864492870059 0.06482141745618494
0 0.5400802471171486 0.7879366454051527 0.03380331925382949 0.059275547253930506
0 0.4822222222222222 0.7114624505928854 0.024444444444444446 0.07312252964426877
0 0.5215738709265935 0.6970712282023128 0.03141402376462676 0.06872471393611461
0 0.5516068789796758 0.6937912316594639 0.04684135428205934 0.08192846286417786
0 0.5383333333333333 0.9777667984189723 0.043333333333333335 0.044466403162055336
0 0.5990352815266682 0.8522881799781287 0.044953278593798114 0.06199271451728861