0 0.040690104166666664 0.023148148148148147 0.08138020833333333 0.046296296296296294
0 0.03515625 0.043402777777777776 0.0703125 0.08680555555555555
0 0.09776056791977172 0.24279963969915794 0.052306804660706994 0.07098120631838112
0 0.06884202381404991 0.32761476613723034 0.056262294105721956 0.08622956531077837
0 0.14362681039803146 0.2502633659829364 0.046451217310323756 0.07183551968163734
0 0.12134178157151283 0.2971259805201002 0.06408236940495489 0.0889485055177946
0 0.2771661050570282 0.22021140905134406 0.04386220124212296 0.07633044084719966
0 0.31334626317723463 0.20387473651981902 0.03210557474595799 0.06415017868482321
0 0.23027005595045122 0.328522100624323 0.04384705064365709 0.0717008112175703
0 0.25862489136437244 0.11760008245286831 0.043900077738288225 0.08790451492127373
0 0.23147030681151146 0.16066434943423225 0.039327635473155396 0.08303914547952658
0 0.295370869034874 0.1272713994719931 0.03340765807929132 0.06421753291685688
0 0.08470018129915147 0.1561057613182431 0.04782905363598733 0.09505102206181888
0 0.3623046875 0.109375 0.055338541666666664 0.0775462962962963
0 0.3362406695246385 0.16970992634811988 0.03277176701109082 0.06881348543046968
0 0.31503046505446264 0.2859496310976946 0.03145074542967485 0.06295909416139898
0 0.2026085774500371 0.2281183647611937 0.04977839098637086 0.09399464600246195
0 0.14572386608345886 0.20618085315340445 0.04578123739557446 0.06601480552858348
0 0.23470052083333334 0.02025462962962963 0.061848958333333336 0.04050925925925926
0 0.21061197916666666 0.02199074074074074 0.039713541666666664 0.04398148148148148
0 0.0068359375 0.20081018518518517 0.013671875 0.09606481481481481
0 0.035807291666666664 0.4184027777777778 0.0390625 0.02199074074074074
0 0.013997395833333334 0.33969907407407407 0.027994791666666668 0.09837962962962964
0 0.46841792955749667 0.14027292190895435 0.07009703803923169 0.13670530326564947
0 0.5637917460745469 0.13649663181990043 0.06748150842371547 0.13309837257936008
0 0.6039989249151089 0.28196125651329484 0.0693740310298514 0.1146808854088919
0 0.6780701736137513 0.2237407556972398 0.06750802197103105 0.14120022443121205
0 0.5181409655570555 0.262101080271957 0.07391995974766852 0.11144440299878734
0 0.4134114583333333 0.30613425925925924 0.046875 0.13773148148148148
0 0.5900088873473223 0.3798906981718699 0.0491387122685536 0.09743319110866734
0 0.5358072916666666 0.3883101851851852 0.059895833333333336 0.08217592592592593
0 0.6345484267697413 0.39494492683583016 0.05229922936147435 0.0686663915035663
0 0.7711826057544288 0.11535380370188271 0.060316262440765676 0.13157051689576796
0 0.8233700994522161 0.08083093071683492 0.05906720620206348 0.14770686636743802
0 0.815050054403604 0.23632764870162912 0.047253764961650756 0.11816549309395047
0 0.8462017925472612 0.1652835412463867 0.052980572225073054 0.07795932787884238
0 0.8650836776717165 0.2632483996572244 0.05387402346719602 0.1520670790689333
0 0.8384911250195343 0.3334780635966456 0.045270338764718566 0.10880520248664072
0 0.8836650957527183 0.15466655151986508 0.0485028212003531 0.10202914362228029
0 0.8948803053874091 0.2084753501377192 0.03674619470418783 0.08984888145990372
0 0.9340223460293556 0.1821491676211556 0.05443794919268304 0.12548038581457974
0 0.9895833333333334 0.1875 0.020833333333333332 0.0787037037037037
0 0.9886067708333334 0.28703703703703703 0.022786458333333332 0.08796296296296297
0 0.006510416666666667 0.7586805555555556 0.013020833333333334 0.11921296296296297
0 0.10780334244283574 0.5378473772530212 0.05901039145781587 0.1303457552563269
0 0.15370556759245227 0.5343157331664294 0.062307263936930646 0.1432456223178924
0 0.13784573331622876 0.6068832432100919 0.061481990387904695 0.08997120446113482
0 0.1514001911781171 0.6420556534033687 0.07516144068713763 0.09299323871230249
0 0.15739002305620028 0.7013422022826906 0.04260178205457136 0.08899456809664749
0 0.21041961769260156 0.7078567765865805 0.08104354158483673 0.1002407772008981
0 0.2090154848533087 0.6396539323395856 0.06991144320802285 0.07999234030268651
0 0.21992432893643507 0.5881723339993824 0.07647488696932066 0.09653281516655822
0 0.2067503128273195 0.5362006778406898 0.06733000243905514 0.08680207628306391
0 0.21126302083333334 0.46412037037037035 0.07877604166666667 0.06944444444444445
0 0.3138020833333333 0.4664351851851852 0.07421875 0.07407407407407407
0 0.32039117250720156 0.5199073544290914 0.04519079812277186 0.08449964693108517
0 0.2793187327629538 0.5393901238492609 0.049131136969320664 0.09511837629385267
0 0.365234375 0.4693287037037037 0.049479166666666664 0.0798611111111111
0 0.3142041658153736 0.6203261892139834 0.08631247731203413 0.11902871264755112
0 0.3541068729291794 0.6599217132456168 0.050993358378524554 0.06744162986412523
0 0.32329201856770506 0.7274767599206287 0.045137771028140726 0.06829594322738146
0 0.3606770833333333 0.5381944444444444 0.05859375 0.10648148148148148
0 0.0458984375 0.9670138888888888 0.047526041666666664 0.06597222222222222
0 0.35294049388098125 0.9168829962480696 0.04777981419097266 0.08000472576552285
0 0.2311047986235185 0.9509583947209892 0.04255254260955669 0.07394827180035145
0 0.18977864583333334 0.9646990740740741 0.043619791666666664 0.07060185185185185
0 0.14388020833333334 0.9785879629629629 0.05859375 0.04282407407407408
0 0.3382998487139006 0.8158057180646041 0.047806327738288225 0.0881065776173747
0 0.19303422875567078 0.8487786778993137 0.04582290154135619 0.07874628701006496
0 0.16025109879573055 0.9210643855520055 0.04518322282353893 0.08218483211627035
0 0.08203125 0.9710648148148148 0.041666666666666664 0.05787037037037037
0 0.11295572916666667 0.9664351851851852 0.043619791666666664 0.06712962962962964
0 0.11583655181065626 0.867815712443601 0.03935036137085449 0.08998358992397103
0 0.07041492409496357 0.9233970127475094 0.04192043919097266 0.07970163172137167
0 0.6057942708333334 0.47858796296296297 0.07486979166666667 0.09837962962962964
0 0.7884114583333334 0.4565972222222222 0.06380208333333333 0.05439814814814815
0 0.7473958333333334 0.4832175925925926 0.09765625 0.1076388888888889
0 0.8138020833333334 0.4479166666666667 0.045572916666666664 0.037037037037037035
0 0.7708364698818908 0.5411953288286516 0.05693606167008743 0.09320768687123945
0 0.64292950827959 0.5408684376815084 0.059581892482535835 0.10607387681678818
0 0.5873674952855494 0.6120180295799735 0.07855300440666528 0.13482829095905316
0 0.7147124249871716 0.5851795237690594 0.06863208577238862 0.08686943051509743
0 0.7941432959701213 0.5799135082076022 0.0693853939787008 0.11815310763111413
0 0.8379901295800923 0.6077328954690607 0.052439372397284835 0.11149046557764038
0 0.8899068063302993 0.6559646521136426 0.05954780363598733 0.0956572101501215
0 0.800053587206258 0.6635056126424798 0.049854143978700804 0.1171427941506101
0 0.7317926910962872 0.6369491172316513 0.05500187491817007 0.0988936925602262
0 0.5583675167130726 0.7217174152773054 0.08432526346548563 0.10851101463283397
0 0.5903857584841647 0.7837078054418811 0.05242422179881897 0.10686083594801074
0 0.628082002141037 0.7019102601598041 0.07717138043138523 0.11045538117146395
0 0.9912109375 0.8570601851851852 0.017578125 0.06828703703703703
0 0.9753914651674404 0.8893496564636387 0.032090424147491824 0.05952054905519359
0 0.9784440342462905 0.9511025671798511 0.04255633025917346 0.07510567920775886
0 0.9153645833333334 0.9751157407407407 0.02734375 0.04976851851851852
0 0.8417877804649629 0.939077539321157 0.03606863949020559 0.08171335249203503
0 0.8898173624969387 0.882204123145774 0.03798010034442415 0.06908290235860404
0 0.6790364583333334 0.9635416666666666 0.0546875 0.07291666666666667
0 0.5621744791666666 0.9710648148148148 0.06315104166666667 0.05787037037037037
0 0.8518206517966128 0.7574549618796541 0.05036504260955669 0.07435239719255285
0 0.4918619791666667 0.9861111111111112 0.050130208333333336 0.027777777777777776
0 0.4111328125 0.8634259259259259 0.042317708333333336 0.11805555555555555
0 0.5481435861094752 0.8622688683138536 0.07259515051663623 0.10443260432230937
0 0.8737096542045203 0.9310616198955931 0.041901500942890024 0.07391459468433463