0 0.02236842105263158 0.22940074906367042 0.04473684210526316 0.1198501872659176
0 0.06220824440416975 0.2522852107874308 0.08584293828658414 0.13148197405641807
0 0.03236842105263158 0.33052434456928836 0.06473684210526316 0.09737827715355805
0 0.14684210526315788 0.32397003745318353 0.07052631578947369 0.1104868913857678
0 0.17336303202648734 0.30724821957615867 0.07676668152097448 0.12820983034850145
0 0.20247682693626123 0.27351451734533266 0.07284621912803614 0.09998372066573696
0 0.20186449872028597 0.22964324875094377 0.07487631913413847 0.08701132847584238
0 0.284657340109412 0.3019541919802354 0.08647670446158708 0.11096445634547741
0 0.2908548733545893 0.24698820022211768 0.07416738980734312 0.09444747636303613
0 0.35368421052631577 0.3562734082397004 0.05157894736842105 0.04588014981273408
0 0.4697368421052632 0.36329588014981273 0.04052631578947368 0.031835205992509365
0 0.5047368421052632 0.34925093632958804 0.05052631578947368 0.0599250936329588
0 0.49605263157894736 0.33754681647940077 0.04789473684210526 0.08333333333333333
0 0.5205263157894737 0.11095505617977527 0.018947368421052633 0.09082397003745318
0 0.508421052631579 0.10533707865168539 0.0431578947368421 0.07584269662921349
0 0.3717836503407479 0.06812121669118656 0.07306103303563113 0.10466536860581188
0 0.18763157894736843 0.06132958801498127 0.06473684210526316 0.12265917602996254
0 0.16894736842105262 0.009831460674157303 0.06421052631578947 0.019662921348314606
0 0.4028526426952229 0.19775479301064786 0.05146064770818229 0.0801945969753792
0 0.38511361336232514 0.17812271857475578 0.04750789808150689 0.08559461923576478
0 0.3590180190018588 0.1804076463816908 0.05030056574370567 0.10068487027785658
0 0.31089232463529004 0.17075546952032628 0.09265284317946872 0.11969111113070559
0 0.3868421052631579 0.3562734082397004 0.06315789473684211 0.04588014981273408
0 0.40078947368421053 0.34222846441947563 0.06263157894736843 0.07397003745318352
0 0.4181578947368421 0.3356741573033708 0.053157894736842105 0.08707865168539326
0 0.4147593658575866 0.28727964379597115 0.06294290710231987 0.09013002543325266
0 0.48072056037267763 0.21147201611770952 0.04570337439424532 0.09203994871801754
0 0.5202631578947369 0.19335205992509363 0.019473684210526317 0.07397003745318352
0 0.5102631578947369 0.224250936329588 0.039473684210526314 0.08146067415730338
0 0.45973684210526317 0.33848314606741575 0.06473684210526316 0.08146067415730338
0 0.4564833451874332 0.29913141273492194 0.05102025748174679 0.0820400117429461
0 0.08758392986793596 0.11692749399838043 0.07543483529388548 0.09918361312003714
0 0.10526315789473684 0.03885767790262172 0.05578947368421053 0.07771535580524344
0 0.07157894736842105 0.0351123595505618 0.05473684210526316 0.0702247191011236
0 0.022894736842105263 0.0449438202247191 0.045789473684210526 0.0898876404494382
0 0.03368421052631579 0.0800561797752809 0.06736842105263158 0.10018726591760299
0 0.5678947368421052 0.3366104868913858 0.07578947368421053 0.0852059925093633
0 0.5544736842105263 0.2645131086142322 0.04894736842105263 0.12265917602996254
0 0.5694736842105264 0.13951310861423222 0.07894736842105263 0.13670411985018727
0 0.5663157894736842 0.07911985018726592 0.07263157894736842 0.06460674157303371
0 0.7078947368421052 0.3548689138576779 0.07368421052631578 0.04868913857677903
0 0.8147368421052632 0.3647003745318352 0.08315789473684211 0.02902621722846442
0 0.8131578947368421 0.32209737827715357 0.10210526315789474 0.11423220973782772
0 0.8203981657843579 0.2559163733784657 0.09034344166176102 0.14946294708794383
0 0.7032446020710531 0.28019581461508747 0.07614367775721718 0.13751863741172538
0 0.6597368421052632 0.300561797752809 0.07526315789473684 0.15730337078651685
0 0.6252424148434186 0.26368322494821234 0.09310390895368648 0.15240815789430393
0 0.6153121533578563 0.22262955747196383 0.0744251664964572 0.10006545389112613
0 0.6284055170589562 0.17758176946352863 0.10107389581104766 0.1201270216661141
0 0.968421052631579 0.3618913857677903 0.06315789473684211 0.03464419475655431
0 0.9294736842105263 0.3464419475655431 0.07789473684210527 0.06554307116104868
0 0.8744736842105263 0.351123595505618 0.07105263157894737 0.056179775280898875
0 0.9763157894736842 0.33848314606741575 0.04736842105263158 0.08146067415730338
0 0.9928947368421053 0.23361423220973782 0.014210526315789474 0.09831460674157304
0 0.9868421052631579 0.11282771535580524 0.02631578947368421 0.08707865168539326
0 0.9786842105263158 0.041666666666666664 0.04263157894736842 0.08333333333333333
0 0.9405263157894737 0.042134831460674156 0.04421052631578947 0.08426966292134831
0 0.9763157894736842 0.1793071161048689 0.04736842105263158 0.09269662921348315
0 0.9252746152136919 0.2360088718885536 0.04551008530914164 0.06494087948250919
0 0.8311014533151394 0.11991700564435769 0.06844231686367924 0.1184378683414063
0 0.794286167216632 0.10407471867717967 0.053684036799388414 0.09432127402099297
0 0.7498607401297839 0.06527372474926714 0.049913900710034674 0.0922579039857218
0 0.7010314976420424 0.053789755324567215 0.07626189055399221 0.10576516464460506
0 0.6518421052631579 0.0299625468164794 0.07631578947368421 0.0599250936329588
0 0.9125032986470571 0.18249184362911253 0.06158953605273956 0.08352122950022169
0 0.9320628215571577 0.13383996916106852 0.056068601468888646 0.0776308078875015
0 0.8828952580228873 0.13545099176434683 0.05865713077127423 0.12260187252068365
0 0.7710526315789473 0.016853932584269662 0.05263157894736842 0.033707865168539325
0 0.35526315789473684 0.9438202247191011 0.09789473684210526 0.11235955056179775
0 0.22894736842105262 0.9442883895131086 0.11263157894736842 0.11142322097378277
0 0.18480245893430122 0.8854549308223802 0.08419950331415281 0.15288133253844738
0 0.1628741675177143 0.7511447164129802 0.0866485555876632 0.11470977469753744
0 0.07868421052631579 0.9297752808988764 0.11210526315789474 0.1404494382022472
0 0.027894736842105264 0.8698501872659176 0.05578947368421053 0.1441947565543071
0 0.06648868296132425 0.8205873404882016 0.08640145444633121 0.1436542587006126
0 0.09695576205721493 0.7344736701454628 0.06325432212073476 0.13124679408052267
0 0.07157434793397126 0.681142342895127 0.07812005257055489 0.13481862628153243
0 0.10008653360728369 0.5918604966281877 0.05705674544382556 0.09916638841184607
0 0.17822312068029364 0.6798252111231993 0.08383436310297313 0.12203694495087909
0 0.24507590149123357 0.6418027097172293 0.059355297686824036 0.12637443528120662
0 0.22247109827678377 0.6023392376321084 0.04586446310907556 0.1069939777177942
0 0.16479108847880986 0.5548833024440849 0.06649814242061486 0.13328291970733083
0 0.20761066216912277 0.5657442529780947 0.05646594205034154 0.12062023571080159
0 0.41177332224682056 0.8022468437424466 0.08488690781845686 0.16786260594668728
0 0.45361555780517393 0.8687376715379584 0.07682031985027558 0.1637086214676816
0 0.4955263157894737 0.9082397003745318 0.06894736842105263 0.16292134831460675
0 0.4143240962463829 0.6722741196633738 0.09114905896284008 0.13269074772906334
0 0.373373533847342 0.6893395903190352 0.06616511571624487 0.16035474453437615
0 0.3423638216181818 0.667125094740898 0.06276020670153445 0.14336458990779133
0 0.31761617366994116 0.6343112852015027 0.06675591910972895 0.13890089723542073
0 0.30499527027035467 0.6004026894734502 0.0834906608508211 0.11454630824675924
0 0.30031744770001534 0.5707534533542957 0.08364107401786944 0.09493787571537074
0 0.31743872417958313 0.5180243177824994 0.08070875559986809 0.08824734655695066
0 0.25290055236504644 0.49988066611180204 0.09206203978598464 0.14114495842966115
0 0.485 0.7485955056179775 0.09 0.15823970037453183
0 0.4955263157894737 0.6661985018726592 0.06894736842105263 0.10205992509363296
0 0.5094736842105263 0.7607677902621723 0.04105263157894737 0.11142322097378277
0 0.5242105263157895 0.5299625468164794 0.011578947368421053 0.10112359550561797
0 0.4659886651557191 0.50753240583188 0.07812013943401865 0.08904745410265055
0 0.41450093769249513 0.4681628818302034 0.07119210860782269 0.08682061761660113
0 0.08757824464019025 0.46967308789619233 0.061836550330607754 0.1003479176760283
0 0.4778037775272991 0.433126457843288 0.07819530258581094 0.10212882392639723
0 0.12163310687850407 0.5113461717591714 0.055746337175764174 0.09349392206683013
0 0.3771052631578947 0.41807116104868913 0.08052631578947368 0.07771535580524344
0 0.6338248167802188 0.5415091125810901 0.054360678892446807 0.12051125807694928
0 0.6320846069700401 0.46500253044849194 0.060826881533179354 0.10122975844711718
0 0.6576270229446505 0.45760865652016913 0.050171677399148636 0.09787588151381174
0 0.8574287001077786 0.6518351839313957 0.049795687913259536 0.12401137675284217
0 0.8871172416576318 0.668513435206832 0.04165393679328621 0.10677602245009
0 0.9325363242202352 0.7600399622025813 0.05571413680549085 0.08134888183109837
0 0.966940487074983 0.9142546951325039 0.05151437290094691 0.06992221591567746
0 0.9821052631578947 0.9419475655430711 0.035789473684210524 0.07303370786516854
0 0.9610526315789474 0.9630149812734082 0.05368421052631579 0.07397003745318352
0 0.9873684210526316 0.8773408239700374 0.02526315789473684 0.09363295880149813
0 0.9894736842105263 0.7045880149812734 0.021052631578947368 0.08707865168539326
0 0.9857894736842105 0.651685393258427 0.028421052631578948 0.06367041198501873
0 0.9187767768151999 0.682287342288603 0.042201777405250954 0.0843858455631194
0 0.9609249593228817 0.6562858739341045 0.04888279395357873 0.06978599387336219
0 0.943153642756247 0.6030276675550623 0.03122439584155975 0.051123910630260554
0 0.8178947368421052 0.40402621722846443 0.05052631578947368 0.04962546816479401
0 0.5826315789473684 0.40215355805243447 0.04842105263157895 0.04588014981273408
0 0.7899205414358808 0.6011515741521096 0.05221253981649673 0.07369477867620022
0 0.7628528164221502 0.5731283901866414 0.041858075153099174 0.07689520885899954
0 0.7968591609463949 0.5185911039560132 0.040708755599868085 0.08617677151376041
0 0.822750703810512 0.5321965347368699 0.04540263492361215 0.08548564160191269
0 0.8474983951904844 0.5878959303657061 0.05076248079263271 0.07642203421485601
0 0.8266284640123224 0.6422202711787662 0.05241659131284618 0.08958513726399185
0 0.9708762244501534 0.4451299296324947 0.03866798004598374 0.06458670217248974
0 0.9576315789473684 0.40262172284644193 0.03105263157894737 0.04681647940074907
0 0.9936842105263158 0.5098314606741573 0.01263157894736842 0.08707865168539326
0 0.9815637158179211 0.47540218464233946 0.036186814265663426 0.04484204759878598