0 0.005932203389830509 0.44466800804828976 0.011864406779661017 0.09054325955734406
0 0.018926553672316385 0.460261569416499 0.03785310734463277 0.1096579476861167
0 0.03248587570621469 0.5150905432595574 0.06497175141242938 0.08853118712273642
0 0.0706313814488966 0.43590927096315474 0.06634742244375817 0.1343878274890424
0 0.09611519805715671 0.48473581672265603 0.05179626164513793 0.13990661264576318
0 0.15982158940350863 0.4557013538369197 0.049227883115981315 0.15269210878525008
0 0.18155864893428755 0.39972434818554575 0.08870954152065028 0.124659190365098
0 0.18619858656044036 0.33444422279161695 0.08194243330270172 0.09584563197257312
0 0.2491606547956252 0.3680819412075458 0.06839028771810327 0.12355580884707046
0 0.3094153397137509 0.3642912373034092 0.0832571164895302 0.13413360316721085
0 0.29289216610943614 0.4705064977395164 0.08282307302692098 0.11200080638652675
0 0.420988296043355 0.4185323842089592 0.06304368537778514 0.16717685810042082
0 0.436550124805198 0.363922906684175 0.07304816646750557 0.13106682186493765
0 0.45674023844399286 0.31531538785130214 0.07189131726708065 0.10082714040873025
0 0.4440472032357141 0.2718313730455983 0.07553045155416076 0.08514072549151694
0 0.5319209039548023 0.3028169014084507 0.05593220338983051 0.11066398390342053
0 0.5307909604519774 0.24446680080482897 0.05819209039548023 0.09456740442655935
0 0.5415254237288135 0.477364185110664 0.03672316384180791 0.09959758551307847
0 0.5477401129943503 0.03822937625754527 0.024293785310734464 0.07645875251509054
0 0.3802313889993621 0.09403253972639482 0.05727559237385825 0.16055469142567252
0 0.3409604519774011 0.03822937625754527 0.06271186440677966 0.07645875251509054
0 0.5259887005649717 0.1579476861167002 0.06779661016949153 0.11871227364185111
0 0.2980306993182522 0.21502197119470726 0.07467671752754189 0.09910804265958541
0 0.2879311482371313 0.10253162195468733 0.04943772839798613 0.13464205181087383
0 0.25325802611896825 0.11700738776641878 0.04978567841809388 0.12363424835762436
0 0.23728813559322035 0.04476861167002012 0.05875706214689266 0.08953722334004025
0 0.15734463276836158 0.017605633802816902 0.04124293785310734 0.035211267605633804
0 0.1745951243340379 0.08776522841572183 0.049943512404497264 0.13168253809605496
0 0.20621202503978264 0.16182561087009217 0.04641557715791982 0.12428871495237293
0 0.23217203178210333 0.2061835885888188 0.06965115950973119 0.10159879687766399
0 0.17442384947338258 0.22278412495762334 0.04988970100929676 0.07143755493201062
0 0.14446420562487333 0.23323078475677414 0.04184916820071968 0.09269142765630668
0 0.11101608502638736 0.23829569384685056 0.03828177445754127 0.083285532078017
0 0.0653573957531835 0.18135281051674124 0.04587571100450852 0.06800928172045143
0 0.06537173667723496 0.08145728917483477 0.05272173621565877 0.1008469849821917
0 0.08135593220338982 0.008048289738430584 0.03389830508474576 0.01609657947686117
0 0.05 0.014587525150905433 0.03785310734463277 0.029175050301810865
0 0.024020287958475287 0.07164665957190838 0.03859744243034803 0.09938211155487818
0 0.020605351851999507 0.1275159282441822 0.03926106042326258 0.10447088757848975
0 0.044467793849523235 0.23741770857375397 0.041671604966015845 0.08363710170057227
0 0.08782623757067703 0.24894247478245995 0.03753923947142507 0.07417261118519014
0 0.037631645237071375 0.36321145549200873 0.050225098230403976 0.0885401706261755
0 0.00903954802259887 0.39738430583501005 0.01807909604519774 0.08048289738430583
0 0.008192090395480226 0.15090543259557343 0.01638418079096045 0.07042253521126761
0 0.9336158192090396 0.53420523138833 0.07853107344632769 0.05030181086519115
0 0.9065904809566887 0.3747589476862208 0.06490181096812649 0.11817405813799607
0 0.7129002282390777 0.3451328376676401 0.052531620181954335 0.11990307817387187
0 0.6648614883453707 0.3537044594798295 0.050816975679416655 0.1187212571452902
0 0.6092503412525958 0.4649016977437397 0.09178370405631815 0.10891418051079209
0 0.6005649717514124 0.522635814889336 0.07005649717514124 0.07344064386317907
0 0.5986512825644641 0.34131565264483144 0.06676711300776782 0.09828771354028995
0 0.7897507273552197 0.2532062277703188 0.07549816950685978 0.11224510842162758
0 0.853749469201428 0.22470408046178064 0.061393604969849434 0.11178627121161798
0 0.8820303388193504 0.20052944438629688 0.06209668145936485 0.11888711966983732
0 0.5850282485875706 0.27565392354124746 0.05028248587570622 0.08853118712273642
0 0.6970227195298797 0.2255173036442199 0.05931845764820341 0.14972267278370058
0 0.594632768361582 0.039738430583501 0.04576271186440678 0.079476861167002
0 0.6350282485875707 0.029678068410462777 0.0576271186440678 0.059356136820925554
0 0.6488700564971751 0.01659959758551308 0.06271186440677966 0.03319919517102616
0 0.7211864406779661 0.009054325955734407 0.05819209039548023 0.018108651911468814
0 0.733797882692741 0.0450991957710849 0.05421218253759203 0.06184595225571271
0 0.9234463276836158 0.02464788732394366 0.05706214689265537 0.04929577464788732
0 0.6299121447764536 0.19596728617796433 0.050264556727004826 0.09055224306078326
0 0.5898305084745763 0.17806841046277666 0.059887005649717516 0.08450704225352113
0 0.6474908331648409 0.1435749633676116 0.056617350730644535 0.09823904088992796
0 0.9929378531073446 0.03169014084507042 0.014124293785310734 0.06338028169014084
0 0.15743793858380742 0.9200305774648928 0.06490181096812649 0.11817405813799607
0 0.04059818498233821 0.7984778575489908 0.07549816950685978 0.11224510842162758
0 0.10459692682854661 0.7699757102404526 0.061393604969849434 0.11178627121161798
0 0.13287779644646908 0.7458010741649689 0.06209668145936485 0.11888711966983732
0 0.005649717514124294 0.5900402414486922 0.011299435028248588 0.0613682092555332
0 0.17429378531073447 0.5769617706237424 0.05706214689265537 0.035211267605633804
0 0.39711240119703106 0.8650707363277528 0.0415209474289122 0.10470526732686009
0 0.3643144457426596 0.86016317565043 0.05287957020206196 0.10889527472062228
0 0.43161154830514037 0.8560988722426462 0.062326255989670135 0.1018430989127648
0 0.5267823827205343 0.8358496275607168 0.03777599045103008 0.08624504579283601
0 0.4299184092014057 0.6260095531655335 0.045994086494311186 0.07404549902427436
0 0.35241505676629914 0.7565220700863206 0.06974262930193335 0.07751252259946481
0 0.5123917321086199 0.6626748331284587 0.0336436249564393 0.07678055527745387
0 0.48130394485688477 0.7593476329302755 0.039996418960079015 0.08446735310659846
0 0.4533396432615685 0.8427905134210459 0.03895794524945644 0.060263888954214015
0 0.5011057619037196 0.8346926122489621 0.04379338723356264 0.07682922792781562
0 0.26101694915254237 0.5840040241448692 0.04858757062146893 0.04929577464788732
0 0.2887005649717514 0.5850100603621731 0.04293785310734463 0.05130784708249497
0 0.31518968516808166 0.6121027085011405 0.05723433377765834 0.07219928911421362
0 0.755312580066159 0.8982295057333026 0.06471169493442212 0.13723015132967625
0 0.7447556680494785 0.7480420958129356 0.0648695289208255 0.14527844106810683
0 0.6906869785742383 0.79413995463756 0.07597167146606992 0.13638997763691932
0 0.6731091782611023 0.7315755103149952 0.054088430698088635 0.11303660946402251
0 0.6313559322033898 0.6061368209255533 0.0480225988700565 0.09356136820925554
0 0.6045978268783462 0.6305969214201681 0.06229397394236902 0.12894748184287555
0 0.735593220338983 0.6182092555331992 0.05536723163841808 0.11770623742454728
0 0.7019774011299436 0.5930583501006036 0.05819209039548023 0.06740442655935613
0 0.9078199587762672 0.6535110947917788 0.06626132900125675 0.10124722725510872
0 0.9081920903954802 0.5789738430583501 0.05254237288135593 0.039235412474849095
0 0.992090395480226 0.7469818913480886 0.015819209039548022 0.0875251509054326