0 0.011945392491467578 0.5561740890688259 0.023890784982935155 0.1346153846153846
0 0.1810156090541532 0.5137687188611443 0.05946481024187054 0.1637898145212534
0 0.2232650739476678 0.5632591093117408 0.07679180887372014 0.17307692307692307
0 0.2755870099268503 0.5303281547758384 0.05747695501999642 0.14640648445808543
0 0.37485779294653016 0.6153846153846154 0.02957906712172924 0.06882591093117409
0 0.35238907849829354 0.590080971659919 0.07110352673492605 0.1194331983805668
0 0.33742596168557815 0.548759041732561 0.04910566681403941 0.08592352516951278
0 0.3187103713127715 0.5192689483712648 0.05115972687832178 0.10735543822863218
0 0.19795279926204284 0.3822392119681844 0.06825158866250093 0.1455022577191479
0 0.15416434592533326 0.3700485415344331 0.06286731536795248 0.12877736874421886
0 0.01877133105802048 0.3395748987854251 0.03754266211604096 0.17510121457489877
0 0.04947293920372534 0.3443992867237114 0.065258486697685 0.13609819209429969
0 0.08372457756411235 0.31347535411675903 0.06556249554193039 0.11996281088728555
0 0.11699579599746049 0.2922847076787742 0.07654183076506803 0.09685032844740675
0 0.11524051269882599 0.23721119052412334 0.08258377537991388 0.08434089225527085
0 0.06154065359535255 0.12415465858056915 0.05094456114049465 0.09419754349179008
0 0.07309442548350398 0.04402834008097166 0.05745164960182025 0.08805668016194332
0 0.1802767894007299 0.1027246344902589 0.055158075586080026 0.10878023941516037
0 0.13111490329920364 0.035931174089068825 0.05062571103526735 0.07186234817813765
0 0.17207053469852104 0.016194331983805668 0.03924914675767918 0.032388663967611336
0 0.19823663253697382 0.004554655870445344 0.04379977246871445 0.009109311740890687
0 0.24488054607508533 0.012651821862348178 0.04607508532423208 0.025303643724696356
0 0.2753128555176337 0.018218623481781375 0.03981797497155859 0.03643724696356275
0 0.31513083048919227 0.022267206477732792 0.053469852104664393 0.044534412955465584
0 0.33112689247439064 0.07644567288774819 0.06354153789885227 0.1005551893261419
0 0.3705915813424346 0.01062753036437247 0.03811149032992037 0.02125506072874494
0 0.36006825938566556 0.20850202429149797 0.05915813424345848 0.08502024291497975
0 0.3228070700795963 0.24712962599064764 0.07699480050473255 0.08982425898128318
0 0.3100624660029029 0.3214484139491644 0.04948025760448045 0.14355688208502906
0 0.27516837395573757 0.2956627092244013 0.048177089070700625 0.13331752304156747
0 0.23962488619357544 0.29985320564836276 0.049844384237726976 0.16582408856276185
0 0.21128886981662529 0.27440171273948544 0.06021132466858619 0.1052622134103322
0 0.17634731268954698 0.28055754988463116 0.040821511764880185 0.1002214497524584
0 0.19726544541978225 0.20082931979219254 0.08107590526550117 0.09630978891275069
0 0.3649032992036405 0.35526315789473684 0.04948805460750853 0.0931174089068826
0 0.3774175199089875 0.2940283400809717 0.024459613196814563 0.07995951417004049
0 0.27428021703435784 0.06712908894368275 0.04089380366069605 0.06991602805961418
0 0.23697535892015403 0.05071797445537195 0.03886675896421006 0.0848624111872661
0 0.23827767247912374 0.11293546262972926 0.0478521519120657 0.0787206033730148
0 0.031569965870307165 0.0298582995951417 0.040386803185438 0.0597165991902834
0 0.008248009101251423 0.03390688259109312 0.016496018202502846 0.06781376518218624
0 0.5753697383390216 0.6153846153846154 0.06541524459613197 0.06882591093117409
0 0.453026121684128 0.496549693981348 0.05759890054761879 0.11913750001220477
0 0.5597327753679439 0.3841049961037854 0.06735173623657924 0.12520039196259927
0 0.6441292846813266 0.3707961498798051 0.07334402721961897 0.10965451852349993
0 0.8457131602614414 0.4852553601042695 0.059692150086513164 0.10823969988050425
0 0.96740758566081 0.5750434668490402 0.05622344011802297 0.13920356266158762
0 0.9277588168373151 0.5890688259109311 0.051194539249146756 0.1214574898785425
0 0.4075654152445961 0.38309716599190285 0.03583617747440273 0.10222672064777327
0 0.39590443686006827 0.33451417004048584 0.012514220705346985 0.09210526315789473
0 0.4138225255972696 0.28795546558704455 0.04835039817974972 0.0860323886639676
0 0.4237440191486908 0.23902207067029466 0.05506485537587488 0.0683533602324376
0 0.45360312327357266 0.16597119665499693 0.038364135592739095 0.08885204340642602
0 0.4499645240952742 0.11768295458753736 0.049475880500693424 0.07383672695844999
0 0.4935513193780547 0.13496382915462363 0.03858538838397416 0.0676559334544726
0 0.5642775881683731 0.030364372469635626 0.06257110352673492 0.06072874493927125
0 0.823947667804323 0.020748987854251014 0.055176336746302616 0.04149797570850203
0 0.8732419635906662 0.06063620652943751 0.061940447574233906 0.07209720680089901
0 0.9607948984229926 0.031285396535396574 0.04353933020286783 0.05806503295571738
0 0.9299697370297806 0.08010372335177722 0.041799743140025096 0.055863889127367214
0 0.9889078498293515 0.025809716599190284 0.02218430034129693 0.05161943319838057
0 0.9812286689419796 0.07338056680161943 0.03754266211604096 0.05566801619433198
0 0.9891922639362912 0.36538461538461536 0.02161547212741752 0.0931174089068826
0 0.905326452796458 0.5069584874151215 0.05140799503735368 0.12253762446344998
0 0.9435041479687869 0.5070573683660438 0.04614566727042748 0.07854375104264029
0 0.943858665419649 0.44162659061434834 0.04497490842146441 0.07640155799108175
0 0.9175135477912768 0.4159687699867008 0.056798355385309744 0.1049085087495834
0 0.8598031658732302 0.3712565602164562 0.03896606622782282 0.09093528568119325
0 0.8961502423244049 0.3639412003803439 0.04067255086946105 0.0911121380115676
0 0.8672876307348909 0.288865090382666 0.05828967428912058 0.09192746634311576
0 0.9573558709764655 0.273954590641783 0.04575890237317146 0.08961840350471527
0 0.8291160226159696 0.2542943031893653 0.07316196390299583 0.09852091528463354
0 0.9236151315928507 0.30127706235048646 0.05492635863765051 0.0946101989293304
0 0.6351952553148977 0.2774329553222239 0.0621887157332658 0.08727939303571682
0 0.6736882784634769 0.2445486732658536 0.06448057979938557 0.08852734189187055
0 0.7100061509949614 0.1657591365725146 0.04708470917096103 0.06651590360836908
0 0.6315100460314965 0.20887232288661148 0.04843753133654724 0.07979169989879413
0 0.6834088667060434 0.19436901506930027 0.04940967565828505 0.06978814396249863
0 0.51538766792417 0.30302946396206853 0.06116691777972175 0.09424651172504886
0 0.18344709897610922 0.979251012145749 0.062002275312855515 0.04149797570850203
0 0.36888509670079633 0.9878542510121457 0.04152445961319681 0.024291497975708502
0 0.2375195647776017 0.9582254844609709 0.06421576042975154 0.07233300990806488
0 0.1886155560174915 0.8771154856590918 0.055865400538183806 0.0825823514950592
0 0.07565415244596133 0.680668016194332 0.05233219567690557 0.06174089068825911
0 0.12599544937428897 0.6659919028340081 0.04379977246871445 0.032388663967611336
0 0.15699658703071673 0.6781376518218624 0.05233219567690557 0.05668016194331984
0 0.1823094425483504 0.6710526315789473 0.04948805460750853 0.04251012145748988
0 0.222127417519909 0.6867408906882592 0.0540386803185438 0.07388663967611336
0 0.2092636372994956 0.7634508975871643 0.0561467711184197 0.09978882922785272
0 0.24543607106453785 0.7977219396247414 0.05870345455417323 0.11723111006781212
0 0.2821751444915661 0.7969560517686544 0.05201601272584496 0.0902668620494217
0 0.34257461953018303 0.8667361021564294 0.03241103408431104 0.07206820365470556
0 0.31550562573910473 0.8664998268070613 0.03760715700882874 0.11201349407956385
0 0.3437828579041374 0.9406227418325428 0.05691421385952463 0.11199352899249838
0 0.3873720136518771 0.9544534412955465 0.004550625711035267 0.06882591093117409
0 0.255013785465093 0.7039610634449188 0.0363928315814669 0.07248085909224589
0 0.41552901023890787 0.694838056680162 0.051763367463026164 0.09008097165991903
0 0.6043799772468714 0.6862348178137652 0.044937428896473265 0.0728744939271255
0 0.9550625711035268 0.9802631578947368 0.04436860068259386 0.039473684210526314
0 0.9479899024144969 0.9497320535734335 0.04335117983283682 0.08128543440564656
0 0.9050712426092083 0.9384651027234828 0.04498537257865892 0.11176770842886524
0 0.8518202502844141 0.9407894736842105 0.05631399317406143 0.11842105263157894
0 0.815481653898012 0.8955359178300794 0.05164579903919081 0.10235366026048455
0 0.7494744642217178 0.796428124838286 0.06170264357239703 0.09228117100386468
0 0.7375856673902743 0.7140166899174304 0.06795975392507052 0.09292962954857088
0 0.6726534514283076 0.7329123028479092 0.06594926043918639 0.10888815842521068
0 0.6840159271899886 0.6715587044534413 0.052901023890784986 0.043522267206477734
0 0.75 0.6776315789473685 0.06427758816837315 0.05566801619433198
0 0.8387948564594936 0.7532070195141388 0.06210595968025517 0.08221866429077755
0 0.8819827127382028 0.8506242605816401 0.06938486798647259 0.07590000414615182
0 0.8744381300875413 0.8944952411771003 0.05394375015871793 0.0692476044278424
0 0.8592150170648464 0.6831983805668016 0.04379977246871445 0.06680161943319839
0 0.8924807292767958 0.7086096089945201 0.03224552197829004 0.06194674616482702
0 0.8836746302616609 0.6659919028340081 0.03811149032992037 0.032388663967611336