0 0.524894153684316 0.6531215341227887 0.08705962907620458 0.12115590791272897
0 0.4886274336400505 0.5221364220424561 0.05907910479589879 0.08389406331517732
0 0.45771001150747986 0.009221311475409836 0.06501726121979287 0.018442622950819672
0 0.5529344073647872 0.01639344262295082 0.05638665132336018 0.03278688524590164
0 0.34350382632706344 0.09515390059312727 0.05735298281661226 0.08380462572837859
0 0.48676639815880324 0.0353483606557377 0.05868814729574223 0.0706967213114754
0 0.5791139240506329 0.13165983606557377 0.040851553509781355 0.08094262295081968
0 0.5376334422398553 0.11587459578970374 0.05580025771407144 0.0683761482114964
0 0.5043807573612085 0.07809737609847106 0.04904395461325957 0.09565251976159812
0 0.5805523590333717 0.03381147540983607 0.0379746835443038 0.06762295081967214
0 0.5710161534555884 0.048482261032993225 0.04401218707772215 0.0790205769071841
0 0.5379187496153849 0.04968418636466809 0.04762522188283535 0.08534699306438806
0 0.5126582278481012 0.02151639344262295 0.04142692750287687 0.0430327868852459
0 0.28704859240363273 0.05139705091166982 0.04329021468230445 0.09535439447226907
0 0.18153049482163405 0.6798155737704918 0.07767548906789414 0.09938524590163934
0 0.19595754990451314 0.5778270295381143 0.08151869052662376 0.08505675194356062
0 0.20895234509691823 0.6340955330578169 0.09120704695577195 0.1039763753573067
0 0.3146051429761476 0.3890551929016783 0.08169367381738157 0.11371546400479163
0 0.4672352827509617 0.25495140739692634 0.09142143475115862 0.11217309666878222
0 0.5698221202116299 0.33325321945879005 0.05825152491679986 0.14012727221583904
0 0.5381631513541651 0.3343806134681327 0.0460882756385243 0.13642743861644496
0 0.2076580436135914 0.1770890832397713 0.06571560796881161 0.07400591202302798
0 0.20609112606683264 0.1392090597031304 0.06730773757598155 0.06897239879015452
0 0.12097517959332575 0.12309969817757901 0.05779436443759117 0.0787114874376394
0 0.11663082447250578 0.6178465330619596 0.06348190138949404 0.0984470133127898
0 0.1466779188295403 0.4449512239489361 0.07822723741459069 0.09102541775356972
0 0.2485467072888754 0.4627574975452693 0.053580743578971544 0.11532842057888254
0 0.18369653993072524 0.4615007513125162 0.06004226346112655 0.0767815572255022
0 0.2206757138863353 0.31133078306975537 0.059895665058804365 0.09314518731952008
0 0.27384579771283574 0.35064094592263895 0.08685784731102338 0.09147260568756331
0 0.1719588934151984 0.38721248233716254 0.05693839967005674 0.08992235418305228
0 0.00805523590333717 0.6690573770491803 0.01611047180667434 0.11270491803278689
0 0.023590333716915997 0.6260245901639344 0.047180667433831994 0.13729508196721313
0 0.062135802576062715 0.5719361592013682 0.07535036744911316 0.0908763551089052
0 0.06150841804813274 0.6140337935094784 0.08485113455729798 0.10262384737511052
0 0.06316282724027034 0.6662729856056677 0.07114935262069903 0.10600670733645838
0 0.00863060989643268 0.4682377049180328 0.01726121979286536 0.10860655737704918
0 0.029344073647871116 0.36526639344262296 0.05868814729574223 0.09733606557377049
0 0.05302824466621477 0.14662689731731612 0.03878022419101594 0.07670308381891906
0 0.09973835238362626 0.08213493996891924 0.05072908567390503 0.07220619610683797
0 0.0798154436276761 0.11343360084656942 0.04905656064346516 0.07416593884790809
0 0.010356731875719217 0.17827868852459017 0.020713463751438434 0.07377049180327869
0 0.8135088277867554 0.5607777112786396 0.061128394882277545 0.1402763348605037
0 0.6924761704914444 0.6583610233249119 0.06114100091248307 0.11878975394681367
0 0.6614327306977642 0.4737543786372607 0.07069377855550237 0.08858867454957314
0 0.6972233385765665 0.38828265336703316 0.06737552696904596 0.09353275019564782
0 0.7206276693865313 0.42400521064028923 0.07278088673249776 0.08051120335382944
0 0.8290588686106121 0.41736095877250207 0.07333104866518222 0.12351417771014242
0 0.782729449343224 0.46336557437667986 0.06528841879205058 0.10161022139139163
0 0.7323653159020582 0.498293479615643 0.0642322586733473 0.12713553790295373
0 0.6916351487341879 0.5270793259611071 0.06974481233449242 0.11821235171687271
0 0.6532403722352319 0.5680559104225195 0.07076156794856678 0.11314902595506644
0 0.885829338571074 0.2969448819929881 0.05392912374647481 0.12864809271003008
0 0.760644418872267 0.03227459016393443 0.05753739930955121 0.06454918032786885
0 0.9211737629459148 0.01639344262295082 0.05753739930955121 0.03278688524590164
0 0.8535397697167089 0.06469479468238609 0.05495848539075469 0.10209818603453379
0 0.9184167355492822 0.06697613107907356 0.061073211519418656 0.09422940254132031
0 0.8842623783833692 0.07182374704238471 0.05633622720253796 0.08886795149018492
0 0.6717491369390104 0.0117827868852459 0.03624856156501726 0.0235655737704918
0 0.7203682393555811 0.028688524590163935 0.05638665132336018 0.05737704918032787
0 0.6993670886075949 0.014344262295081968 0.051208285385500575 0.028688524590163935
0 0.6093210586881473 0.02151639344262295 0.019562715765247412 0.040983606557377046
0 0.9861910241657077 0.21721311475409835 0.02761795166858458 0.10245901639344263
0 0.6188147295742232 0.1444672131147541 0.03855005753739931 0.08401639344262295
0 0.7522613409016932 0.09148800574613335 0.04765202035725855 0.08637158322832249
0 0.8147099572528226 0.2872921509205879 0.04723743721070304 0.09248931168299611
0 0.8429308745959322 0.3089144282203331 0.06384288758720288 0.09028010453024708
0 0.8171335901331759 0.14865944723564486 0.05586804710713578 0.0929364996169897
0 0.6196777905638665 0.27459016393442626 0.04027617951668585 0.07377049180327869
0 0.6505896602473945 0.34555587593961795 0.04783960967822188 0.09354371437586347
0 0.6090333716915995 0.4088114754098361 0.0189873417721519 0.07581967213114754
0 0.6150747986191024 0.3483606557377049 0.031070195627157654 0.09016393442622951
0 0.780164642586753 0.21110770634628068 0.05107746584140829 0.08552586823798551
0 0.6415420023014959 0.022540983606557378 0.04142692750287687 0.045081967213114756
0 0.6599539700805523 0.028688524590163935 0.039125431530494824 0.05737704918032787
0 0.7462546445186745 0.31341063799909397 0.0618361748334775 0.10143134621779429
0 0.7779018005529399 0.3558879510148303 0.06714853314345377 0.10682260979786243
0 0.6121979286536249 0.6337090163934426 0.02531645569620253 0.11168032786885246
0 0.6542002301495973 0.7095286885245902 0.05063291139240506 0.039959016393442626
0 0.630897583429229 0.6905737704918032 0.05581127733026467 0.0778688524590164
0 0.6248601651777026 0.20992087141828894 0.04451977167775325 0.05449003803062367
0 0.022727272727272728 0.8734631147540983 0.045454545454545456 0.09528688524590163
0 0.019275028768699656 0.8145491803278688 0.03855005753739931 0.07581967213114754
0 0.0694973230495797 0.826966408283311 0.05022150107387386 0.09673673498339841
0 0.04574223245109321 0.9815573770491803 0.08342922899884925 0.036885245901639344
0 0.13204758084935994 0.8724594067388417 0.062316960959085205 0.07587621717729937
0 0.22243881810828647 0.7928794138778973 0.0493119393574929 0.10589842140094241
0 0.23532796317606444 0.7535860655737705 0.03682393555811277 0.04815573770491803
0 0.2718642117376295 0.757172131147541 0.06271576524741082 0.055327868852459015
0 0.18645193827239973 0.8157766078257924 0.04745182500608963 0.10068603299447154
0 0.30917607228440486 0.8709764803214814 0.054517103769775775 0.107191324325273
0 0.3476323351613225 0.8653929753092062 0.05106485981120283 0.10701244915167554
0 0.36911898863600706 0.7837403337541047 0.03499379250915735 0.08571570759179857
0 0.32537399309551207 0.7607581967213115 0.0523590333716916 0.0625
0 0.2681242807825086 0.9713114754098361 0.06098964326812428 0.05737704918032787
0 0.3575949367088608 0.9600409836065574 0.07767548906789414 0.07991803278688525
0 0.4350820858897316 0.8495760728436594 0.0636694907104573 0.10561914446033065
0 0.5005753739930955 0.9620901639344263 0.05523590333716916 0.07581967213114754
0 0.522439585730725 0.7505122950819673 0.04372842347525892 0.042008196721311473
0 0.561381393975287 0.7881421176500627 0.047316246219960945 0.05156533018348492
0 0.4908153474177444 0.9097859902059335 0.044667956494087724 0.08212415992792024
0 0.5914844649021864 0.8514344262295082 0.01611047180667434 0.06557377049180328
0 0.4243383199079402 0.7592213114754098 0.07537399309551208 0.05942622950819672
0 0.150465058436513 0.8386738017736878 0.053659552588229256 0.07440443907937135
0 0.9577100115074798 0.9421106557377049 0.07882623705408516 0.11577868852459017
0 0.6841196777905638 0.9436475409836066 0.08745684695051784 0.11270491803278689
0 0.7451093210586881 0.9595286885245902 0.09205983889528194 0.08094262295081968
0 0.8478278565523468 0.8617119900585293 0.09025966714877423 0.17759780451592097
0 0.8986759489471445 0.889343709877432 0.0795939596101806 0.14327951611422557
0 0.7604506118180928 0.8472587638946111 0.07365263035826208 0.13580925967735552
0 0.6959291223751316 0.8695824976968163 0.062145150496351845 0.1352130090986974
0 0.7289729292664886 0.8663313920372726 0.05426331146976026 0.11945659376355318
0 0.6573987670900467 0.8613191292315103 0.07274306864188099 0.14497094609489952
0 0.6334867663981588 0.84375 0.06789413118527042 0.14651639344262296
0 0.7728258692707369 0.7917276894297296 0.08728662290179656 0.10786604831051413
0 0.7669735327963176 0.7592213114754098 0.08515535097813579 0.05942622950819672
0 0.9789988492520139 0.8186475409836066 0.04200230149597238 0.13319672131147542
0 0.9781357882623706 0.8965163934426229 0.04372842347525892 0.10860655737704918