0 0.5479632063074902 0.6839953271028038 0.040735873850197106 0.05023364485981308
0 0.44743758212877793 0.6904205607476636 0.05913272010512484 0.037383177570093455
0 0.37417871222076216 0.6705607476635514 0.049277266754270695 0.07710280373831775
0 0.37953031777200036 0.4799771695523732 0.06398447077506587 0.09182928267920096
0 0.4367653658215971 0.4297040684471983 0.0797531961364325 0.09231867702298266
0 0.33083635652130106 0.36325537018416576 0.07688604385066534 0.1529032091264573
0 0.5364651773981604 0.2786214953271028 0.06636005256241786 0.14369158878504673
0 0.5354796320630749 0.348714953271028 0.0683311432325887 0.11565420560747663
0 0.5545335085413929 0.38960280373831774 0.030223390275952694 0.13901869158878505
0 0.4769354852957961 0.09409151898698441 0.07680796961210026 0.13423201177240157
0 0.013140604467805518 0.10455607476635514 0.026281208935611037 0.1366822429906542
0 0.10549074889810686 0.18022924231953377 0.06684231181298807 0.09775196989849182
0 0.11368771463822688 0.2728860077035384 0.07879287410145043 0.1179584373094493
0 0.16719438943958456 0.30905130901370914 0.08114533082177829 0.11103065723902039
0 0.11241284436331694 0.3471192292716698 0.059003893161177004 0.09867549702566625
0 0.048834656833335266 0.24923471507173725 0.06862962636767006 0.09314024699520274
0 0.013469119579500657 0.2850467289719626 0.026938239159001315 0.10981308411214953
0 0.042004908583633725 0.3308982631358667 0.04943791780273538 0.08904422259927017
0 0.16101942012760614 0.41588265808522246 0.06412230286168254 0.09533395557639722
0 0.22208884940754164 0.460470226660742 0.07717101927174363 0.0934053355980846
0 0.15115721291975037 0.49101901534953746 0.06384663868844928 0.0883246097820047
0 0.022996057818659658 0.6501168224299065 0.045992115637319315 0.07593457943925233
0 0.06864737505098499 0.6487003383265548 0.05554877974791605 0.0775658939185252
0 0.09692024233294773 0.5905104727478918 0.04188897714333684 0.08064234676491223
0 0.13257914794017708 0.637233531977925 0.04514199805059524 0.06324133086487642
0 0.2726253804896399 0.6474282239898111 0.04321685140929666 0.0643483808709691
0 0.17049934296977662 0.6839953271028038 0.049277266754270695 0.05023364485981308
0 0.16164687753214677 0.5755593849330568 0.05264499468112161 0.07047498240016892
0 0.20912782458906673 0.6729443090737122 0.036844139110062006 0.05248261500139666
0 0.22963206307490144 0.6927570093457944 0.04533508541392904 0.03271028037383177
0 0.9773324572930355 0.09228971962616822 0.04533508541392904 0.18457943925233644
0 0.7667542706964521 0.09521028037383178 0.09986859395532194 0.19042056074766356
0 0.6231931668856767 0.0455607476635514 0.10709592641261498 0.0911214953271028
0 0.9655059132720105 0.21144859813084113 0.06898817345597898 0.13551401869158877
0 0.8449093492805542 0.28699126834971517 0.09568257254626374 0.18032293664171653
0 0.7491943404194212 0.31209228546459444 0.10315343896709726 0.1700536151220186
0 0.7858824841049411 0.3828251171184415 0.10674188189564052 0.14449542055951586
0 0.8190120637859434 0.43531792783533363 0.07933038862873776 0.14831187765415937
0 0.8808739510376306 0.41793862998290865 0.09113861625924916 0.11484120160108038
0 0.926289208923204 0.2918562543907187 0.11621596919633771 0.1517902463877811
0 0.9865308804204993 0.31542056074766356 0.026938239159001315 0.13317757009345793
0 0.9503942181340341 0.34988317757009346 0.09921156373193167 0.11799065420560748
0 0.9717477003942181 0.4439252336448598 0.056504599211563734 0.14953271028037382
0 0.9717477003942181 0.584696261682243 0.056504599211563734 0.12032710280373832
0 0.9819316688567674 0.6822429906542056 0.03613666228646518 0.053738317757009345
0 0.9609067017082786 0.6921728971962616 0.07818659658344283 0.03387850467289719
0 0.7362023653088042 0.6945093457943925 0.09921156373193167 0.029205607476635514
0 0.6372673840656341 0.4232442678059921 0.0991514997787041 0.18509779099293286
0 0.7023019667003474 0.4673700728179245 0.09751583112981797 0.17687943803749304
0 0.7263939273549387 0.5154886184542149 0.09595373414816276 0.13715981186926887
0 0.7360702602142263 0.5538025625006865 0.11112518713419062 0.12246229032520009
0 0.7367618249855648 0.5947617829764443 0.1067235655051268 0.1106576987486004
0 0.5844283837056504 0.5268691588785047 0.02956636005256242 0.1308411214953271
0 0.592969776609724 0.4772196261682243 0.04664914586070959 0.12032710280373832
0 0.6097240473061761 0.4661214953271028 0.08015768725361366 0.14485981308411214
0 0.9096583442838371 0.6886682242990654 0.06373193166885677 0.04088785046728972
0 0.6649145860709592 0.6799065420560748 0.05519053876478318 0.05841121495327103
0 0.1688184955549586 0.9212031918241776 0.08687932928813623 0.1567137534885173
0 0.25098554533508544 0.9690420560747663 0.06307490144546649 0.06191588785046729
0 0.02923784494086728 0.969626168224299 0.05847568988173456 0.06074766355140187
0 0.012812089356110381 0.9339953271028038 0.025624178712220762 0.13200934579439252
0 0.7831831958824045 0.9016111205761873 0.08735258339603766 0.15206124772324647
0 0.80946123521682 0.9538551401869159 0.051248357424441525 0.09228971962616822
0 0.7522996057818659 0.9906542056074766 0.06044678055190539 0.018691588785046728
0 0.7158344283837057 0.9807242990654206 0.07555847568988174 0.038551401869158876
0 0.9888304862023654 0.9369158878504673 0.022339027595269383 0.1261682242990654
0 0.9572930354796321 0.9824766355140186 0.056504599211563734 0.035046728971962614