0 0.1353658536585366 0.06627086065300189 0.07317073170731707 0.10291716410816623
0 0.027134146341463414 0.2787418655097614 0.05426829268292683 0.14967462039045554
0 0.2841463414634146 0.32651189983490664 0.07926829268292683 0.12722027557849608
0 0.4557926829268293 0.14047095193293438 0.045121951219512194 0.12149161490213273
0 0.47591463414634144 0.17299349240780912 0.048170731707317074 0.12255965292841649
0 0.4850609756097561 0.2885032537960954 0.029878048780487804 0.09761388286334056
0 0.41341463414634144 0.3732996851317125 0.07134146341463414 0.10278458207704562
0 0.4527439024390244 0.41052060737527113 0.05914634146341463 0.0770065075921909
0 0.36646341463414633 0.39967462039045554 0.05731707317073171 0.09869848156182212
0 0.3179878048780488 0.4121475054229935 0.06280487804878049 0.0737527114967462
0 0.5091463414634146 0.18600867678958785 0.018292682926829267 0.10737527114967461
0 0.5088414634146341 0.4121475054229935 0.01768292682926829 0.0737527114967462
0 0.5387195121951219 0.4094360086767896 0.06280487804878049 0.07917570498915401
0 0.5716463414634146 0.4213665943600868 0.05304878048780488 0.055314533622559656
0 0.6051829268292683 0.40509761388286336 0.04695121951219512 0.0878524945770065
0 0.9307926829268293 0.39316702819956617 0.07621951219512195 0.11171366594360087
0 0.8298780487804878 0.4343817787418655 0.06707317073170732 0.02928416485900217
0 0.36067073170731706 0.4745119305856833 0.07865853658536585 0.0509761388286334
0 0.3826219512195122 0.5216919739696312 0.08841463414634146 0.14533622559652928
0 0.2893292682926829 0.5103036876355749 0.08353658536585366 0.12255965292841649
0 0.23079268292682928 0.5562452551899758 0.08231707317073171 0.11442606124858504
0 0.21615853658536585 0.4956616052060738 0.08475609756097562 0.09327548806941431
0 0.025609756097560974 0.6182212581344902 0.05121951219512195 0.13665943600867678
0 0.11615853658536586 0.5978283213699008 0.0701219512195122 0.14608014199556088
0 0.07652439024390244 0.5347604829298936 0.08597560975609755 0.11686042270778951
0 0.07317073170731707 0.6494848779118847 0.0774390243902439 0.15528725970789595
0 0.15945121951219512 0.6530268336335378 0.05975609756097561 0.14858263991465542
0 0.22378048780487805 0.6604007984741508 0.0774390243902439 0.13359528573826474
0 0.22378048780487805 0.7157153320967105 0.07195121951219512 0.0767984073238618
0 0.30853658536585366 0.6925741346796314 0.08292682926829269 0.15460040710277637
0 0.29085365853658535 0.7276265647779308 0.07560975609756097 0.12912430891321774
0 0.4228658536585366 0.6547650669392052 0.10609756097560975 0.16604116778330535
0 0.4847560975609756 0.6144251626898047 0.03048780487804878 0.17462039045553146
0 0.44908536585365855 0.7184875351987167 0.09268292682926829 0.12819254380671416
0 0.48079268292682925 0.7402386117136659 0.03841463414634146 0.09652928416485901
0 0.44359756097560976 0.7885887045066563 0.060365853658536583 0.10198908989032168
0 0.2838414634146341 0.9147539084959452 0.06280487804878049 0.09565827374092671
0 0.24054878048780487 0.890466459139033 0.054878048780487805 0.10918353468633066
0 0.22134146341463415 0.9506507592190889 0.06951219512195123 0.09869848156182212
0 0.24451219512195121 0.9745119305856833 0.06829268292682927 0.0509761388286334
0 0.014634146341463415 0.9040130151843818 0.02926829268292683 0.08134490238611713
0 0.1298780487804878 0.955531453362256 0.06219512195121951 0.08893709327548807
0 0.07164634146341463 0.762714956877274 0.06585365853658537 0.09587924379279428
0 0.016158536585365854 0.7396963123644251 0.03231707317073171 0.08459869848156182
0 0.028353658536585367 0.7234273318872018 0.056707317073170734 0.09978308026030369
0 0.4795731707317073 0.9772234273318872 0.04085365853658537 0.0455531453362256
0 0.0798780487804878 0.8625523569283798 0.057926829268292686 0.06927435289438068
0 0.08170731707317073 0.947825936790303 0.06402439024390244 0.09574666176167354
0 0.33658536585365856 0.9093576014561637 0.07134146341463414 0.08543100290134062
0 0.4 0.9307650583614769 0.07378048780487804 0.08669237764131633
0 0.4844512195121951 0.9452277657266811 0.031097560975609756 0.10954446854663774
0 0.3128048780487805 0.9907809110629068 0.06707317073170732 0.01843817787418655
0 0.2990853658536585 0.9592427066945464 0.056707317073170734 0.06484757007970736
0 0.3445121951219512 0.9723427331887202 0.04878048780487805 0.055314533622559656
0 0.375 0.9788503253796096 0.05609756097560976 0.04229934924078091
0 0.1 0.9864425162689805 0.054878048780487805 0.027114967462039046
0 0.4865853658536585 0.8969631236442517 0.026829268292682926 0.08893709327548807
0 0.6911585365853659 0.9273933954627798 0.07378048780487804 0.12031493729424475
0 0.6182926829268293 0.8483594997263947 0.06707317073170732 0.12416719797406209
0 0.5597560975609757 0.8771971350342217 0.06341463414634146 0.12390203391182074
0 0.6643292682926829 0.49837310195227763 0.0676829268292683 0.09869848156182212
0 0.7259146341463415 0.558437399824137 0.075 0.16378727325425435
0 0.7094512195121951 0.6678732287891705 0.07560975609756097 0.12044751932536549
0 0.7338414634146342 0.45932754880694143 0.0701219512195122 0.020607375271149676
0 0.6402439024390244 0.7599287921258727 0.05 0.10666078520637923
0 0.5292682926829269 0.7288503253796096 0.05853658536585366 0.15184381778741865
0 0.8158536585365853 0.6566046063759272 0.0774390243902439 0.14769506881852504
0 0.8256097560975609 0.7511294979605591 0.07073170731707316 0.10274038806667207
0 0.8417682926829269 0.8206303572397965 0.0475609756097561 0.09563802218006945
0 0.8829268292682927 0.5117913271265618 0.05 0.10991458130182391
0 0.8966463414634146 0.623414759605086 0.05731707317073171 0.11478330422023274
0 0.9768292682926829 0.4907809110629067 0.046341463414634146 0.08351409978308026
0 0.9710365853658537 0.5412147505422994 0.057926829268292686 0.1279826464208243
0 0.9182926829268293 0.4956616052060738 0.06585365853658537 0.09327548806941431
0 0.9064024390243902 0.7927769613849457 0.06341463414634146 0.11739444172093136
0 0.8161585365853659 0.9006614105394654 0.05609756097560976 0.10710272531011485
0 0.8655487804878049 0.8982758325380741 0.05426829268292683 0.11456233416836505
0 0.7405487804878049 0.8550512014093278 0.061585365853658536 0.1519690180412206
0 0.7582317073170731 0.8812785977752365 0.06524390243902439 0.13271140553079397
0 0.7902439024390244 0.9437940110855744 0.04573170731707317 0.10960522322920901
0 0.8942073170731707 0.982646420824295 0.04939024390243903 0.03470715835140998
0 0.9420731707317073 0.9842733188720173 0.06463414634146342 0.031453362255965296