0 0.38753687315634217 0.04199475065616798 0.08775811209439528 0.08398950131233596
0 0.5 0.062335958005249346 0.058997050147492625 0.12467191601049869
0 0.10177093027715077 0.08427699356244728 0.07761119316246616 0.13505210344337482
0 0.030973451327433628 0.07545931758530183 0.061946902654867256 0.15091863517060367
0 0.1269062950193742 0.2126809487053829 0.07260354649368458 0.14003415174039627
0 0.179624991694319 0.1400664193140042 0.09946140949830426 0.15190750215586424
0 0.24179437966985853 0.22583657585904335 0.12006859240914113 0.1765605464635281
0 0.32560455139094524 0.2963480852218717 0.10031168320348631 0.1807788932319797
0 0.36582972746833575 0.18705244830070702 0.10931897178073886 0.16159025985547154
0 0.42638264670144527 0.31794545509121314 0.09724902011777338 0.15179294692657866
0 0.2050632752027813 0.3287614583723243 0.08486987801655976 0.13149694633364406
0 0.1385547550521163 0.3331797247035767 0.08459306471108355 0.17210299087894973
0 0.055678466076696166 0.17125984251968504 0.11135693215339233 0.21128608923884515
0 0.014011799410029498 0.40813648293963256 0.022123893805309734 0.08136482939632546
0 0.045722713864306784 0.43241469816272965 0.08259587020648967 0.03280839895013123
0 0.07411504424778761 0.42782152230971127 0.0700589970501475 0.04199475065616798
0 0.11799410029498525 0.40551181102362205 0.08259587020648967 0.08661417322834646
0 0.16371681415929204 0.4363517060367454 0.07964601769911504 0.024934383202099737
0 0.16740412979351033 0.3989501312335958 0.084070796460177 0.09973753280839895
0 0.2182890855457227 0.41732283464566927 0.09587020648967552 0.06299212598425197
0 0.07313624102533087 0.31210290254479794 0.07085494277052563 0.15566762800717382
0 0.5058997050147492 0.33858267716535434 0.0471976401179941 0.12860892388451445
0 0.48093245784948085 0.3450111808935907 0.07687059419961792 0.1599101164926175
0 0.9727138643067846 0.307742782152231 0.05457227138643068 0.13517060367454067
0 0.5612094395280236 0.11548556430446194 0.06342182890855458 0.1994750656167979
0 0.5986978011517846 0.21684643456678188 0.09041233628026608 0.19467999770003835
0 0.669627964227507 0.23755347681977176 0.08844124723643504 0.12775086384177078
0 0.702915130701431 0.20520834796556053 0.10543841212261562 0.15483765468330266
0 0.5556784660766961 0.21391076115485563 0.05235988200589971 0.12860892388451445
0 0.7559753949473957 0.1941972384475715 0.08300219204305322 0.1680896128520769
0 0.7031710914454278 0.08727034120734908 0.10398230088495575 0.17454068241469817
0 0.8562077032369547 0.23476620209334628 0.07473863826465359 0.13752403505367133
0 0.9150825352980951 0.2836763965849529 0.08366235756033485 0.1655031260124951
0 0.7282448377581121 0.4311023622047244 0.08923303834808259 0.03543307086614173
0 0.5460914454277286 0.3799212598425197 0.033185840707964605 0.1010498687664042
0 0.023230088495575223 0.6496062992125984 0.046460176991150445 0.16010498687664043
0 0.030973451327433628 0.9612860892388452 0.061946902654867256 0.07742782152230972
0 0.1320674783756405 0.8502947648001596 0.06783406432559817 0.10309781953410678
0 0.0769426389098967 0.7661997024391967 0.06026305319725201 0.12105048710546676
0 0.25298952008488157 0.5682823349522064 0.09084060896886169 0.18421949511242489
0 0.5047935103244838 0.7795275590551181 0.049410029498525077 0.14435695538057744
0 0.4885693215339233 0.7598425196850394 0.08185840707964602 0.13385826771653545
0 0.38674139706341365 0.7344135422248315 0.07582707647053068 0.12447704562647575
0 0.43271219232279245 0.7702073988161038 0.08696318514674292 0.1525706918145851
0 0.4193125021172498 0.8402716539433888 0.05879126277956916 0.09607791882693864
0 0.40769849652164486 0.9084628678247372 0.07718605630987523 0.12061640790531707
0 0.305221421718783 0.816674616740329 0.07555339900105909 0.1401868920461102
0 0.6924778761061947 0.5032808398950132 0.10766961651917405 0.1089238845144357
0 0.6170680571393301 0.5617316218437787 0.10928032297595794 0.1602779238974663
0 0.7092640007251687 0.6169533206276862 0.074464960795182 0.1532338814733058
0 0.7505426114260231 0.6184355169286794 0.06200538524840182 0.15520940709003175
0 0.5512536873156342 0.6502624671916011 0.043510324483775814 0.1377952755905512
0 0.6032803109679752 0.6311206164538469 0.07780757302237577 0.11671758510772985
0 0.6347499250855527 0.6995771533692545 0.09193531884674838 0.12138010943388704
0 0.7783489380657796 0.6500129992524404 0.06926720593849993 0.1267580518546298
0 0.7901436443412712 0.6879682576638032 0.07372749766833833 0.15319569639687727
0 0.6246312684365781 0.963254593175853 0.05604719764011799 0.07349081364829396
0 0.6633480825958702 0.9704724409448819 0.05383480825958702 0.05905511811023622
0 0.8520680867577435 0.7154158342304656 0.08366862923234412 0.11571072976115253
0 0.8473654361595659 0.9182742241130663 0.07016240012047208 0.10714938263740781
0 0.9826696165191741 0.6456692913385826 0.03466076696165192 0.13385826771653545
0 0.9339390371814077 0.6200695852113441 0.08118256238234123 0.13130602095150154
0 0.9498670882641015 0.6608595334590741 0.07478042290543897 0.11394017288600523
0 0.8885066987393215 0.7775779868908466 0.07206246322675054 0.12166144832832292
0 0.9834070796460177 0.9730971128608924 0.033185840707964605 0.05380577427821522
0 0.6794139514271125 0.941025904603066 0.07237478950100305 0.1072639378666934
0 0.6965782548764353 0.8737772467739339 0.04866315886366769 0.07720880942129472
0 0.7537269434528119 0.9140808873856494 0.08898546633937375 0.12122736912817292
0 0.724188790560472 0.9625984251968503 0.0471976401179941 0.07480314960629922
0 0.8460529447150141 0.8612067024780521 0.059332346046503406 0.11445062223901198
0 0.5597345132743363 0.723753280839895 0.06047197640117994 0.1115485564304462
0 0.536504424778761 0.7434383202099738 0.014011799410029498 0.1167979002624672