0 0.3978711162255466 0.3171106557377049 0.06386651323360185 0.1096311475409836
0 0.4030494821634062 0.10399590163934426 0.053509781357882626 0.13012295081967212
0 0.40218642117376296 0.02663934426229508 0.05523590333716916 0.05327868852459016
0 0.370253164556962 0.02971311475409836 0.04660529344073648 0.05942622950819672
0 0.34810126582278483 0.013831967213114754 0.05293440736478711 0.027663934426229508
0 0.1760644418872267 0.03278688524590164 0.05178365937859609 0.06557377049180328
0 0.22784810126582278 0.03790983606557377 0.06214039125431531 0.07581967213114754
0 0.21490218642117376 0.018954918032786885 0.056962025316455694 0.03790983606557377
0 0.06581426396559271 0.17924762877289052 0.04928655935705895 0.11399564570200087
0 0.04675682764047479 0.2566120083526889 0.07487684831400347 0.10562844231101565
0 0.02313104922020109 0.17875097809642165 0.03214840245875882 0.09741607659404196
0 0.012952397755395454 0.08759289347381646 0.017399757150922963 0.10350273764253103
0 0.01380897583429229 0.016905737704918034 0.01726121979286536 0.03381147540983607
0 0.6234177215189873 0.5594262295081968 0.09723820483314154 0.040983606557377046
0 0.6236487082311244 0.4639559012664566 0.0888545155795887 0.20990527701770006
0 0.687990775278683 0.289355492714703 0.08922125766166054 0.18334943045533192
0 0.8550040709718687 0.3706739009681465 0.11989945033675868 0.17228419622221539
0 0.8705408515535098 0.5020491803278688 0.12313003452243959 0.1557377049180328
0 0.9620253164556962 0.5128073770491803 0.0759493670886076 0.13422131147540983
0 0.44591484464902187 0.20850409836065573 0.03222094361334868 0.10553278688524591
0 0.4462025316455696 0.1244877049180328 0.03279631760644419 0.1260245901639344
0 0.5637601170831531 0.26089220562329307 0.09104273506390081 0.14769751896744462
0 0.7963155262492517 0.25736621679415406 0.10118838842697263 0.14127686711924736
0 0.72819768611634 0.23509919289562545 0.08568344468662908 0.1411742383341662
0 0.6831799772968326 0.13568784254952085 0.08301276003055133 0.1869885537614708
0 0.6552454078592768 0.12693359062645912 0.07762576218166818 0.16001521869946728
0 0.6449689543698935 0.09122862140620354 0.08692465489252624 0.14433150652589666
0 0.7831141276560395 0.12227600167225915 0.11030146349517096 0.15829654249165118
0 0.752415964741076 0.17635574054890568 0.07851001671198855 0.11202647639440348
0 0.811963105697151 0.08373211065448317 0.08395976930896641 0.12162352751948506
0 0.5716340621403913 0.06506147540983606 0.0857307249712313 0.13012295081967212
0 0.5503928710871463 0.12016674459975882 0.0801407832683215 0.14792888098207194
0 0.5170374798250362 0.11334599199725227 0.0766559386348892 0.1660792619831468
0 0.4831984000903486 0.09988627775415368 0.0612439037158756 0.14962493942507848
0 0.46231300345224396 0.06915983606557377 0.06501726121979287 0.11987704918032786
0 0.439873417721519 0.05225409836065574 0.020138089758342925 0.10450819672131148
0 0.7908515535097813 0.036885245901639344 0.09148446490218642 0.07377049180327869
0 0.9158209554793896 0.17425354814162045 0.08216844597996144 0.15830002917130676
0 0.9666283084004603 0.1915983606557377 0.0667433831990794 0.18237704918032788
0 0.9784234752589183 0.1408811475409836 0.043153049482163405 0.1403688524590164
0 0.9830264672036824 0.09221311475409837 0.03394706559263521 0.125
0 0.8832279791538467 0.12476618276096282 0.09476391907996827 0.1765947878074263
0 0.8711162255466053 0.0507172131147541 0.07710011507479862 0.1014344262295082
0 0.18095512082853854 0.9287909836065574 0.0949367088607595 0.14241803278688525
0 0.23130034522439585 0.9656762295081968 0.07364787111622555 0.06864754098360656
0 0.3213463751438435 0.9390368852459017 0.07882623705408516 0.12192622950819672
0 0.42117376294591485 0.9195696721311475 0.01726121979286536 0.14856557377049182
0 0.3961449942462601 0.9190573770491803 0.06731875719217491 0.15368852459016394
0 0.02330264672036824 0.96875 0.04660529344073648 0.0625
0 0.0261795166858458 0.8673155737704918 0.0523590333716916 0.12807377049180327
0 0.12900802962858401 0.8915805092573007 0.06394474244518877 0.10483521416170852
0 0.09975197159879513 0.916292433061962 0.06805792941331575 0.14705215513283776
0 0.06134005399257875 0.9041912997825061 0.06690718142712472 0.14696865743291057
0 0.026754890678941313 0.7986680327868853 0.053509781357882626 0.08913934426229508
0 0.040275353642748625 0.6880427807024778 0.06076388514573381 0.11380603253733715
0 0.02186421173762946 0.6644467213114754 0.04372842347525892 0.08094262295081968
0 0.012945914844649022 0.7038934426229508 0.025891829689298044 0.0942622950819672
0 0.1535637221360938 0.6777690769317926 0.051407130890028914 0.10801510011824843
0 0.19102416570771003 0.6183401639344263 0.04602991944764097 0.07684426229508197
0 0.2403987406828512 0.6796825963237559 0.08483668403441545 0.13191117800879296
0 0.12112558350603808 0.7217072862940036 0.05101512793796933 0.09469542798710087
0 0.14875004910555695 0.7884970034542328 0.08066074231819391 0.10707052097458546
0 0.1582966883332321 0.8483842136518563 0.08053767942362869 0.12239762458363833
0 0.2281166128762546 0.8207289959247658 0.10461047831231028 0.14050277005509412
0 0.36951435874250804 0.874129489972543 0.07226647180439633 0.153491938066189
0 0.4013233601841197 0.8350409836065574 0.056962025316455694 0.13114754098360656
0 0.41196777905638665 0.7920081967213115 0.03567318757192175 0.11885245901639344
0 0.3597916882786685 0.7690768148618777 0.06721361536272585 0.11836363054267375
0 0.3202176155520791 0.7272834412533052 0.06028141997396816 0.09741258991438632
0 0.31583548852645776 0.656753715341684 0.05710056267451333 0.10638340829001494
0 0.3661041044384148 0.6602936965423973 0.05801007807482153 0.09827018467846661
0 0.4122554660529344 0.6567622950819673 0.035097813578826235 0.08811475409836066
0 0.25028768699654774 0.6168032786885246 0.0759493670886076 0.07377049180327869
0 0.2413693901035673 0.5850409836065574 0.06041426927502877 0.010245901639344262
0 0.13176064441887228 0.6116803278688525 0.0713463751438435 0.06352459016393443
0 0.02531645569620253 0.6045081967213115 0.05063291139240506 0.04918032786885246
0 0.3403337169159954 0.6050204918032787 0.05466052934407365 0.050204918032786885
0 0.8341752815576112 0.745500781052419 0.09171101787832632 0.13138757404442086
0 0.49395857307249713 0.6265368852459017 0.06271576524741082 0.0932377049180328
0 0.4663406214039125 0.6055327868852459 0.0523590333716916 0.05122950819672131
0 0.4450517836593786 0.5911885245901639 0.02474108170310702 0.022540983606557378
0 0.46096701782358473 0.6719563299383803 0.04992468809824899 0.09666111061504266