0 0.23994708994708994 0.0480225988700565 0.054497354497354496 0.096045197740113
0 0.3398391329960738 0.17300304234919855 0.05234857135031224 0.09773381799519534
0 0.35122328726053714 0.22039547959073744 0.03612146465746254 0.0752546175741452
0 0.4306878306878307 0.1337099811676083 0.01798941798941799 0.1224105461393597
0 0.2768271533110681 0.1630944687847001 0.06955690283618168 0.11555971715115841
0 0.22389842900896242 0.28014518745232425 0.06158960439360122 0.11326550300466326
0 0.3412698412698413 0.3526365348399247 0.05502645502645503 0.05367231638418079
0 0.07835446441079234 0.2740399438362331 0.03773955675083666 0.07722005174054386
0 0.38306878306878306 0.3512241054613936 0.050793650793650794 0.05649717514124294
0 0.9666666666666667 0.2193973634651601 0.06666666666666667 0.1337099811676083
0 0.9570641001733459 0.1649254034317858 0.05612358939332923 0.1346213718270515
0 0.8942550897407453 0.15876960904419954 0.05472103084246257 0.14583861186027597
0 0.8621808910173682 0.19665216382780754 0.08773106386203484 0.1277906954563462
0 0.843321641231402 0.2507852136960839 0.07990798462264831 0.10198338999934117
0 0.7953959289899958 0.19117266672062516 0.06968006486047179 0.12309267383665726
0 0.7413758273367651 0.16480448772680886 0.08363681690655675 0.13604608507413496
0 0.7802813519170565 0.08093830222310391 0.08225531553459438 0.11621727711135074
0 0.6552910052910053 0.07156308851224105 0.06825396825396825 0.1431261770244821
0 0.6292567723278618 0.10287112053570002 0.07456513164666644 0.13087221550722847
0 0.6004495482973053 0.13493956781513558 0.07148856191614876 0.10436987544960843
0 0.6015778232564534 0.1790997941815812 0.0733894304900433 0.0912967945766837
0 0.5177474203384584 0.10064840204071583 0.08488542292706076 0.11541264918403668
0 0.5120848932739329 0.15597973278849991 0.07296809673219662 0.09786073334482077
0 0.4560846560846561 0.03248587570621469 0.0328042328042328 0.06497175141242938
0 0.45396825396825397 0.327683615819209 0.02857142857142857 0.10357815442561205
0 0.6171957671957672 0.3333333333333333 0.06296296296296296 0.09227871939736347
0 0.45396825396825397 0.2184557438794727 0.02857142857142857 0.1016949152542373
0 0.4926070024035826 0.2317837322934235 0.09031498549539244 0.12416120877196997
0 0.7174888820859774 0.30010861028592284 0.074103274055579 0.102623627936607
0 0.7 0.358286252354049 0.05396825396825397 0.0423728813559322
0 0.7341269841269841 0.3629943502824859 0.05343915343915344 0.03295668549905838
0 0.7857142857142857 0.3549905838041431 0.050793650793650794 0.04896421845574388
0 0.7732804232804232 0.333804143126177 0.06931216931216931 0.09133709981167608
0 0.8277777777777777 0.3479284369114878 0.049206349206349205 0.06308851224105462
0 0.8566137566137566 0.346045197740113 0.04338624338624339 0.06685499058380415
0 0.8873015873015873 0.3545197740112994 0.04021164021164021 0.04990583804143126
0 0.9103174603174603 0.3578154425612053 0.038624338624338624 0.04331450094161959
0 0.9775132275132276 0.2980225988700565 0.04497354497354497 0.08945386064030132
0 0.4261904761904762 0.878060263653484 0.026984126984126985 0.11958568738229755
0 0.403968253968254 0.6944444444444444 0.07142857142857142 0.17231638418079095
0 0.3879902071970371 0.6401710646399611 0.07236609133921519 0.15804219183378923
0 0.3613237186008035 0.5898067006742388 0.07748208692095379 0.17994602728967118
0 0.304465673639117 0.5753457581598882 0.08786395921349294 0.16825293930922888
0 0.33476251589909095 0.694672576688561 0.10356762730311014 0.15871707381690828
0 0.346884401870928 0.7777780623570335 0.09043814751968231 0.13169416545746904
0 0.29591857233094443 0.7747722838495164 0.0752481847061296 0.140315809695777
0 0.2625220674608984 0.6833602347569947 0.1024381119055958 0.12196651164342566
0 0.2668898027458111 0.6102203268761746 0.08161278630837221 0.14158620926156065
0 0.19304382650434684 0.5839379657344717 0.1036081511363509 0.1935296001556667
0 0.0925240141263321 0.6855774612905945 0.0668287619996298 0.14270229514604427
0 0.14055952883964234 0.7061401937917016 0.08309232112441994 0.1350770671567731
0 0.14093060543708005 0.7804459460659807 0.07226398649382938 0.11946318715228126
0 0.09708816638561708 0.8429288644156228 0.06385022571319764 0.08986200502085202
0 0.10423280423280423 0.9839924670433146 0.05291005291005291 0.032015065913371
0 0.03507926393481919 0.917171951277609 0.04999557851249837 0.11548759846488206
0 0.061909978654547365 0.48864922193773663 0.07234096275901059 0.12417128508071806
0 0.05026455026455026 0.4218455743879473 0.08994708994708994 0.0847457627118644
0 0.021957671957671957 0.4500941619585687 0.043915343915343914 0.12429378531073447
0 0.023015873015873017 0.963276836158192 0.046031746031746035 0.07344632768361582
0 0.006613756613756613 0.8935969868173258 0.013227513227513227 0.09792843691148775
0 0.022222222222222223 0.818738229755179 0.044444444444444446 0.11016949152542373
0 0.011111111111111112 0.6774952919020716 0.022222222222222223 0.0856873822975518
0 0.016666666666666666 0.553201506591337 0.03333333333333333 0.13653483992467044
0 0.1880952380952381 0.9453860640301318 0.07989417989417989 0.10922787193973635
0 0.2043392354758105 0.7014262654463709 0.07414379788881975 0.13743615427536554
0 0.20209843089675197 0.7899796039984969 0.08303074011227489 0.13131058881402355
0 0.32502635388190915 0.9021576655198813 0.09409000353840942 0.16104876260382592
0 0.19807708880515495 0.8419330712013511 0.08157226247513133 0.1067736829228022
0 0.06551599900036692 0.6399348944191463 0.07146750473724457 0.13541592344561734
0 0.4142857142857143 0.7966101694915254 0.050793650793650794 0.14500941619585686
0 0.4022981240101408 0.8967450797168461 0.07434393617829094 0.1496772088893014
0 0.009788359788359789 0.617231638418079 0.019576719576719578 0.10828625235404897
0 0.02671957671957672 0.6440677966101694 0.05343915343915344 0.12429378531073447
0 0.6147389838981187 0.548532129372853 0.07104617097939778 0.1419798622137543
0 0.9772486772486773 0.7019774011299436 0.0455026455026455 0.17231638418079095
0 0.9732804232804233 0.8046139359698682 0.05343915343915344 0.14218455743879474
0 0.9179426919643455 0.7412235343971281 0.07993311320285304 0.13585429675241223
0 0.9109214063212108 0.6371558328584609 0.08688839634634112 0.14091857299262012
0 0.8595261002207798 0.7574200250809668 0.07687193872537151 0.11029357628047959
0 0.8660872138872758 0.6794624259450109 0.08158199580229968 0.13970297009018587
0 0.6390917630514129 0.6272409750700583 0.08172621500549386 0.11618987877967603
0 0.6777841398760485 0.7019143972621413 0.06177434743003627 0.12456493803291174
0 0.5459543245904822 0.4551892901597859 0.06572437518232001 0.13982263972563264
0 0.5341269841269841 0.4006591337099812 0.05873015873015873 0.0423728813559322
0 0.4805411306079038 0.4628102722572027 0.05318557694013781 0.11659360804061775
0 0.5121429431507413 0.4376532810462117 0.0594578070241629 0.11221429009227704
0 0.45264550264550263 0.5357815442561206 0.025925925925925925 0.12052730696798493
0 0.4854216808167158 0.6493107850410278 0.06168763783768672 0.08692755293709116
0 0.5280843473102553 0.6913202423710105 0.06164145207857796 0.08410269418002901
0 0.5106543751799278 0.8197042478502168 0.05247173337460224 0.1052667746806944
0 0.4603174603174603 0.737758945386064 0.04126984126984127 0.08192090395480225
0 0.45291005291005293 0.7283427495291902 0.026455026455026454 0.07062146892655367
0 0.5470820592836666 0.9358911268075686 0.05245633812156597 0.10432515509500702
0 0.5216931216931217 0.955743879472693 0.05502645502645503 0.08851224105461393
0 0.5341520176173075 0.5950421588116628 0.06440445482250265 0.12376031010559778
0 0.508545765779925 0.512164520808051 0.056365842040608904 0.08477033044896953
0 0.48154217214146144 0.5794204100582273 0.05415706840598929 0.07901101960814652
0 0.7589374543801846 0.7339337090673665 0.0693357073678062 0.13436471053323112
0 0.7400093711316377 0.6629409473659199 0.08009272765908347 0.11328282502758977
0 0.7136713995989507 0.7541533393877752 0.0758234709943388 0.14316806678451385
0 0.782439868391267 0.7999854870211415 0.06087009890219773 0.13392633722643627
0 0.8325561280513227 0.8387865089506166 0.07394365959934844 0.12519509966142947
0 0.8212505405766084 0.8835905961114172 0.06522199375799165 0.07676152581625278
0 0.8943490517835305 0.90708919599357 0.08060077100927983 0.14435627135527337
0 0.8728848231853025 0.9265467111814614 0.07229477699990179 0.12134642632365603
0 0.9714285714285714 0.9274952919020716 0.05714285714285714 0.14500941619585686
0 0.9791005291005291 0.9684557438794726 0.0417989417989418 0.06308851224105462
0 0.5982472318508376 0.8782035395357616 0.04986268316104003 0.07502535461199933
0 0.6130089585423094 0.9291843659641643 0.03504786834622522 0.0742582013251084
0 0.5570207453771711 0.8615219168584767 0.03442639629890723 0.0685810854793094
0 0.4597883597883598 0.9788135593220338 0.04021164021164021 0.0423728813559322
0 0.689457527809184 0.8447853282900879 0.06176461410286792 0.09163565086552795
0 0.6317126652733454 0.7875628896219854 0.0700916652911502 0.08359944790113662
0 0.6547362359157365 0.7859002524012929 0.07083629936275823 0.09680952043243467
0 0.6293455176208617 0.6898399401980578 0.06797526317474807 0.08348985457443789
0 0.6277974994284345 0.7360203973942516 0.05480933095937984 0.08657137462532029
0 0.6759103404931274 0.9296904428376264 0.05291412431135322 0.06765678791654851
0 0.6597883597883598 0.9769303201506592 0.06031746031746032 0.046139359698681735