0 0.18972769617782548 0.10403801215950899 0.09757714312984071 0.15596832384582987
0 0.023722627737226276 0.12857142857142856 0.04744525547445255 0.0987012987012987
0 0.016788321167883213 0.19155844155844157 0.033576642335766425 0.07402597402597402
0 0.1376966756598886 0.2808443832167385 0.07041696658006381 0.10809665558718622
0 0.1570288815443634 0.3949633027289463 0.05155352235006071 0.14237567283751815
0 0.1893896055227486 0.4306311611746316 0.053671111323209446 0.12038843358435794
0 0.2440661856125477 0.44914331133480473 0.058827312876436104 0.13488574112785004
0 0.2167883211678832 0.5071428571428571 0.052554744525547446 0.06363636363636363
0 0.0971175379659343 0.4149744341382392 0.043460626403225434 0.12256264966620489
0 0.06736251760633112 0.36361636347924947 0.04856162227211456 0.12017684032658012
0 0.03686131386861314 0.40844155844155844 0.07372262773722628 0.15194805194805194
0 0.465128147377853 0.3607786806171998 0.07424495844288138 0.1627932481739106
0 0.3790304899141636 0.46562912588574246 0.10985850452084163 0.11752115422510843
0 0.5211478002269212 0.4149446612751506 0.08288093138848902 0.12549364181062062
0 0.4470802919708029 0.4909090909090909 0.0927007299270073 0.09610389610389611
0 0.7313868613138687 0.04090909090909091 0.07153284671532846 0.08181818181818182
0 0.9817518248175182 0.06753246753246753 0.0364963503649635 0.13506493506493505
0 0.9551094890510949 0.09090909090909091 0.08978102189781022 0.15064935064935064
0 0.9377638911239388 0.17705932886473164 0.09601537092877305 0.12473903746049089
0 0.775912408759124 0.05389610389610389 0.07883211678832117 0.10779220779220779
0 0.8029197080291971 0.08116883116883117 0.09343065693430656 0.16233766233766234
0 0.8214488215328288 0.14876374926435662 0.09383408308908092 0.12724575723313147
0 0.7515579455871259 0.3191678395809513 0.06331728628890687 0.16883334054360757
0 0.839051094890511 0.5305194805194805 0.08394160583941605 0.016883116883116882
0 0.8368613138686132 0.4909090909090909 0.06934306569343066 0.09610389610389611
0 0.8934306569343066 0.5123376623376623 0.07591240875912408 0.053246753246753244
0 0.8558504525133123 0.3414686682240103 0.06261708541932766 0.1778940220262626
0 0.8078684899267418 0.28437278127786314 0.06976772480371955 0.13274175265425714
0 0.6668715496715504 0.32721969668386625 0.0706292961352081 0.17303172052225116
0 0.9701817007510144 0.30686791766213417 0.05363289200328345 0.10870012189604625
0 0.27476534249894724 0.6212120036348621 0.09975843096953275 0.15346160407318915
0 0.18722627737226277 0.6175324675324675 0.07372262773722628 0.15714285714285714
0 0.1208029197080292 0.5993506493506493 0.09416058394160584 0.12077922077922078
0 0.09342731698276181 0.6137884993509085 0.09973295142291554 0.14566939628098136
0 0.05291970802919708 0.5584415584415584 0.06642335766423357 0.03896103896103896
0 0.02737226277372263 0.5772727272727273 0.05474452554744526 0.07662337662337662
0 0.39416058394160586 0.5902597402597403 0.13284671532846715 0.1025974025974026
0 0.5128274683248827 0.6905634687607203 0.13212576816577118 0.2314149954597405
0 0.5802919708029197 0.5577922077922078 0.07883211678832117 0.03766233766233766
0 0.591970802919708 0.6435064935064935 0.05547445255474453 0.20909090909090908
0 0.5273113505110902 0.725023851660576 0.11085172017651995 0.19807086235284285
0 0.5423213233316585 0.82179166928984 0.11150520854396706 0.1747244665844734
0 0.5748175182481752 0.888961038961039 0.08978102189781022 0.11038961038961038
0 0.36233723038369803 0.7351020443727264 0.10132869635280636 0.1872882930559309
0 0.41211452768199514 0.6895400735049628 0.07927800885412427 0.13962821805506506
0 0.2542082384124882 0.7700952109137942 0.10852180164822685 0.15512303667093827
0 0.03394160583941606 0.6207792207792208 0.06788321167883211 0.10649350649350649
0 0.07848455962624389 0.8312610545949777 0.06825691169588624 0.11709688185333343
0 0.041778246332886196 0.7853849514092058 0.06168332203908988 0.1155261320803465
0 0.017883211678832115 0.8376623376623377 0.03576642335766423 0.09090909090909091
0 0.11396646138001468 0.9167928888035202 0.05738019863514617 0.1387213898074458
0 0.15883786266895683 0.920778046740057 0.06539240935102661 0.13385908830343438
0 0.19452360079566625 0.9439722186109373 0.07622665650073775 0.0992475673623087
0 0.02408759124087591 0.9383116883116883 0.04817518248175182 0.10779220779220779
0 0.04927007299270073 0.9844155844155844 0.060583941605839416 0.03116883116883117
0 0.08686131386861314 0.9694805194805195 0.06715328467153285 0.06103896103896104
0 0.14087591240875913 0.977922077922078 0.07591240875912408 0.04415584415584416
0 0.19087591240875912 0.9863636363636363 0.05328467153284672 0.02727272727272727
0 0.25255474452554744 0.9707792207792207 0.07737226277372262 0.05844155844155844
0 0.27308205578904987 0.9128006728015575 0.06963183388842693 0.09118331109581558
0 0.3937956204379562 0.9941558441558441 0.06204379562043796 0.011688311688311689
0 0.3361313868613139 0.948051948051948 0.08248175182481751 0.1038961038961039
0 0.48759124087591244 0.977922077922078 0.09635036496350365 0.04415584415584416
0 0.5416058394160584 0.9902597402597403 0.06569343065693431 0.01948051948051948
0 0.6102189781021898 0.8363636363636363 0.01897810218978102 0.16363636363636364
0 0.7678947347961474 0.7018685942477048 0.07495365249466628 0.15632996928865803
0 0.7262773722627737 0.9714285714285714 0.059854014598540145 0.05714285714285714
0 0.6408759124087591 0.7136363636363636 0.042335766423357665 0.12077922077922078