0 0.024113475177304965 0.059343434343434344 0.04822695035460993 0.11868686868686869
0 0.0524822695035461 0.07702020202020202 0.07659574468085106 0.15404040404040403
0 0.1049645390070922 0.09848484848484848 0.09645390070921986 0.19696969696969696
0 0.17127659574468085 0.05808080808080808 0.1099290780141844 0.11616161616161616
0 0.2478723404255319 0.03156565656565657 0.09716312056737589 0.06313131313131314
0 0.042198581560283686 0.22664141414141414 0.08439716312056737 0.13257575757575757
0 0.025886524822695035 0.1597222222222222 0.05177304964539007 0.1755050505050505
0 0.03851055558394858 0.3192388850073216 0.07407714211988795 0.11161363796231463
0 0.11472872616528848 0.2735822686404422 0.0839654921242311 0.1806556848444858
0 0.18753437155573338 0.1694782168153964 0.08836936501723726 0.1962042286269331
0 0.2459689381946588 0.19246124976841486 0.10318870516647885 0.19001807125943806
0 0.18225316643418116 0.282447497135532 0.09135838776775511 0.13971690400119474
0 0.14364042276620756 0.362508900860543 0.10986000147317429 0.1477504927150319
0 0.009219858156028368 0.288510101010101 0.018439716312056736 0.13257575757575757
0 0.26732680592931146 0.30736829306441654 0.08112861269160698 0.1803909990905312
0 0.3146199110227485 0.31622546816249447 0.11305588578730082 0.18463134008514845
0 0.33222302311610036 0.37398078798220036 0.10253259279683663 0.12309887934024615
0 0.3210903514754607 0.4331534247980718 0.09030254250676906 0.10429719720917056
0 0.44177013207834936 0.28856486667094666 0.07822983586562027 0.1738131820234451
0 0.49113475177304966 0.25946969696969696 0.0574468085106383 0.15782828282828282
0 0.3820117666000674 0.23916593936050978 0.07565651505894255 0.12816012225343343
0 0.37528395726074526 0.16839001274927975 0.08740376568078266 0.09771938014208463
0 0.3634041219473316 0.11515582647216946 0.09899887298472888 0.12403064841042895
0 0.44460360596686055 0.10694788363390154 0.11651532872737341 0.1761238134392079
0 0.4971631205673759 0.12626262626262627 0.04539007092198582 0.1717171717171717
0 0.42358060550525495 0.38820503086367664 0.09525111246136495 0.17540129654717357
0 0.2670212765957447 0.5189393939393939 0.05035460992907802 0.020202020202020204
0 0.045744680851063826 0.4772727272727273 0.09148936170212765 0.10353535353535354
0 0.13687943262411348 0.4652777777777778 0.10638297872340426 0.1275252525252525
0 0.3343971631205674 0.5195707070707071 0.0673758865248227 0.01893939393939394
0 0.30106382978723406 0.5119949494949495 0.06595744680851064 0.03409090909090909
0 0.6205673758865248 0.08207070707070707 0.12482269503546099 0.16414141414141414
0 0.7180851063829787 0.03535353535353535 0.1198581560283688 0.0707070707070707
0 0.8261187666925381 0.13318311473227193 0.09388219065974295 0.18031945872070124
0 0.7877598023373507 0.23912835684112146 0.06485369439003583 0.18265693479317005
0 0.7462518714172144 0.24110544659877026 0.0749065671909451 0.19620959755827422
0 0.6842446517432518 0.2519459525170356 0.07848980491774274 0.2003283335385966
0 0.5924006801120462 0.26051515380132073 0.10870153080898455 0.17413330135320618
0 0.5634751773049645 0.3409090909090909 0.08723404255319149 0.15151515151515152
0 0.5709219858156028 0.4172979797979798 0.10212765957446808 0.125
0 0.749290780141844 0.5132575757575758 0.07304964539007092 0.03156565656565657
0 0.8170941960000464 0.3349663477864224 0.12008618697549865 0.1789799231569039
0 0.821748258632015 0.4476405410990294 0.08355696932803863 0.138989018177819
0 0.9037472084342313 0.37616894225247105 0.09975761075757479 0.12914732489942268
0 0.9282232780668624 0.3384994065518315 0.07340506069774957 0.11533534531170472
0 0.955193996681712 0.30186089707910796 0.07241990273497477 0.15939492162664667
0 0.975531914893617 0.25315656565656564 0.04893617021276596 0.22601010101010102
0 0.9652482269503546 0.0763888888888889 0.06950354609929078 0.1527777777777778
0 0.9099290780141844 0.027777777777777776 0.12198581560283688 0.05555555555555555
0 0.9010638297872341 0.5132575757575758 0.0574468085106383 0.03156565656565657
0 0.9602836879432625 0.5069444444444444 0.06950354609929078 0.04419191919191919
0 0.22695035460992907 0.9715909090909091 0.08652482269503546 0.056818181818181816
0 0.1421985815602837 0.9305555555555556 0.07730496453900709 0.1388888888888889
0 0.07411347517730496 0.952020202020202 0.07446808510638298 0.09595959595959595
0 0.19645390070921986 0.55239898989899 0.07801418439716312 0.04671717171717172
0 0.2673758865248227 0.6016414141414141 0.08794326241134752 0.1452020202020202
0 0.2486043404244101 0.7093842271683771 0.08853388781380354 0.14071484450986624
0 0.1677726511912321 0.8275068262936186 0.05861047950585276 0.12404675520445244
0 0.03652482269503546 0.8106060606060606 0.07304964539007092 0.17676767676767677
0 0.3725445029003001 0.6801274577560891 0.090971034355084 0.1724790153909889
0 0.38389901574873325 0.7883851436151749 0.08266205728979513 0.11998345279993651
0 0.40241560909833746 0.8669076253297252 0.05564980528650377 0.11115580682423505
0 0.450354609929078 0.5460858585858586 0.05815602836879433 0.03409090909090909
0 0.4664498417601872 0.6283973635078006 0.06720777415443248 0.13367919630470051
0 0.4776008985891246 0.8245068317771446 0.07432473169333788 0.13686616321483988
0 0.3726950354609929 0.9507575757575758 0.06595744680851064 0.09848484848484848
0 0.4297872340425532 0.9431818181818182 0.06382978723404255 0.11363636363636363
0 0.2843971631205674 0.9166666666666666 0.07234042553191489 0.16666666666666666
0 0.3046099290780142 0.9368686868686869 0.07588652482269503 0.12626262626262627
0 0.3425531914893617 0.9766414141414141 0.05390070921985816 0.04671717171717172
0 0.8141904028727459 0.608297216857105 0.09148218255447983 0.15234316662745737
0 0.8409886141647813 0.6626670554512054 0.07220945159754218 0.13793027516200015
0 0.9638297872340426 0.5928030303030303 0.07234042553191489 0.1275252525252525
0 0.9170324826363948 0.7440367213552429 0.08476495790691843 0.11765671459015006
0 0.7898910514856426 0.8449958175176027 0.06751726112124484 0.165244852870357
0 0.8283826005324036 0.8249753327058277 0.07727302643401447 0.148494485332431
0 0.823404255319149 0.9356060606060606 0.08226950354609928 0.12878787878787878
0 0.5556737588652483 0.9734848484848485 0.07163120567375887 0.05303030303030303
0 0.9659574468085106 0.7285353535353535 0.06808510638297872 0.13636363636363635
0 0.9907801418439717 0.865530303030303 0.018439716312056736 0.09974747474747475
0 0.9833333333333333 0.8143939393939394 0.03333333333333333 0.09848484848484848
0 0.9872340425531915 0.678030303030303 0.02553191489361702 0.1388888888888889
0 0.6453900709219859 0.9577020202020202 0.07092198581560284 0.0845959595959596
0 0.8790780141843971 0.9791666666666666 0.08014184397163121 0.041666666666666664
0 0.9033768134823676 0.8716889478261315 0.06374833121435973 0.14218672295064097
0 0.8779916575459087 0.9252405689673323 0.06626334420149908 0.1096231258763129
0 0.9617021276595744 0.9034090909090909 0.07659574468085106 0.10479797979797979