0 0.9226110363391655 0.3157894736842105 0.07537012113055182 0.06698564593301436
0 0.8199249653063061 0.18056685110745901 0.0869748366126036 0.1501096212782559
0 0.7249582545515044 0.1301003773438869 0.0928884251035394 0.13131891587441039
0 0.47233211952554666 0.17877316922114925 0.0774106323713725 0.13051839954727423
0 0.3415208613728129 0.23086124401913877 0.023553162853297442 0.16507177033492823
0 0.360699865410498 0.26555023923444976 0.06191117092866756 0.1507177033492823
0 0.9848586810228802 0.2452153110047847 0.03028263795423957 0.12200956937799043
0 0.9865410497981157 0.13277511961722488 0.026917900403768506 0.10287081339712918
0 0.984185733512786 0.0687799043062201 0.031628532974428 0.08253588516746412
0 0.977792732166891 0.013157894736842105 0.04441453566621804 0.02631578947368421
0 0.4001737572060897 0.1786375447934923 0.06803032050371487 0.14674273516500422
0 0.3573351278600269 0.16267942583732056 0.05518169582772544 0.09330143540669857
0 0.36729708993379695 0.08762583661287136 0.05760927637881614 0.09130115102760919
0 0.40217331517324917 0.06845047767273388 0.07316897565830563 0.12552488020584945
0 0.47644683714670255 0.04724880382775119 0.05114401076716016 0.09449760765550239
0 0.4357335127860027 0.03588516746411483 0.0531628532974428 0.07177033492822966
0 0.7520188425302826 0.038875598086124404 0.07873485868102288 0.07775119617224881
0 0.7133243606998654 0.012559808612440191 0.08075370121130551 0.025119617224880382
0 0.8855126457997341 0.10543703664820385 0.07736967909771116 0.11380679312172211
0 0.11776581426648722 0.9677033492822966 0.07806191117092867 0.0645933014354067
0 0.16343375557520448 0.7738320450658497 0.07085421528873474 0.10272799736317352
0 0.3139300134589502 0.5753588516746412 0.031628532974428 0.09330143540669857
0 0.25361493382126843 0.6676063543795955 0.0780526662472695 0.09832616400267555
0 0.24444480549955175 0.5346636096173379 0.06701046224120692 0.12281929018892766
0 0.2799225086991421 0.5251098362541834 0.044925259513276895 0.09303219942888696
0 0.03834623317129613 0.8524779618157874 0.07424986647340302 0.13512906325398166
0 0.005720053835800807 0.7386363636363636 0.011440107671601614 0.14473684210526316
0 0.01547779273216689 0.7135167464114832 0.03095558546433378 0.10406698564593302
0 0.07393675655240624 0.7769954945376161 0.07706372161895883 0.10662975962889915
0 0.047620731466678376 0.7456641809517558 0.05749725091310129 0.10442424070674969
0 0.08299724355582282 0.6593813583766484 0.09035965344200282 0.11925277821326731
0 0.11874616285394364 0.548542199643361 0.08789191433305571 0.09286737862418003
0 0.159011385351784 0.4978771064561316 0.07313806202410843 0.0932978396035493
0 0.09473987831805462 0.48676070129955556 0.057364351452653284 0.0698048556068419
0 0.13225188086502618 0.4611282126929525 0.05984213020106446 0.08067482101918101
0 0.20653107154101652 0.45897590779610653 0.06148394306054117 0.10343689880415534
0 0.2667498340549845 0.44650591616824603 0.06455276277172399 0.08091845642309209
0 0.3243606998654105 0.45095693779904306 0.010767160161507403 0.09569377990430622
0 0.3001345895020188 0.3911483253588517 0.059219380888290714 0.08373205741626795
0 0.0905755056904808 0.41042090786579516 0.04440529074255887 0.09658591111759685
0 0.057438059317024094 0.3967189324926782 0.05198077137189959 0.06952641514522921
0 0.6864064602960969 0.986244019138756 0.09286675639300135 0.02751196172248804
0 0.7280011804482222 0.7877716856512578 0.09386733009238599 0.13853075442493495
0 0.6859636297778718 0.658523670710091 0.09620216974088505 0.13029676891411443
0 0.7717999734109108 0.677948273734791 0.06265678006242521 0.13094886052664337
0 0.8053094296354413 0.7066546098045083 0.05079868944635637 0.1363032307320341
0 0.6404033429979424 0.5248976250807522 0.06209585801804585 0.11779096578980128
0 0.6895686697926763 0.5897785714615724 0.06785646776960544 0.09541174363954429
0 0.7295329546314963 0.5540830339132415 0.08136641088461509 0.09730401704237947
0 0.4284542015208527 0.639810558490771 0.0673164197199593 0.12999632368175063
0 0.483433117769784 0.5287671716531746 0.08140736415827643 0.11401562346793158
0 0.3395020188425303 0.8504784688995215 0.019515477792732168 0.16028708133971292
0 0.3532974427994616 0.757177033492823 0.047106325706594884 0.1507177033492823
0 0.33714670255720053 0.7404306220095693 0.014804845222072678 0.15311004784688995
0 0.3405114401076716 0.6549043062200957 0.021534320323014805 0.12320574162679426
0 0.3620457604306864 0.6076555023923444 0.06460296096904442 0.11004784688995216
0 0.3566621803499327 0.5215311004784688 0.05383580080753701 0.11961722488038277
0 0.4148994773861571 0.530617233416082 0.07411696701295495 0.10050967815407373
0 0.4276581426648721 0.3923444976076555 0.06123822341857335 0.0861244019138756
0 0.39199192462987886 0.3815789473684211 0.04912516823687752 0.0645933014354067
0 0.3823952173228407 0.415049189077281 0.06466478823743883 0.06779536674395151
0 0.8342411527497604 0.7003587051396003 0.05966907218276004 0.10811717262626598
0 0.8514627441676549 0.6760744092995576 0.061983832552331 0.13091405546894178
0 0.9784656796769852 0.361244019138756 0.03230148048452221 0.023923444976076555
0 0.8142664872139973 0.3588516746411483 0.04576043068640646 0.019138755980861243
0 0.9072254413186878 0.6969406178785474 0.07376001662107716 0.09213647241244695
0 0.9464009254356742 0.5215429627675549 0.06149398270000515 0.08792146462740717
0 0.9909152086137282 0.8624401913875598 0.01816958277254374 0.11483253588516747
0 0.9524797706198649 0.837743697000709 0.07043623234426745 0.10867405354949106
0 0.9707267833109018 0.8139952153110048 0.058546433378196504 0.09449760765550239
0 0.9494735728928814 0.6709536785514534 0.06205490474438482 0.10107935936424915
0 0.816621803499327 0.38636363636363635 0.06258411843876177 0.07416267942583732
0 0.8161964165877129 0.451271834684891 0.042355534578079175 0.06425445534219189
0 0.870552186165968 0.45767956110513003 0.07800167333414433 0.09712999175387173
0 0.857853507199135 0.3916876572181852 0.04054066370029812 0.06893472916430253
0 0.9332320785375411 0.5694136553920338 0.050512811246532105 0.09809532888571482
0 0.6672861046635865 0.4717421723662855 0.06967133864738649 0.09073146981743364
0 0.6392266782500337 0.4259349740928239 0.05724228634747423 0.09844337946273056