0 0.5989342901592455 0.11990494660013093 0.08282508888344532 0.2207480566218882
0 0.5359266419968507 0.14904562921071457 0.07358727631196298 0.19723774627316093
0 0.46423257583914823 0.19535471368181187 0.10510847391833199 0.14070427502439184
0 0.42765053498352656 0.30600241352012597 0.08552906810846159 0.17045431568676433
0 0.4827314051604128 0.3713955761813149 0.08458339532878072 0.19792010613679284
0 0.3133186474752115 0.27295737643854295 0.06935830484843557 0.16945084529907034
0 0.2603489111633537 0.2653492884880478 0.06612415219643053 0.16925015122153164
0 0.21441190487555917 0.30432576330980704 0.09461845106986115 0.11826311233200545
0 0.6723803363518758 0.3758620689655172 0.054980595084087966 0.16091954022988506
0 0.21814110658114771 0.45146496931798596 0.07463223266988467 0.1904214721800385
0 0.3024363294523494 0.440499796865196 0.06497991226026817 0.15541690895774807
0 0.3440942267302173 0.394907742027853 0.07605893284471264 0.15839811939609252
0 0.15444468134725964 0.43706797686330645 0.08348159769098944 0.09578181082411123
0 0.06473380477799727 0.4013482395050725 0.06840493682072663 0.14301406368987496
0 0.025226390685640362 0.3718390804597701 0.050452781371280724 0.16436781609195403
0 0.11304802315887215 0.48436410022392995 0.08669936833238076 0.0776318391194565
0 0.09670116429495472 0.5350574712643679 0.07826649417852523 0.067816091954023
0 0.008408796895213453 0.364367816091954 0.016817593790426907 0.15632183908045977
0 0.3315006468305304 0.5132183908045977 0.10413971539456662 0.11149425287356322
0 0.41591203104786545 0.506896551724138 0.08538163001293661 0.12413793103448276
0 0.44470628211934937 0.4683705890178765 0.09300087898657988 0.16289000446136304
0 0.5439844760672704 0.5051724137931034 0.10608020698576973 0.12758620689655173
0 0.5084087968952135 0.47586206896551725 0.09184993531694696 0.18620689655172415
0 0.6100336588125338 0.4563909837246103 0.062060983868156464 0.14606095139686648
0 0.5792367399741267 0.542528735632184 0.08732212160413971 0.052873563218390804
0 0.6697930142302717 0.517816091954023 0.06015523932729625 0.10229885057471265
0 0.08185458419899673 0.4455865127059222 0.07609268838049787 0.10564497262422505
0 0.8991793218541805 0.07942700155446422 0.09280231183009839 0.12159097174755108
0 0.9181008500188863 0.23479827828930738 0.062451414447648915 0.08530196642901244
0 0.7160413971539457 0.45977011494252873 0.03234152652005175 0.10344827586206896
0 0.8994178525226391 0.5252873563218391 0.09767141009055627 0.08735632183908046
0 0.7996706698088918 0.42277677613076986 0.05826290225337729 0.14811896907853245
0 0.8345913274452407 0.42978461298444776 0.044679461114955556 0.14727605395286963
0 0.008732212160413972 0.610919540229885 0.017464424320827943 0.0839080459770115
0 0.13353065945005238 0.6285129888387928 0.05892710630894962 0.07705529533997935
0 0.2609480829337494 0.6297809750748615 0.06037788374241975 0.11728518039745062
0 0.2871927554980595 0.6218390804597701 0.05304010349288486 0.10574712643678161
0 0.24246811440949234 0.6590256426338008 0.06578485067789476 0.10615217686345726
0 0.013583441138421734 0.732183908045977 0.027166882276843468 0.0735632183908046
0 0.019728331177231564 0.9022988505747126 0.03945666235446313 0.08505747126436781
0 0.01520051746442432 0.7959770114942529 0.03040103492884864 0.06551724137931035
0 0.13777490297542044 0.982183908045977 0.054333764553686936 0.035632183908045977
0 0.15470839922313376 0.8376463517785827 0.054647997299023046 0.08367087535556304
0 0.17463529755684679 0.7951230851917841 0.04490408855919408 0.08191936783559031
0 0.3426835312429402 0.8598137942195755 0.06414320133597134 0.07852583115139786
0 0.29444116731492864 0.9000801801829682 0.05519554425118326 0.06306149781416463
0 0.29721862871927557 0.9620689655172414 0.057567917205692105 0.07586206896551724
0 0.5510179387170442 0.9437947689223947 0.038145627768489614 0.07347200266901863
0 0.5575679172056921 0.9775862068965517 0.050452781371280724 0.04482758620689655
0 0.5045278137128072 0.982183908045977 0.05304010349288486 0.035632183908045977
0 0.5123160772338086 0.9611054877729844 0.05285692683245964 0.06979749427627155
0 0.6376681610175833 0.9212149271495182 0.07889595118375482 0.0760007480460071
0 0.6227187086082174 0.7541286340558192 0.0582214514695637 0.14696954379117613
0 0.5917503928498593 0.8254349718232179 0.06276663870754239 0.07614670294566957
0 0.46164537215175994 0.7555225788698319 0.058902037535750115 0.09425653583481636
0 0.46549408707021717 0.8367103167092992 0.055900207576011676 0.08260172769922211
0 0.4084110448836864 0.8178889475937952 0.060112797028925295 0.09203796289111936
0 0.4189203058522276 0.6606913547533492 0.07812476830191359 0.07251233336843044
0 0.37378389460076683 0.7311566085308839 0.05608239272187924 0.10555009463084085
0 0.35834411384217335 0.6270114942528736 0.0815006468305304 0.11609195402298851
0 0.1790912568167907 0.6715598668009796 0.05240866345854018 0.11105638817457593
0 0.6448900388098319 0.5936781609195402 0.055627425614489 0.04942528735632184
0 0.669256255504028 0.6537582533992661 0.05737605378268131 0.10563037226185637
0 0.6730271668822768 0.7494252873563219 0.0536869340232859 0.09885057471264368
0 0.693078913324709 0.6655172413793103 0.013583441138421734 0.11494252873563218
0 0.9055464789850509 0.777686456487274 0.10166706734725958 0.1347564545100714
0 0.9828589909443726 0.6373563218390804 0.03428201811125485 0.12758620689655173
0 0.8023932729624839 0.9683908045977011 0.06921086675291074 0.06321839080459771
0 0.851875808538163 0.9758620689655172 0.06985769728331177 0.04827586206896552
0 0.9750970245795602 0.985632183908046 0.04980595084087969 0.028735632183908046
0 0.9236739974126779 0.9827586206896551 0.0724450194049159 0.034482758620689655
0 0.7247736093143596 0.7011494252873564 0.04980595084087969 0.14482758620689656
0 0.7550128071661846 0.7463144804304471 0.08541340251960683 0.1314541335476649
0 0.7645466058774898 0.8667158637131223 0.092893900160311 0.08833791604523326
0 0.7373868046571799 0.9718390804597701 0.0724450194049159 0.05632183908045977
0 0.7671498142524289 0.8034774035007707 0.07102601447811607 0.0904214721800385