0 0.3343406593406593 0.47314453125 0.056593406593406594 0.0537109375
0 0.23765161441163796 0.30137573611762236 0.0575200570976334 0.12352484924624463
0 0.19487561877026166 0.15217119028146042 0.07835122882996069 0.11190562349006505
0 0.3276783926670858 0.2890585512751622 0.059050134183894196 0.08763118504180945
0 0.3186937889838096 0.22870106244881694 0.06563075433815571 0.08468152822406849
0 0.34750158351252847 0.22116740762120013 0.043160820786835634 0.09899129318468369
0 0.38493454629046325 0.24807247732066795 0.04378698997115587 0.12250850928320522
0 0.30801288450538805 0.15345598782690684 0.05804073815900785 0.11481550284476638
0 0.2848112936468017 0.11202197418900028 0.0349254557646498 0.09974867670685983
0 0.256006695727869 0.1205321915166171 0.039384992355978816 0.11991765549503253
0 0.20295914482760102 0.10502708800928429 0.07991966523365633 0.08773070928562987
0 0.19786384922259287 0.058411205622589835 0.07058859572235573 0.08930522311076272
0 0.2260989010989011 0.00927734375 0.05879120879120879 0.0185546875
0 0.2763736263736264 0.0166015625 0.04395604395604396 0.033203125
0 0.06895604395604396 0.44873046875 0.043406593406593405 0.1025390625
0 0.02445054945054945 0.28662109375 0.0489010989010989 0.1513671875
0 0.07882985466056855 0.18511592294414525 0.04937100053967612 0.15064942026842099
0 0.38434065934065936 0.02978515625 0.04010989010989011 0.0595703125
0 0.3747252747252747 0.451171875 0.045054945054945054 0.09765625
0 0.37768337074865654 0.3817220769413656 0.06792125821975888 0.11332070511815484
0 0.40934065934065933 0.46484375 0.054945054945054944 0.0703125
0 0.4541208791208791 0.45751953125 0.0543956043956044 0.0849609375
0 0.4255542956612584 0.40965347126274354 0.0562773085583513 0.07942010454920156
0 0.42017947986684556 0.36153288707678854 0.06014264206322288 0.08583749223885273
0 0.4191651057603887 0.30330784417900614 0.04865532628134113 0.09978845416989945
0 0.4433073655334573 0.29656144626395586 0.05630607804642765 0.08820916704920156
0 0.4618720079575781 0.2636272623636897 0.05746571473126716 0.10692328674624485
0 0.4578839713097193 0.387501252325517 0.03877480622058986 0.10128325189651077
0 0.4796703296703297 0.4345703125 0.04725274725274725 0.130859375
0 0.5071812666574205 0.4317452181431989 0.04487630124069835 0.11973825398024829
0 0.5161079650307618 0.3066355480680658 0.050370806735203846 0.12053541496546427
0 0.5575131645745154 0.28872833225644545 0.04473245380031735 0.07579294148024829
0 0.5555343301470707 0.3553039991123591 0.046933452607906004 0.07708836837433464
0 0.5634615384615385 0.4677734375 0.043406593406593405 0.064453125
0 0.583664992901781 0.39257264513696 0.040416764649368844 0.09956927519207559
0 0.5956555915581041 0.44848576000517393 0.03815822686562849 0.08069572329798946
0 0.6165632987584097 0.376359517298255 0.03759279326724666 0.07573319469946771
0 0.6318681318681318 0.3232421875 0.015384615384615385 0.09765625
0 0.6148351648351649 0.4765625 0.03956043956043956 0.046875
0 0.6277472527472527 0.443359375 0.023626373626373626 0.07421875
0 0.6362637362637362 0.3955078125 0.006593406593406593 0.080078125
0 0.6351648351648351 0.2294921875 0.008791208791208791 0.07421875
0 0.6296703296703297 0.193359375 0.01978021978021978 0.078125
0 0.488933771072574 0.14212478603976897 0.0513290570035104 0.07772609716250733
0 0.4437143837805289 0.16923961416173827 0.049693491794303574 0.08139319886694274
0 0.43696594161248975 0.12091973972947923 0.05460018742192355 0.07039189375363675
0 0.48956043956043954 0.0185546875 0.03736263736263736 0.037109375
0 0.5239010989010989 0.0390625 0.05549450549450549 0.078125
0 0.5162087912087913 0.01123046875 0.0478021978021978 0.0224609375
0 0.5502747252747253 0.0126953125 0.033516483516483515 0.025390625
0 0.536526590933773 0.08509524286114689 0.047962028291509584 0.05576342557137792
0 0.5669779421961644 0.07633589257909479 0.05349169649366384 0.06730277405659368
0 0.5868131868131868 0.025390625 0.025274725274725275 0.05078125
0 0.6351648351648351 0.04248046875 0.008791208791208791 0.0654296875
0 0.6131868131868132 0.03857421875 0.03406593406593406 0.0771484375
0 0.671978021978022 0.46533203125 0.05274725274725275 0.0693359375
0 0.9048246827745257 0.3197525532410407 0.05095861660208911 0.1323338810639858
0 0.8346324666656636 0.35154108013027785 0.06294104056705542 0.10186107273146061
0 0.7594520413796324 0.3694285683828207 0.050872308137860686 0.1059666935639858
0 0.7092764110082804 0.39240798286809575 0.041563614895063744 0.11437714488911888
0 0.6837125757147918 0.38430665303684197 0.03604353652226833 0.10576748390390289
0 0.6467032967032967 0.3818359375 0.014285714285714285 0.09765625
0 0.6671619304257644 0.36140735758119447 0.04548009415651486 0.13641953257877004
0 0.7016510489545925 0.3278552530380543 0.057900087328413244 0.07184675284476638
0 0.7389511692595069 0.23028846203678288 0.05968589319757317 0.1140780886403312
0 0.7747070109010138 0.24816532094068589 0.03884193502610093 0.121791064396511
0 0.8063148022384584 0.257143527855677 0.03826051837878801 0.11194572329798935
0 0.8334630569845739 0.24595275598249544 0.034433544191351584 0.1172470856083383
0 0.8624416869699654 0.2067206779541394 0.04417980664108072 0.07473666288172676
0 0.8485104300367411 0.14515746299109977 0.05352685920131254 0.07804496155659368
0 0.7840762565628581 0.17436504016481358 0.0397522361476139 0.06433330909355406
0 0.9452041369106791 0.15625780883089868 0.06343934535992606 0.08631578882998214
0 0.8736157349927958 0.09706659102309267 0.0629154676887654 0.09404857273146061
0 0.9788800845826919 0.04205958193923695 0.027153232827686224 0.07421858882755766
0 0.9500706917490799 0.04910495551685376 0.04908650226870082 0.06373535776842104
0 0.6926117365711677 0.08300716781023054 0.03319399226185594 0.07411890341129501
0 0.7358952605009907 0.05170708334343577 0.039221965256880764 0.07011296799503253
0 0.8695054945054945 0.021484375 0.05 0.04296875
0 0.6639877471051575 0.1466931663878474 0.045278707739981786 0.07489609507876993
0 0.7346990459705006 0.10570701184713183 0.049629559598578836 0.06186194886694252
0 0.823076923076923 0.0185546875 0.05054945054945055 0.037109375
0 0.6997324006124124 0.16115205654175035 0.029414967221213128 0.09406870322164407
0 0.7422636724382502 0.15170505417717317 0.05078280306384599 0.0786229435639858
0 0.8770434992907348 0.1375839501142222 0.040883103344377426 0.07425836629059723
0 0.5563186813186813 0.97705078125 0.056593406593406594 0.0458984375
0 0.49176112223137397 0.7873350734291836 0.057568006244426984 0.13817328674624485
0 0.4830095047287105 0.6303776132013599 0.05525832270410634 0.1036747348521585
0 0.4666248999816762 0.5743150507949731 0.07014463329585109 0.12145206951224119
0 0.43763736263736264 0.53271484375 0.0489010989010989 0.0654296875
0 0.39484967955818906 0.5419394436879064 0.04091187283245365 0.08304742879059723
0 0.40274725274725276 0.513671875 0.05054945054945055 0.02734375
0 0.3131868131868132 0.5478515625 0.04285714285714286 0.095703125
0 0.2771978021978022 0.53515625 0.04450549450549451 0.0703125
0 0.23560811512090324 0.5490952126166468 0.06011067596536032 0.07607186723885273
0 0.23613377426384827 0.6257952269159076 0.046537439328194825 0.1238836522758131
0 0.20041309532999008 0.6186605555120046 0.05200637194441042 0.11686831326102887
0 0.13178611901503742 0.6252976056968065 0.04814743165911163 0.11240405057137792
0 0.17774725274725275 0.54345703125 0.0456043956043956 0.0869140625
0 0.21263736263736263 0.52978515625 0.04835164835164835 0.0595703125
0 0.2502747252747253 0.517578125 0.043406593406593405 0.03515625
0 0.0771978021978022 0.52783203125 0.043406593406593405 0.0556640625
0 0.04363127192608663 0.6222687968840922 0.05319158150754001 0.14339493295807215
0 0.028021978021978023 0.53369140625 0.046153846153846156 0.0673828125
0 0.1242731878045417 0.8467581142189827 0.05537020404662479 0.1378544223521585
0 0.06884722625354907 0.7757583650675635 0.06847070876920948 0.1134004212166766
0 0.06675824175824176 0.9482421875 0.06978021978021978 0.103515625
0 0.011263736263736264 0.8505859375 0.022527472527472527 0.103515625
0 0.6064252684429751 0.7517496442701948 0.04861696696390617 0.08806970416989923
0 0.6318681318681318 0.7685546875 0.015384615384615385 0.078125
0 0.6321428571428571 0.634765625 0.014835164835164835 0.060546875
0 0.007967032967032966 0.6767578125 0.015934065934065933 0.115234375
0 0.8563186813186813 0.890625 0.07417582417582418 0.21875
0 0.9519707099332165 0.8400099434070666 0.07686590428070728 0.16147116269450024
0 0.8722041156355169 0.6312652002199584 0.06203393605532865 0.16029539053441755
0 0.8230250948499066 0.6231540469022766 0.05873403614883915 0.1588405314432879
0 0.7765565657990072 0.6042110053272026 0.06764991272171121 0.1982019265196333
0 0.7445054945054945 0.55419921875 0.07142857142857142 0.1083984375
0 0.6576923076923077 0.732421875 0.03626373626373627 0.14453125
0 0.975 0.6865234375 0.05 0.16015625
0 0.9752747252747253 0.56689453125 0.04945054945054945 0.1337890625
0 0.6832417582417583 0.5400390625 0.05989010989010989 0.080078125
0 0.7387362637362638 0.5244140625 0.046703296703296704 0.048828125
0 0.6521978021978022 0.6455078125 0.025274725274725275 0.123046875
0 0.6607142857142857 0.52490234375 0.04230769230769231 0.0498046875
0 0.6491758241758242 0.56201171875 0.019230769230769232 0.1044921875