0 0.11813186813186813 0.021484375 0.05824175824175824 0.04296875
0 0.296978021978022 0.05126953125 0.06318681318681318 0.1025390625
0 0.14915471914719028 0.05979922417621447 0.0681514333839278 0.0925086104212628
0 0.19116191996419746 0.10919993964318386 0.07112245639020134 0.12691571856846862
0 0.1007359397178357 0.06605052703539233 0.04190567572974185 0.10985662220808712
0 0.055367908772333205 0.06815746135649658 0.060439945383703994 0.0889421451090866
0 0.02554945054945055 0.06298828125 0.0510989010989011 0.1259765625
0 0.016483516483516484 0.154296875 0.03296703296703297 0.08203125
0 0.08169019518611162 0.1201681291343929 0.04836482016773596 0.08989461926138098
0 0.07688860760628366 0.18181597484886358 0.055967619756435334 0.07685952207355728
0 0.022527472527472527 0.20751953125 0.045054945054945054 0.0732421875
0 0.01703296703296703 0.2958984375 0.03406593406593406 0.064453125
0 0.05659352375824411 0.3008067570037023 0.046614173543831905 0.07413316687305738
0 0.028021978021978023 0.34521484375 0.056043956043956046 0.0615234375
0 0.029826508600266453 0.40069704210524715 0.05656182435769004 0.08374094370299856
0 0.008791208791208791 0.52490234375 0.017582417582417582 0.0498046875
0 0.019485469002057044 0.5107409135900269 0.032877909807568204 0.07299606363702837
0 0.04254960520703608 0.5146043720265556 0.03243714766964206 0.08955214200758732
0 0.06127887465814494 0.5088266136775552 0.031862123376303425 0.08560040787814627
0 0.025824175824175823 0.4560546875 0.051648351648351645 0.060546875
0 0.1489010989010989 0.541015625 0.046153846153846156 0.037109375
0 0.1519861660872758 0.5090072762853466 0.041835347934049576 0.09911443470808701
0 0.18928571428571428 0.52490234375 0.0456043956043956 0.0693359375
0 0.21685969153827278 0.5085150285594037 0.04725952563286286 0.08882708850249865
0 0.3032967032967033 0.515625 0.04725274725274725 0.087890625
0 0.35192307692307695 0.52490234375 0.05 0.0693359375
0 0.2977252087912275 0.41652289895781314 0.041253930204738984 0.09418613807864595
0 0.272188545113721 0.41245476193879926 0.05012186022761198 0.10663263414970459
0 0.12767985389024045 0.4009807171457739 0.0449977890753404 0.078879526984734
0 0.1052994303901245 0.37665493033868624 0.04000158664250923 0.07065766981976362
0 0.09537754579222625 0.33870409894402476 0.043854133924635136 0.07195262122585167
0 0.09321190324635596 0.29162442036153957 0.043208781835604206 0.05725869959641061
0 0.1271659521827796 0.31153428013689155 0.03791247285623146 0.08707729580199897
0 0.14966765849429223 0.3593203090086997 0.0492719181874763 0.06068871252026331
0 0.187544582508534 0.36782980769013984 0.03896022646735641 0.0793557640608813
0 0.22789384152323153 0.4185589145187858 0.036212973720103535 0.07912834341367558
0 0.22844687373481165 0.3340862582687858 0.05538620202712462 0.07193122544411601
0 0.24574197164263165 0.2954572037814617 0.05265173615181599 0.0736569297969103
0 0.23873715078938837 0.14782502765456484 0.06445872200110249 0.11562772151517464
0 0.3006236696441817 0.183726453031416 0.06539139376473106 0.09032806477405719
0 0.33688459413407545 0.10318682769509152 0.0534697110120915 0.11471803892635146
0 0.36648351648351646 0.07080078125 0.05054945054945055 0.1416015625
0 0.4017167547233261 0.06702730665442791 0.04512565779478082 0.098410776984734
0 0.4339553209336919 0.0970546202914564 0.06753804847475704 0.08269750129182163
0 0.441739371087235 0.29360588967723555 0.04879279543371802 0.07138541589082203
0 0.4179787353054489 0.3121578846112656 0.0412091761529347 0.08735020057864595
0 0.38985126558993244 0.3259514752597664 0.030942238484618967 0.11285318961926394
0 0.35586524947364867 0.31092442798441444 0.040666119039456335 0.08828127894920468
0 0.3295619508957146 0.29799900227123866 0.04767471402690087 0.06836476013193993
0 0.44702250825052015 0.41031715260108825 0.05449828431530032 0.1040668196852339
0 0.4642857142857143 0.52978515625 0.046153846153846156 0.0595703125
0 0.5129120879120879 0.54248046875 0.06758241758241758 0.0341796875
0 0.5447802197802197 0.375 0.05 0.0859375
0 0.560989010989011 0.2822265625 0.017582417582417582 0.072265625
0 0.5620879120879121 0.1201171875 0.015384615384615385 0.103515625
0 0.5535714285714286 0.17041015625 0.03241758241758242 0.0791015625
0 0.4213879011478779 0.16929615694375078 0.0406789059114002 0.0902344039492049
0 0.4768474352166091 0.13724621820258753 0.056465922818109665 0.06909250620299834
0 0.45598410545534646 0.17509134459854403 0.06916082637922046 0.07892770368014501
0 0.6788461538461539 0.03955078125 0.08516483516483517 0.0791015625
0 0.8843406593406593 0.0361328125 0.08736263736263736 0.072265625
0 0.9854395604395605 0.1650390625 0.02912087912087912 0.115234375
0 0.9906593406593407 0.09716796875 0.01868131868131868 0.1103515625
0 0.9813186813186813 0.228515625 0.03736263736263736 0.107421875
0 0.7160054732549547 0.1816382942990894 0.07468129056175768 0.1672276858451156
0 0.76723882898134 0.12334557627239673 0.06587729489860476 0.16454681477405697
0 0.8243275343905068 0.09436177741955687 0.0746493233818975 0.1623448733451156
0 0.7035847175523537 0.31544875258082494 0.08485872012646509 0.12805282180449762
0 0.6628072907996024 0.28813440368745846 0.054338833360143224 0.1635916480557924
0 0.6280672341827632 0.30431187228266543 0.053118456977773766 0.1449459922969103
0 0.5986263736263736 0.33154296875 0.057692307692307696 0.1396484375
0 0.595054945054945 0.36376953125 0.05054945054945055 0.1103515625
0 0.5914835164835165 0.392578125 0.043406593406593405 0.087890625
0 0.5967032967032967 0.45068359375 0.05384615384615385 0.0810546875
0 0.7894750152279418 0.25367387845892553 0.08668608798203338 0.155533024192821
0 0.7965951104007534 0.3417130000211017 0.08244993454158608 0.09564432278673296
0 0.9280649998251362 0.1195598403839363 0.07270048024286073 0.116309983456792
0 0.8392418472870348 0.25144253592335053 0.08635362931148807 0.10475177419282122
0 0.9107501441931848 0.2871633710654221 0.0677682121697499 0.11785375129182163
0 0.9461609341708711 0.29449162866437695 0.055297078867659784 0.14219824131467496
0 0.9187623161561654 0.19695709431287778 0.06484194321528026 0.0902825806446157
0 0.9923076923076923 0.38134765625 0.015384615384615385 0.0908203125
0 0.8233865444701884 0.4900060423078805 0.04678679631507658 0.10050035437305738
0 0.7384165166304282 0.49518577555922105 0.07577980671651528 0.08337976323343899
0 0.679945054945055 0.52099609375 0.06868131868131869 0.0771484375
0 0.8631868131868132 0.55078125 0.05934065934065934 0.017578125
0 0.7417582417582418 0.5419921875 0.07472527472527472 0.03515625
0 0.634065934065934 0.54443359375 0.07692307692307693 0.0302734375
0 0.94758532308813 0.37082269811742097 0.05435762872391579 0.0825824446852339
0 0.9277154027322301 0.4248720740222598 0.050453933954013784 0.07347499327914564
0 0.8876916315358906 0.45038306838777564 0.04830727924398781 0.08110555676138098
0 0.020879120879120878 0.640625 0.041758241758241756 0.125
0 0.018131868131868133 0.75830078125 0.03626373626373627 0.0927734375
0 0.4733237649428989 0.8139572726631732 0.04031486500513848 0.1185092323197634
0 0.4359035866565134 0.8196534143611742 0.05241556396499468 0.12146300816746924
0 0.4106574393715903 0.8551815427216015 0.06278479660886285 0.11158501912685126
0 0.28028741340646757 0.8673510227940464 0.06999798154741214 0.12291850030958629
0 0.14732376962949242 0.813840652654565 0.06496341849874887 0.1088372681446157
0 0.1790126928183358 0.8858374117268728 0.07084753864340433 0.08492353106846862
0 0.3464285714285714 0.94921875 0.05 0.1015625
0 0.41593406593406596 0.95166015625 0.056043956043956046 0.0966796875
0 0.3821911175495567 0.9207329458701023 0.0538401453543254 0.0874197730557924
0 0.37857142857142856 0.9794921875 0.04395604395604396 0.041015625
0 0.5585164835164835 0.8125 0.022527472527472527 0.08984375
0 0.5348622264813605 0.8190514951605833 0.051655130028467076 0.08919096153802797
0 0.5623626373626374 0.865234375 0.014835164835164835 0.0703125
0 0.06739130908430972 0.8472845163855965 0.06481636947139227 0.08637633064461592
0 0.030788720714056163 0.8960403763424799 0.0439372485922714 0.08464793372585167
0 0.058404908023882394 0.9183568561292585 0.0573222582942174 0.11601299033243961
0 0.14998093685692143 0.9537847369959325 0.055967619756435334 0.07685952207355706
0 0.11719611681509119 0.9232236579794628 0.0422697166360037 0.08158179383752806
0 0.09517992669330885 0.8852487382370957 0.054364022159887844 0.0835590071852339
0 0.1392857142857143 0.990234375 0.057692307692307696 0.01953125
0 0.17527472527472526 0.98779296875 0.04395604395604396 0.0244140625
0 0.7914835164835164 0.611328125 0.06208791208791209 0.103515625
0 0.9722527472527472 0.59130859375 0.05549450549450549 0.0634765625
0 0.9002214605941595 0.6721350209308923 0.06326391936262113 0.10088831575629231
0 0.701098901098901 0.98828125 0.045054945054945054 0.0234375
0 0.6637362637362637 0.9892578125 0.03626373626373627 0.021484375
0 0.5879120879120879 0.98193359375 0.03626373626373627 0.0361328125
0 0.6173076923076923 0.9833984375 0.033516483516483515 0.033203125
0 0.9024316647197622 0.754393691578098 0.039976012898621245 0.0667514198197634
0 0.9283893328110634 0.9040833514207149 0.04497860876742434 0.075949839484734
0 0.9563377863193632 0.9176335107722142 0.03945852952903087 0.07158874819032235
0 0.9026133002287495 0.8526064490222598 0.027274715901538273 0.05593965984261695
0 0.9480005114821681 0.8475698272011556 0.028910280677945804 0.054122987230940334
0 0.9175093951777203 0.8025422472024506 0.036615375242197615 0.05671289004311664
0 0.9415293500605171 0.6604096118889793 0.044429158217973795 0.07590435535529294
0 0.7141645486391551 0.8350522676239416 0.055137242968359194 0.11778417881467496
0 0.5835164835164836 0.833984375 0.027472527472527472 0.080078125
0 0.592032967032967 0.88720703125 0.04450549450549451 0.0751953125
0 0.5942307692307692 0.919921875 0.0489010989010989 0.05859375
0 0.9766483516483516 0.650390625 0.046703296703296704 0.095703125
0 0.9594660259231667 0.7337106739752581 0.05980098673064506 0.07522478597964533
0 0.789272852106536 0.9086891479221012 0.050460327389985724 0.07445155577914564