0 0.3254237288135593 0.4517102615694165 0.08813559322033898 0.03621730382293763
0 0.19745762711864406 0.43309859154929575 0.06384180790960452 0.07344064386317907
0 0.23022598870056496 0.41901408450704225 0.04689265536723164 0.10160965794768612
0 0.2556497175141243 0.41851106639839036 0.04689265536723164 0.10261569416498995
0 0.2968233768999231 0.4099967579197014 0.05889309487474812 0.10524245382920237
0 0.3489720353540104 0.34415371567995295 0.06459962784929264 0.12679092640156622
0 0.1669575303754753 0.03854897843783753 0.05517996867221065 0.0748270828606523
0 0.2150677548054403 0.04716502395867783 0.0486075700592058 0.08130705370313417
0 0.24465354828283084 0.051770719205676864 0.03921031268913868 0.08755274009618076
0 0.26792102129271256 0.053370713480870344 0.0472383528683094 0.092232881423815
0 0.3064971751412429 0.03571428571428571 0.05819209039548023 0.07142857142857142
0 0.37796610169491524 0.014084507042253521 0.04406779661016949 0.028169014084507043
0 0.34519774011299437 0.02012072434607646 0.04293785310734463 0.04024144869215292
0 0.00480225988700565 0.06338028169014084 0.0096045197740113 0.060362173038229376
0 0.0675941220447326 0.06847242661988136 0.028448642866731436 0.06658859173213708
0 0.049855528520300375 0.0815412635952616 0.028478251781580616 0.0675946279494409
0 0.08284115222503391 0.12469192564890952 0.04759846458505568 0.06616965355368974
0 0.11442554745474386 0.19720506556391662 0.043374779722247986 0.07585516060763138
0 0.21974154885480998 0.35991412455061145 0.07162096492359134 0.09726583634087058
0 0.27863905822635815 0.3020835359242441 0.06228292538322269 0.10552359516852482
0 0.31719998691633705 0.2267782503151516 0.05621628069193192 0.11003835046628611
0 0.15699247818359077 0.30612154994614144 0.0632968355959289 0.082525332840198
0 0.07580780330434474 0.25133673371974175 0.05386756694173458 0.10683281425482623
0 0.14752759469135207 0.37901370572604975 0.05092667489455381 0.08350655369729022
0 0.11652937183543043 0.3745251527037683 0.04800818465438795 0.11838982307371439
0 0.4639397929707666 0.24788836789531343 0.06992604966935405 0.09712526567120923
0 0.5031073446327684 0.07193158953722334 0.05367231638418079 0.09959758551307847
0 0.3525723415785903 0.2067002221131576 0.06329203085737271 0.12066099531796912
0 0.21065119129498605 0.29158635478888795 0.05535521979202759 0.09993113140336081
0 0.24741996969370675 0.2804689387628541 0.05345304213384613 0.09274830721257293
0 0.09059751719024982 0.041856549920680663 0.03508025930943474 0.062120693324262746
0 0.8025423728813559 0.448692152917505 0.06271186440677966 0.04225352112676056
0 0.6765536723163842 0.43611670020120724 0.06271186440677966 0.06740442655935613
0 0.5932203389830508 0.4386317907444668 0.059887005649717516 0.06237424547283702
0 0.5409604519774012 0.39285714285714285 0.022033898305084745 0.14185110663983905
0 0.9152201834171154 0.3815765181733086 0.0539587960555602 0.09078309166785224
0 0.9164313563148976 0.3265132598808149 0.05268321034776777 0.06659136556267342
0 0.9454261726799437 0.30141745827240773 0.031747244261380515 0.0829194556584335
0 0.9618891804965831 0.2642506089716227 0.04277779668670832 0.09387009873932615
0 0.9850282485875707 0.23038229376257546 0.029943502824858758 0.0925553319919517
0 0.8563715019146411 0.28712078286770215 0.035344337173799145 0.09024285051888271
0 0.84840907573012 0.3533331325654744 0.05559209111082101 0.10797942114179139
0 0.8042104413724073 0.333299261980139 0.044620756515191436 0.0990408504955065
0 0.777401489725888 0.35569254548573837 0.04167986446801083 0.07571458993797027
0 0.7137817486776523 0.3685326456727561 0.0586810277322477 0.13633586278584672
0 0.8232934479114429 0.2696943296901323 0.04640930325253231 0.06406386733930795
0 0.7892222940761583 0.22814643574221416 0.04251131645306579 0.08481577278359174
0 0.7680662732559244 0.10585654460034315 0.04622924739415937 0.07709548127437063
0 0.7679514411504448 0.0730900822031383 0.04682623042969891 0.05908054314267594
0 0.8274011299435028 0.014587525150905433 0.05480225988700565 0.029175050301810865
0 0.9864406779661017 0.03722334004024145 0.02711864406779661 0.06841046277665996
0 0.9079435974720524 0.07660697366058906 0.04272098122628809 0.0727901950658329
0 0.8956830738958447 0.03526716188662639 0.03249467424044413 0.050866867374372425
0 0.9754237288135593 0.1664989939637827 0.04915254237288136 0.079476861167002
0 0.73428039790738 0.16059596540943197 0.05517996867221065 0.0748270828606523
0 0.5818740577538796 0.2740852318587588 0.06463404150269787 0.08966130014109891
0 0.5423728813559322 0.2902414486921529 0.024858757062146894 0.0875251509054326
0 0.9327683615819209 0.011066398390342052 0.03615819209039548 0.022132796780684104
0 0.9548022598870056 0.009557344064386318 0.030508474576271188 0.019114688128772636
0 0.9691394012983289 0.06800187434727846 0.02609992911653422 0.06338305552067725
0 0.9456202525122293 0.05785057222500251 0.03219618272267423 0.05987433644021972
0 0.3660368309447458 0.8838314202208848 0.07735470444370697 0.1388881763694239
0 0.45506030136880404 0.7912305436970062 0.06793024052806887 0.125059995306281
0 0.433925481170946 0.7370120963377481 0.05255996994981468 0.10070288317122925
0 0.49305346569633635 0.6196613717758505 0.04277779668670832 0.09387009873932615
0 0.46052317661784786 0.6208465886184013 0.05149164664596618 0.08355341058717719
0 0.41315557742839043 0.6182199035114969 0.04498086823193781 0.0729776226253812
0 0.3781777481362887 0.5747302224638018 0.060412759009168336 0.08027897595615503
0 0.26617370507485516 0.5119122980096138 0.040490703135487485 0.07360880372358844
0 0.3373305368379721 0.5050022936665389 0.05836253677674092 0.06806597067884794
0 0.3319209039548023 0.4879275653923541 0.05593220338983051 0.03621730382293763
0 0.22003004065371137 0.9453568431292978 0.0684704081031883 0.08596515350109303
0 0.1384180790960452 0.9577464788732394 0.0576271186440678 0.08450704225352113
0 0.16384616148766287 0.9414443673810352 0.03846768744863119 0.08146966590247076
0 0.24341916263515087 0.8067663765251069 0.042449696254089314 0.10187153158786967
0 0.34302184465396507 0.7657296730628339 0.04551382869922287 0.09108627453685006
0 0.3301639478004616 0.627119938759504 0.0338886956076334 0.07908273834876652
0 0.3093476185581102 0.641452524846567 0.039035061569321614 0.06244869155347227
0 0.2879503119222827 0.664909722224195 0.04105807725617791 0.05458782937458999
0 0.06497175141242938 0.9748490945674044 0.062146892655367235 0.05030181086519115
0 0.03672316384180791 0.971830985915493 0.05084745762711865 0.056338028169014086
0 0.09343435733433154 0.9351821871193862 0.05229348971617209 0.09164855721549496
0 0.1374033274810851 0.8896831329103119 0.05458538800594911 0.07377418975346141
0 0.19762203711733875 0.8478788384259751 0.04191673578680412 0.08376287967640085
0 0.15501468681189123 0.8241832704104152 0.05871784375493105 0.08013840528649387
0 0.19120729255569208 0.7838673756376271 0.0505417590015145 0.07042808287234054
0 0.24871678648324616 0.6500107672699905 0.034840985621363195 0.07314023482471772
0 0.04851351787497511 0.7462858234615075 0.038975843739623386 0.06043661911886462
0 0.02231638418079096 0.8501006036217303 0.04463276836158192 0.1006036217303823
0 0.01327683615819209 0.8430583501006036 0.02655367231638418 0.07847082494969819
0 0.0064971751412429375 0.9617706237424547 0.012994350282485875 0.07645875251509054
0 0.20659879421569305 0.5178617361100036 0.04626125867828648 0.059033686252788896
0 0.07739551426206365 0.5537897262166256 0.0403746698453689 0.050516827615487564
0 0.04751041832402026 0.6833382745451879 0.043199528602431043 0.05075111206492299
0 0.07908961857341795 0.6787022162769043 0.04396936038850959 0.07690805371482239
0 0.10443932509985433 0.6740785656887267 0.03926953051883703 0.08956481253078842
0 0.08641545308868179 0.5908600879070999 0.04028344073154331 0.06656655020246172
0 0.023904845162651123 0.6510073187523409 0.03805556501002083 0.048317327621331674
0 0.03610215711348733 0.6036050873990753 0.03814439175456836 0.05133543627324314
0 0.12026814361651472 0.5961203926972497 0.04667578348617503 0.07311819329504236
0 0.13950039591443522 0.5279648689844323 0.04254332773719303 0.06675397776200996
0 0.1363294189551684 0.6800058877021331 0.04611081173476267 0.0730713364051554
0 0.15162566724629967 0.6994113510197976 0.03451528755802231 0.06207383643437567
0 0.1916062324226438 0.5665042881300083 0.04545941560808076 0.05093853962447118
0 0.14298544933240862 0.5982702619709822 0.036683945449846364 0.07831098658089806
0 0.04544620257705128 0.5458503317686114 0.03531953299750615 0.05110115182380777
0 0.16085848415830115 0.5801478154641393 0.03403914255115734 0.06504508819640006
0 0.23831642956222418 0.594902039002878 0.036121376067712124 0.05919629845212543
0 0.7717514124293785 0.9567404426559356 0.08700564971751412 0.08651911468812877
0 0.9601694915254237 0.505533199195171 0.061581920903954805 0.07142857142857142
0 0.7986191307450984 0.5745757826414585 0.06385700260878514 0.1207078522078563
0 0.7155238699151975 0.5799546911289022 0.061508288858587966 0.11750231599639654
0 0.6759887005649717 0.4874245472837022 0.06271186440677966 0.035211267605633804
0 0.6132768361581921 0.5196177062374245 0.061581920903954805 0.09959758551307847
0 0.751412429378531 0.4939637826961771 0.06666666666666667 0.0482897384305835
0 0.5466101694915254 0.6041247484909457 0.03333333333333333 0.11569416498993963