0 0.2358288770053476 0.05228136882129278 0.10374331550802139 0.10456273764258556
0 0.2576387868346489 0.169806646748423 0.10014932692817971 0.15149909288403163
0 0.3323529411764706 0.08127376425855513 0.09251336898395722 0.16254752851711027
0 0.43636363636363634 0.04515209125475285 0.06631016042780749 0.0903041825095057
0 0.42979415532669946 0.3287569334074015 0.07343750991168371 0.16236765998562946
0 0.09916671135542612 0.11381033803063817 0.08354930058294874 0.17592154079835123
0 0.06016042780748663 0.05228136882129278 0.09358288770053476 0.10456273764258556
0 0.010160427807486631 0.10741444866920152 0.020320855614973262 0.155893536121673
0 0.06583236408566219 0.23718854997644995 0.07282796251923083 0.16040004894766052
0 0.10315150478479804 0.26523015363991087 0.07065153106899363 0.15918359719122135
0 0.1289340929338114 0.31333018293182235 0.07757725182880501 0.1458556270079601
0 0.15080509249793397 0.36524248628874834 0.06657166940723343 0.15016317163646403
0 0.2279224975726888 0.30366437493907905 0.10051202397986116 0.17424631074340108
0 0.2447339371415152 0.40223108811381775 0.06711767188466168 0.13698812755270634
0 0.28189409098301504 0.4001635501139151 0.059657191766561535 0.1502496273824093
0 0.3060985519551047 0.43373914285851256 0.0812606870814652 0.17185337801529618
0 0.337200625889157 0.44906773782492626 0.08766655626179107 0.18589253669531375
0 0.3290072977782924 0.4934221848369775 0.10169006008802127 0.13655584882298052
0 0.420770954090776 0.5444699307344514 0.07857198251121857 0.14408742703066627
0 0.4462566844919786 0.49809885931558934 0.046524064171122995 0.1311787072243346
0 0.45588235294117646 0.5465779467680608 0.02727272727272727 0.13498098859315588
0 0.38180085508045847 0.551566194555808 0.07721821943678735 0.1637835228027442
0 0.2033461778997587 0.39565378019972847 0.0769901906746311 0.1174049870953587
0 0.19435633231103075 0.4465957492536585 0.05580927266676987 0.09301599578941434
0 0.032620320855614976 0.20484790874524714 0.06524064171122995 0.15494296577946767
0 0.30775401069518715 0.620722433460076 0.06684491978609626 0.0779467680608365
0 0.2411764705882353 0.6145437262357415 0.0748663101604278 0.0903041825095057
0 0.1933155080213904 0.6055133079847909 0.06363636363636363 0.10836501901140684
0 0.11405652198448583 0.4934500129953385 0.0619646268466604 0.08715964763667886
0 0.022994652406417113 0.4990494296577947 0.045989304812834225 0.08745247148288973
0 0.04610664636463613 0.5337200117833389 0.05434332754109229 0.10986038053487653
0 0.010160427807486631 0.5788973384030418 0.020320855614973262 0.11977186311787072
0 0.02540106951871658 0.2880228136882129 0.05080213903743316 0.09315589353612168
0 0.574331550802139 0.6383079847908745 0.05668449197860963 0.04277566539923954
0 0.5785715204522043 0.5917897083826368 0.06249938620494917 0.08722611799023737
0 0.6284032473753349 0.6022822529802777 0.05099643844217094 0.09241776260738833
0 0.6238034095640147 0.5143080113651136 0.05022607186224985 0.09988938463791389
0 0.6804355997467391 0.5500039198155882 0.06349411688736248 0.08545791801294354
0 0.6896275723398294 0.603205880890506 0.05282508061952971 0.0983205957212956
0 0.7371657754010695 0.6169201520912547 0.06363636363636363 0.08555133079847908
0 0.711503944323373 0.5252091493487027 0.05992652834561219 0.10298699168637698
0 0.6909361137975538 0.4333396564423739 0.050513980879767426 0.12073546181287248
0 0.7555635434566673 0.4843576456828636 0.0641559660757005 0.11580969860995559
0 0.7575657065602422 0.27636890201618075 0.07763713208416623 0.12032316847553319
0 0.7587981259342681 0.40213331108210326 0.053486929807867734 0.12867237631830744
0 0.7208825132916505 0.3687638650061752 0.06062577155103221 0.13428934262559422
0 0.9260876109853885 0.1793466281194944 0.06687473534370231 0.0631759926284836
0 0.9384919289579493 0.26017160677573187 0.06654551850929068 0.1359710868569427
0 0.8446288352694475 0.3922648349404855 0.06793667560080413 0.1172255614270701
0 0.8502159498737796 0.49612289826271283 0.044332475801934015 0.11239972518608685
0 0.8190577849141041 0.4822201588096072 0.0498895257085114 0.09133425155806597
0 0.8953619324023606 0.4754660180206402 0.05354681006322894 0.10313991778588075
0 0.8816471160721692 0.5167461004648142 0.051131106731696144 0.06878644475937207
0 0.9122480354352768 0.5038334592754953 0.043685534392399014 0.10948154380591237
0 0.9381221517270893 0.5017958993641726 0.0513554708341886 0.07448986681260401
0 0.8706282090614775 0.3802130512592276 0.05772394599743248 0.08757845515041647
0 0.9566124082647975 0.46206462044423025 0.06048743860184335 0.11724554681945683
0 0.9740668754433468 0.4623237662504699 0.02490541193726719 0.09201242630963934
0 0.9831350491558282 0.30010858950115193 0.02015612262769313 0.10655684824933966
0 0.7 0.6364068441064639 0.051336898395721926 0.04657794676806084
0 0.6574866310160428 0.6463878326996197 0.05508021390374331 0.026615969581749048
0 0.7999749702327265 0.6121459220125242 0.062275022102456466 0.08152269593700522
0 0.14385026737967915 0.6958174904942965 0.08877005347593583 0.07224334600760456
0 0.15394960545234457 0.859930929317277 0.07216611333089269 0.1300482683506486
0 0.19353853807434848 0.8166132869617803 0.08297348254791444 0.13422938644843393
0 0.28958772314254383 0.8543430553721864 0.0821319925934929 0.1804749814487024
0 0.2505347593582888 0.9781368821292775 0.059358288770053474 0.043726235741444866
0 0.032620320855614976 0.9776615969581749 0.059893048128342244 0.04467680608365019
0 0.08689839572192513 0.9557984790874525 0.07540106951871657 0.08840304182509506
0 0.43716577540106955 0.8930608365019012 0.06470588235294118 0.1359315589353612
0 0.3811587878100471 0.9034564254084703 0.05737982138421759 0.13293995016203802
0 0.4016042780748663 0.7276615969581749 0.0748663101604278 0.1359315589353612
0 0.4516042780748663 0.6953422053231939 0.03582887700534759 0.07129277566539924
0 0.9692513368983957 0.780893536121673 0.06149732620320856 0.17395437262357413
0 0.9596256684491978 0.6972433460076045 0.08074866310160428 0.07509505703422054
0 0.9005347593582887 0.7038973384030418 0.09090909090909091 0.08840304182509506
0 0.8680127093357117 0.730440259069093 0.08836971326702363 0.12260314588890799
0 0.9126035277377054 0.7990272927677897 0.10047462996277916 0.17329574040119575
0 0.9655080213903743 0.9524714828897338 0.06898395721925134 0.09505703422053231
0 0.975668449197861 0.8816539923954373 0.04866310160427807 0.1150190114068441
0 0.5045454545454545 0.6791825095057035 0.06577540106951872 0.03897338403041825
0 0.5120801360686305 0.8309135843324018 0.054504146728560195 0.10042114746638159
0 0.8941176470588236 0.9743346007604563 0.07379679144385026 0.051330798479087454
0 0.5969328548300313 0.7707745782804329 0.08237517827460092 0.11902026097314876
0 0.4807486631016043 0.9173003802281369 0.022459893048128343 0.10456273764258556
0 0.5537652151172119 0.8504232973966007 0.05786227894662116 0.10462225095655377
0 0.6473070441410009 0.9040801153870426 0.05824746223658164 0.100886439941291
0 0.5858284149463334 0.895960739556716 0.046531393490450185 0.08713314806789402
0 0.7355614973262032 0.7409695817490495 0.09679144385026738 0.16254752851711027
0 0.606951871657754 0.6891634980988594 0.08449197860962566 0.058935361216730035
0 0.5647058823529412 0.9881178707224335 0.04919786096256684 0.02376425855513308
0 0.8239945425893862 0.9341616503236413 0.0742154549510805 0.10097940986363457
0 0.6913965834019759 0.8761277816945339 0.060622106891368675 0.09361422897144078
0 0.8414438502673797 0.689638783269962 0.08288770053475936 0.05988593155893536
0 0.8137701961566518 0.7432799157284552 0.0762721258905954 0.15326077868492713
0 0.9233287796012357 0.8815540010477625 0.07893101490323623 0.12615953123588194
0 0.7210963816954498 0.927102764493647 0.07538591259976479 0.11720557603468336
0 0.8385026737967914 0.9710076045627376 0.08235294117647059 0.05798479087452472
0 0.5131016042780748 0.9562737642585551 0.06149732620320856 0.08745247148288973
0 0.6201614066983231 0.8701389356978733 0.05166953074964857 0.10952802876708415