0 0.668853591160221 0.22358722358722358 0.04212707182320442 0.11056511056511056
0 0.6271849715617304 0.22133837759978106 0.07234462929016468 0.0935662512145089
0 0.6007777491983377 0.17841619792422858 0.07981569083058708 0.12640981824641917
0 0.5141812828134625 0.1939359532306966 0.0748027884721733 0.1036951060728115
0 0.5167503848895585 0.27675950447776526 0.06840867064414624 0.08077983054567534
0 0.24908702385400913 0.09681071625383908 0.04940969804995043 0.08657145219578487
0 0.20503268306930789 0.2687510515344637 0.06947109458251431 0.1078068575727025
0 0.16940373382987736 0.19212035002083971 0.06768902336128581 0.11487701991341703
0 0.15120899995080755 0.12229644472607647 0.05424395219359684 0.0872734239331346
0 0.2838512889446474 0.2911895329037176 0.07282754926215028 0.10585126349952126
0 0.04634740627995112 0.26708475570069257 0.06818646310729823 0.1100632966761763
0 0.2935082872928177 0.056511056511056514 0.05939226519337017 0.11302211302211303
0 0.19993093922651933 0.060196560196560195 0.05179558011049724 0.12039312039312039
0 0.643646408839779 0.35135135135135137 0.07320441988950276 0.09582309582309582
0 0.054712191517219226 0.14798273655184233 0.0588077068031968 0.11603036057248414
0 0.18578246339021057 0.33802361035958 0.06291758098886481 0.09830481388231552
0 0.15527735940328144 0.35680231740832985 0.05469309994241067 0.08123119946739278
0 0.13225138121546962 0.37714987714987713 0.07251381215469613 0.044226044226044224
0 0.975828729281768 0.3273955773955774 0.04834254143646409 0.14373464373464373
0 0.7203038674033149 0.2371007371007371 0.06077348066298342 0.19901719901719903
0 0.784780185956206 0.25090030481275705 0.09697451310744679 0.19608330102603605
0 0.8967481239766002 0.19081587721267862 0.11634530190520419 0.2172184247261892
0 0.8304497814351638 0.18118883624331023 0.10808704863557828 0.1818175735605124
0 0.8162200457501662 0.08995388057287453 0.10278439429397325 0.1517318540158975
0 0.7336464957811344 0.10300407286867508 0.0796080030677659 0.13859454885466727
0 0.7192679558011049 0.02457002457002457 0.05870165745856354 0.04914004914004914
0 0.5517955801104972 0.9269041769041769 0.09668508287292818 0.14619164619164618
0 0.6605662983425414 0.8224815724815725 0.05870165745856354 0.21744471744471744
0 0.41263812154696133 0.9035626535626535 0.125 0.1928746928746929
0 0.5432317680889627 0.8302869276643897 0.12525565801134683 0.18186761302261628
0 0.556336589813039 0.7356922316935168 0.1608484686900467 0.21390872388785603
0 0.2248855874673692 0.8720077547443357 0.09806597659386881 0.18891285700855734
0 0.33243228053219986 0.7605895402927814 0.07039337520440503 0.18367308870948582
0 0.3863939015039551 0.7446061596397656 0.1007510759878431 0.2222829535316189
0 0.4259566039261816 0.7204244984705767 0.10495280149279017 0.15448970150319252
0 0.3715485232918442 0.5940395985789311 0.08148665828339158 0.13398138897095505
0 0.46514275746972844 0.6167913841558647 0.12984845216900046 0.17642707861745988
0 0.6276240104629627 0.5927468753142091 0.11084947957480512 0.18221870026756942
0 0.584873875351295 0.6231838848563337 0.07785970406970917 0.16399194794613603
0 0.2551953180022813 0.7347162594299346 0.0950620856686495 0.1823692241589939
0 0.22576968493964264 0.7023491824270719 0.08606493266701837 0.14563959008805163
0 0.03798342541436464 0.4797297297297297 0.07044198895027624 0.16093366093366093
0 0.1446761398978439 0.83165572388505 0.0947385614622865 0.15667098003723257
0 0.06399087136901024 0.8578057424336417 0.08703550528610761 0.2227343224533365
0 0.028660220994475138 0.8759213759213759 0.057320441988950276 0.16461916461916462
0 0.021408839779005526 0.7616707616707616 0.04281767955801105 0.14987714987714987
0 0.058011049723756904 0.9852579852579852 0.10773480662983426 0.029484029484029485
0 0.008977900552486187 0.48034398034398035 0.017955801104972375 0.14496314496314497
0 0.10151933701657459 0.4367321867321867 0.06077348066298342 0.07493857493857493
0 0.19894014891226722 0.5176729728211088 0.09317869777790586 0.13445767624744612
0 0.14744475138121546 0.42813267813267813 0.0531767955801105 0.05773955773955774
0 0.6712707182320442 0.5147420147420148 0.03729281767955801 0.16216216216216217
0 0.18131970370145314 0.67207566283515 0.07106473049006672 0.14834739811324305
0 0.41609116022099446 0.4656019656019656 0.06146408839779006 0.13267813267813267
0 0.46374309392265195 0.47174447174447176 0.06560773480662983 0.14496314496314497
0 0.8052186139904587 0.9156061767922384 0.08266018599018381 0.14636668293273167
0 0.7386049723756906 0.9434889434889435 0.06698895027624309 0.11302211302211303
0 0.7071823204419889 0.9459459459459459 0.034530386740331494 0.10810810810810811
0 0.8721599157668486 0.5747592803938035 0.07499595646096735 0.10860911098681642
0 0.9444060773480663 0.4416461916461916 0.054558011049723756 0.08476658476658476
0 0.8572758717821115 0.44067720424097134 0.06683428718573861 0.07566526227814191
0 0.862940716102706 0.4799766829993456 0.06810439888692803 0.09050755869692098
0 0.9117806972851824 0.48218267713560264 0.075894251958595 0.09652466205533265
0 0.8543534015799172 0.8030350271867298 0.0668099803128031 0.1623874411179079
0 0.899706571865189 0.7864123761884115 0.06798350801959532 0.17477273507968438
0 0.9545426640846452 0.5830574370816282 0.0745613284861805 0.09755259993030536
0 0.9433359108996756 0.6211285159877795 0.05655723538400937 0.09371677510593344