0 0.4814356435643564 0.43626373626373627 0.03712871287128713 0.1054945054945055
0 0.45394365204176235 0.23483861542642118 0.08162852738006404 0.10958727430168133
0 0.48298267326732675 0.31373626373626373 0.03403465346534654 0.11538461538461539
0 0.3647916546316718 0.3725698870830574 0.05181103824100962 0.1299985332207063
0 0.34529702970297027 0.4521978021978022 0.043316831683168314 0.07362637362637363
0 0.3125 0.4340659340659341 0.04579207920792079 0.10989010989010989
0 0.25402227722772275 0.4478021978021978 0.053836633663366336 0.08241758241758242
0 0.26575024911291256 0.21430718636737756 0.06383427073735762 0.11525341296221216
0 0.20558209175122485 0.1706574788913097 0.06000688060820432 0.1370076116460918
0 0.1730077822830267 0.29006245758317284 0.06220476696141686 0.12504759858340392
0 0.11128365928484701 0.31360559092160234 0.06877321136909624 0.08806865829643921
0 0.1270975128406239 0.2467762318109667 0.07273822917580679 0.0992495178232866
0 0.027227722772277228 0.24835164835164836 0.054455445544554455 0.11868131868131868
0 0.023205445544554455 0.34725274725274724 0.04641089108910891 0.08571428571428572
0 0.014232673267326733 0.4675824175824176 0.028465346534653466 0.04285714285714286
0 0.9514232673267327 0.19615384615384615 0.09715346534653466 0.14175824175824175
0 0.9783415841584159 0.2917582417582418 0.043316831683168314 0.11758241758241758
0 0.8811649548311988 0.3481340368631266 0.06914932533204328 0.15833437911349738
0 0.6965210681921435 0.1447853409326748 0.08325592533957923 0.15357529301403136
0 0.8029587900003506 0.4093856501913126 0.046748130165905656 0.09790657805843209
0 0.9879331683168316 0.3626373626373626 0.024133663366336634 0.07912087912087912
0 0.7228683563897353 0.37501688053695 0.08573327868075728 0.0999209877057138
0 0.7509282178217822 0.44065934065934065 0.053836633663366336 0.0967032967032967
0 0.5642319003872304 0.21158199818489395 0.06739585411273731 0.10885185490664183
0 0.5071163366336634 0.17252747252747253 0.014232673267326733 0.11208791208791209
0 0.5204207920792079 0.47912087912087914 0.04084158415841584 0.01978021978021978
0 0.5129950495049505 0.2291208791208791 0.02599009900990099 0.06483516483516484
0 0.5157797029702971 0.28186813186813187 0.03155940594059406 0.0912087912087912
0 0.5696514849822061 0.32627327661668154 0.06487017728406844 0.10652615368361554
0 0.01608910891089109 0.7741758241758242 0.03217821782178218 0.08021978021978023
0 0.08570544554455446 0.971978021978022 0.04517326732673267 0.056043956043956046
0 0.02073019801980198 0.8593406593406593 0.04146039603960396 0.07912087912087912
0 0.1036509900990099 0.9928571428571429 0.04641089108910891 0.014285714285714285
0 0.18316831683168316 0.9774725274725274 0.06064356435643564 0.045054945054945054
0 0.21423071737287877 0.8774794663802585 0.05193921731722611 0.08171083438167014
0 0.16181031585202163 0.8339795249998155 0.06181499276427791 0.08112352938366592
0 0.15789205595676997 0.7577178102732604 0.06812918483595017 0.08693778244123203
0 0.2153533096254114 0.7508980040906428 0.05414865808820498 0.09719137403520378
0 0.198851317681849 0.6527323245845833 0.05249393966030598 0.10588665855749431
0 0.2677469309182787 0.6717265865402361 0.06931637929440992 0.084803929756042
0 0.2848504031163799 0.7286035379467393 0.05553756976233038 0.1038487301412223
0 0.34087809301586286 0.7268087235999418 0.07057921770874453 0.08596678036755527
0 0.29997085374330706 0.6315543986163232 0.06427658005483834 0.10759308002621056
0 0.2645420792079208 0.545054945054945 0.05136138613861386 0.11208791208791209
0 0.34468553303412225 0.5687327188319613 0.06767321528427725 0.12093976699455393
0 0.3372524752475248 0.5164835164835165 0.054455445544554455 0.054945054945054944
0 0.28991336633663367 0.506043956043956 0.0625 0.03406593406593406
0 0.4526608910891089 0.5478021978021979 0.04393564356435643 0.11758241758241758
0 0.4159508108868014 0.5424961745729856 0.05226700779268253 0.09599654866738441
0 0.48669554455445546 0.5241758241758242 0.026608910891089108 0.07032967032967033
0 0.4817450495049505 0.5571428571428572 0.03650990099009901 0.06813186813186813
0 0.3037977036320664 0.7848351145348735 0.05459096740568584 0.08953104109920217
0 0.25804134058565714 0.8427597015086398 0.0638363765537832 0.06147120862867048
0 0.2563062539012134 0.8076428284782637 0.061828652998469964 0.05478187776634563
0 0.2501585755515141 0.9042283338422417 0.045902386417094085 0.08798449341201611
0 0.4111269017649063 0.6967739876292713 0.06859670880538912 0.08037635060413152
0 0.35250628677400775 0.80157185277377 0.05872093335833732 0.08096365560213574
0 0.4762817830054296 0.9442538615733399 0.04369294564611549 0.07250395375848247
0 0.4173890713840552 0.9021885562330116 0.04923703792485018 0.0716928254663359
0 0.9758663366336634 0.5763736263736263 0.04826732673267327 0.15714285714285714
0 0.9662747524752475 0.6478021978021978 0.06745049504950495 0.17692307692307693
0 0.9644183168316832 0.7395604395604396 0.07116336633663366 0.11648351648351649
0 0.9879331683168316 0.8038461538461539 0.024133663366336634 0.14395604395604394
0 0.7564975247524752 0.5813186813186814 0.1021039603960396 0.18461538461538463
0 0.6494430693069307 0.528021978021978 0.09962871287128713 0.07802197802197802
0 0.5266089108910891 0.5884615384615385 0.053217821782178217 0.16593406593406593
0 0.5160891089108911 0.6236263736263736 0.03217821782178218 0.14395604395604394
0 0.5563118811881188 0.5791208791208792 0.07054455445544554 0.18021978021978022
0 0.6001529284487697 0.5949612020923581 0.07531012367554064 0.2113374299111987
0 0.6534926118578874 0.7055260852620743 0.10322285368353996 0.1348502401919117
0 0.7150486279854876 0.7826603014983196 0.09967493054235217 0.11491014663016148
0 0.742961357993487 0.7031035351736507 0.0801618659336385 0.15341541923250118
0 0.7892025766359847 0.679810320193422 0.071801075420503 0.1661545858310294
0 0.8217600671453523 0.6676760976696404 0.06750826713833619 0.14068801201846762
0 0.5086633663366337 0.75 0.017326732673267328 0.12197802197802197
0 0.5077351485148515 0.8291208791208792 0.01547029702970297 0.08021978021978023
0 0.551836197747818 0.8923124499090921 0.07206898799070233 0.0970197408691782
0 0.5247524752475248 0.9043956043956044 0.04950495049504951 0.11648351648351649
0 0.5095915841584159 0.9192307692307692 0.019183168316831683 0.12637362637362637
0 0.5857054455445545 0.9582417582417583 0.07982673267326733 0.08351648351648351
0 0.5739480198019802 0.9851648351648352 0.07363861386138613 0.02967032967032967
0 0.6553217821782178 0.9681318681318681 0.07054455445544554 0.06373626373626373
0 0.8459410010909667 0.7494920394096551 0.06949077604169146 0.14627844178189137
0 0.8948649616827654 0.7486143853098279 0.08371189489125186 0.11957330846070947
0 0.8741006130774835 0.8156995424709121 0.07843360936629078 0.10503179612454674
0 0.9494364916453761 0.8453630678525152 0.08703288616481591 0.12962329213234955
0 0.8589733323334606 0.9259514823662942 0.09199704144851291 0.10353743856547795
0 0.8648793656731316 0.8728365199215217 0.09424535710564193 0.09377522770059216
0 0.7629950495049505 0.9538461538461539 0.06930693069306931 0.09230769230769231
0 0.7168935643564357 0.9785714285714285 0.053836633663366336 0.04285714285714286
0 0.8152846534653465 0.9752747252747253 0.07487623762376237 0.04945054945054945
0 0.8579826732673267 0.9703296703296703 0.0724009900990099 0.05934065934065934
0 0.9102722772277227 0.9763736263736263 0.07797029702970297 0.04725274725274725