0 0.39359267734553777 0.05142566191446028 0.11098398169336385 0.10285132382892057
0 0.02831807780320366 0.07179226069246436 0.05663615560640732 0.14358452138492872
0 0.002574370709382151 0.09012219959266803 0.005148741418764302 0.1109979633401222
0 0.010011441647597255 0.20366598778004075 0.02002288329519451 0.09368635437881874
0 0.08999539987600877 0.39356413802342854 0.052190897197989285 0.14372486046970587
0 0.12070198468256499 0.44681136149106265 0.07120820000746102 0.1361651516537664
0 0.16686299078797737 0.45556892284218187 0.07984985520047683 0.11201869846779262
0 0.2136742440521798 0.47960143327680393 0.07466629881337114 0.09714476389423385
0 0.1804919908466819 0.5218940936863544 0.09096109839816933 0.09470468431771895
0 0.2628718535469107 0.5330957230142567 0.06350114416475973 0.07230142566191446
0 0.23713287564862867 0.37594868172518736 0.08054345216985294 0.12831197749019566
0 0.283675157407389 0.3736203603913335 0.08551025950402859 0.1380942623692534
0 0.30043400264526626 0.319688057141125 0.09322517458961177 0.18570908384485768
0 0.34496119381114027 0.33683134747272764 0.0687294015611769 0.1581054237378539
0 0.3787495447907437 0.42238745730157673 0.07509126207698659 0.12048918806031905
0 0.3945865929416734 0.5004598201487207 0.1025512163103962 0.12419308063405435
0 0.4047482837528604 0.5386965376782077 0.09668192219679633 0.06109979633401222
0 0.03260869565217391 0.564663951120163 0.02517162471395881 0.009164969450101833
0 0.028467347692275012 0.4981568524909409 0.040471405453367186 0.09556988799376527
0 0.45080091533180777 0.23319755600814665 0.05835240274599542 0.17718940936863545
0 0.4568077803203661 0.5005091649694501 0.04633867276887872 0.13747454175152748
0 0.029276502831635184 0.37018692393487945 0.0580588401128636 0.12122924501843506
0 0.07340995388047557 0.4515697610292379 0.05230320134589524 0.10627814601625668
0 0.06585204395210988 0.5011744626877167 0.06255733437283784 0.10664877579250731
0 0.4084186503656326 0.31096629219843236 0.0824941936462231 0.17413682474070494
0 0.45108695652173914 0.3365580448065173 0.057780320366132724 0.15376782077393075
0 0.5137299771167048 0.445010183299389 0.06750572082379863 0.15885947046843177
0 0.5726844581651549 0.33756681473338285 0.08090799593839301 0.17696032127154707
0 0.6793134728930322 0.41725443958688274 0.0760449579098786 0.14289244671612353
0 0.6890421273727764 0.3117497417483984 0.09517524046661913 0.16470997727105086
0 0.5117276887871853 0.32077393075356414 0.06350114416475973 0.14867617107942974
0 0.517162471395881 0.2454175152749491 0.07437070938215103 0.14663951120162932
0 0.5693977318035005 0.18018866077556825 0.08818873731875346 0.14756788953383332
0 0.6318147929039287 0.1298836869676681 0.09772366884958611 0.17112861461893003
0 0.5915331807780321 0.09063136456211812 0.09496567505720824 0.18126272912423624
0 0.5268878718535469 0.0840122199592668 0.09382151029748284 0.159877800407332
0 0.8028148642306827 0.09827469213876139 0.09423075507533467 0.19596954766247926
0 0.7554347826086957 0.00560081466395112 0.10697940503432495 0.01120162932790224
0 0.8915903890160183 0.02189409368635438 0.062356979405034325 0.04378818737270876
0 0.9347826086956522 0.016293279022403257 0.057208237986270026 0.032586558044806514
0 0.9642448512585813 0.04226069246435845 0.07151029748283753 0.0845213849287169
0 0.9785469107551488 0.16853360488798372 0.04290617848970252 0.14765784114052954
0 0.9756864988558352 0.2520366598778004 0.04862700228832952 0.09266802443991853
0 0.9445402456989441 0.1806712694745592 0.07554250546669881 0.17117419171947076
0 0.9605727057971922 0.29673809395891215 0.06233205047766315 0.11471825087508944
0 0.9088557402932521 0.3044433328542821 0.08740844072820533 0.12923795063362967
0 0.9136527402068434 0.23674778176488143 0.06540067658766208 0.13335684748977109
0 0.7308275050064534 0.4849517945678609 0.08238121389895418 0.14475958536983813
0 0.7571510297482837 0.5336048879837068 0.08638443935926773 0.07128309572301425
0 0.8518306636155606 0.5498981670061099 0.08695652173913043 0.038696537678207736
0 0.8973112128146453 0.5091649694501018 0.06693363844393593 0.12016293279022404
0 0.8457727135482702 0.4994435147814776 0.05770350678593093 0.12624373028431649
0 0.8061430375795705 0.49713557680912385 0.059194470030344386 0.1345446986527571
0 0.6381578947368421 0.5066191446028513 0.06693363844393593 0.12525458248472504
0 0.5869565217391305 0.4994908350305499 0.06407322654462243 0.1395112016293279
0 0.5600686498855835 0.5183299389002036 0.06750572082379863 0.10183299389002037
0 0.6161327231121282 0.5509164969450102 0.10183066361556065 0.03665987780040733
0 0.9619565217391305 0.504582484725051 0.07608695652173914 0.09674134419551934
0 0.9620909625667465 0.43261557255689326 0.07535989578274724 0.11343804291663712
0 0.9774027459954233 0.5325865580448065 0.04519450800915332 0.07331975560081466
0 0.3720369561688051 0.6301905407905685 0.06580789456742536 0.1161995673857066
0 0.2248283752860412 0.585030549898167 0.059496567505720827 0.031568228105906315
0 0.2597254004576659 0.6165987780040734 0.05148741418764302 0.09470468431771895
0 0.3062954375159843 0.6491663759618441 0.0882491568138287 0.1222639699185671
0 0.32464609908153946 0.719477921440884 0.04562868171437619 0.08310324307425754
0 0.35197139866238736 0.6932954096743024 0.057807276091592176 0.10195814060795057
0 0.2942144421999546 0.8530708519139744 0.060095605611042976 0.10226679832242853
0 0.2544156344100333 0.8401090317974782 0.05059548904855172 0.09288552795331506
0 0.27944047780742615 0.9001835033063592 0.050734073322554356 0.08277939299293251
0 0.4739702517162471 0.9470468431771895 0.012013729977116704 0.09979633401221996
0 0.4602402745995423 0.9037678207739308 0.039473684210526314 0.07841140529531568
0 0.45623569794050345 0.8645621181262729 0.04748283752860412 0.08757637474541752
0 0.04262013729977117 0.5865580448065173 0.05320366132723112 0.034623217922606926
0 0.07351258581235698 0.6023421588594705 0.04977116704805492 0.06619144602851323
0 0.09914119651061148 0.6465367724168564 0.054600065707590684 0.09342567895365149
0 0.1346923984624672 0.6265262123454485 0.060269004853387 0.10634011807802934
0 0.16292411444418023 0.6617211685964707 0.05666311133186677 0.10180381175071158
0 0.12487210134106605 0.669750858870358 0.06089297188608039 0.09427448766846588
0 0.05921052631578947 0.9781059063136456 0.03260869565217391 0.04378818737270876
0 0.07723112128146453 0.9786150712830958 0.036613272311212815 0.04276985743380855
0 0.28747139588100684 0.9887983706720977 0.041762013729977114 0.02240325865580448
0 0.12643020594965676 0.9877800407331976 0.038901601830663615 0.024439918533604887
0 0.16704805491990846 0.9806517311608961 0.04805491990846682 0.038696537678207736
0 0.19994279176201374 0.9943991853360489 0.05205949656750572 0.01120162932790224
0 0.1952786676523674 0.8204888835666285 0.049815192458003726 0.0745555890531114
0 0.1347200297872895 0.787514699487147 0.04026319124268185 0.07731711352218087
0 0.010869565217391304 0.9017311608961304 0.021739130434782608 0.06822810590631365
0 0.015446224256292907 0.7673116089613035 0.030892448512585814 0.09063136456211812
0 0.04138918306866382 0.8665556060923029 0.05097710250158116 0.11521162218050005
0 0.35695662687977786 0.8104033526478257 0.05688839522704142 0.09373433666812946
0 0.6288959883076283 0.6999753237445411 0.07638254595295924 0.09737625718009232
0 0.7082374346453958 0.6797964450434324 0.07172839773449317 0.14838511092056883
0 0.7606607993820788 0.668642798004841 0.06210676658248851 0.12278772595767158
0 0.6359311220862466 0.8117911097685914 0.07282000224202502 0.09385828079167477
0 0.5886693010316948 0.8038975494991334 0.050699933953575894 0.13542389210126538
0 0.5566937828538215 0.8410963757054921 0.03976073879950181 0.10559885852552833
0 0.5359680921476435 0.768439512634174 0.07664264481647527 0.10348623681349355
0 0.5111556064073226 0.725050916496945 0.062356979405034325 0.08961303462321792
0 0.506578947368421 0.6680244399185336 0.05320366132723112 0.09775967413441955
0 0.49284897025171626 0.7438900203665988 0.02574370709382151 0.07230142566191446
0 0.4902745995423341 0.9663951120162932 0.020594965675057208 0.06720977596741344
0 0.903604118993135 0.6064154786150713 0.057780320366132724 0.07433808553971487
0 0.8689931350114416 0.610488798370672 0.057208237986270026 0.0824847250509165
0 0.8460435878770648 0.6300416236080623 0.06642332675787407 0.11729506175322628
0 0.8400768186770143 0.7370662201714735 0.04644379327326557 0.11561263669044444
0 0.8971934140216272 0.6825026117198473 0.07666892494257205 0.13082681630656007
0 0.9756864988558352 0.610488798370672 0.04862700228832952 0.0824847250509165
0 0.8159938822481907 0.8193726252204957 0.059930741210943564 0.08503235378974455
0 0.8017734553775744 0.9562118126272913 0.04862700228832952 0.08757637474541752
0 0.8309496567505721 0.9557026476578412 0.044050343249427915 0.08859470468431772
0 0.7218311920858678 0.9256383646757887 0.039951207726335064 0.08334992872696283
0 0.7582536576705659 0.9194138409938434 0.04259487057271866 0.07864410117555903
0 0.7865845377371365 0.9034917930448831 0.048939661404038985 0.06735011505219048
0 0.6960878227917275 0.9555779423000699 0.06679572976929597 0.08595832693317844
0 0.6778327334892704 0.9075539088339052 0.06209755614088109 0.06912489691043876
0 0.6341337939453342 0.936590301865023 0.06011267529553233 0.07594454876826222
0 0.5858884051100341 0.9523574196595516 0.05271041932565862 0.0891208659121922
0 0.9217168183748843 0.8710947589685495 0.05043062464845257 0.07565108342063108
0 0.9545639379852812 0.8810939460638113 0.048827357256133 0.10479682950563954
0 0.9593821510297483 0.9526476578411406 0.04691075514874142 0.09470468431771895
0 0.9262013729977117 0.9480651731160896 0.038901601830663615 0.10386965376782077
0 0.8968791898822466 0.8955878507861186 0.047995176012754256 0.09860968544361882
0 0.994279176201373 0.9170061099796334 0.011441647597254004 0.08859470468431772
0 0.8933066361556065 0.9526476578411406 0.05091533180778032 0.09470468431771895