0 0.40421052631578946 0.03136704119850187 0.07473684210526316 0.06273408239700375
0 0.46289473684210525 0.02762172284644195 0.07421052631578948 0.0552434456928839
0 0.4544736842105263 0.05102996254681648 0.07631578947368421 0.10205992509363296
0 0.4269308440026251 0.10481531566044891 0.07528049370037371 0.14805941758660454
0 0.49 0.26170411985018727 0.02 0.14325842696629212
0 0.9560526315789474 0.020599250936329586 0.08789473684210526 0.04119850187265917
0 0.9357894736842105 0.041666666666666664 0.06842105263157895 0.08333333333333333
0 0.8797368421052632 0.0299625468164794 0.07210526315789474 0.0599250936329588
0 0.924896297208133 0.12455517814606552 0.06427688922516082 0.14890158672055218
0 0.9678947368421053 0.16900749063670412 0.06421052631578947 0.14325842696629212
0 0.9161984177597842 0.25583362283099986 0.0884859643896066 0.11099482024638185
0 0.7315789473684211 0.02762172284644195 0.06526315789473684 0.0552434456928839
0 0.7590246149655024 0.06633890777777651 0.08906130728281464 0.11291655037679658
0 0.7944736842105263 0.03651685393258427 0.07105263157894737 0.07303370786516854
0 0.8324096228449523 0.07826917235577165 0.08049317334003227 0.10651343757854874
0 0.8777953484990254 0.07873071821874772 0.06800867570386727 0.11095371220140189
0 0.8746533384164763 0.1803940942225993 0.062060589508191696 0.12440980456900794
0 0.8495329473841559 0.2385837879059266 0.07581688953876532 0.08833060777118511
0 0.831940315491604 0.3021726305499632 0.05940304585761216 0.08306408983319424
0 0.6293238566176124 0.23095648824396797 0.059819776239355214 0.09898169282944892
0 0.8402965343756439 0.5407403916762439 0.05071234415549354 0.07197932909487148
0 0.6618047653806624 0.2926925789854868 0.06603751150557041 0.09582522593000747
0 0.7860975002548719 0.35478545475018053 0.05425092452194971 0.10686887862335026
0 0.6106634730727364 0.38475193254094436 0.050223524269492704 0.09341676771044631
0 0.6867139669299123 0.48841796126721515 0.059599154272550074 0.0905547265373143
0 0.5348552514367894 0.3810258242330009 0.042010111253113346 0.08050841875047857
0 0.5397521181996171 0.23555323213733598 0.055571754020093005 0.07710261562441036
0 0.5497023655202108 0.21256806773128645 0.04904832493120915 0.08863697786160186
0 0.9747464306099749 0.5474465903396015 0.03943909060974109 0.06252187276065464
0 0.9063909763068511 0.5059503280349085 0.04341746375846373 0.07410132449752843
0 0.9459511835245847 0.5257273171108027 0.033123301136056875 0.06193302130803596
0 0.7375199728335993 0.26263721569331366 0.05921991979427982 0.096123633111019
0 0.7210708099759889 0.29936891673857613 0.05285510321686113 0.09366212248237056
0 0.6632330425647647 0.357323856035713 0.06340593255820205 0.095579871158083
0 0.6813157894736842 0.0149812734082397 0.06473684210526316 0.0299625468164794
0 0.6363157894736842 0.04260299625468165 0.06210526315789474 0.0852059925093633
0 0.5960526315789474 0.018726591760299626 0.07842105263157895 0.03745318352059925
0 0.525 0.018258426966292134 0.05 0.03651685393258427
0 0.702090299105495 0.40063176219794383 0.04961068547281181 0.07000852801007178
0 0.8593109132712512 0.3601614122120708 0.06365106807687437 0.10494316703823303
0 0.9878947368421053 0.4133895131086142 0.024210526315789474 0.11142322097378277
0 0.7475661366398905 0.3541541512742086 0.04923145099454144 0.0755774345837769
0 0.6767650927501738 0.20916893401666764 0.047910621496398326 0.1053436975827168
0 0.5567989607752872 0.14104097761161263 0.07060275874776296 0.08971255740336635
0 0.9260326275020887 0.4097882243552383 0.056012997953703236 0.09395654820868002
0 0.8887918142332523 0.3879177568085823 0.044286969274078755 0.08725900968412294
0 0.5885841746180526 0.4281095564065378 0.054666203752349006 0.0826224512437305
0 0.7302813752970228 0.46980742796184627 0.040210541917887276 0.07193423959518923
0 0.7808797805907544 0.4275452909115298 0.04582842073902707 0.06591971297731786
0 0.8162366782441731 0.4782191656645671 0.05727326914785025 0.08193147642763998
0 0.8447990465868246 0.4910433078072238 0.04104255153002944 0.06360541521182393
0 0.3418421052631579 0.7088014981273408 0.060526315789473685 0.11797752808988764
0 0.47578947368421054 0.6853932584269663 0.04842105263157895 0.07116104868913857
0 0.4560526315789474 0.6952247191011236 0.04894736842105263 0.09082397003745318
0 0.41157894736842104 0.6910112359550562 0.05894736842105263 0.08239700374531835
0 0.4573093919104677 0.7533556405954002 0.05739583690718638 0.08661312436771468
0 0.4805263157894737 0.8188202247191011 0.03894736842105263 0.11142322097378277
0 0.3902870628866651 0.853465965375701 0.05702958478052168 0.11273221092336441
0 0.4254716401013411 0.8774053759159266 0.05647875543918082 0.11174681038096455
0 0.3229510977130473 0.9113678522637505 0.054103843210746405 0.10125090109526026
0 0.2585999812618571 0.922060692115972 0.05188899464512097 0.1169231493195908
0 0.22244929547544082 0.9216767341392758 0.04971019083162446 0.11391787673800616
0 0.33710526315789474 0.9676966292134831 0.057368421052631575 0.06460674157303371
0 0.2826315789473684 0.9864232209737828 0.05157894736842105 0.027153558052434457
0 0.41526315789473683 0.9691011235955056 0.05368421052631579 0.06179775280898876
0 0.05441610621970624 0.831279770370432 0.05547515096396781 0.11352132764822488
0 0.008684210526315789 0.7804307116104869 0.017368421052631578 0.14138576779026218
0 0.017368421052631578 0.9293071161048689 0.034736842105263156 0.09831460674157304
0 0.07052631578947369 0.971441947565543 0.04842105263157895 0.05711610486891386
0 0.18736842105263157 0.9756554307116105 0.05368421052631579 0.04868913857677903
0 0.8040520308200572 0.7736676305245935 0.06384717649181228 0.11243380374235287
0 0.751773721647748 0.7316110336991769 0.0523172562271257 0.11322690192191565
0 0.7111248380989381 0.7307078492467369 0.060223524269492706 0.09434911584375899
0 0.6679475088399321 0.8750564375952301 0.05509446533435374 0.07892620384605534
0 0.6157894736842106 0.9803370786516854 0.037894736842105266 0.03932584269662921
0 0.5688263688287931 0.8171869986133599 0.04568279057916746 0.10046576582510242
0 0.6302178366798503 0.7035224395566828 0.05964818137628455 0.09242738571334405
0 0.6257088332928671 0.7428953624803458 0.05076137125922813 0.07385198827090156
0 0.6572820150611572 0.7498071013686033 0.03962366782441725 0.08962635985870403
0 0.679577621033859 0.7650927541399083 0.04130066940030726 0.09351889107391856
0 0.8446980510714238 0.865147439515211 0.052060589508191694 0.12347745643569567
0 0.8799987048696334 0.8834443370501542 0.05338287015767851 0.13387522381263
0 0.9936842105263158 0.9087078651685393 0.01263157894736842 0.10580524344569288
0 0.9178947368421052 0.9897003745318352 0.0431578947368421 0.020599250936329586
0 0.5264089206724271 0.8192645512653118 0.03950110006508112 0.08494471191862901
0 0.5239473684210526 0.8838951310861424 0.04789473684210526 0.06741573033707865
0 0.5202631578947369 0.9850187265917603 0.03315789473684211 0.0299625468164794