0 0.3071512309495897 0.038100208768267224 0.07854630715123095 0.07620041753653445
0 0.2764740102079194 0.22596917000113725 0.07682347633197979 0.11883046087617725
0 0.01406799531066823 0.162839248434238 0.02813599062133646 0.12526096033402923
0 0.19781412368902057 0.25722105259638184 0.054525274619111795 0.09185978310916265
0 0.02637749120750293 0.17745302713987474 0.05275498241500586 0.11064718162839249
0 0.06194321996850251 0.30022026041990285 0.07572296428486344 0.09482211014548833
0 0.15386869871043377 0.5224425887265136 0.06623681125439625 0.07411273486430063
0 0.2564478311840563 0.5375782881002088 0.053341148886283704 0.04384133611691023
0 0.309198126469613 0.4793692556022275 0.0673012677419104 0.11531020603934129
0 0.21505233821733355 0.32957453280770177 0.07433526539724451 0.11560175416070516
0 0.23561011666679643 0.3743512524806547 0.08030461308255464 0.10543059324412
0 0.24446848986563982 0.4181201379499425 0.07947920486190371 0.10018709088675505
0 0.466295427901524 0.5448851774530271 0.07444314185228605 0.029227557411273485
0 0.48974208675263775 0.4906054279749478 0.06037514654161782 0.12108559498956159
0 0.4520490896179444 0.3801848332042459 0.07295955278240797 0.12387959781929972
0 0.39335467682895686 0.37304583167529654 0.06998087207614404 0.12271427809928104
0 0.4915494019288956 0.3127976369809102 0.05573346963875969 0.10545401615546289
0 0.38734318370639853 0.21592297853020262 0.09291308861016433 0.15075309287919295
0 0.5722493201601317 0.49630152590951127 0.06024339428226632 0.08897121586861546
0 0.5471864009378663 0.42171189979123175 0.05451348182883939 0.0918580375782881
0 0.6393473049710162 0.42901238515873424 0.07508885272245597 0.14480501589519848
0 0.5836908270634198 0.12498512199053646 0.07373711265318417 0.12807925884054752
0 0.9268255649788036 0.17267390269311184 0.08220656080475701 0.1596860470454188
0 0.9715709261430246 0.06367432150313153 0.056858147713950764 0.12734864300626306
0 0.970398593200469 0.41283924843423797 0.05920281359906213 0.12839248434237996
0 0.865457976327621 0.409624140460776 0.06346131673790334 0.09535574226921846
0 0.8369512819213248 0.48060447855128846 0.07482573516877318 0.11353836716525174
0 0.7850277008633613 0.4794981524923461 0.0769311593045112 0.10841634319178856
0 0.8203399765533411 0.5266179540709812 0.056858147713950764 0.06576200417536535
0 0.8951432870366288 0.49870381410946524 0.06502842275223825 0.09125326395509155
0 0.9261430246189918 0.5318371607515657 0.053927315357561546 0.055323590814196244
0 0.8813012895662368 0.5427974947807933 0.047479484173505275 0.033402922755741124
0 0.764947245017585 0.541231732776618 0.06096131301289566 0.03653444676409186
0 0.7045720984759671 0.5417536534446764 0.07268464243845252 0.03549060542797495
0 0.9841735052754983 0.37839248434237993 0.031652989449003514 0.10751565762004175
0 0.9800703399765534 0.5276617954070981 0.03985932004689332 0.06367432150313153
0 0.2623094958968347 0.5845511482254697 0.09320046893317702 0.05010438413361169
0 0.34261430246189917 0.5808977035490606 0.09085580304806565 0.04279749478079332
0 0.41756700601931956 0.7032684928671317 0.0890133029835003 0.14225658812957573
0 0.4803634232121923 0.6910229645093946 0.07913247362250879 0.17118997912317327
0 0.29867695055668536 0.7281466877520073 0.07287574561418611 0.16034115755305037
0 0.34327345072367604 0.7289493178511954 0.07401221647964959 0.14684410721387173
0 0.4076441763329622 0.7724045414359323 0.06751663368697351 0.0944819706705639
0 0.4506138326042156 0.8086977769630954 0.07690718675894673 0.13341994390503384
0 0.4988276670574443 0.7881002087682673 0.04220398593200469 0.10438413361169102
0 0.48739742086752635 0.8648225469728601 0.06506447831184056 0.09707724425887265
0 0.43447642034678385 0.8660721705516363 0.057515941598157976 0.08052330247255858
0 0.429547943568443 0.9223424199948282 0.09146565184114334 0.13193965315230816
0 0.3538066612800136 0.8130518688216665 0.09908581596775531 0.13225549695045244
0 0.25544417673174885 0.7232172836619122 0.08284057562590944 0.160754184058316
0 0.31096131301289565 0.9812108559498957 0.06740914419695193 0.037578288100208766
0 0.20720984759671746 0.9812108559498957 0.056858147713950764 0.037578288100208766
0 0.24648300117233293 0.9838204592901879 0.05451348182883939 0.032359081419624215
0 0.14755397416329843 0.8860773367111813 0.06143960302913198 0.11506724927153798
0 0.11060750706362069 0.8657211215087456 0.058460922322868036 0.1139019295515193
0 0.069881020323848 0.9278283718595458 0.04099559742984688 0.09025714120709817
0 0.09994138335287221 0.971294363256785 0.05920281359906213 0.05741127348643006
0 0.214005957880248 0.8072573499095577 0.0667869221660719 0.09132615098543276
0 0.20542249502536006 0.6421842083596851 0.0775531878528814 0.12198628056130839
0 0.045134818288393906 0.6080375782881002 0.09026963657678781 0.09707724425887265
0 0.09788980070339977 0.6137787056367432 0.07268464243845252 0.10855949895615867
0 0.12397420867526378 0.6163883089770354 0.06506447831184056 0.11377870563674322
0 0.13023190409613608 0.7514938186170036 0.08604660855001886 0.12858946805293453
0 0.03048065650644783 0.8204592901878914 0.06096131301289566 0.11482254697286012
0 0.015240328253223915 0.6524008350730689 0.03048065650644783 0.12108559498956159
0 0.007327080890973036 0.725991649269311 0.014654161781946073 0.08872651356993737
0 0.023446658851113716 0.9373695198329853 0.04689331770222743 0.12526096033402923
0 0.008499413833528723 0.9853862212943633 0.016998827667057445 0.029227557411273485
0 0.2854630715123095 0.9916492693110647 0.05861664712778429 0.016701461377870562
0 0.2139579644184909 0.7314330789803997 0.05779104542462353 0.0992881508458828
0 0.8785869840499704 0.7925220928200192 0.0633057854154972 0.10472601861749026
0 0.862383502180353 0.7040012197372774 0.08956360737768593 0.12873524211361648
0 0.7714499334710843 0.69552595598541 0.06846161441168358 0.1278605977495246
0 0.6950508572984475 0.664644983404918 0.06294687442080991 0.12242272997791705
0 0.6371629542790153 0.5923799582463466 0.06565064478311841 0.06576200417536535
0 0.5935482643263765 0.6112841058173049 0.05965722781098861 0.08894692019183495
0 0.5553927315357562 0.5730688935281837 0.053341148886283704 0.027139874739039668
0 0.6738475614613246 0.8645644585653681 0.05642731908256922 0.09506419414785436
0 0.5334114888628371 0.8966597077244259 0.026963657678780773 0.07724425887265135
0 0.5959292276242274 0.8283913922739505 0.033698482220829794 0.058698944355787555
0 0.6725077592942078 0.8681693118882166 0.05330509332668152 0.09076735041948518
0 0.6153143345367422 0.6937605919743682 0.055314820762670566 0.08355764377378794
0 0.6122697777008028 0.6512785046090005 0.060339090982015633 0.09105889854084905
0 0.8045445600352275 0.7742886946568319 0.05892751629008687 0.08579110050670394
0 0.7934432107874133 0.7346101396632805 0.07311508410481411 0.11450932147102769
0 0.8818409620652097 0.8752771064946191 0.04665388247034438 0.09882653298705635
0 0.7338698385152739 0.8811709191497105 0.04311300783836756 0.07263331687701247
0 0.8831628331937803 0.8784693696949207 0.04793389838543162 0.08846100665622846
0 0.5301875732708089 0.9765135699373695 0.020515826494724502 0.04697286012526096