0 0.3127839626476019 0.23337688661076633 0.061274005170438746 0.08251415013041623
0 0.2141089108910891 0.031868131868131866 0.050742574257425746 0.06373626373626373
0 0.15891852850820423 0.14085941523371293 0.05009934962126168 0.08014767495243798
0 0.09008348007312426 0.2001484217476128 0.05690628031433099 0.08092230355631837
0 0.041395570742112454 0.19966770749516188 0.04493260444501172 0.07299090210166378
0 0.02804563010332455 0.1179821643151231 0.04576766645294485 0.0796547294772413
0 0.009591584158415841 0.1445054945054945 0.019183168316831683 0.08241758241758242
0 0.22834158415841585 0.4307692307692308 0.0655940594059406 0.03736263736263736
0 0.26949257425742573 0.42747252747252745 0.05012376237623763 0.04395604395604396
0 0.32093445673905757 0.38900569693694803 0.06541937671105734 0.09612348801025507
0 0.3137937073504183 0.315371944335323 0.07506807499553143 0.08955791283268269
0 0.18272839412909644 0.2607674031129432 0.05129482850710311 0.09780051331702648
0 0.12934838475185953 0.27176864532469996 0.05755503069456601 0.10070252333653816
0 0.15165583969601518 0.3059058424153906 0.04223500360477028 0.08472671027872114
0 0.005569306930693069 0.2923076923076923 0.011138613861386138 0.07252747252747253
0 0.005569306930693069 0.382967032967033 0.011138613861386138 0.06703296703296703
0 0.5380569306930693 0.38351648351648354 0.08601485148514851 0.13186813186813187
0 0.723700495049505 0.37362637362637363 0.1219059405940594 0.15164835164835164
0 0.8703589108910891 0.4142857142857143 0.09467821782178218 0.07032967032967033
0 0.968440594059406 0.360989010989011 0.06311881188118812 0.17692307692307693
0 0.9619430693069307 0.2598901098901099 0.07611386138613861 0.17032967032967034
0 0.989480198019802 0.289010989010989 0.02103960396039604 0.14945054945054945
0 0.40470297029702973 0.42032967032967034 0.09034653465346534 0.05824175824175824
0 0.647226341136788 0.3074422273658396 0.10315469508604468 0.1376409515209786
0 0.5731191853341211 0.3301080147298972 0.08600817085173143 0.14116367511469735
0 0.512868739226676 0.25923374609827066 0.0790748055290577 0.19292503691155682
0 0.4823307069217132 0.2692777710180539 0.07504366224055549 0.16400150442927353
0 0.4669593801722668 0.23982524042690273 0.08731787798968939 0.14350231887684148
0 0.615969660503371 0.17962329047253747 0.11232264505174994 0.15401145785598735
0 0.5907128903491111 0.2542068813908847 0.08001246685629237 0.10873217698919793
0 0.6406858053407682 0.12152321603770683 0.0852873370959147 0.11918565313667537
0 0.3935643564356436 0.25384615384615383 0.06806930693069307 0.14505494505494507
0 0.38521039603960394 0.3313186813186813 0.05136138613861386 0.15054945054945054
0 0.3777846534653465 0.10934065934065934 0.03650990099009901 0.09340659340659341
0 0.42574257425742573 0.017582417582417582 0.06311881188118812 0.035164835164835165
0 0.4839108910891089 0.03736263736263736 0.0655940594059406 0.07472527472527472
0 0.410289267533602 0.09738155880236288 0.050093246432517655 0.09875857285158562
0 0.583230198019802 0.033516483516483515 0.0922029702970297 0.06703296703296703
0 0.5380569306930693 0.022527472527472527 0.06373762376237624 0.045054945054945054
0 0.611640451484753 0.07665739640352053 0.09607163726813656 0.09085331832759382
0 0.7617117761783243 0.14387884782268023 0.08046880242008513 0.16023968707320763
0 0.8403848861199485 0.11357725784056893 0.11012962784058017 0.18113188141765996
0 0.848700495049505 0.06043956043956044 0.09344059405940594 0.12087912087912088
0 0.8505569306930693 0.02912087912087912 0.09344059405940594 0.05824175824175824
0 0.7207138188912572 0.1157004280432719 0.09276685347952206 0.17806119841797224
0 0.698019801980198 0.0489010989010989 0.07920792079207921 0.0978021978021978
0 0.9836014851485149 0.05824175824175824 0.0327970297029703 0.11648351648351649
0 0.9597772277227723 0.04285714285714286 0.07673267326732673 0.08571428571428572
0 0.9136757425742574 0.06978021978021978 0.07611386138613861 0.13956043956043956
0 0.30657287469242755 0.7432910191198211 0.051721225571849244 0.12959822440298738
0 0.07183607637850146 0.8044902490047398 0.05444876491113738 0.13757221522397894
0 0.08711366986942577 0.7146202948997823 0.06472237826554363 0.1124661629294296
0 0.05846201170707421 0.7047432584750039 0.051691287072802336 0.10988842540493857
0 0.05277761035725496 0.5209164181714168 0.03932115263778384 0.08986911186237183
0 0.09034653465346534 0.46813186813186813 0.05693069306930693 0.03736263736263736
0 0.1454207920792079 0.4785714285714286 0.03589108910891089 0.05824175824175824
0 0.1766707920792079 0.46703296703296704 0.03650990099009901 0.035164835164835165
0 0.2730691143161544 0.5900000103131979 0.043718815992938365 0.11117075743451836
0 0.15899452964516758 0.6188562897756333 0.05023741318368109 0.10315417724719002
0 0.3502475247524752 0.7087912087912088 0.018564356435643563 0.0989010989010989
0 0.2311262376237624 0.47307692307692306 0.0426980198019802 0.04725274725274725
0 0.34375 0.6241758241758242 0.03155940594059406 0.1010989010989011
0 0.34344059405940597 0.5527472527472528 0.03217821782178218 0.06373626373626373
0 0.3431311881188119 0.5071428571428571 0.0327970297029703 0.051648351648351645
0 0.892485415580611 0.7960340606541456 0.07760319951837759 0.12925919395746394
0 0.8157799179402957 0.8321331339426146 0.07538024380816091 0.136669818521088
0 0.807549504950495 0.9302197802197802 0.0853960396039604 0.13956043956043956
0 0.6598185401649588 0.8975053168964646 0.05966375815266616 0.10860609337535877
0 0.6138734281450953 0.9355778565708915 0.06516098170777752 0.1070420782170952
0 0.49969059405940597 0.954945054945055 0.0625 0.09010989010989011
0 0.44183168316831684 0.9796703296703296 0.05198019801980198 0.04065934065934066
0 0.40470297029702973 0.9829670329670329 0.04455445544554455 0.03406593406593406
0 0.36695544554455445 0.8225274725274725 0.01485148514851485 0.07142857142857142
0 0.40973062137284416 0.7688615818496743 0.048423122416651476 0.08543091810043062
0 0.4440087005919471 0.7857619285361365 0.04744999684629904 0.05576058843010095
0 0.5671663680308964 0.5927468606444116 0.07014751844507333 0.10870434557336384
0 0.724009900990099 0.4868131868131868 0.054455445544554455 0.07472527472527472
0 0.8551980198019802 0.46703296703296704 0.05198019801980198 0.035164835164835165
0 0.9068688118811881 0.46593406593406594 0.037747524752475246 0.03296703296703297
0 0.8547993758089187 0.4883048580855811 0.04078723290439299 0.05938156422182489
0 0.8661334560811189 0.5280700232598678 0.042241106793514234 0.06611581237957337
0 0.9002252236725238 0.5318539775416877 0.042457356920259384 0.07270921897297995
0 0.9578617812481239 0.5132521431029626 0.034881344406094646 0.0860794630904719
0 0.9817450495049505 0.49945054945054945 0.03650990099009901 0.0978021978021978
0 0.5305919304656425 0.8996211081239163 0.0554884481130006 0.07528695649747105
0 0.5541306172610939 0.8586244215042236 0.03695403017640387 0.0928841320303913
0 0.5851582639456049 0.8430506806988494 0.04525087644638521 0.10149190989092138
0 0.4657410965141387 0.5648762709243499 0.046170228207387955 0.07313174366600567
0 0.44573507256686185 0.6109449383455223 0.05617934336977036 0.07755517947744417
0 0.3796902033411993 0.5757636607450133 0.04019225633350779 0.09763184033685043
0 0.41190475157310885 0.6273850232201165 0.04398331418496214 0.08164126932853064
0 0.37004950495049505 0.7434065934065934 0.02103960396039604 0.08681318681318681
0 0.7402665588691132 0.7848917756700274 0.08627266904375527 0.11163418700870961
0 0.7498877928042393 0.7077083103014351 0.0706704116403769 0.06825626726053598
0 0.8294833061012382 0.7150723354938134 0.04863937254339641 0.09202432469383721
0 0.8700664952563744 0.6995059736636906 0.061303943669485515 0.1022239491284651
0 0.9848391089108911 0.5807692307692308 0.03032178217821782 0.10659340659340659