0 0.5146046714083973 0.37675001981557416 0.06255486069124948 0.12409360969355175
0 0.40077482486134736 0.2633041194946915 0.07397871961040364 0.1290254787230159
0 0.3079417494490702 0.2560009675592005 0.08098089999401202 0.11148005807599226
0 0.08123689048866277 0.4008254281799845 0.06532996384550695 0.11194670823348218
0 0.6320213378195512 0.26208919724781615 0.05671408623574356 0.0959840091725199
0 0.5757226632898174 0.24825706653484492 0.05390610492635251 0.10701483920401803
0 0.5993074719940272 0.19210234104104534 0.045454618092257607 0.09663249728591275
0 0.5737943892952163 0.14355416705587665 0.07081441384375473 0.08542076245620045
0 0.5562382872911924 0.0907750324351674 0.06091095293456694 0.06829003826498019
0 0.6580928481806776 0.21316964285714285 0.04265997490589712 0.12053571428571429
0 0.5257214554579673 0.029575892857142856 0.04140526976160602 0.05915178571428571
0 0.4827478042659975 0.008370535714285714 0.04203262233375157 0.016741071428571428
0 0.02132998745294856 0.4296875 0.04265997490589712 0.12946428571428573
0 0.01756587202007528 0.32979910714285715 0.03513174404015056 0.10825892857142858
0 0.0701764584182115 0.276435884174801 0.042284977076396155 0.09538654160312506
0 0.03022316273169843 0.27140197405734084 0.044167034792832786 0.09546447215565479
0 0.06468400554614522 0.18637179752147764 0.06417656079122294 0.09406358852549612
0 0.10821391775078103 0.1444397886609865 0.07999188771539621 0.09917729551086321
0 0.015997490589711418 0.20368303571428573 0.031994981179422836 0.09709821428571429
0 0.32133429623933457 0.15233574237742964 0.0677434072932943 0.08752302105912715
0 0.27999078135108657 0.1200490012379208 0.07028569573701021 0.08874299989107153
0 0.24266907188756887 0.036319066980753156 0.05146778619724989 0.06678431407375994
0 0.3279614787934418 0.07626104727866968 0.05252255478613286 0.08131921949603184
0 0.2709532563037281 0.06524507198797037 0.05470318352337865 0.07026241261369062
0 0.4527180104957322 0.1697470795606388 0.06737907996221784 0.09642561563685526
0 0.7779754438718823 0.36349171271537595 0.07737850771220088 0.1380839344058036
0 0.8097815923242516 0.30476714530347115 0.04386846377202378 0.10659920959052586
0 0.7622098675103395 0.2392969950915169 0.053810138085557534 0.0824872446262898
0 0.7274411169889623 0.23906460317046038 0.06665042530006535 0.11423080479231158
0 0.8707667377728341 0.17014878759102073 0.04793381785031226 0.07444095296870046
0 0.7381460912620152 0.16282105854121928 0.07025281758187649 0.0876269284625001
0 0.9843161856963614 0.35267857142857145 0.03136762860727729 0.11830357142857142
0 0.8945976993106165 0.2332578438493044 0.03875100872945838 0.10304318049806557
0 0.9230764850329715 0.23430803999307917 0.0371675220338309 0.09183051251066475
0 0.9554726731355137 0.27253881418725073 0.04974745163187539 0.09346612095610128
0 0.6075909661229612 0.9408482142857143 0.08469259723964868 0.11830357142857142
0 0.40338770388958595 0.9408482142857143 0.1028858218318695 0.11830357142857142
0 0.347648025642151 0.8198536301184269 0.10504777719687206 0.14145905870004988
0 0.28324968632371395 0.9441964285714286 0.08971141781681305 0.11160714285714286
0 0.12366004924710895 0.7767369508537199 0.0695161600459054 0.1689702584939981
0 0.01756587202007528 0.7265625 0.03513174404015056 0.11160714285714286
0 0.01191969887076537 0.8197544642857143 0.02383939774153074 0.12388392857142858
0 0.5358142500691657 0.760228195563987 0.08050993532371621 0.18057257924404777
0 0.5951399491658719 0.8201954526067697 0.0973880337105909 0.13668305077564494
0 0.6668757841907151 0.8978794642857143 0.025094102885821833 0.1640625
0 0.6549560853199499 0.6780133928571429 0.04893350062735257 0.15959821428571427
0 0.5492823231857488 0.600824341080753 0.06882305116349255 0.16671213878601193
0 0.5020487166092946 0.5983213076051329 0.06694099344705591 0.16663420823348218
0 0.46361355081555833 0.5686383928571429 0.07779171894604768 0.13727678571428573
0 0.42910915934755334 0.5513392857142857 0.06273525721455459 0.10267857142857142
0 0.3548248001474087 0.6506778897119041 0.10213849379747364 0.1703210547378474
0 0.31681304893350065 0.5630580357142857 0.06524466750313676 0.12611607142857142
0 0.6627979924717692 0.5306919642857143 0.033249686323713924 0.06138392857142857
0 0.2758854467262192 0.5865065820421125 0.05360219865633125 0.16050833722291674
0 0.2418444165621079 0.578125 0.07841907151819323 0.15625
0 0.20420326223337515 0.5853794642857143 0.08469259723964868 0.17075892857142858
0 0.2048306148055207 0.5407366071428571 0.10853199498117942 0.08147321428571429
0 0.09222082810539524 0.5524553571428571 0.07904642409033877 0.10491071428571429
0 0.06470044462371201 0.6086276610683032 0.05789769982055517 0.13616258060109132
0 0.03195770207996352 0.5715259467281247 0.06050574457453831 0.13961470229017867
0 0.0185069008782936 0.5691964285714286 0.0370138017565872 0.12946428571428573
0 0.010978670012547051 0.5491071428571429 0.021957340025094103 0.09821428571428571
0 0.1342534504391468 0.5407366071428571 0.0740276035131744 0.08147321428571429
0 0.3648055207026349 0.5435267857142857 0.0809284818067754 0.08705357142857142
0 0.6040605997055163 0.6024576166319681 0.08655598158384237 0.1518404674604665
0 0.5934755332496863 0.5239955357142857 0.07277289836888332 0.04799107142857143
0 0.9921580928481807 0.8431919642857143 0.015683814303638646 0.0859375
0 0.983375156838143 0.78125 0.033249686323713924 0.07142857142857142
0 0.9492893456757107 0.8120814193490066 0.05278558002720209 0.09024779092460326
0 0.9680050188205772 0.7399553571428571 0.06398996235884567 0.060267857142857144
0 0.9221998786727174 0.7000600466149045 0.05942343307973386 0.08160496485530773
0 0.9522599167960237 0.5410838770128956 0.048396779646789324 0.06888657267668659
0 0.9943538268506901 0.5245535714285714 0.011292346298619825 0.049107142857142856
0 0.7215759005820712 0.6827289728784465 0.07104456092969037 0.09323326245620045
0 0.7389827170756905 0.7299407387817203 0.0705185104475519 0.07537611959905759
0 0.7637533736593882 0.7824211396177321 0.05311436157853849 0.10140850521031755
0 0.8322347723009568 0.78683113873611 0.04977499453779658 0.13694095296870046
0 0.8559537612503074 0.7473915078200386 0.057768854824626535 0.1105189145947918
0 0.8560115146867562 0.681621224086854 0.06530242093958548 0.06847187622088313
0 0.7785339053567112 0.5571950476996269 0.060248054582681475 0.08832737027757943
0 0.906843945438042 0.5513247459878957 0.04552037440252477 0.09886464014305561