0 0.20842391304347826 0.29690522243713735 0.06467391304347826 0.06576402321083172
0 0.010326086956521738 0.03916827852998066 0.020652173913043477 0.07833655705996131
0 0.25634719212103085 0.13833019620667586 0.060949441840310335 0.11957443063752919
0 0.31630434782608696 0.03433268858800774 0.07391304347826087 0.06866537717601548
0 0.41331521739130433 0.0183752417794971 0.03315217391304348 0.0367504835589942
0 0.4127717391304348 0.04448742746615087 0.034239130434782605 0.07736943907156674
0 0.9847826086956522 0.2901353965183752 0.030434782608695653 0.07930367504835589
0 0.9494565217391304 0.30705996131528046 0.06195652173913044 0.045454545454545456
0 0.9192934782608696 0.2775628626692456 0.06793478260869565 0.10444874274661509
0 0.9063682985585967 0.20741973143224915 0.09454074308258718 0.10928497749273139
0 0.8973704553911199 0.14882188195249116 0.08950714200980275 0.09472756891604038
0 0.7888586956521739 0.29545454545454547 0.08423913043478261 0.06866537717601548
0 0.6097826086956522 0.31237911025145065 0.07282608695652174 0.03481624758220503
0 0.5513586956521739 0.29835589941972923 0.06902173913043479 0.06286266924564797
0 0.6025768050519915 0.2332852287444063 0.05428540598491709 0.10500014247724714
0 0.5219746342444972 0.24308798722900313 0.069777904290851 0.13320410692087079
0 0.49980861363483975 0.19934261663670316 0.06341069903973308 0.09349037759019331
0 0.44565217391304346 0.20357833655705995 0.03152173913043478 0.09574468085106383
0 0.6676630434782609 0.2736943907156673 0.05380434782608696 0.11218568665377177
0 0.7103260869565218 0.2746615087040619 0.075 0.1102514506769826
0 0.7611413043478261 0.2577369439071567 0.057065217391304345 0.14410058027079303
0 0.8215762034146139 0.20557487509713404 0.09060083427384437 0.1508260387707898
0 0.883695652173913 0.0183752417794971 0.07391304347826087 0.0367504835589942
0 0.6860949654136522 0.16065637344527492 0.08266011293010116 0.116898137786889
0 0.6084311249281364 0.13761087949163742 0.06398263664559425 0.0963973580832406
0 0.808695652173913 0.020309477756286266 0.05217391304347826 0.04061895551257253
0 0.6380434782608696 0.037717601547388784 0.0391304347826087 0.07543520309477757
0 0.6750933481075239 0.03628043443502615 0.04519132298112081 0.06429116251885718
0 0.7483695652173913 0.030947775628626693 0.04782608695652174 0.061895551257253385
0 0.4434782608695652 0.023694390715667313 0.02717391304347826 0.047388781431334626
0 0.5859330786269096 0.060016379305526966 0.05237037775239183 0.0759697232418189
0 0.4785326086956522 0.029497098646034815 0.05380434782608696 0.05899419729206963
0 0.09371424082163544 0.879606441463602 0.07595813128138576 0.09845537767302882
0 0.0663398780329691 0.6926882228938585 0.06748066741907559 0.12060906696028684
0 0.024728260869565217 0.5913926499032882 0.049456521739130434 0.11508704061895551
0 0.07062068181648862 0.6027997019878663 0.06467789807975276 0.11187687242541769
0 0.1266145477115636 0.5772698619350943 0.058860906831806836 0.12825598642162597
0 0.06673370666145477 0.5389361555866421 0.06936998701263716 0.09161803341990367
0 0.047675397090711655 0.5073107057525241 0.06712018238251462 0.08385858340129264
0 0.02010869565217391 0.3641199226305609 0.04021739130434782 0.06866537717601548
0 0.014130434782608696 0.3931334622823984 0.02826086956521739 0.0609284332688588
0 0.058423913043478264 0.36363636363636365 0.051630434782608696 0.06769825918762089
0 0.09293478260869566 0.34864603481624756 0.05543478260869565 0.037717601547388784
0 0.19184782608695652 0.3471953578336557 0.04456521739130435 0.03481624758220503
0 0.30204432961523414 0.3735943507487084 0.05023441050223571 0.07981568908394289
0 0.19477377823180897 0.3792529374144108 0.043045869282634215 0.06717001037258657
0 0.23076590908960656 0.5029205787179903 0.062285796724671876 0.0896106525808878
0 0.4095108695652174 0.5647969052224371 0.04076086956521739 0.08317214700193423
0 0.3916252296707767 0.614342669592672 0.045952989553593004 0.08654050277979615
0 0.3617983379431271 0.5651993786741115 0.057441924618498404 0.09439560377208836
0 0.32399538876167266 0.6170270798330357 0.05679409542599288 0.0837516793718844
0 0.29100585982326255 0.6055648180307506 0.05275932213394447 0.11562156076599696
0 0.25569400253923663 0.6066497707022088 0.05540082185164801 0.10791274949815818
0 0.25851849548124867 0.5621961024032395 0.0469830273853488 0.08074904790515593
0 0.4127717391304348 0.7819148936170213 0.034239130434782605 0.11121856866537717
0 0.3442934782608696 0.3471953578336557 0.042934782608695654 0.03481624758220503
0 0.41195652173913044 0.36750483558994196 0.035869565217391305 0.0735009671179884
0 0.4111413043478261 0.3916827852998066 0.0375 0.06382978723404255
0 0.6087777154117895 0.9255563554175017 0.07058026736267357 0.10420182032476033
0 0.45271739130434785 0.9763056092843327 0.04565217391304348 0.047388781431334626
0 0.49372159372906116 0.940804537313128 0.041185009034064184 0.0990623978781535
0 0.5466891415839222 0.8006515227880753 0.0704569435343763 0.09162928647563075
0 0.4380434782608696 0.9574468085106383 0.016304347826086956 0.0851063829787234
0 0.45708561871503234 0.9177002872189944 0.04738145821523215 0.12136800341772847
0 0.49566384697633165 0.8064088960934622 0.04423442602998144 0.13293966011128183
0 0.4546278704095283 0.7779404848402498 0.035826118012013006 0.10674307650667439
0 0.43831521739130436 0.8027079303675049 0.01684782608695652 0.06963249516441006
0 0.638663042205204 0.7590548410355243 0.05549568633495349 0.11758392938210402
0 0.5347997831709964 0.6965738084783855 0.05207354714811668 0.10110916441221467
0 0.4875537449156525 0.7275128219131451 0.05551740993764255 0.06439806654826565
0 0.500495622950914 0.6618894618989032 0.06372650254066936 0.07028517239658683
0 0.524291461178057 0.6224880048646552 0.05399132608666993 0.07501948483701502
0 0.5868219130411859 0.6816400673389771 0.061037570581313205 0.07315839372245268
0 0.5913873102746219 0.6207650860848225 0.04602888114023753 0.09427744668695283
0 0.6437807869827169 0.615988897087489 0.04824073997703806 0.09816842475198574
0 0.6775537060962884 0.5965146363168746 0.04790596357944065 0.11943939396880283
0 0.4722348944084642 0.46770941862440485 0.039832431959069624 0.07197184114737797
0 0.4345108695652174 0.5469052224371374 0.00923913043478261 0.07446808510638298
0 0.4407608695652174 0.5019342359767892 0.021739130434782608 0.05609284332688588
0 0.45546495242628937 0.5308755979726152 0.047422154714582436 0.07011637656067904
0 0.4472826086956522 0.3718568665377176 0.034782608695652174 0.05899419729206963
0 0.6293478260869565 0.3505802707930368 0.05217391304347826 0.041586073500967116
0 0.6098819343575879 0.48412325899401 0.05827274703531264 0.06829467114116176
0 0.5715199018897539 0.5620547060477925 0.051273934782322166 0.07499135219769713
0 0.625377800534673 0.5403708318371447 0.05183638593985286 0.07693121470234984
0 0.602512392431815 0.5638260951186093 0.0480415245620965 0.07785894699569924
0 0.7867853426008777 0.6522821082338873 0.07986683003910892 0.10913306124041443
0 0.9321007475981866 0.6194573291133225 0.0576695993784315 0.11760643549355837
0 0.8117617675028189 0.45623566971903456 0.058794501693493026 0.12148616050286389
0 0.679855069027106 0.526429528061517 0.06424152145654725 0.06738944495926671
0 0.6499034781181453 0.4922737526991408 0.03378776595119054 0.06514012342211623
0 0.668650110246994 0.4644242595109236 0.05630753585510653 0.08954876077438825
0 0.6678708461308747 0.4126806338678815 0.03334863862195705 0.07577279476659313
0 0.6363159044312829 0.4089693822924121 0.045763260586982046 0.06719814301190458
0 0.6065512917829053 0.4492760655085552 0.057691322981120806 0.06442057265971979
0 0.9785099858823046 0.44780827489501446 0.042644687746722997 0.0816711536706418