0 0.34735099337748343 0.025294117647058825 0.06821192052980132 0.05058823529411765
0 0.45728476821192054 0.031176470588235295 0.06423841059602649 0.06235294117647059
0 0.41324503311258276 0.052941176470588235 0.07152317880794702 0.10588235294117647
0 0.38133342693769307 0.08115426081979354 0.06311713784562258 0.08415910628542111
0 0.3124356646143162 0.09539207892030403 0.08058243982468351 0.09374882813846211
0 0.3150565162188314 0.23532705611653454 0.05530983285372957 0.11465836300595932
0 0.3993865582544999 0.2132847555623159 0.05216730836580651 0.09580745557155483
0 0.4649006622516556 0.3423529411764706 0.04900662251655629 0.04941176470588235
0 0.46589403973509935 0.06588235294117648 0.04701986754966887 0.08
0 0.22483443708609271 0.37 0.04966887417218543 0.03882352941176471
0 0.02947019867549669 0.3458823529411765 0.05894039735099338 0.08705882352941176
0 0.14495220127392835 0.18298213602363736 0.07277513483279051 0.1242480848590003
0 0.27350993377483446 0.36411764705882355 0.05562913907284768 0.05058823529411765
0 0.30695364238410594 0.3635294117647059 0.04966887417218543 0.05176470588235294
0 0.5145695364238411 0.14705882352941177 0.05033112582781457 0.21176470588235294
0 0.5794701986754967 0.2958823529411765 0.09403973509933775 0.18705882352941178
0 0.6605960264900662 0.05411764705882353 0.09735099337748344 0.10823529411764705
0 0.6902883828254159 0.1783941790374666 0.11261910417960753 0.1540636753988196
0 0.9256108893685172 0.18007860433417885 0.11970429373471758 0.17177917927894856
0 0.9811258278145696 0.09352941176470589 0.03774834437086093 0.18705882352941178
0 0.9698675496688741 0.3276470588235294 0.06026490066225165 0.12352941176470589
0 0.8923841059602649 0.3347058823529412 0.10397350993377484 0.10941176470588235
0 0.7655629139072848 0.32941176470588235 0.07947019867549669 0.12
0 0.714569536423841 0.3411764705882353 0.06754966887417219 0.09647058823529411
0 0.024172185430463577 0.7888235294117647 0.048344370860927154 0.14470588235294118
0 0.05099337748344371 0.8564705882352941 0.10198675496688742 0.14823529411764705
0 0.22366045712428356 0.671829621205212 0.09934505215245877 0.20332486098018307
0 0.28642384105960267 0.4252941176470588 0.10662251655629139 0.07176470588235294
0 0.428476821192053 0.4052941176470588 0.12185430463576159 0.03176470588235294
0 0.4417218543046358 0.44588235294117645 0.09536423841059603 0.11294117647058824
0 0.37608086617542374 0.6032136726381621 0.11985851806765709 0.17766153222012504
0 0.45264900662251656 0.6547058823529411 0.07350993377483443 0.1988235294117647
0 0.2687878811794043 0.8319079408276635 0.07003541956253215 0.1712658413544524
0 0.2193321821453013 0.9000478040587091 0.09618619225523056 0.15859844511026214
0 0.1342265026443264 0.8632905309709729 0.08053891145283455 0.16784594168030573
0 0.08675496688741721 0.9652941176470589 0.08211920529801324 0.06941176470588235
0 0.14172185430463577 0.9782352941176471 0.07682119205298013 0.04352941176470588
0 0.2513245033112583 0.9805882352941176 0.09602649006622517 0.03882352941176471
0 0.3076158940397351 0.9629411764705882 0.07483443708609272 0.07411764705882352
0 0.3291280680561038 0.8789184606248178 0.10570447436674199 0.16810603289538367
0 0.35596026490066224 0.9841176470588235 0.07483443708609272 0.03176470588235294
0 0.41456953642384103 0.9205882352941176 0.11390728476821192 0.1588235294117647
0 0.44735099337748346 0.8223529411764706 0.08410596026490066 0.16941176470588235
0 0.4778145695364238 0.8841176470588236 0.023178807947019868 0.11176470588235295
0 0.9556291390728476 0.42705882352941177 0.07417218543046358 0.07529411764705882
0 0.9390101958934859 0.4732873934298702 0.06385741464373254 0.11239440040306811
0 0.9811258278145696 0.4511764705882353 0.03774834437086093 0.11647058823529412
0 0.9798013245033113 0.6088235294117647 0.04039735099337748 0.11176470588235295
0 0.6843934595619734 0.5888294820512384 0.10943305131983551 0.20930988150625876
0 0.7807728396419377 0.624882163248638 0.09485986299195041 0.10801020981614436
0 0.788429572204935 0.5601146803447572 0.10048448626418956 0.1962797264620912
0 0.8046410922071306 0.72460838302224 0.06504402903135617 0.13240124490872804
0 0.8431596452666784 0.7200937546351396 0.06005446445220237 0.14411119474580145
0 0.8899137286257525 0.6161091832440472 0.09412141214586231 0.13034946198129518
0 0.8817779876546314 0.7243992334069739 0.05857573680800459 0.13821515279330496
0 0.9179024607290183 0.6975624641188726 0.07588681445412572 0.14192252170516947
0 0.6550547589780344 0.7861381300372383 0.08270890966722759 0.12435075244389963
0 0.7302956081063895 0.8329946484570437 0.0759158333686917 0.09252444601060715
0 0.7330153851427453 0.7923893018987762 0.06596754907697162 0.11712081627298924
0 0.9635761589403974 0.7811764705882352 0.0728476821192053 0.16
0 0.9307809582671437 0.8250418325537331 0.056079128566405366 0.0934955814290439
0 0.9481809186089849 0.9189541444427582 0.07078837986590295 0.12422755134202067
0 0.7966887417218543 0.99 0.08079470198675497 0.02
0 0.7360927152317881 0.9835294117647059 0.07218543046357616 0.03294117647058824
0 0.7122516556291391 0.9835294117647059 0.048344370860927154 0.03294117647058824
0 0.7109271523178808 0.9388235294117647 0.0695364238410596 0.1223529411764706
0 0.7562431502382336 0.9291709229489601 0.07063415553296344 0.1183451984008442
0 0.7745033112582781 0.9588235294117647 0.048344370860927154 0.08235294117647059
0 0.8059602649006623 0.96 0.07417218543046358 0.08
0 0.8419602982943473 0.8794747190655522 0.06250206646588642 0.11120424080351286
0 0.8121680544716995 0.8415576944610926 0.06801599377703503 0.11949429096643946
0 0.8038953375529546 0.9045673159882803 0.06847684082383136 0.08656680350717125
0 0.8870170010150752 0.8654833031687997 0.062024884009784634 0.11825621982726475
0 0.8826606691769843 0.804368433131504 0.07793343320216696 0.09372145011582234
0 0.9745033112582782 0.9647058823529412 0.05099337748344371 0.07058823529411765
0 0.9897350993377484 0.9094117647058824 0.02052980132450331 0.11764705882352941
0 0.5142384105960265 0.908235294117647 0.04966887417218543 0.1388235294117647
0 0.6197594453974771 0.8823592860085822 0.0723451326525817 0.1583520429065041