0 0.37780621338639286 0.07547982097484633 0.06688807753094506 0.13569623581270066
0 0.4260734085936353 0.08078769848654072 0.07705086498288383 0.11644033136231628
0 0.4577960140679953 0.075678496868476 0.023446658851113716 0.10334029227557412
0 0.4481242672919109 0.4133611691022965 0.04279015240328253 0.031315240083507306
0 0.07708089097303635 0.048538622129436326 0.07444314185228605 0.09707724425887265
0 0.1677209350815864 0.15664548115655505 0.06634601973635525 0.11276209909896216
0 0.24671749555178735 0.09580767982982533 0.05953920810406839 0.10512111025697478
0 0.20819538438014912 0.10040669376471333 0.06413314827642727 0.12722401440043118
0 0.2877681473622169 0.20040197499596024 0.06260183488564093 0.1198563796859457
0 0.3807278791906918 0.36113345999476604 0.05347241170658665 0.10064201810417213
0 0.41388654056989366 0.3526476211833287 0.044467608708227975 0.07206345717817966
0 0.3019874675239296 0.3751047055791522 0.05423448127973586 0.09235203277690394
0 0.24677608440797186 0.4044885177453027 0.044548651817116064 0.049060542797494784
0 0.234079576801755 0.29949341743637353 0.05112774582147528 0.10052052738083794
0 0.25965447688166465 0.25495909475418094 0.0575535226671876 0.11230650888645918
0 0.19173994351988274 0.2865901101039425 0.06475624917990522 0.08040301767933795
0 0.29280955113862267 0.2584470586272546 0.05120108308099512 0.09011248670050238
0 0.03181467817381861 0.17982592479849435 0.05249803620424635 0.08080903271795084
0 0.06621156970816794 0.16398763761298837 0.048402045149789304 0.10454402932113784
0 0.10289081703728087 0.143345760032039 0.06101923857367883 0.11144490363534333
0 0.038100820633059786 0.12108559498956159 0.07620164126611957 0.0918580375782881
0 0.038686987104337635 0.07411273486430063 0.07737397420867527 0.14822546972860126
0 0.02579132473622509 0.32515657620041755 0.05158264947245018 0.09916492693110647
0 0.061603546849273536 0.27563310155624754 0.052937528156484635 0.10165548675945549
0 0.015826494724501757 0.26043841336116913 0.031652989449003514 0.06367432150313153
0 0.061563556899709944 0.3240502329623498 0.04179319095771776 0.07713080045459672
0 0.06065893153464552 0.3662650617134176 0.04684150317617116 0.08468067125408324
0 0.03836640421242766 0.3856408879458872 0.03967571109565361 0.06973279305927771
0 0.1623681125439625 0.41492693110647183 0.05275498241500586 0.028183716075156576
0 0.18393617044203103 0.2193175041921802 0.052270850181199154 0.08808554938993565
0 0.7215709261430246 0.0767223382045929 0.09495896834701055 0.1534446764091858
0 0.6339390386869871 0.07985386221294363 0.10726846424384526 0.15970772442588727
0 0.5559969677301729 0.14806469574901246 0.08760903571037282 0.1409346449863415
0 0.6315286097012034 0.2113073363564442 0.08214275427314467 0.1843811362524161
0 0.5079132473622509 0.12630480167014613 0.07678780773739742 0.18789144050104384
0 0.48212192262602577 0.13517745302713988 0.025205158264947247 0.1304801670146138
0 0.5554703216343198 0.28969301797174346 0.08988036433596441 0.15146417639001125
0 0.5463071512309496 0.3752609603340292 0.059788980070339975 0.10751565762004175
0 0.7768507303840569 0.27613964828485427 0.09012960469735559 0.13273577770157396
0 0.8974208675263775 0.019311064718162838 0.10668229777256741 0.038622129436325675
0 0.8951642873041212 0.1945232923134244 0.08106581292845279 0.16246046819396073
0 0.9170057639000483 0.10697328099071515 0.09350710325047082 0.17768170051626797
0 0.9780187573270809 0.11638830897703549 0.043962485345838215 0.10751565762004175
0 0.9809495896834701 0.1988517745302714 0.038100820633059786 0.12630480167014613
0 0.9421860781117284 0.23113122356820923 0.0848248778730232 0.11996670022150266
0 0.7875048243142903 0.3567999554811353 0.09728822253338532 0.12373605052735742
0 0.6628746990304727 0.34087230679341246 0.08146890205337141 0.14686359351387443
0 0.9733294255568582 0.3752609603340292 0.053341148886283704 0.10751565762004175
0 0.7042019591680435 0.1601678338631019 0.11839738974387551 0.14877707240638627
0 0.6107717802993364 0.3362837723751945 0.08264840924041496 0.17087194424456337
0 0.5656506447831184 0.4154488517745303 0.05744431418522861 0.027139874739039668
0 0.713071512309496 0.38569937369519836 0.070926143024619 0.08663883089770355
0 0.9434349355216881 0.02661795407098121 0.070926143024619 0.05323590814196242
0 0.9665885111371629 0.05375782881002088 0.0668229777256741 0.10751565762004175
0 0.5117233294255569 0.40970772442588727 0.06213364595545135 0.038622129436325675
0 0.5143610785463072 0.38569937369519836 0.047479484173505275 0.08663883089770355
0 0.9548651817116061 0.40501043841336115 0.06330597889800703 0.04801670146137787
0 0.8376318874560376 0.41492693110647183 0.06565064478311841 0.028183716075156576
0 0.1228018757327081 0.4733820459290188 0.1025791324736225 0.08872651356993737
0 0.1490504963418702 0.7314188857659858 0.06275568364916834 0.12298790369429644
0 0.24196864340614002 0.6906834078003395 0.093544037682671 0.1308303311143412
0 0.30500359340685207 0.6988702266271882 0.06438238863781855 0.10849561571199388
0 0.35748010687763493 0.6899040100163032 0.06285107524703214 0.10112798099750842
0 0.35255920455480033 0.5699022302902201 0.07151895213550417 0.11094777055422993
0 0.3702726717985154 0.6080287955866812 0.06000075439465062 0.11451568228202709
0 0.44958968347010553 0.5307933194154488 0.03985932004689332 0.09081419624217119
0 0.4214042705446749 0.5371818145830914 0.0555898915686509 0.10804002549949096
0 0.3947960061918808 0.5432458712331261 0.0608433354718074 0.11976526164344518
0 0.2224501758499414 0.988517745302714 0.056858147713950764 0.022964509394572025
0 0.24062133645955452 0.9509394572025052 0.05803048065650645 0.09812108559498957
0 0.20984759671746775 0.9660751565762005 0.059788980070339975 0.06784968684759916
0 0.057345469577040294 0.8486185341491402 0.06194233115484337 0.13023404768544772
0 0.10116539913096333 0.896845397164962 0.05604426361474515 0.09348699215552125
0 0.1310082063305979 0.9749478079331941 0.04044548651817116 0.05010438413361169
0 0.10228604923798358 0.9780793319415448 0.06037514654161782 0.04384133611691023
0 0.07072526417895954 0.9333023432857211 0.049032320297755116 0.08167063796906646
0 0.39113778058449983 0.8021696667052587 0.04676816591665145 0.09508871193441878
0 0.35281003973083297 0.838514723349212 0.04602815068184619 0.09192681524523451
0 0.32692385500162463 0.901285896732617 0.05208777283483994 0.07245830202901556
0 0.32805540058729593 0.8247002355917751 0.043580918954383034 0.08971764184966674
0 0.3971277842907386 0.9697286012526096 0.04865181711606096 0.060542797494780795
0 0.37250879249706914 0.9817327766179541 0.049824150058616644 0.03653444676409186
0 0.41253697551326546 0.8723819592938423 0.07202460710277432 0.09743857854637707
0 0.4598475967174678 0.7400835073068893 0.019343493552168817 0.07933194154488518
0 0.45808909730363423 0.7807933194154488 0.022860492379835874 0.081419624217119
0 0.4402696112072431 0.8136798468719875 0.05602220927640133 0.10493887417197373
0 0.45193434935521687 0.8736951983298539 0.035169988276670575 0.08977035490605428
0 0.45076201641266117 0.9739039665970772 0.03751465416178194 0.05219206680584551
0 0.6392872108926062 0.7234766173270544 0.062198745760722304 0.1354532543660324
0 0.6300739548897405 0.8098516953437844 0.06874196854264238 0.11392743115841303
0 0.6579278894446101 0.8141349340124182 0.056864790353558105 0.11018845353339182
0 0.9001486946175853 0.5667970628100633 0.05649092981147129 0.13828105156604786
0 0.9349302080607533 0.5431299656036805 0.04799895602487075 0.12014090400122464
0 0.981535756154748 0.45407098121085593 0.0369284876905041 0.05010438413361169
0 0.9718768971649172 0.5229948223503729 0.04788921593803124 0.09410561595996886
0 0.9944314185228605 0.5448851774530271 0.011137162954279016 0.07933194154488518
0 0.9868112543962485 0.6080375782881002 0.02637749120750293 0.05741127348643006
0 0.8973884517356614 0.890748333023668 0.0527765051484693 0.07457635738208292
0 0.7848769050410317 0.9838204592901879 0.03634232121922626 0.032359081419624215
0 0.8325655079358436 0.8535010065301303 0.056366841235656336 0.06435055278674842
0 0.6740914419695193 0.9697286012526096 0.044548651817116064 0.060542797494780795
0 0.4771395076201641 0.9514613778705637 0.015240328253223915 0.09707724425887265
0 0.5668785134858937 0.9120387040178265 0.055333476962771834 0.10282081881890659
0 0.8196977451383617 0.6334367368471031 0.05904843323065434 0.08323081487935344
0 0.7866711439867835 0.6689865186954962 0.046944069018522674 0.08676835392631706
0 0.8196067380700627 0.7245450586510812 0.04623328236654923 0.09610218058970216
0 0.8500543130689946 0.7057878562230593 0.05209494707932766 0.0964059073980374
0 0.8828352609814254 0.6395358730017179 0.05744378258034823 0.08627122084520353
0 0.8646307530618561 0.5816522540211193 0.05933407641936535 0.10094574491250725
0 0.992672919109027 0.7807933194154488 0.014654161781946073 0.07306889352818371
0 0.9853458382180539 0.8329853862212944 0.029308323563892145 0.05845511482254697
0 0.9906213364595545 0.965553235908142 0.01875732708089097 0.06889352818371608