0 0.29887044723622785 0.3442431535922576 0.07818701343240182 0.15867470143209364
0 0.24298213423569645 0.42990042641747217 0.06698156985975245 0.15531606330710837
0 0.21623804494064458 0.3353332469530564 0.08971706343310566 0.11839268061691872
0 0.1873533111432083 0.4074330008361537 0.09263633335923656 0.15408396322164394
0 0.10465840944438376 0.3787570012029813 0.09467373646168106 0.14495696076559186
0 0.10371900396020076 0.45716566772630757 0.08418523938192123 0.16351899069906195
0 0.07356389214536929 0.5010438413361169 0.0873388042203986 0.07724425887265135
0 0.022567409144196953 0.4331941544885177 0.045134818288393906 0.1837160751565762
0 0.02608440797186401 0.5078288100208769 0.05216881594372802 0.06367432150313153
0 0.07593156509981938 0.17892907777138256 0.058433836170010404 0.14394115645443847
0 0.12456631206128772 0.18395922566007988 0.08932417638668083 0.15994565688484486
0 0.029894490035169988 0.10125260960334029 0.059788980070339975 0.1336116910229645
0 0.056858147713950764 0.049582463465553235 0.06213364595545135 0.09916492693110647
0 0.08499413833528723 0.032359081419624215 0.04337631887456037 0.06471816283924843
0 0.16412661195779601 0.028183716075156576 0.07854630715123095 0.05636743215031315
0 0.15630808987240838 0.07422750975446576 0.08468054735590158 0.12509753843948654
0 0.12310695058901701 0.1125564327244466 0.07213785050989953 0.09870749852767925
0 0.1923512731500718 0.14957695383285308 0.06208739623441838 0.14851787615240641
0 0.2372471092741692 0.14742077868328998 0.061148264241030044 0.17336939104246213
0 0.2753991403710068 0.15333454618371975 0.06698156985975245 0.15531606330710848
0 0.30725435455835187 0.11849183690952292 0.07937090880521581 0.12345166557311893
0 0.31535220952276216 0.18753236834768125 0.0665834485797881 0.10743314663023067
0 0.36840562719812425 0.21450939457202506 0.022860492379835874 0.1430062630480167
0 0.41060961313012895 0.48956158663883087 0.0615474794841735 0.10020876826722339
0 0.49941383352872215 0.5266179540709812 0.06916764361078546 0.026096033402922755
0 0.7875146541617819 0.5182672233820459 0.06506447831184056 0.04279749478079332
0 0.537221570926143 0.47964509394572025 0.07209847596717468 0.12004175365344467
0 0.5023446658851114 0.4812108559498956 0.05744431418522861 0.11691022964509394
0 0.48128247665224555 0.4519979259670278 0.07284901578765997 0.13830657690787188
0 0.5650644783118406 0.4733820459290188 0.07151230949589683 0.1325678496868476
0 0.6000352881573512 0.4582701922409733 0.08598944153519818 0.12940668856845436
0 0.6171767317670733 0.3931498750056849 0.08061730358127114 0.10799472270811543
0 0.7502930832356389 0.5041753653444676 0.06916764361078546 0.0709812108559499
0 0.727725674091442 0.4801670146137787 0.08030480656506447 0.11899791231732777
0 0.7116432827476681 0.4335686896489026 0.07892708478580797 0.10988172820359898
0 0.7638554578048645 0.3069340351461283 0.055986749357343435 0.1405420628770874
0 0.4469519343493552 0.04018789144050104 0.045134818288393906 0.08037578288100208
0 0.4232121922626026 0.02870563674321503 0.04572098475967175 0.05741127348643006
0 0.6661781946072685 0.042275574112734866 0.07913247362250879 0.08455114822546973
0 0.6877744015840722 0.08766286229694589 0.07079481602141782 0.09335450706259459
0 0.611664712778429 0.04645093945720251 0.05216881594372802 0.09290187891440502
0 0.5553777315163438 0.048115248838058136 0.07251917512606604 0.09251134290322788
0 0.6909297630669352 0.13950023941535808 0.05982257339793567 0.11498116861216523
0 0.45838053959450464 0.207077138649411 0.058433836170010474 0.14394115645443847
0 0.6450808888932161 0.10358965199277902 0.06465424762002842 0.10201326277289603
0 0.513577374588638 0.12706065458446422 0.04681870888713837 0.12805642229605038
0 0.49089598208662705 0.15671059411796065 0.05299919881284204 0.10276309760012847
0 0.6798345917721508 0.27342696471592964 0.055639565050362105 0.14778205983765566
0 0.7195229367823233 0.3263135923416204 0.06030631894165785 0.11191653699606459
0 0.8320926412449553 0.31316123683908587 0.061950834997677395 0.14434251080793878
0 0.41031652989449 0.37108559498956156 0.06096131301289566 0.11377870563674322
0 0.39273153575615477 0.4091858037578288 0.02579132473622509 0.12734864300626306
0 0.4569087952195914 0.33170262125706457 0.06278754606351013 0.11635947190953247
0 0.585541359454252 0.28294530322569833 0.05093343661634151 0.09316784839832613
0 0.5485874032772564 0.25116962569522094 0.05399504899434248 0.11535608602578148
0 0.5185251023037248 0.23369970184901417 0.061717634048510106 0.11935721113338302
0 0.9788980070339977 0.5031315240083507 0.04220398593200469 0.07306889352818371
0 0.9683470105509965 0.06993736951983298 0.06330597889800703 0.10020876826722339
0 0.9488997286172981 0.2063773953210969 0.05720478503934234 0.10636286835422971
0 0.9856389214536928 0.16701461377870563 0.028722157092614303 0.10020876826722339
0 0.9689331770222743 0.30636743215031315 0.06213364595545135 0.12421711899791232
0 0.9859320046893317 0.24164926931106473 0.02813599062133646 0.09916492693110647
0 0.9862250879249707 0.3825678496868476 0.027549824150058615 0.08872651356993737
0 0.9657092614302462 0.41910229645093944 0.06858147713950762 0.11795407098121086
0 0.40991911129573216 0.2519841439137003 0.049897664910526704 0.0972094289582936
0 0.3988862837045721 0.17536534446764093 0.038100820633059786 0.09812108559498957
0 0.5559176482665887 0.18960942380420748 0.051308980017378866 0.10465010309561214
0 0.34671746776084406 0.9697286012526096 0.06623681125439625 0.060542797494780795
0 0.2866354044548652 0.9812108559498957 0.08089097303634232 0.037578288100208766
0 0.2772567409144197 0.9519832985386222 0.05861664712778429 0.09603340292275574
0 0.2537109809337266 0.8057742366240752 0.05281693483665771 0.1329007115630187
0 0.22070339456598312 0.8321658766209618 0.06750523692778895 0.13561686270538725
0 0.35433763188745604 0.8783924843423799 0.050996483001172335 0.13674321503131523
0 0.32890810019565203 0.8283948746735373 0.062480283280843193 0.10696489988448028
0 0.32757112041309416 0.7518063212534446 0.05786501334411996 0.09083903309697623
0 0.011723329425556858 0.7724425887265136 0.023446658851113716 0.10438413361169102
0 0.08493179463166291 0.8322710154645745 0.06391995748175142 0.13312782567965312
0 0.046364298609473525 0.8315095622524792 0.06526299197023326 0.13848081714473787
0 0.041797622019758354 0.7722315109967485 0.0808279266515115 0.0965793604030795
0 0.0456510631965328 0.6400782341333433 0.052441391435620224 0.1214184568657328
0 0.12561970090328464 0.7282399714552376 0.0655418956588441 0.12915313751193574
0 0.23944900351699883 0.5668058455114823 0.045134818288393906 0.054279749478079335
0 0.10580304806565065 0.5673277661795407 0.04630715123094959 0.055323590814196244
0 0.021981242672919107 0.7108559498956158 0.043962485345838215 0.1022964509394572
0 0.20017584994138335 0.56419624217119 0.05451348182883939 0.049060542797494784
0 0.6685228604923799 0.930062630480167 0.06858147713950762 0.13987473903966596
0 0.8285463071512309 0.971294363256785 0.09788980070339977 0.05741127348643006
0 0.9064646118713063 0.9184351992762108 0.09150970315612436 0.1196371991297859
0 0.888042203985932 0.9582463465553236 0.06916764361078546 0.08350730688935282
0 0.9032365560089177 0.6144027916409487 0.051525384302748514 0.07555633046883872
0 0.9184795013789115 0.6608599403118525 0.051138278471452844 0.09943089641502748
0 0.816811141804621 0.6055800051201805 0.06944600031780682 0.1056799259192473
0 0.7721172569280704 0.6228384334473138 0.05644791702213861 0.10107676928139507
0 0.6963657678780774 0.5516701461377871 0.06565064478311841 0.024008350730688934
0 0.578253223915592 0.5600208768267223 0.06623681125439625 0.0407098121085595
0 0.49941383352872215 0.5521920668058455 0.06330597889800703 0.025052192066805846
0 0.8581576354362518 0.8073680356532141 0.054717776702361234 0.1195983437624991
0 0.9364478902685935 0.8085028061938464 0.08285954853882672 0.10513076826876505
0 0.9404830484399628 0.7533262186340924 0.07889872569175181 0.0911594765457448
0 0.7240444576141845 0.902817425770899 0.08481710859264256 0.12927290378395417
0 0.669978237393907 0.7942128622337524 0.08423672333649374 0.11152760106996669
0 0.6507198211239065 0.8481721682630631 0.06992396464639984 0.12029370462488403
0 0.5389983901573652 0.7979846642237164 0.05843961738513956 0.12626274613270108
0 0.49824302373975726 0.7392565706610075 0.05537222379200947 0.12175291882698301
0 0.6840438890786001 0.6975431815420815 0.05317568157389722 0.09030389395897565
0 0.7263329522927732 0.7585261887576492 0.0637492559358254 0.12790861899906858
0 0.8409316615259507 0.7092072946483983 0.09344468533101306 0.10737867266538316
0 0.8153575615474795 0.5631524008350731 0.07268464243845252 0.04697286012526096
0 0.7142404076628974 0.6209133726270832 0.05720478503934261 0.10636286835422971
0 0.6339390386869871 0.5762004175365344 0.06037514654161782 0.07306889352818371
0 0.9686400937866354 0.8940501043841336 0.0627198124267292 0.1722338204592902
0 0.9712778429073857 0.657098121085595 0.05744431418522861 0.09498956158663883