0 0.10872235872235872 0.3673580786026201 0.07002457002457002 0.08406113537117904
0 0.22051597051597052 0.36790393013100436 0.08108108108108109 0.08296943231441048
0 0.0417909589041493 0.3057577300055957 0.08175405980423157 0.15429124293758015
0 0.25912870682612593 0.31520457423339315 0.06369774568135399 0.1337034651630263
0 0.3307174970698059 0.3211714511131457 0.06498343427682235 0.13821019641144464
0 0.02979115479115479 0.10534934497816593 0.05958230958230958 0.15829694323144106
0 0.057125307125307126 0.026200873362445413 0.06142506142506143 0.05240174672489083
0 0.08712552194582289 0.17917463692269744 0.0689972517417418 0.11686585185077746
0 0.42905405405405406 0.38318777292576417 0.07063882063882064 0.05240174672489083
0 0.5221130221130221 0.035480349344978165 0.051597051597051594 0.07096069868995633
0 0.5156666872294293 0.10279649683974772 0.04888373314998645 0.07969264969267914
0 0.5386977886977887 0.10207423580786026 0.022113022113022112 0.08842794759825327
0 0.45566030970283894 0.3397750237619751 0.07425386727690428 0.09675312936822317
0 0.4015352850207204 0.29206391115496044 0.06451215207998902 0.14905726746845818
0 0.3396823455046954 0.22379266988737562 0.07755386981602505 0.11457017582988005
0 0.26941498596083796 0.2108696421599715 0.09708173147701364 0.15385682459084343
0 0.2065112285767948 0.22283857556487577 0.055755891801965794 0.18294237262497176
0 0.17601315049039015 0.20296505417974653 0.05279849988400228 0.14445292759538406
0 0.1504914004914005 0.055131004366812224 0.0773955773955774 0.11026200873362445
0 0.2994785511160523 0.12300053392138142 0.053683876910701804 0.11839197325428272
0 0.45761670761670764 0.03875545851528384 0.04668304668304668 0.07751091703056769
0 0.2992722740720856 0.04480384634108545 0.04344125867218135 0.0856132324372424
0 0.4547986890516515 0.1002373175102925 0.0566831321926018 0.06640998359342411
0 0.4281650819628446 0.04363066950372846 0.04565521481957403 0.06733411851486493
0 0.5393120393120393 0.32751091703056767 0.020884520884520884 0.07860262008733625
0 0.5383906633906634 0.17194323144104803 0.022727272727272728 0.07969432314410481
0 0.06708477151438691 0.08887893773464392 0.050926640777122716 0.09518637101945507
0 0.9610119090318999 0.15001514563939605 0.0630406045418783 0.1303583964820486
0 0.9680589680589681 0.028930131004366814 0.05773955773955774 0.05786026200873363
0 0.825541311696478 0.11326588417389387 0.05108390603628178 0.10719510464390922
0 0.7879150157583537 0.0975004921714951 0.04448390095803994 0.07156101172059522
0 0.8146180527332921 0.3367013887010965 0.060354852617007994 0.11261130953106376
0 0.8045699826002182 0.21146386105509687 0.04178436577207214 0.09959549364321757
0 0.7693863922773544 0.19707001015215467 0.038084565244826674 0.09808403352241704
0 0.7513811442618616 0.11575279370560176 0.06506870174662849 0.09788714282167998
0 0.7487714987714987 0.039301310043668124 0.044226044226044224 0.07860262008733625
0 0.703577079453699 0.0786015834715604 0.05446917604520884 0.08468909751580146
0 0.6292458634988259 0.047175738732770804 0.06842537807207211 0.07319772958003509
0 0.639844362038957 0.13038269869318106 0.04539889882951141 0.141430007353783
0 0.5973612485537945 0.10969081837833189 0.04279841437444724 0.08335986681303326
0 0.5632678132678133 0.12882096069868995 0.02702702702702703 0.08078602620087336
0 0.5632678132678133 0.05294759825327511 0.02702702702702703 0.07096069868995633
0 0.6395354391995766 0.2948938872688652 0.06419762156167082 0.12503980021954988
0 0.7162172016693554 0.26426755654852685 0.05634052157144425 0.08708238216135468
0 0.769699638844062 0.2905855202825466 0.040241847605896865 0.1223113793033412
0 0.7294958444554188 0.18979338431655232 0.05269790841116578 0.08993773426762827
0 0.7336582380166937 0.3416938527857179 0.04509866515293485 0.11850424316164325
0 0.6915179919430109 0.3183076945842834 0.05724070902052971 0.1089864028073979
0 0.7137592137592138 0.375 0.05405405405405406 0.06877729257641921
0 0.6695331695331695 0.36790393013100436 0.06265356265356266 0.08296943231441048
0 0.589987714987715 0.3881004366812227 0.03746928746928747 0.0425764192139738
0 0.5654176904176904 0.37117903930131 0.03132678132678133 0.07641921397379912
0 0.5601965601965602 0.310589519650655 0.020884520884520884 0.060043668122270744
0 0.5746314496314496 0.26200873362445415 0.049754299754299756 0.06550218340611354
0 0.05031055092246757 0.8419445681530597 0.0732689259386569 0.1620454342423206
0 0.01812039312039312 0.9481441048034934 0.03624078624078624 0.1037117903930131
0 0.03746928746928747 0.9858078602620087 0.05528255528255528 0.028384279475982533
0 0.012285012285012284 0.6495633187772926 0.02457002457002457 0.1222707423580786
0 0.0872243158864043 0.7007357537111463 0.0662834197140323 0.14380863071663125
0 0.23492119739793849 0.8842905904723231 0.07989701111973795 0.15298966134879546
0 0.17913341534645072 0.7051903337443853 0.07225436375563751 0.13140778914212892
0 0.23181651333523043 0.6751106912781442 0.08575358042740924 0.13185519532014467
0 0.34939366948587186 0.8568750666015452 0.08989658304864863 0.16720945020077077
0 0.3286536577607013 0.7025398398158509 0.057655317431040194 0.1406457914536861
0 0.35196560196560195 0.9716157205240175 0.07862407862407862 0.056768558951965066
0 0.4616093366093366 0.9650655021834061 0.10012285012285012 0.06986899563318777
0 0.43658969018726423 0.7749663413270681 0.0662982301364183 0.1917736057037758
0 0.4133392987848072 0.9297579783835561 0.0947957775402676 0.119804151299002
0 0.11802519555260699 0.46261755614553535 0.05344083060109207 0.09983302128921734
0 0.02364864864864865 0.44268558951965065 0.0472972972972973 0.0665938864628821
0 0.05804668304668305 0.45087336244541487 0.04238329238329238 0.08296943231441048
0 0.18597852105687945 0.4643437152625659 0.07133987946481027 0.10841206543931713
0 0.2453931203931204 0.4519650655021834 0.08783783783783784 0.0851528384279476
0 0.3203316953316953 0.45087336244541487 0.06941031941031942 0.08296943231441048
0 0.3372907059968194 0.5362438469923175 0.07999657543128587 0.11375831081579964
0 0.40185212665193815 0.4681571454298405 0.06951142446380021 0.10929388996406958
0 0.5399262899262899 0.5103711790393013 0.019656019656019656 0.10807860262008734
0 0.5064508736930928 0.7014699287930762 0.07786840033434347 0.13858764307878835
0 0.48432560906090616 0.5119903256587721 0.06803987692568948 0.09059501897766001
0 0.44784943851202547 0.47886262401408436 0.050055560592164976 0.12233902841732497
0 0.926602360777518 0.9313970065300716 0.06875420543213231 0.09830689988571195
0 0.9634745191678403 0.6759303238791637 0.07041161191288567 0.1311979106101128
0 0.8738442252236689 0.6383886791464994 0.07755386981602505 0.11457017582988005
0 0.6478347141225085 0.7039407034807168 0.062211901301501484 0.11391289111984843
0 0.5632678132678133 0.7931222707423581 0.02702702702702703 0.13427947598253276
0 0.5822383131830464 0.7101363038037544 0.05322689155561026 0.13033074736806483
0 0.5574324324324325 0.6997816593886463 0.015356265356265357 0.08296943231441048
0 0.5595823095823096 0.62882096069869 0.019656019656019656 0.08078602620087336
0 0.5777027027027027 0.6097161572052402 0.055896805896805894 0.11026200873362445
0 0.6420935467100598 0.5786470408810369 0.03989872340409509 0.0961105059408959
0 0.6035744685340428 0.5605933034990931 0.04174147524684686 0.09632038447291189
0 0.6408088852758802 0.488847552183327 0.061368901219383015 0.0963756827008792
0 0.5592751842751843 0.4519650655021834 0.019041769041769043 0.0851528384279476
0 0.6845210135701882 0.4626661605678002 0.07678235394261537 0.10249148269475386
0 0.5793266364838519 0.4862184133431998 0.057112037444854 0.09916107529648087
0 0.8911086053718126 0.5414084997864174 0.06496862385443627 0.09024522142430007
0 0.8523326976250885 0.4959922264745874 0.06743992315318052 0.09161676252375653
0 0.8194103194103194 0.42248908296943233 0.04914004914004914 0.026200873362445413
0 0.900658853947147 0.4697896796607164 0.05015512490371275 0.08310767788432889
0 0.8455159705159705 0.4421397379912664 0.05221130221130221 0.06550218340611354
0 0.9926289926289926 0.601528384279476 0.014742014742014743 0.0982532751091703