0 0.021971496437054632 0.0306553911205074 0.043942992874109264 0.0613107822410148
0 0.06996196175678246 0.052769357043586367 0.06785620547325628 0.07008798941705878
0 0.034343822488903046 0.09950891020251729 0.04062323817988751 0.07375050690164861
0 0.1356577812503346 0.16138980342710424 0.07359462270623922 0.09028325842469265
0 0.2699450039807188 0.16283827268290427 0.039256501475513975 0.09485525514646129
0 0.3521377672209026 0.13160676532769555 0.05463182897862233 0.08139534883720931
0 0.35985748218527314 0.08403805496828752 0.039192399049881234 0.06448202959830866
0 0.21823040380047506 0.3150105708245243 0.05166270783847981 0.048625792811839326
0 0.08729216152019002 0.33033826638477803 0.043942992874109264 0.017970401691331923
0 0.17903800475059384 0.3287526427061311 0.04691211401425178 0.021141649048625793
0 0.09876056995963892 0.2943430777988738 0.0427911671021456 0.06322888344908663
0 0.05470445811937182 0.1683542022627596 0.04635411247031649 0.0633026850567131
0 0.08391684370152726 0.21903843847863538 0.04394488490278531 0.09178240993266923
0 0.012767220902612826 0.322938689217759 0.02553444180522565 0.03276955602536998
0 0.7565320665083135 0.021670190274841437 0.07244655581947744 0.04334038054968287
0 0.7823634204275535 0.06923890063424948 0.06828978622327792 0.13847780126849896
0 0.48129453681710216 0.04386892177589852 0.07422802850356294 0.08773784355179703
0 0.3919239904988123 0.05338266384778013 0.02494061757719715 0.10676532769556026
0 0.6631028088470243 0.21735182059074207 0.08027938975000581 0.1284612293915962
0 0.2661605633379971 0.8126636668313246 0.059438982285929136 0.06463037340377427
0 0.28588117107077626 0.652042114972382 0.04420692034704423 0.07488139096170614
0 0.28004849222802025 0.5818383838952339 0.05901105244978542 0.0730747327552868
0 0.26680620439133956 0.48217779723129384 0.036121485943486666 0.08633709418732227
0 0.2574228028503563 0.3937632135306554 0.040973871733966744 0.10887949260042283
0 0.28176959619952496 0.3736786469344609 0.04334916864608076 0.06871035940803383
0 0.17666270783847982 0.3747357293868922 0.042161520190023755 0.0708245243128964
0 0.2081353919239905 0.38636363636363635 0.04453681710213777 0.09408033826638477
0 0.18625912828319702 0.4341431578706779 0.0433510606747568 0.09177010966473144
0 0.19750503250338225 0.4926021294256732 0.04009162434881584 0.0769094539910047
0 0.23109757498496392 0.49402132919205455 0.03643253792827068 0.10219333097379162
0 0.1343372104573972 0.4219997505258686 0.04904800430976841 0.10985121376750286
0 0.08839500850985364 0.4118475054065446 0.049924600781041474 0.09401957751690895
0 0.03727051143066141 0.39492877662388787 0.06519059337534389 0.055239634011269814
0 0.03414489311163896 0.35517970401691334 0.058788598574821854 0.03171247357293869
0 0.17646294572155258 0.8584083794677255 0.044710254436576384 0.04002227056734916
0 0.2017372315251203 0.7991929414345603 0.024154511244420376 0.05121966816627296
0 0.14906690949323798 0.8246067118209061 0.04895751417127219 0.07497979310520796
0 0.11265229549308893 0.9215945822741365 0.0283112808406199 0.05130577004183723
0 0.13424487863452492 0.9623902885411366 0.04913660241958872 0.053850444324519714
0 0.08489525731120232 0.9602399634226736 0.032779102421603375 0.06724810870387037
0 0.051365795724465556 0.9735729386892178 0.042161520190023755 0.052854122621564484
0 0.01811163895486936 0.9614164904862579 0.03622327790973872 0.0412262156448203
0 0.04480740443366342 0.9002633899577952 0.03158391102299254 0.03658041731542541
0 0.06849439168656986 0.8812662861887698 0.03904159054310416 0.053641339769578536
0 0.03133136089426333 0.8492531966415698 0.03789541568501835 0.05573090413856578
0 0.21114414497772818 0.5822081325235784 0.05633224649544135 0.08781238574963617
0 0.23991823232424714 0.6408327874006267 0.05555179107654249 0.07828634340981677
0 0.20795635401997392 0.692255409987872 0.05020737302428596 0.0781756409983774
0 0.19504302951012392 0.6396472927250619 0.05776119359677172 0.06987888486211735
0 0.1705953776229662 0.6047270412861228 0.05256193313741441 0.07716775961769679
0 0.08611681125052671 0.5985455609400444 0.06874034488708317 0.08489944401903438
0 0.05236309186267518 0.6494765431048874 0.03144629637264721 0.059823931000976
0 0.021001634714646326 0.6860815609561882 0.033572751696934 0.04718814264355143
0 0.039280101489663474 0.5730779205284044 0.040726922174815536 0.07903591916380506
0 0.025705104027025256 0.7441472942322828 0.04778305957164693 0.045369184169194304
0 0.02040687705835482 0.8071790030992594 0.03875127535730578 0.03884218543554048
0 0.012470308788598575 0.9201902748414377 0.02494061757719715 0.05179704016913319
0 0.592768555894989 0.4347335707316885 0.05408891331979482 0.12474877024504272
0 0.5155808286364383 0.39138815093335594 0.04951740774388332 0.10352101932085284
0 0.45961995249406173 0.38953488372093026 0.043942992874109264 0.10042283298097252
0 0.4493845130963679 0.4540950135853022 0.05432266902251432 0.0761475779690788
0 0.41092636579572445 0.36469344608879495 0.05344418052256532 0.0507399577167019
0 0.3913301662707839 0.47568710359408034 0.023752969121140142 0.08668076109936575
0 0.4010378010669079 0.5333523375719862 0.03571429290632855 0.09583853599126621
0 0.4791549128085335 0.6089326220355042 0.05173435320666637 0.12575665162572297
0 0.5870490086044656 0.6579870727496319 0.05396449252588129 0.11840627553045487
0 0.4548486470429981 0.5660781020693615 0.03766165998229885 0.10433209641452977
0 0.4258719091922381 0.5576894642186749 0.04134148320182961 0.08010530188417414
0 0.48408083599587615 0.7389045626128021 0.04848811073715728 0.08130998755185803
0 0.47854790731014824 0.8051136689710414 0.04486295497202943 0.0780649385869378
0 0.43698398281942996 0.8213085334209044 0.05307281016950052 0.07295173007590965
0 0.4359942799680741 0.8768484131113292 0.048563514990545786 0.054895226509013455
0 0.5169739908119003 0.810662796403646 0.04335106067475667 0.09177010966473144
0 0.5178590762400652 0.8709226463261984 0.048729409382430575 0.06335188612846378
0 0.6641886653368293 0.7140236321111089 0.04204653436733996 0.11604610526683798
0 0.705521659581767 0.716340010846731 0.05318403710698244 0.10888023319063558
0 0.5229150711351993 0.946958781293625 0.04860498858851698 0.05700939141387604
0 0.4750593824228028 0.9704016913319239 0.03800475059382423 0.05919661733615222
0 0.5965916824369679 0.8264625710990765 0.03541078386409846 0.1106253900573666
0 0.6400369921354229 0.8001823724133341 0.05823059703088656 0.0635486904154674
0 0.6385062530678405 0.9038502543592268 0.056469861145786754 0.06456887206408557
0 0.7010585680724735 0.9279348552180859 0.063429857490244 0.05625981565988774
0 0.7307884150288558 0.7930150191567064 0.05231309154958723 0.0644827701885213
0 0.7350366207778896 0.8732979343357645 0.03944313266638433 0.10436899721834289
0 0.700614606336884 0.8295954364721317 0.045228674411216446 0.0664493318781314
0 0.8761547015732026 0.7989928044915994 0.05134035402593996 0.10567208502952848
0 0.7081353919239906 0.9899577167019028 0.03503562945368171 0.0200845665961945
0 0.8364080724506631 0.8775432333669709 0.03970516811064325 0.0874679782473798
0 0.8741055425309803 0.8762336251267098 0.037426012250903376 0.06206109858521573
0 0.8767814726840855 0.9862579281183932 0.05641330166270784 0.02748414376321353
0 0.9010924811073857 0.6620572056688588 0.05240358168808344 0.09935419085081632
0 0.9765439429928741 0.6273784355179705 0.04691211401425178 0.11733615221987315
0 0.929851495154872 0.8259046155006025 0.05358368720158663 0.06873570053412204
0 0.970603859028213 0.7986226855681485 0.05815519277749799 0.08996345145831186