0 0.5052083333333334 0.2152777777777778 0.06901041666666667 0.10416666666666667
0 0.4969882269321862 0.13431286268695258 0.0849194903879047 0.09556902519802987
0 0.2822862967591189 0.16823509696778646 0.04655348384996949 0.1054806470953343
0 0.369830785886581 0.08409691553373293 0.04587592863598733 0.09731138393854043
0 0.4577990577037195 0.06947058984906601 0.06923767564365708 0.0765900427683081
0 0.010091145833333334 0.41724537037037035 0.020182291666666668 0.08449074074074074
0 0.03440353341637808 0.39091639563114444 0.053730092781768844 0.11085180107932704
0 0.11321956243770437 0.2873496430618539 0.06605443265303741 0.0982437269843383
0 0.12915325588144974 0.19463881067676084 0.07321210333675425 0.09782784393129426
0 0.202968838230978 0.22601684563954227 0.07001749739728498 0.1160093059251021
0 0.19186536425997414 0.13629548113638865 0.05688303457545644 0.07993885760403772
0 0.18297803990363126 0.06590727842275468 0.05753028859250664 0.07884886150157235
0 0.13472899122758428 0.08290958259777927 0.06472583577238855 0.09000705252260224
0 0.11563856834053478 0.1451907658655691 0.0705170330792914 0.06978042093374784
0 0.022786458333333332 0.22395833333333334 0.045572916666666664 0.08449074074074074
0 0.0068359375 0.13310185185185186 0.013671875 0.08564814814814815
0 0.15657552083333334 0.019675925925925927 0.047526041666666664 0.03935185185185185
0 0.024088541666666668 0.06712962962962964 0.048177083333333336 0.08796296296296297
0 0.8144741146282087 0.34076492711130607 0.09829636278518983 0.20571354759316834
0 0.7557993642288263 0.16044068354675922 0.10266048432141457 0.1471576489499853
0 0.6901497760173826 0.3203662197192148 0.08526416650300687 0.20089309927210394
0 0.576171875 0.4212962962962963 0.07291666666666667 0.0763888888888889
0 0.5478515625 0.0775462962962963 0.016276041666666668 0.1550925925925926
0 0.9509208049568789 0.13954240641395846 0.07546066500684183 0.18830785562389837
0 0.982421875 0.21354166666666666 0.03515625 0.1423611111111111
0 0.9635416666666666 0.03125 0.06380208333333333 0.0625
0 0.9143880208333334 0.02488425925925926 0.061848958333333336 0.04976851851851852
0 0.7620442708333334 0.037037037037037035 0.09830729166666667 0.07407407407407407
0 0.3690860786695647 0.8597091238531497 0.06426038893693065 0.14665260418062306
0 0.37062889478723265 0.6867778334031556 0.06429069013386284 0.1559118634398823
0 0.30406545732814755 0.7279342877064676 0.0779133256888483 0.1422812045473702
0 0.28965753557879576 0.6529221629748997 0.05441143564536747 0.12017847164352846
0 0.2542317708333333 0.5057870370370371 0.046223958333333336 0.09259259259259259
0 0.2197265625 0.5254629629629629 0.061848958333333336 0.13194444444444445
0 0.3734188733187945 0.530763772970453 0.05382857167179811 0.14094439367191963
0 0.3375651041666667 0.4982638888888889 0.060546875 0.0775462962962963
0 0.07176311032475387 0.5678393758192928 0.05836692509038214 0.13562923576947747
0 0.029622395833333332 0.5787037037037037 0.059244791666666664 0.1412037037037037
0 0.030924479166666668 0.5138888888888888 0.061848958333333336 0.09027777777777778
0 0.11002604166666667 0.4809027777777778 0.061197916666666664 0.04282407407407408
0 0.7386067708333334 0.9525462962962963 0.060546875 0.09490740740740741
0 0.6858088144462294 0.9347109133967332 0.07524855662831742 0.12349304080908344
0 0.6935554646453133 0.7566329933066519 0.06346162893522027 0.10144630398679214
0 0.7591307596218625 0.8184183869576569 0.052587090732328846 0.15932808958055397
0 0.834812351030211 0.8766190262056349 0.06743605662831727 0.12268410514977816
0 0.8552200078490598 0.8098430359180997 0.05696636286701976 0.10540182056700068
0 0.9275990453038686 0.8821742112339598 0.06673198786701977 0.1064129901411323
0 0.98828125 0.9380787037037037 0.0234375 0.10532407407407407
0 0.9759114583333334 0.9623842592592593 0.048177083333333336 0.07523148148148148
0 0.9418880901576733 0.7945031839198449 0.05106911137085449 0.09322104474844756
0 0.8697916666666666 0.47974537037037035 0.046875 0.04050925925925926
0 0.5895182291666666 0.4965277777777778 0.061848958333333336 0.07407407407407407
0 0.5556640625 0.4988425925925926 0.031901041666666664 0.0787037037037037
0 0.6996723998192357 0.6785359913474273 0.07190623235380429 0.09653561391400253
0 0.8385980473435417 0.6153483030038004 0.03675755765303753 0.09521021826194336
0 0.986328125 0.5098379629629629 0.02734375 0.07291666666666667
0 0.9213314722800311 0.6082845387314485 0.05297678457545629 0.07953438977438501
0 0.5625 0.7835648148148148 0.045572916666666664 0.15046296296296297
0 0.6136421024036313 0.69799418057655 0.04596683222678344 0.1250891617163182