0 0.2513502484381939 0.06254538919448509 0.05291842200249216 0.08801040235725302
0 0.30033566768495185 0.24157097266058689 0.07180141200627636 0.1132341019408857
0 0.35698468206205203 0.18930018738297927 0.06288106062156168 0.11782510298393126
0 0.3873225032690013 0.12515732053123615 0.04722387706939038 0.09266814940490127
0 0.3449919502557993 0.08782859814544736 0.060094210024487525 0.08051795947825412
0 0.2944544045786923 0.13567491249747185 0.0664141627908001 0.07778338265380773
0 0.15480697033550175 0.32863225381651795 0.07285478183307606 0.08937802566352107
0 0.13180944577306763 0.3615820072952592 0.04703733635922285 0.10030520862720632
0 0.0796038057366669 0.23515437228059488 0.05020826223758157 0.11087708268776586
0 0.03883699413522987 0.31001929170325393 0.06285916163115696 0.09394677803836536
0 0.07575294637782372 0.4243467962947232 0.06047819657427661 0.10058331697971787
0 0.08624789993801074 0.48239164972685267 0.06815872615351953 0.08068482448976108
0 0.07963182277801246 0.5446110114613494 0.07558684058839125 0.09038967027857392
0 0.041273239057092494 0.5377637799601774 0.06489993811905719 0.11500153148668113
0 0.042288041639072516 0.4747052007891849 0.05544204105723534 0.07278078124904523
0 0.03408078278068219 0.4194783566872553 0.05681352299962019 0.09095634152960826
0 0.020967741935483872 0.49665391969407263 0.041935483870967745 0.1118546845124283
0 0.019623655913978494 0.5659655831739961 0.03924731182795699 0.13001912045889102
0 0.1725045754495926 0.09521803900284861 0.05810822537834625 0.09575870492056264
0 0.15587075726853292 0.05974540594161422 0.03828162669427085 0.07338082550238102
0 0.12816068623511756 0.08419663409335389 0.05065812322157506 0.10897616113276504
0 0.09814642970848078 0.08863812641413231 0.054827538353479165 0.10619708697191678
0 0.0669087534363018 0.07877820973600225 0.05341216969878986 0.08706550374680287
0 0.07231182795698925 0.032982791586998086 0.0478494623655914 0.06596558317399617
0 0.10887096774193548 0.0124282982791587 0.0521505376344086 0.0248565965583174
0 0.3618279569892473 0.022466539196940728 0.04516129032258064 0.044933078393881457
0 0.32768817204301076 0.027246653919694074 0.06505376344086021 0.05449330783938815
0 0.3956940932869214 0.048097354488003126 0.05849230065963081 0.06902343547544526
0 0.4290659494993269 0.11092198774884132 0.05713172384670059 0.08618735114095542
0 0.4295489251634127 0.2174073027252363 0.06131213283955467 0.07194712597959967
0 0.43436032765144766 0.2822555601102251 0.0685098198519544 0.08833300804616644
0 0.46006787888154954 0.20197154654212518 0.05018627451568185 0.13379938468878108
0 0.48604438041319536 0.1918829112268465 0.057098742263851136 0.12057080414247817
0 0.5360280227190132 0.24385756207461357 0.059468802191276475 0.07859478925505248
0 0.5302293466671205 0.29412107483517663 0.06426362515639163 0.07773888531740586
0 0.4909655440477387 0.2777414247237492 0.0535658175576028 0.06701127057943965
0 0.4827859473047134 0.34476871201625037 0.07692542967942177 0.09614805661407876
0 0.517737680794328 0.34977620579997404 0.061070711556133195 0.09008931325786133
0 0.5200255085933675 0.4227951555500453 0.07360085594225023 0.10563041572088244
0 0.5717480842341872 0.3959368486417338 0.06109261054653768 0.11396763820342723
0 0.5526839173534679 0.3490531240834439 0.06330902261515045 0.09204585648336454
0 0.5959633097829508 0.25455636129519477 0.055957687743937896 0.09571420758416077
0 0.6008064516129032 0.32122370936902483 0.057526881720430106 0.0994263862332696
0 0.6180107526881721 0.29349904397705545 0.023118279569892472 0.07839388145315487
0 0.611021505376344 0.35898661567877627 0.037096774193548385 0.0869980879541109
0 0.6026881720430107 0.18021032504780116 0.053763440860215055 0.10420650095602295
0 0.5596070240366063 0.1865403478439306 0.04711411592288177 0.11367840551681506
0 0.5794885032939361 0.1746675964817059 0.03276262861038626 0.08186266432823196
0 0.5631508982380569 0.12104165180810927 0.05182116546338826 0.1109104556900672
0 0.5278590205452095 0.11174317910800809 0.059732122465102684 0.08433092692235637
0 0.5212591679821508 0.05075238650352337 0.0530720698613051 0.0679561691898899
0 0.5736510825342332 0.044415199900749706 0.04586338898795514 0.06303143812383052
0 0.5997867288551668 0.060111373253088 0.05758158483069408 0.08428642958595461
0 0.6088709677419355 0.1147227533460803 0.04139784946236559 0.09369024856596558
0 0.6137096774193549 0.01768642447418738 0.031720430107526884 0.03537284894837476
0 0.015860215053763442 0.15200764818355642 0.031720430107526884 0.11089866156787763
0 0.024731182795698924 0.1711281070745698 0.04946236559139785 0.06500956022944551
0 0.037295240445364565 0.2207479518958212 0.06310058291457843 0.0758045907601037
0 0.03507310961753911 0.07609402730905246 0.04449181831407518 0.09165650478984831
0 0.0286049615571409 0.035635479344206196 0.03855594082904691 0.06765581216917742
0 0.010752688172043012 0.029158699808795412 0.021505376344086023 0.058317399617590825
0 0.0260752688172043 0.009560229445506692 0.04139784946236559 0.019120458891013385
0 0.04811827956989247 0.01577437858508604 0.03924731182795699 0.03154875717017208
0 0.48091397849462364 0.012906309751434034 0.03924731182795699 0.02581261950286807
0 0.4559139784946237 0.016252390057361378 0.04408602150537634 0.032504780114722756
0 0.500268817204301 0.02055449330783939 0.044623655913978495 0.04110898661567878
0 0.9865591397849462 0.4627151051625239 0.026881720430107527 0.12237093690248566
0 0.9526881720430107 0.4875717017208413 0.09462365591397849 0.15678776290630975
0 0.910752688172043 0.6500956022944551 0.09032258064516129 0.05927342256214149
0 0.8483870967741935 0.6252390057361377 0.1064516129032258 0.1089866156787763
0 0.8392045342593419 0.4830188350273505 0.0847484357935372 0.16125773585042855
0 0.6637096774193548 0.6472275334608031 0.06827956989247312 0.06500956022944551
0 0.6920739719107829 0.6049749536593809 0.10645134670874037 0.14260449899163471
0 0.6669354838709678 0.5583173996175909 0.07473118279569893 0.124282982791587
0 0.6806901127805687 0.4609881542245954 0.05754860324784444 0.11866988258747735
0 0.6381720430107527 0.365678776290631 0.017204301075268817 0.10994263862332695
0 0.6516129032258065 0.3245697896749522 0.04408602150537634 0.11950286806883365
0 0.6784515355270659 0.3225428166103557 0.05486043120483369 0.11861426091697495
0 0.721187974080462 0.31592785654911515 0.04883678029519671 0.09270152240720272
0 0.7279195311461814 0.3974508937932383 0.07453347076159145 0.11424574655593878
0 0.7761090489835102 0.35395118002809367 0.07299734709944392 0.12758557044324628
0 0.7535612079420793 0.2952006011686739 0.05129452491573585 0.09943818035545918
0 0.8192130720267659 0.3568797629112091 0.0668309534604488 0.15706654104691056
0 0.8593984512387915 0.3297826177137821 0.07193298341169424 0.16290279772111874
0 0.9088223826826125 0.31204546394805344 0.08575791890803244 0.136445636628513
0 0.964516129032258 0.28776290630975143 0.07096774193548387 0.1089866156787763
0 0.968010752688172 0.32887189292543023 0.06397849462365592 0.09751434034416825
0 0.7548995752043719 0.1724406474667167 0.056374655876576675 0.08139611208410157
0 0.7846613722208896 0.11499550339387846 0.060236864022350366 0.07192487731139861
0 0.7240403441857596 0.11338448431357882 0.05583702146797453 0.08138498775000115
0 0.7540764109713058 0.038264040100653665 0.05705494428304167 0.07281415425134653
0 0.7110215053763441 0.04445506692160612 0.05 0.08891013384321224
0 0.7874591723131661 0.06574919741541853 0.0457975145537511 0.08499771718029503
0 0.8440860215053764 0.03441682600382409 0.046236559139784944 0.06883365200764818
0 0.946236559139785 0.02581261950286807 0.047311827956989246 0.05162523900573614
0 0.887964002601909 0.12288674783027104 0.06708345733631536 0.08066257582156025
0 0.9364224263750339 0.12618209884465714 0.06131213283955467 0.07194712597959955
0 0.9671224682386108 0.1360531398568876 0.055079953497850616 0.07659374869314739
0 0.985752688172043 0.03107074569789675 0.02849462365591398 0.0621414913957935
0 0.6765804096661802 0.1234400815206007 0.05266609558961581 0.0708131136894415
0 0.7073025723488994 0.22643436495371771 0.06372590201629424 0.12452838792988635
0 0.25806535907823613 0.9095490148521658 0.06560212551592678 0.13029789859949184
0 0.4866257240711115 0.856586511496062 0.06499870540461582 0.10545242637527484
0 0.4465665524312715 0.8984853258328735 0.05106409749326411 0.10611921663321346
0 0.41056149348060467 0.8930220692450755 0.062475086349872394 0.12068204748348274
0 0.38099705357221375 0.8759641696475643 0.06919001952692441 0.12655167715999238
0 0.3283526795100122 0.8292977044982782 0.07254757484694552 0.08268586505166617
0 0.31036945583996245 0.8817235606652031 0.04491969157616884 0.11267788523586263
0 0.12553763440860216 0.9655831739961759 0.07580645161290323 0.06883365200764818
0 0.15928328189330346 0.9201889744935066 0.06237640779580899 0.08343052564830811
0 0.07849462365591398 0.9631931166347992 0.053763440860215055 0.07361376673040153
0 0.04516129032258064 0.981357552581262 0.06451612903225806 0.0372848948374761
0 0.020967741935483872 0.9751434034416826 0.041935483870967745 0.0497131931166348
0 0.025268817204301075 0.9412045889101338 0.05053763440860215 0.07552581261950286
0 0.08631860581647618 0.9183558036252423 0.047816392051246596 0.08217414568304496
0 0.1162943838297884 0.8738002828026874 0.051744385899729226 0.09753725880045837
0 0.22634408602150538 0.7098470363288719 0.05806451612903226 0.06022944550669216
0 0.260752688172043 0.6964627151051626 0.046236559139784944 0.033460803059273424
0 0.5975806451612903 0.8594646271510517 0.06397849462365592 0.08795411089866156
0 0.4220430107526882 0.6883365200764818 0.07204301075268817 0.017208413001912046
0 0.43655913978494626 0.7050669216061185 0.03870967741935484 0.05066921606118547
0 0.14037808233888158 0.8054888047096719 0.05588090818027898 0.08234101069455181
0 0.1771505376344086 0.7079349904397706 0.043548387096774194 0.05640535372848948
0 0.5533197422929101 0.813659031149002 0.06057696385983525 0.09103421186831158
0 0.5148733851473815 0.8087238455369313 0.035812888212781856 0.07810531855463208
0 0.7398849557630497 0.8768450014057686 0.09632397763841317 0.19110580947940792
0 0.6521505376344086 0.9402485659655831 0.04516129032258064 0.11950286806883365
0 0.8661629898873607 0.7586632499425332 0.09985707980765172 0.1510640891492846
0 0.9290169651482759 0.8227880907169474 0.08044736052472012 0.16116874117762478
0 0.8604741637134717 0.8767376457615911 0.1078338225120752 0.14931890827169
0 0.9185483870967742 0.972753346080306 0.11344086021505376 0.05449330783938815
0 0.9725806451612903 0.7088910133843213 0.054838709677419356 0.058317399617590825
0 0.6397849462365591 0.8336520076481836 0.02043010752688172 0.15487571701720843
0 0.649731182795699 0.7265774378585086 0.04032258064516129 0.09369024856596558
0 0.7865591397849462 0.7117590822179732 0.0913978494623656 0.06405353728489484