0 0.017356475300400534 0.5005938242280285 0.03471295060080107 0.22921615201900236
0 0.23577057892648437 0.4051439206501983 0.10367165983963182 0.11741231222381965
0 0.4546061415220294 0.5534441805225653 0.050734312416555405 0.166270783847981
0 0.4434258790234032 0.3437496168515526 0.060144077488870455 0.17018698088029618
0 0.37124149049533434 0.20070104025676783 0.06278859160005223 0.12899273702720623
0 0.3872891881001682 0.2797183587604196 0.06726708503306321 0.12349018887397724
0 0.3566877213593824 0.12687253475999533 0.0572148531455663 0.12136891014565711
0 0.03471295060080107 0.24821852731591448 0.06942590120160214 0.19002375296912113
0 0.0905990968902017 0.30619728737242896 0.07474598036740825 0.1893087901023197
0 0.16076075188400696 0.3280720753847284 0.08586116047099975 0.18324101367454268
0 0.02903871829105474 0.09026128266033254 0.05807743658210948 0.14014251781472684
0 0.11453958728302387 0.14412196929650833 0.10082615801792895 0.1727960955314428
0 0.12082777036048065 0.04334916864608076 0.09746328437917223 0.08669833729216152
0 0.28634545342783496 0.2731458913625839 0.08536887858108712 0.1275460202761651
0 0.17507011472121475 0.13492612128568265 0.10214214259173461 0.11134958590723291
0 0.261226795741695 0.07479597392308797 0.07947751015812968 0.13054878748097826
0 0.3040720961281709 0.06947743467933491 0.062082777036048066 0.13895486935866982
0 0.27337623069512057 0.18140929599772995 0.07642505960960533 0.09829555311298634
0 0.4539385847797063 0.18883610451306412 0.0520694259012016 0.15914489311163896
0 0.472630173564753 0.3147268408551069 0.014686248331108143 0.11163895486935867
0 0.5006675567423231 0.2167458432304038 0.04138851802403204 0.11045130641330166
0 0.6748998664886515 0.03978622327790974 0.0801068090787717 0.07957244655581948
0 0.9028704939919893 0.037410926365795724 0.0514018691588785 0.07482185273159145
0 0.975634178905207 0.03147268408551069 0.048731642189586116 0.06294536817102138
0 0.036048064085447265 0.8717339667458432 0.07209612817089453 0.25653206650831356
0 0.05106809078771696 0.6817102137767221 0.10213618157543392 0.06413301662707839
0 0.3180907877169559 0.7268408551068883 0.08344459279038718 0.1543942992874109
0 0.22930574098798398 0.9709026128266033 0.11548731642189586 0.05819477434679335
0 0.4055407209612817 0.6989311163895487 0.09546061415220294 0.09857482185273159
0 0.4033931607222807 0.8517906421290581 0.09028102130955067 0.2369341622697114
0 0.4480581608208025 0.9003151781621087 0.038166753639397914 0.1290650792677377
0 0.4522862869387684 0.7406698238496676 0.04101225546110078 0.0736812959601144
0 0.9973297730307076 0.6995249406175772 0.0053404539385847796 0.0997624703087886