0 0.2062415196743555 0.03743961352657005 0.08548168249660787 0.0748792270531401
0 0.057700352366447744 0.35108401474469114 0.09264622692333065 0.10722172608051692
0 0.23258463178279698 0.4658370880125099 0.058540002843251275 0.1370566182056876
0 0.3578960495016673 0.4792142601321074 0.04304216443150301 0.10187788359718379
0 0.3674808056316812 0.3494606322672771 0.09152625700396988 0.12170042697469349
0 0.39949673175926786 0.23805832964238277 0.07566583545234129 0.10583833749926819
0 0.383989145183175 0.04106280193236715 0.07869742198100407 0.0821256038647343
0 0.5369742198100407 0.034420289855072464 0.05088195386702849 0.06884057971014493
0 0.5386437337820839 0.06918077383562189 0.0605430604982128 0.0936064627941463
0 0.5595907601990365 0.15757689507204886 0.019356473172829753 0.10525514924527155
0 0.5477255641609703 0.19852376199006724 0.04200115524006215 0.12118750236575651
0 0.5057421096921468 0.19325720951630002 0.0644089551235347 0.12262710186305308
0 0.4787515284732028 0.28780048413234977 0.05515513244968979 0.0959657108152964
0 0.4564611499762395 0.2193213595810479 0.06564736613477538 0.11539477778047083
0 0.43559455288194 0.41660244221983433 0.04734960292462544 0.11641279540740822
0 0.4010945448676315 0.47241405746664317 0.043022424249522996 0.10067015412858477
0 0.2915817179277003 0.48879489007586563 0.04323956625130283 0.11395517828317427
0 0.5220488466757124 0.5422705314009661 0.05495251017639077 0.014492753623188406
0 0.46798860158325883 0.46887910123038606 0.03619868336995917 0.09818443154632704
0 0.44097693351424694 0.5271739130434783 0.05698778833107191 0.04468599033816425
0 0.3917910447761194 0.5314009661835749 0.045454545454545456 0.036231884057971016
0 0.6228339029537352 0.2819003510133985 0.05676134705430999 0.15273602220395704
0 0.7038663357512407 0.28515546050906176 0.06225523587697348 0.11535964595794086
0 0.8239918768788789 0.36672718941746874 0.06614813054851595 0.10453223892758558
0 0.7840926021303237 0.13016287779572155 0.06432999439561464 0.11779618398865695
0 0.6957034435397945 0.16186165924437054 0.09537967131155232 0.10845756100713987
0 0.6808856217009855 0.09285595996833491 0.08526250108408635 0.1119753539453472
0 0.7157394843962008 0.04045893719806763 0.07598371777476255 0.08091787439613526
0 0.9854138398914518 0.016908212560386472 0.016960651289009497 0.033816425120772944
0 0.9151967435549525 0.04830917874396135 0.052917232021709636 0.0966183574879227
0 0.9090513068003037 0.12360548731892909 0.0693948196682172 0.13716904003778327
0 0.8789314578481674 0.18127436813792538 0.057604954425950886 0.12134910874939411
0 0.8320042294253708 0.14636223276743401 0.051913663783487426 0.14664819030942008
0 0.8582213136149748 0.07838549327830999 0.05439774567020936 0.09112776657639435
0 0.8501098112692203 0.07648958270133961 0.06830184979507717 0.11179969483269765
0 0.8548168249660787 0.03985507246376811 0.05970149253731343 0.07971014492753623
0 0.9728629579375848 0.06280193236714976 0.04341926729986431 0.12560386473429952
0 0.9830393487109905 0.0464975845410628 0.021709633649932156 0.0929951690821256
0 0.9477611940298507 0.04710144927536232 0.04477611940298507 0.09420289855072464
0 0.6132971506105834 0.5054347826086957 0.07869742198100407 0.08816425120772947
0 0.5943012211668928 0.4033816425120773 0.048846675712347354 0.0893719806763285
0 0.7058963934524226 0.36852392566492503 0.07421028243932046 0.09978563742726092
0 0.6353842140915941 0.4481212461471502 0.06541048395101554 0.10090202415728257
0 0.7740387312702809 0.37164553423497454 0.04218607674212252 0.09100129201528658
0 0.7021561997832213 0.4312977525740509 0.06091812395583273 0.11655332269752808
0 0.7054189991527825 0.3769745187628652 0.0671029191477962 0.12144747785247796
0 0.8572498439498264 0.28312023048161716 0.07398588057329976 0.1275563888405329
0 0.9375259096732221 0.35340783866677977 0.0658447679545755 0.12747207246646103
0 0.8710990502035278 0.49879227053140096 0.09362279511533243 0.10144927536231885
0 0.8837957002582123 0.38184177629943683 0.050939135002226854 0.12852522191592838
0 0.18991084176068157 0.6603505882623686 0.09032732635668922 0.13134820999447366
0 0.3114706051979817 0.8409877522361734 0.06684629678205635 0.10574699476069052
0 0.17863467013925774 0.8728301715439798 0.06259081897063354 0.13589104692412443
0 0.262276436890243 0.737199905333007 0.05835508134119075 0.1672428285561574
0 0.25169606512890097 0.5942028985507246 0.09226594301221167 0.0893719806763285
0 0.4962686567164179 0.5778985507246377 0.06987788331071913 0.05676328502415459
0 0.40564975534087433 0.8286758795656628 0.04678961796494483 0.1236521458544965
0 0.5352781546811397 0.767512077294686 0.06919945725915876 0.10748792270531402
0 0.5292391275899939 0.8643819941253305 0.05365283920846868 0.1285533273739523
0 0.015264586160108548 0.8623188405797102 0.030529172320217096 0.14009661835748793
0 0.5140109626777334 0.6751826204479201 0.07776033415296246 0.1094826049985833
0 0.45261181449014004 0.7784290346709104 0.06539074376903552 0.09969429468868325
0 0.3256445047489824 0.9903381642512077 0.05563093622795115 0.01932367149758454
0 0.5566485753052918 0.9776570048309179 0.026458616010854818 0.04468599033816425
0 0.36455403824514254 0.9351524083953302 0.039551333263801045 0.0958041044316588
0 0.1333229555960632 0.9466488201699313 0.06257833865289394 0.09362754188766417
0 0.0403663500678426 0.9553140096618358 0.060379918588873815 0.0893719806763285
0 0.4753967172419739 0.8789235296868456 0.05619614164113065 0.07665609204672395
0 0.36363636363636365 0.981280193236715 0.051560379918588875 0.03743961352657005
0 0.6610169235020467 0.922842438454212 0.07909018620986265 0.14934470382685747
0 0.6864558610248195 0.798688712763968 0.10043723671991432 0.16888619262412757
0 0.5881953867028494 0.6382850241545893 0.036635006784260515 0.15096618357487923
0 0.6407734056987788 0.6092995169082126 0.10379918588873813 0.11956521739130435
0 0.608887381275441 0.5887681159420289 0.0780189959294437 0.0785024154589372
0 0.8490502035278155 0.6020531400966184 0.09701492537313433 0.10507246376811594
0 0.9850746268656716 0.6527777777777778 0.029850746268656716 0.1823671497584541
0 0.9898236092265943 0.7904589371980676 0.0203527815468114 0.11956521739130435
0 0.950083602601967 0.797795266968746 0.09433866212011116 0.12776717977571259
0 0.9642666795013041 0.718822487701123 0.0674187620594761 0.1407711493500625
0 0.7137042062415196 0.9643719806763285 0.08683853459972862 0.07125603864734299
0 0.8493894165535957 0.9794685990338164 0.05834464043419267 0.04106280193236715
0 0.8022388059701493 0.9746376811594203 0.059023066485753055 0.050724637681159424
0 0.601763907734057 0.9806763285024155 0.06377204884667571 0.03864734299516908
0 0.9782903663500678 0.9468599033816425 0.04341926729986431 0.10628019323671498