0 0.1682388524524048 0.10153858899321085 0.06796256001623055 0.12186946979041048
0 0.019813519813519812 0.13433609958506224 0.039627039627039624 0.10477178423236515
0 0.052778289470258616 0.17222736380523324 0.06891699246658026 0.0941513237818773
0 0.19995953081136203 0.23751390660970464 0.07074528653758086 0.10778187733362718
0 0.14759558690482658 0.2054254556773364 0.06032868593428285 0.0961752841769471
0 0.0704255148304418 0.3022761182551127 0.05591446918401094 0.07706785588684217
0 0.09700182056310161 0.18503794587336445 0.06266682070182147 0.1201792817120997
0 0.02833314451520401 0.3653983869332835 0.05564475545571946 0.1069332288787193
0 0.028554778554778556 0.23029045643153526 0.05710955710955711 0.08506224066390042
0 0.018648018648018648 0.27645228215767637 0.037296037296037296 0.09024896265560166
0 0.009615384615384616 0.37603734439834025 0.019230769230769232 0.09647302904564316
0 0.22926890026309313 0.34500942725769956 0.0640801097790554 0.10179723528862876
0 0.22348484848484848 0.43049792531120334 0.05652680652680653 0.07883817427385892
0 0.39805906676387875 0.3821968777510205 0.07588807364302845 0.10636003221691745
0 0.4752331002331002 0.16026970954356848 0.028554778554778556 0.1358921161825726
0 0.46532634032634035 0.31898340248962653 0.04836829836829837 0.10269709543568464
0 0.4571678321678322 0.36721991701244816 0.06468531468531469 0.08713692946058091
0 0.12515334979281775 0.35187971178674377 0.06136316070738141 0.08187007716017371
0 0.5675249697758616 0.13191172929173167 0.06267395313835777 0.14389312650059854
0 0.8918585578013989 0.1895042200225188 0.07172111629753931 0.15120526569059087
0 0.5067016317016317 0.29564315352697096 0.034382284382284384 0.08298755186721991
0 0.596787185629682 0.27019025515742234 0.07515950328785276 0.1268893056237321
0 0.5458801181800229 0.23828314969171266 0.06651308024936538 0.10416207683196269
0 0.5072843822843823 0.21784232365145229 0.035547785547785545 0.13070539419087138
0 0.8158508158508159 0.3926348547717842 0.07459207459207459 0.1545643153526971
0 0.665308325461211 0.37317346563347076 0.05570287196190951 0.1316844180655584
0 0.852342204271053 0.4089788945191661 0.08675639843667424 0.10358888017016071
0 0.784965034965035 0.4175311203319502 0.05128205128205128 0.10477178423236515
0 0.5946063620497978 0.40403304674411994 0.04862269020961744 0.09368717604533913
0 0.6210047520456192 0.3739208989304261 0.06536950490042294 0.09267875026355663
0 0.567016317016317 0.4579875518672199 0.05244755244755245 0.023858921161825725
0 0.5236237220018136 0.3988503624587085 0.06301657675286187 0.10372684771198237
0 0.5513841527517402 0.34699025137320116 0.0685162523458861 0.10956641338365437
0 0.9845571095571095 0.3257261410788382 0.030885780885780884 0.13692946058091288
0 0.11884347600101912 0.793664192310341 0.0713861536265215 0.13260560470712984
0 0.02156177156177156 0.9673236514522822 0.04312354312354312 0.06535269709543569
0 0.1590909090909091 0.9590248962655602 0.055944055944055944 0.08195020746887967
0 0.2508741258741259 0.9740663900414938 0.05419580419580419 0.05186721991701245
0 0.3488958920837785 0.9324094537472478 0.05174751183852181 0.12191308936051595
0 0.29865967365967366 0.9387966804979253 0.06235431235431235 0.12240663900414937
0 0.29632867132867136 0.9859958506224067 0.05536130536130536 0.028008298755186723
0 0.47115384615384615 0.9154564315352697 0.03671328671328671 0.08609958506224066
0 0.3953962703962704 0.9470954356846473 0.051864801864801864 0.10580912863070539
0 0.5096153846153846 0.5617219917012448 0.04020979020979021 0.11514522821576763
0 0.5099067599067599 0.6374481327800829 0.04079254079254079 0.08817427385892117
0 0.5361709548757668 0.684616451125857 0.04452151031380463 0.10451765893377456
0 0.5067016317016317 0.7100622406639004 0.034382284382284384 0.08402489626556017
0 0.4988344988344988 0.7562240663900415 0.018648018648018648 0.06846473029045644
0 0.5772144522144522 0.5088174273858921 0.0775058275058275 0.07780082987551867
0 0.5373466261891225 0.5652602120225914 0.04938745125442445 0.10924734202044287
0 0.6541447949044468 0.6403327844856529 0.0483019924116722 0.12251520463887577
0 0.6674356557670731 0.7218295074652522 0.04081393810214955 0.07621920743193429
0 0.6997199323500655 0.7091490591716313 0.04302817891382193 0.10948676636548571
0 0.75375921811864 0.7310091424939238 0.050975618357178634 0.08263907859691315
0 0.7546620046620046 0.5150414937759336 0.06060606060606061 0.09024896265560166
0 0.8138111888111889 0.504149377593361 0.05652680652680653 0.06846473029045644
0 0.8382643922935861 0.5922802032641677 0.05853658255291364 0.11863417000711558
0 0.8162925032236907 0.8186353422465796 0.06230279977770862 0.08920402613521888
0 0.7084589461404308 0.9309774286738176 0.05966589302878349 0.08268980699852385
0 0.7062937062937062 0.9968879668049793 0.04312354312354312 0.006224066390041493
0 0.895315832896953 0.624430287490673 0.06485966420388484 0.08230530628015413
0 0.883591213320522 0.5587838832328311 0.06886600839692643 0.09311397938353705
0 0.9755244755244755 0.5762448132780082 0.04895104895104895 0.11099585062240663
0 0.9766899766899767 0.6701244813278008 0.046620046620046623 0.08091286307053942
0 0.9709584969095234 0.8926812335585587 0.04643750765104035 0.07279521170520727
0 0.9796037296037297 0.9413900414937759 0.04079254079254079 0.05912863070539419
0 0.9755244755244755 0.975103734439834 0.03613053613053613 0.04979253112033195
0 0.9921328671328671 0.9891078838174274 0.015734265734265736 0.021784232365145227
0 0.6062081446842623 0.9297303034827984 0.044266589965535584 0.09933093694207355
0 0.6338485119500656 0.898207215444921 0.051580294756487816 0.0713733665884973
0 0.5769903089705094 0.8979137499277836 0.035132252047068956 0.05489201397182224
0 0.5640754889541751 0.9578839202565805 0.03166480680366049 0.06683237944526135
0 0.5184929548185453 0.8713239835188229 0.047195136259310995 0.06464153289181193
0 0.5537822537997936 0.8929375336645673 0.04492225043449879 0.08910256933199771
0 0.4976689976689977 0.9548755186721992 0.016317016317016316 0.07987551867219916
0 0.9816433566433567 0.8023858921161826 0.03671328671328671 0.07365145228215768