0 0.46016949152542375 0.06388329979879276 0.09548022598870057 0.12776659959758552
0 0.5398305084745763 0.0306841046277666 0.059322033898305086 0.0613682092555332
0 0.016666666666666666 0.11267605633802817 0.03333333333333333 0.2112676056338028
0 0.036440677966101696 0.24849094567404426 0.07288135593220339 0.18108651911468812
0 0.02344632768361582 0.3812877263581489 0.04689265536723164 0.14688128772635814
0 0.07259887005649718 0.40694164989939635 0.09661016949152543 0.1056338028169014
0 0.13502824858757062 0.4290744466800805 0.0655367231638418 0.0613682092555332
0 0.1384180790960452 0.3737424547283702 0.09943502824858758 0.1720321931589537
0 0.15374994972604453 0.2663456128714994 0.08170065289974422 0.17549307808085907
0 0.1812199410744858 0.2043373691883378 0.0756504929208458 0.17974942120824478
0 0.21618264154926306 0.14594175271315857 0.07777875649718498 0.17600667196053252
0 0.2894616538578195 0.1403526962275604 0.089632018923162 0.21154853255100206
0 0.2491314581427621 0.25143853921108356 0.08822263923491404 0.1512567084181485
0 0.2179286472704646 0.34674092565231335 0.11085441514873873 0.15507670085048286
0 0.2463085946685346 0.39926953716001456 0.07544244062691985 0.1045781005319611
0 0.2856923515826284 0.3372930207899177 0.062299750384597556 0.15003273120547095
0 0.2443502824858757 0.432092555331992 0.09774011299435029 0.05533199195171026
0 0.3258739437359874 0.3257238386430757 0.06811399718536003 0.15576640134574765
0 0.3411451611565109 0.2202836124920336 0.09929173326186867 0.1456214330045369
0 0.38075342329319434 0.2345442261498784 0.07399405570077827 0.1635121439206321
0 0.38149606396776387 0.35263738255399246 0.0761334636308012 0.12570486109534137
0 0.4651974611122677 0.23211052898732001 0.07796000231434902 0.12994005268068387
0 0.5106695924375674 0.2001849770966079 0.0574838236573489 0.14041561400673036
0 0.46395460599349275 0.3241874415522862 0.09992251672793663 0.14770385434452035
0 0.5550847457627118 0.08853118712273642 0.0288135593220339 0.11670020120724346
0 0.5437853107344632 0.1710261569416499 0.05141242937853107 0.15090543259557343
0 0.5525423728813559 0.3853118712273642 0.03389830508474576 0.09859154929577464
0 0.5303711654380567 0.420971305202486 0.05348549839017462 0.06978203207933543
0 0.4765536723163842 0.4300804828973843 0.07175141242937853 0.059356136820925554
0 0.6728813559322034 0.03621730382293763 0.059887005649717516 0.07243460764587525
0 0.6205094981859902 0.15622460663929777 0.06958414361514574 0.13190292775195905
0 0.7048771071404485 0.08208094242666489 0.06878883086243961 0.12479032532545646
0 0.8610169491525423 0.06740442655935613 0.06779661016949153 0.13480885311871227
0 0.9748587570621469 0.0699195171026157 0.05028248587570622 0.1398390342052314
0 0.7474772798073913 0.14445542225165386 0.07266110487714535 0.17436749559484682
0 0.71453881676199 0.16067844227646985 0.057483823657349026 0.14041561400673036
0 0.6975099220628569 0.20370924850198702 0.07200855990743382 0.13721450445998118
0 0.7768968114015662 0.16806578039738093 0.07127348669254104 0.14914624125687553
0 0.8124816734752862 0.18939324625801884 0.08470675747397068 0.1297782033278894
0 0.8343287537863648 0.25031131626000797 0.07896389456470534 0.10902433883343082
0 0.9513060308148096 0.09786235794224662 0.06884907040025301 0.1438346645488533
0 0.93361066070386 0.14653188672099854 0.07895275021102134 0.1430888724110094
0 0.9224754913603876 0.20499095782230708 0.07733479102512332 0.11082536455191136
0 0.977683615819209 0.3224346076458752 0.04463276836158192 0.13782696177062373
0 0.9268361581920904 0.44517102615694165 0.059322033898305086 0.029175050301810865
0 0.6951977401129944 0.41398390342052316 0.05819209039548023 0.09154929577464789
0 0.7307909604519774 0.4471830985915493 0.05254237288135593 0.025150905432595575
0 0.9048947645463609 0.36122543717617067 0.055920531832422404 0.14422871215981833
0 0.9391416308233302 0.3069594889282704 0.05935441255190862 0.11159230823179847
0 0.630154491277006 0.28634100028772497 0.07121881933156964 0.11306963524468944
0 0.5988700564971752 0.2515090543259557 0.05875706214689266 0.1267605633802817
0 0.5824858757062147 0.20774647887323944 0.02598870056497175 0.09959758551307847
0 0.6837470655044265 0.3205781933412716 0.06231089473828143 0.11596819762789237
0 0.8126097200105898 0.3580696091488271 0.05028753084882398 0.09242842273969311
0 0.7793667459839765 0.3909977501172198 0.053803412609767357 0.11390692782995224
0 0.751412429378531 0.40492957746478875 0.061016949152542375 0.1096579476861167
0 0.6446566752178607 0.40019551796687325 0.04928921077530992 0.09631186979815677
0 0.6367231638418079 0.44215291750503016 0.04406779661016949 0.035211267605633804
0 0.7912429378531074 0.42857142857142855 0.05028248587570622 0.06237424547283702
0 0.025423728813559324 0.4919517102615694 0.05084745762711865 0.06438631790744467
0 0.037855516299129956 0.6002394947579222 0.0566940830814849 0.11627074479143873
0 0.06537486643356268 0.5397403054007164 0.07045641243619113 0.10696306903549069
0 0.11593426600813317 0.5506170429691262 0.05360597746580129 0.1078707105261293
0 0.14803615217823762 0.5521755290105664 0.058750962766326555 0.127548189897908
0 0.07977302422745464 0.6157277671202197 0.06581058717242304 0.08534386613448015
0 0.023163841807909605 0.6383299798792756 0.04632768361581921 0.09758551307847083
0 0.05431333986628457 0.6784958258518697 0.07408215612280142 0.0973951492000827
0 0.07015431040947635 0.7118780219177336 0.06743969071200492 0.08354284041599973
0 0.05953674931425978 0.916236943209763 0.04710627983799947 0.0639780130336828
0 0.09863749314892313 0.9583394251069023 0.05006276202437241 0.06835390242977694
0 0.02502942226708995 0.9538681194194623 0.04205443993261524 0.06435090910260499
0 0.051278583602262104 0.9672668418103781 0.056644987897355496 0.06316187199046333
0 0.05216783255569554 0.8383640839557589 0.043310434687908766 0.08554801857136085
0 0.2040518246886359 0.8512710670654999 0.03995351003676195 0.08613196135641024
0 0.2294041696106979 0.8632662584885236 0.03779791277993714 0.07183640759802928
0 0.01751412429378531 0.920020120724346 0.03502824858757062 0.059356136820925554
0 0.13680399694375503 0.8071176567892899 0.0472652369477959 0.08604046090899133
0 0.20770994702884976 0.9457681225866835 0.05677661132666604 0.06718601685967862
0 0.2554174177677344 0.8867956919578535 0.04461047965421405 0.0736866306798422
0 0.2831835618321246 0.8338417742304263 0.0476601072357279 0.09811289551663721
0 0.30837442715783137 0.7801983903598863 0.03953130606834419 0.05602122374267114
0 0.28956052149960293 0.7426407758430339 0.07148763836703297 0.10408565819433062
0 0.2368285445358198 0.8214313836543944 0.04930035512899392 0.062247336220578424
0 0.22469279623413643 0.7885979559208919 0.05680951718399367 0.06819205307698245
0 0.21087579951845875 0.765065075311939 0.04228478093390894 0.07139316262373174
0 0.18271199907771543 0.8145330407314906 0.04543869826424794 0.08180526932364882
0 0.2859935492716954 0.5208555401512505 0.0698914406847787 0.10689272013011498
0 0.34011299435028247 0.5085513078470825 0.06440677966101695 0.09758551307847083
0 0.3367231638418079 0.4798792756539235 0.0576271186440678 0.04024144869215292
0 0.47365983862232186 0.5611262064254525 0.04759429552107263 0.09610082308202957
0 0.5164384710180082 0.5855984558381087 0.05015590741951319 0.08840427787047782
0 0.5226392298414398 0.6277570293778272 0.054779971179637656 0.07495291097660618
0 0.4888968321762075 0.7147895035934775 0.05218545342386946 0.08164341997085409
0 0.5410521658311701 0.7744589977011226 0.04743533841127607 0.07403837520672105
0 0.43034198654453665 0.8670347781786618 0.056008632254445676 0.07811171743926905
0 0.4659187539548559 0.8620997790313367 0.04820331748349669 0.06311267462713062
0 0.3570984025798667 0.9170653004890675 0.0432228614696096 0.048465376341871036
0 0.4774011299435028 0.48490945674044267 0.04406779661016949 0.05030181086519115
0 0.49971751412429377 0.47183098591549294 0.04124293785310734 0.02414486921529175
0 0.14822895602074826 0.930951611965079 0.03662949124294277 0.08772194035876323
0 0.8372881355932204 0.5065392354124748 0.07005649717514124 0.09356136820925554
0 0.9689265536723164 0.5593561368209256 0.062146892655367235 0.15694164989939638
0 0.9790960451977401 0.9834004024144869 0.04180790960451977 0.03319919517102616
0 0.9324858757062147 0.9738430583501007 0.04350282485875706 0.052313883299798795
0 0.9833333333333333 0.9416498993963782 0.03333333333333333 0.07042253521126761
0 0.9621468926553672 0.9673038229376257 0.03615819209039548 0.06539235412474849
0 0.9089713638911848 0.7811628265495597 0.05729196069022496 0.11734712991411814
0 0.9382428191273854 0.8002460217174195 0.06271690937989768 0.0939760986579599
0 0.8256266226023056 0.8779071311988407 0.07849764038527594 0.1119720985799667
0 0.8395339786247035 0.9302175673590163 0.060824558981694074 0.08772883463800951
0 0.8313559322033899 0.9763581488933601 0.061581920903954805 0.047283702213279676
0 0.8702479830083415 0.958717408780511 0.042356164825406335 0.05637296826954999
0 0.7441636145616698 0.9107787118203504 0.06732425660949602 0.13162153213045596
0 0.7607344632768361 0.9929577464788732 0.05706214689265537 0.014084507042253521
0 0.6225988700564972 0.9587525150905433 0.05423728813559322 0.08249496981891348
0 0.5909604519774011 0.9783702213279678 0.04293785310734463 0.043259557344064385
0 0.5980225988700565 0.7706237424547284 0.05706214689265537 0.11468812877263582
0 0.5959053661153397 0.8873189241999406 0.04543312608740595 0.09883753611243788
0 0.5774011299435028 0.9069416498993964 0.015819209039548022 0.09758551307847083
0 0.5748587570621468 0.8224346076458753 0.010734463276836158 0.11971830985915492