0 0.5440751445086706 0.019280205655526992 0.0708092485549133 0.038560411311053984
0 0.5113887603659402 0.2634287137873075 0.07767365127438032 0.11694550783368789
0 0.5567196531791907 0.2763496143958869 0.04552023121387283 0.09511568123393316
0 0.29190751445086704 0.44473007712082263 0.04046242774566474 0.010282776349614395
0 0.1980443116199013 0.32665568935986394 0.07934573422943196 0.18647398019499287
0 0.23902540645672837 0.3855826589392707 0.07622015730066482 0.11425508174487589
0 0.3717384615564906 0.22552692374102115 0.07410717448819555 0.13078499531088755
0 0.37649570517536096 0.3170101753607716 0.06900313104316644 0.11622711582523926
0 0.43591450727604286 0.26004460803311674 0.07482131057228386 0.12827416722418788
0 0.40720007576616546 0.09473139185854587 0.09212031469214668 0.11685748080406698
0 0.4637473799408409 0.14273113959505201 0.07269571685704498 0.14094803965909355
0 0.46784682080924855 0.05141388174807198 0.101878612716763 0.10282776349614396
0 0.15211284685816212 0.12486151941298715 0.07348551835774962 0.16157345835902656
0 0.07318537423724902 0.18344346875965126 0.08278189835366594 0.1327887343630377
0 0.03251445086705202 0.15231362467866325 0.06502890173410404 0.16838046272493573
0 0.06069364161849711 0.055269922879177376 0.07225433526011561 0.11053984575835475
0 0.03106936416184971 0.061696658097686374 0.06213872832369942 0.12339331619537275
0 0.04636485481899273 0.3225180379395906 0.06398316028326652 0.12737617721362696
0 0.13690556650973013 0.2469113945353893 0.07341826020964613 0.14100790565979776
0 0.13220038657955382 0.36038113038537184 0.09075930067207388 0.1424446896766947
0 0.07907453380921473 0.37056534313377754 0.05888752410675009 0.11538899181538254
0 0.08981834319721739 0.28807774884850457 0.07128425922589442 0.15111108400730014
0 0.7633670520231214 0.05334190231362468 0.101878612716763 0.10668380462724936
0 0.8344665262008121 0.3048770594176841 0.08796160721531163 0.1704828606353181
0 0.8269508670520231 0.39267352185089976 0.09320809248554913 0.11439588688946016
0 0.7649363207979707 0.3613954037114936 0.07708562421798604 0.15801674723144127
0 0.7622523663358891 0.18814294981491883 0.08300469096925892 0.20091212767923308
0 0.6940960267256456 0.1558825490922483 0.09618702395485144 0.2559742915273816
0 0.631864161849711 0.2095115681233933 0.10476878612716763 0.1928020565552699
0 0.692129689372641 0.31538531451267954 0.07784600027889545 0.16964473662546167
0 0.7095375722543352 0.40809768637532134 0.09393063583815028 0.08354755784061697
0 0.9096089330542043 0.2992936688663139 0.10308877764311472 0.15760122916938324
0 0.9880780346820809 0.17544987146529564 0.02384393063583815 0.19151670951156813
0 0.849349710982659 0.4241645244215938 0.09609826589595376 0.05141388174807198
0 0.6351156069364162 0.38817480719794345 0.09971098265895954 0.12339331619537275
0 0.319364161849711 0.5218508997429306 0.07658959537572255 0.14395886889460155
0 0.26893835546921174 0.5894104056816266 0.0756657593183227 0.16560909749224395
0 0.15776918646840546 0.7881585927353613 0.08725167476547992 0.1742790357657196
0 0.04588150289017341 0.6709511568123393 0.09176300578034682 0.14910025706940874
0 0.5401011560693642 0.506426735218509 0.06430635838150289 0.11311053984575835
0 0.5614161849710982 0.5032133676092545 0.036127167630057806 0.10668380462724936
0 0.5541907514450867 0.6163239074550129 0.05057803468208093 0.11439588688946016
0 0.487343777895059 0.6214294751730224 0.06177769751715488 0.11562845581819874
0 0.5682803468208093 0.7744215938303342 0.022398843930635837 0.10154241645244216
0 0.29522453159738454 0.8345947365678211 0.0684024930840028 0.15344231409188755
0 0.4109762525256619 0.8911816162054644 0.06541983971995598 0.12492521512763174
0 0.49138664456008546 0.820911811464076 0.05670307951192075 0.11006800563846332
0 0.02167630057803468 0.7673521850899743 0.04335260115606936 0.16195372750642673
0 0.02926300578034682 0.8946015424164524 0.05852601156069364 0.11311053984575835
0 0.014089595375722543 0.9633676092544987 0.028179190751445087 0.07326478149100257
0 0.6571531791907514 0.9607969151670951 0.0888728323699422 0.07840616966580977
0 0.7210531642572373 0.751115809328061 0.08147553157892726 0.17508545480378898
0 0.7396122951750178 0.818968033669653 0.08427322503568951 0.1470472838451656
0 0.7854475580883701 0.8293053601056657 0.07784179664463901 0.16835938958175986
0 0.8395752550196097 0.8440956157083892 0.08503360109659884 0.15867527323918584
0 0.8494869856945871 0.9055968233180698 0.0899610919028564 0.11924857688935843
0 0.6152456647398844 0.6233933161953727 0.07153179190751445 0.16709511568123395
0 0.9898843930635838 0.6375321336760925 0.02023121387283237 0.16966580976863754
0 0.9216532855050729 0.8160925984074001 0.07272093866258388 0.14866012192130437