0 0.5826113861386139 0.2543956043956044 0.014232673267326733 0.06923076923076923
0 0.5727103960396039 0.3021978021978022 0.03403465346534654 0.09010989010989011
0 0.5659034653465347 0.33791208791208793 0.04764851485148515 0.08901098901098901
0 0.5484291204592987 0.3731317633164782 0.06798625441179676 0.09595513079321706
0 0.5467202970297029 0.4565934065934066 0.08601485148514851 0.0912087912087912
0 0.5606435643564357 0.515934065934066 0.05816831683168317 0.12637362637362637
0 0.4422197844565133 0.4749946989722403 0.08924287366172513 0.12930089668291528
0 0.505975231393011 0.38437265598199477 0.04332195022441801 0.1446239562243101
0 0.5407406167451452 0.27623910015184877 0.049508362855882726 0.0979085304339508
0 0.502482787756248 0.25750648493451295 0.05923642319543329 0.0920315524570613
0 0.473037505917991 0.2928093900246636 0.05853114643451536 0.08869007237182569
0 0.46229054328601354 0.2061547917511991 0.0613810751047633 0.10315489381166922
0 0.5289577817368275 0.18180264060901205 0.04953718448245924 0.09900743153285191
0 0.4944933631434572 0.12480998247853313 0.05492000393061295 0.11584916232462687
0 0.47060643564356436 0.04835164835164835 0.05136138613861386 0.0967032967032967
0 0.5652846534653465 0.07527472527472527 0.04888613861386139 0.10659340659340659
0 0.5841584158415841 0.04835164835164835 0.011138613861386138 0.0967032967032967
0 0.3499381188118812 0.5175824175824176 0.06373762376237624 0.12307692307692308
0 0.2988861386138614 0.5126373626373626 0.08415841584158416 0.13296703296703297
0 0.2630101758280681 0.4289976205423024 0.08414827047933736 0.1234481768801513
0 0.29576231277088333 0.27943138956070357 0.04703311533113025 0.09772942327982156
0 0.3241564583293036 0.260567224165537 0.04791132185150752 0.10766430995846364
0 0.3562922968014292 0.24087281840266334 0.0463142808471323 0.1174200894829766
0 0.3967591998143495 0.2581138007315107 0.05313476926328163 0.09488048786844137
0 0.41319246206374294 0.2934334848763497 0.06352402083367684 0.06711504149059462
0 0.4357561998718645 0.3313987391043141 0.06732335700053522 0.07068040551849178
0 0.432760456888317 0.39834215256021654 0.08538418806129684 0.07637453678153329
0 0.27113280184153943 0.06020435988965286 0.051335976872870434 0.09694395970064663
0 0.2942450495049505 0.022527472527472527 0.058787128712871284 0.045054945054945054
0 0.1744785964188451 0.1759705373487452 0.05535062214884496 0.08516948513246071
0 0.12859327346965466 0.16439290836132922 0.05733760820221213 0.1138304672809539
0 0.03094059405940594 0.15604395604395604 0.06188118811881188 0.11868131868131868
0 0.03527227722772277 0.47692307692307695 0.07054455445544554 0.13186813186813187
0 0.08489744932982304 0.4948300527762861 0.06270686992728582 0.15370434436111977
0 0.12676220123170737 0.4587743318084302 0.07594605016792882 0.14040371942311655
0 0.14219860395371034 0.40208950185809966 0.08227657093227637 0.09918279912726251
0 0.18974372970167888 0.27946686641398466 0.06739626415718487 0.09700925510358584
0 0.14932427871953857 0.34315183361423124 0.0758867007343592 0.09104272354963171
0 0.1367564809321133 0.26682485380899634 0.07282146295499511 0.09191774070587114
0 0.11143691128522187 0.2275592029337355 0.038988560875684634 0.09714732502890142
0 0.08692178791184978 0.22853777253396157 0.040414378301016914 0.12796133258666437
0 0.05852086349188944 0.23584108799640038 0.042816718669119666 0.10181159015569967
0 0.03462369890949711 0.26053558480006483 0.03821037695811713 0.06747699535857161
0 0.012995049504950494 0.2967032967032967 0.02599009900990099 0.06373626373626373
0 0.017636138613861384 0.35 0.03527227722772277 0.06483516483516484
0 0.014542079207920793 0.42637362637362636 0.029084158415841586 0.10329670329670329
0 0.7285974747165191 0.4964680961533891 0.09331516219085283 0.11972422431253192
0 0.8082012663289223 0.49892521018308883 0.08315648363307025 0.15628087948158748
0 0.8595297029702971 0.5269230769230769 0.07301980198019802 0.1043956043956044
0 0.9211014851485149 0.5230769230769231 0.08353960396039604 0.11208791208791209
0 0.9761757425742574 0.47527472527472525 0.04764851485148515 0.1
0 0.96875 0.5258241758241758 0.0625 0.10659340659340659
0 0.6129331683168316 0.5461538461538461 0.04641089108910891 0.06593406593406594
0 0.6516089108910891 0.539010989010989 0.06806930693069307 0.08021978021978023
0 0.6076732673267327 0.18626373626373627 0.03589108910891089 0.07362637362637363
0 0.6008663366336634 0.2543956043956044 0.022277227722772276 0.0912087912087912
0 0.6011757425742574 0.3362637362637363 0.022896039603960396 0.12527472527472527
0 0.6073638613861386 0.4291208791208791 0.03527227722772277 0.08461538461538462
0 0.725261843845511 0.4109002698917631 0.0841906498289939 0.10151493169066175
0 0.6687431385902326 0.35561473906509017 0.0519836103806352 0.09808763758808005
0 0.7332453885470965 0.30743471874813394 0.07924015477948894 0.10115671738240316
0 0.8066042711846735 0.28797071667540675 0.07912486827318262 0.09676111298679876
0 0.8215015480436779 0.21638355670711293 0.07926897640606545 0.10225561848130425
0 0.7879009251573966 0.150095016024507 0.05546590865515128 0.08956508952806518
0 0.8150218464653242 0.12067934821844926 0.06448869223378377 0.08034663146594005
0 0.7640283626106658 0.09111631055182477 0.040643245133212935 0.08958934770219062
0 0.8382154404672152 0.05189447709314394 0.0512918913427973 0.07171401121445367
0 0.8930574186999285 0.11201312089354103 0.05932288807516282 0.09532825575376459
0 0.8708869924415061 0.14178700300785735 0.04975249359157524 0.08366759293676883
0 0.9050131834677057 0.1998561738429712 0.06464806427016323 0.10997218434773748
0 0.9730816831683168 0.1021978021978022 0.053836633663366336 0.0967032967032967
0 0.9264181304414324 0.2465454716793459 0.05750883178125499 0.07326068019867793
0 0.9832920792079208 0.35824175824175825 0.03341584158415842 0.14065934065934066
0 0.9542621058242728 0.3195738784080181 0.046788984595437594 0.11197036077700341
0 0.8319238408315648 0.32723636755066776 0.04740779647662571 0.11201513756553585
0 0.635769812627096 0.25358952427393233 0.060114629715810414 0.1019664391357035
0 0.6998668536314713 0.26813642017140343 0.06640277113050129 0.08267876402933926
0 0.7337853675003032 0.29866589835119134 0.07862134289830082 0.10111194059387084
0 0.7388621933686959 0.18783360612204347 0.05886174204993755 0.077745838171347
0 0.6869455643733787 0.21710655403516008 0.05222774111632786 0.08384670009089806
0 0.6548555176117429 0.16413915690496428 0.04762310558574172 0.09667529896945272
0 0.7004399196622959 0.13991294660102996 0.06073344159699853 0.1020112159242358
0 0.6649260709695053 0.05201672733572334 0.03104402902304885 0.07682978378629372
0 0.6934922931971769 0.05023030576205617 0.0346992570570244 0.07490064231968545
0 0.7291027979920703 0.051706070003763434 0.04477317691549378 0.08221047752960915
0 0.32982673267326734 0.9813186813186813 0.0891089108910891 0.03736263736263736
0 0.5071163366336634 0.9445054945054945 0.06621287128712872 0.11098901098901098
0 0.5640470297029703 0.8813186813186813 0.05136138613861386 0.14505494505494507
0 0.508623408677223 0.7807587756058468 0.0780025310171127 0.10106716380533853
0 0.551980198019802 0.8120879120879121 0.07549504950495049 0.11648351648351649
0 0.54632262830871 0.7262353605921302 0.06184222112998857 0.12073731139408679
0 0.5377338753091426 0.6518477815607072 0.06887801865525377 0.08285787118346849
0 0.4449188719924648 0.656692113213587 0.07269261872560878 0.11055428259865764
0 0.20968133299062502 0.7139870881127268 0.06641803503399792 0.10680981141663098
0 0.5021658415841584 0.6164835164835165 0.04764851485148515 0.07472527472527472
0 0.3369421244964697 0.6841105639623309 0.049450719602729426 0.09571072823614861
0 0.06364936098197727 0.6913094655369213 0.058848184326857594 0.10077798445973778
0 0.0724398653675807 0.7580047368760365 0.055625280691530735 0.11919064240986248
0 0.23731435643564355 0.6170329670329671 0.05136138613861386 0.07582417582417582
0 0.9650319184513688 0.8086716897723506 0.053609473011586924 0.08943075916246832
0 0.9356154582396884 0.8428756937636002 0.04428491544410861 0.11069235252397308
0 0.9613707646460616 0.7709732264957209 0.0515072004519133 0.05637417261837072
0 0.9650371287128713 0.7236263736263736 0.06992574257425743 0.07582417582417582
0 0.9572662879896505 0.6556231285924343 0.05750883178125499 0.07326068019867787
0 0.6061262376237624 0.9692307692307692 0.0327970297029703 0.06153846153846154
0 0.6333539603960396 0.9664835164835165 0.040222772277227724 0.06703296703296703
0 0.6588166475052266 0.9010167776772284 0.048658977962081934 0.08907254485420958
0 0.697048214138172 0.8498348427487475 0.04943716187964955 0.11874287452453924
0 0.7676733077020156 0.816410692997095 0.0709073840582776 0.08958560814247214
0 0.8120429818454373 0.7557640276695613 0.06119458762222381 0.11959363350665339
0 0.7476721353885846 0.7516566922116505 0.036253918711742945 0.08707810798466216
0 0.7747777927930155 0.7464616253699494 0.03701683872581403 0.09261739026769997
0 0.6002475247524752 0.7972527472527473 0.02103960396039604 0.09340659340659341
0 0.6232952127208141 0.6243008056421248 0.038268020211270216 0.06967479755637394
0 0.614480198019802 0.6879120879120879 0.04950495049504951 0.06813186813186813