0 0.490072202166065 0.028372591006423982 0.09326113116726835 0.056745182012847964
0 0.27126529840946667 0.142234390823983 0.09559935742243626 0.14151564621858073
0 0.3430488426797435 0.2547951083572977 0.0665369372964836 0.17088611604206141
0 0.6756919374247894 0.23768736616702354 0.06859205776173286 0.1284796573875803
0 0.4062825100668407 0.33394307961617853 0.07301542551335738 0.16079670016637992
0 0.47058575078828746 0.33405831771391453 0.09758596527402068 0.10962017632257663
0 0.585675332644859 0.3346322895904696 0.06345849187423444 0.16525224142063197
0 0.6603960209795162 0.3271641616683482 0.08328557573344025 0.11898014773286257
0 0.6531628061541385 0.4173850300730991 0.1010280211703705 0.09710887726015507
0 0.687424789410349 0.5744111349036403 0.04512635379061372 0.11027837259100642
0 0.5905535499398316 0.569593147751606 0.09205776173285199 0.11991434689507495
0 0.5279783802050946 0.49500212466684795 0.05504891020056153 0.1655373496540767
0 0.47334410806070354 0.49899665580736535 0.05012339752496313 0.15652315025978938
0 0.30441699376996956 0.4254977539769477 0.06169545082433485 0.16829589951715312
0 0.19325735682938913 0.24296476891246116 0.08208220629902403 0.11886792550741708
0 0.0990084146974062 0.11280331494073914 0.06425573465864429 0.13431521311074554
0 0.1249453864124885 0.25798137829333195 0.07347656348396854 0.10416374037897745
0 0.013537906137184115 0.20717344753747324 0.02707581227436823 0.1381156316916488
0 0.08280770734250592 0.36740368664662915 0.04442865079943847 0.18058730679851484
0 0.016245487364620937 0.3998929336188437 0.032490974729241874 0.09100642398286937
0 0.04876325399780745 0.3374948690450763 0.048262325904372315 0.1520721616753686
0 0.1309637428071135 0.3964897877740399 0.09545931375002009 0.13080900810294904
0 0.7295427196149218 0.3570663811563169 0.03910950661853189 0.14668094218415417
0 0.7529014193899186 0.44832057930823566 0.08366319057478283 0.1019056378605746
0 0.778283206302233 0.3672776909661091 0.08413933906099762 0.13830820745372235
0 0.8634355981544326 0.3762880772279403 0.08702172334186395 0.12895278871326743
0 0.8602653697338416 0.2947212386546098 0.07409275564259943 0.1512729480877569
0 0.8863956356823106 0.20198521505437253 0.07875218534060728 0.139944535062344
0 0.9579341035258592 0.29580931588533166 0.06116378794333492 0.17359310746224635
0 0.9463465366367028 0.14501860446292414 0.0705531722497395 0.20227203325372986
0 0.9906738868832732 0.05728051391862955 0.01865222623345367 0.05460385438972163
0 0.9019253910950662 0.5679871520342612 0.048134777376654635 0.12312633832976445
0 0.8531889290012034 0.5690578158458244 0.07942238267148015 0.12098501070663811
0 0.9632972322503008 0.6054603854389722 0.07340553549939831 0.048179871520342615
0 0.8577015643802648 0.6204496788008566 0.06678700361010831 0.018201284796573874
0 0.7858002406738869 0.5968950749464668 0.05174488567990373 0.06531049250535331
0 0.7406738868832732 0.5963597430406852 0.049338146811071 0.06638115631691649
0 0.5568592057761733 0.6846895074946466 0.04632972322503008 0.11027837259100642
0 0.33754512635379064 0.6814775160599572 0.05535499398315283 0.10385438972162742
0 0.29394428329906436 0.7539276624450106 0.04956322283529885 0.11369659779726263
0 0.20276774969915765 0.6809421841541756 0.0421179302045728 0.10278372591006424
0 0.088995876903664 0.9358541251295404 0.04894703067666803 0.06658739008848343
0 0.09356197352587245 0.9866167023554604 0.04632972322503008 0.02676659528907923
0 0.5938628158844765 0.6975374732334048 0.0457280385078219 0.13597430406852248
0 0.6654632972322503 0.6718415417558886 0.056558363417569195 0.08458244111349036
0 0.6524503441844501 0.7798752389468228 0.057468647288273805 0.0748675923475438
0 0.6904332129963899 0.8024625267665952 0.03910950661853189 0.09314775160599571
0 0.5420064391957351 0.7898934066255384 0.03877491102727665 0.11589858920294271
0 0.5445609785318761 0.8703334702745831 0.04147523853400177 0.0926245409121666
0 0.5786054318765748 0.9002422878761358 0.04676436168370111 0.0834935666226029
0 0.5883366654949461 0.8401963950896831 0.03936208830306199 0.06890160371960877
0 0.5860762178708788 0.7822402714834652 0.059987421095039475 0.08365734729094013
0 0.1559009114869639 0.8592182354710647 0.06513650057232256 0.0638197348857445
0 0.08273164861612516 0.6766595289079229 0.052346570397111915 0.09421841541755889
0 0.11783246639411715 0.7284145195753217 0.038326771275544895 0.0816373472329213
0 0.04482551143200963 0.6520342612419701 0.04512635379061372 0.044967880085653104
0 0.36131167268351383 0.9662740899357601 0.04151624548736462 0.06745182012847965
0 0.4040475966612653 0.9475903953054651 0.0604350577725899 0.0719361564764679
0 0.4816486161251504 0.9684154175588865 0.057160048134777375 0.06316916488222699
0 0.4398315282791817 0.9839400428265525 0.04091456077015644 0.032119914346895075
0 0.4019253910950662 0.9866167023554604 0.044524669073405534 0.02676659528907923
0 0.08092713839359572 0.7554495492160619 0.03825674943933684 0.07628402817510546
0 0.42260053463857505 0.826879111157694 0.03196031799660379 0.10029207360110803
0 0.794319634306592 0.6894111490428536 0.054558254272924246 0.08208168346487225
0 0.8168698129830194 0.7824095175273803 0.03754353285837684 0.11364503935437088
0 0.8457789396805859 0.8102353949534451 0.0396981931168606 0.09459753519712483
0 0.8919268576685656 0.8236285374750217 0.044050029809733916 0.10569695110181586
0 0.8751014467488705 0.89263707121287 0.038998477828961126 0.08704677740345977
0 0.7693369718606634 0.8009679560145303 0.031316620177670854 0.0970239710536959
0 0.741463162190614 0.7604063350751531 0.0355004044636449 0.0952754212196289
0 0.7286401925391095 0.7987152034261242 0.03730445246690734 0.11777301927194861
0 0.7924187725631769 0.9925053533190579 0.036101083032490974 0.014989293361884369
0 0.7582635828209121 0.9651510704211397 0.027902069941623277 0.06569416495475039
0 0.9795427196149218 0.8308351177730193 0.04091456077015644 0.08565310492505353