0 0.26773981603153746 0.3866822429906542 0.06373193166885677 0.1191588785046729
0 0.2828515111695138 0.169392523364486 0.03350854139290407 0.15186915887850466
0 0.25306836813976896 0.1331027515370069 0.06763273938637421 0.12583013593804365
0 0.1583442838370565 0.056074766355140186 0.07884362680683311 0.11214953271028037
0 0.12812089356110382 0.013434579439252336 0.08541392904073587 0.026869158878504672
0 0.06044678055190539 0.04380841121495327 0.08409986859395532 0.08761682242990654
0 0.2864651773981603 0.05081775700934579 0.026281208935611037 0.09929906542056074
0 0.29172141918528255 0.102803738317757 0.01576872536136662 0.08878504672897196
0 0.3124178712220762 0.33936915887850466 0.025624178712220762 0.09228971962616822
0 0.3340998685939553 0.3142523364485981 0.06898817345597898 0.08644859813084112
0 0.3255584756898817 0.25116822429906543 0.0519053876478318 0.09345794392523364
0 0.3199737187910644 0.19042056074766356 0.040735873850197106 0.08177570093457943
0 0.33559849355783655 0.13294409212063063 0.051221378861076625 0.10080803131388798
0 0.3232588699080158 0.0911214953271028 0.04730617608409987 0.0911214953271028
0 0.3800875527273622 0.1897703850561427 0.08282003293275567 0.10412326859958236
0 0.6744415243101183 0.5163551401869159 0.12549277266754272 0.06542056074766354
0 0.7792378449408672 0.5268691588785047 0.12352168199737187 0.04439252336448598
0 0.8328723245813904 0.3952559303231757 0.09710910597107174 0.17343593943326951
0 0.7785656112652131 0.327035830797174 0.07079729536098787 0.1714520578945678
0 0.7434154000916104 0.35104132023807605 0.08098936713104397 0.18460839664915102
0 0.689364320812054 0.38029657967556885 0.0843969249458868 0.18938325100036718
0 0.6105531072352479 0.4292106942535565 0.10947027351759538 0.16915047942583505
0 0.5655753270519329 0.37878924353191346 0.09840695980283894 0.14779617914680288
0 0.4944152431011827 0.4760514018691589 0.0873850197109067 0.14602803738317757
0 0.4448094612352168 0.49007009345794394 0.07490144546649145 0.11799065420560748
0 0.3676084099868594 0.4678738317757009 0.0795006570302234 0.16238317757009346
0 0.32260183968462547 0.43399532710280375 0.045992115637319315 0.10630841121495327
0 0.40049057152333245 0.10402529129448786 0.0573794642673723 0.11033734858532945
0 0.42359645253597816 0.18411706942264552 0.0910878223221272 0.14406720050870664
0 0.5558701647401123 0.30903520056563005 0.11030910223226902 0.12598735465338723
0 0.4738538786511586 0.24812603531597277 0.04943389823774319 0.10775620281530776
0 0.4945998076182833 0.13787881842043048 0.06642487902247174 0.10478170712387508
0 0.40202604122115293 0.09998748482523613 0.0518784090844669 0.10082842274487885
0 0.3733066131907709 0.06874701723242159 0.0455367136313339 0.08428975967904487
0 0.4678730628472613 0.06993104684651429 0.05100716713976633 0.09263046122043005
0 0.5555406951581537 0.07090096643520244 0.08078773891363904 0.10172564570847883
0 0.5638858945114845 0.13886189009090585 0.08888631331563257 0.1101479129738277
0 0.6829973609661376 0.0871130634721301 0.07194032926483646 0.08977831411494284
0 0.6806833114323259 0.04614485981308411 0.07621550591327202 0.09228971962616822
0 0.6182654402102497 0.037967289719626166 0.06176084099868594 0.07593457943925233
0 0.61663011087399 0.09730968836673984 0.06784513955213038 0.08381484403367025
0 0.7831305980433642 0.22562462251938242 0.12010516378973139 0.17414963951795132
0 0.763416068230548 0.12462715559399262 0.08492973691583144 0.13453788323726518
0 0.847103719996896 0.13656266172236137 0.09788673133679972 0.12793636606269085
0 0.8754559279336034 0.15378443772639086 0.07383582152660187 0.1120153586591677
0 0.905404808917077 0.16930485585929947 0.07619033890546115 0.15177576768937376
0 0.9424055156185129 0.19088050551293978 0.08037914519713989 0.21143677266567382
0 0.9717477003942181 0.16822429906542055 0.056504599211563734 0.1658878504672897
0 0.9770039421813403 0.055490654205607476 0.045992115637319315 0.11098130841121495
0 0.961892247043364 0.35046728971962615 0.07621550591327202 0.1658878504672897
0 0.9385676741130092 0.47488317757009346 0.12155059132720106 0.1483644859813084
0 0.8081471747700394 0.018107476635514017 0.05913272010512484 0.036214953271028034
0 0.769053876478318 0.018691588785046728 0.06636005256241786 0.037383177570093455
0 0.4973718791064389 0.04731308411214953 0.05519053876478318 0.09462616822429906
0 0.5870565045992115 0.02570093457943925 0.06898817345597898 0.0514018691588785
0 0.7069645203679369 0.030957943925233645 0.09592641261498029 0.06191588785046729
0 0.025624178712220762 0.9538551401869159 0.051248357424441525 0.09228971962616822
0 0.2580833709497298 0.8834503152630078 0.07716778093303973 0.138966083261636
0 0.21462575962699884 0.8284069459225804 0.08884131658170027 0.1334920075241451
0 0.278580814717477 0.592873831775701 0.04204993429697766 0.08761682242990654
0 0.2519710906701708 0.5683411214953271 0.06504599211563732 0.038551401869158876
0 0.1671845446486156 0.683943439126171 0.07799221458825405 0.120315277338571
0 0.017739816031537452 0.8189252336448598 0.035479632063074903 0.12850467289719625
0 0.2139164864474602 0.6509592010505819 0.06309473117158793 0.12802384451923812
0 0.21123521681997373 0.5759345794392523 0.06241787122207622 0.053738317757009345
0 0.03777923784494087 0.7470794392523364 0.07555847568988174 0.10630841121495327
0 0.12417871222076216 0.6057242990654206 0.07227332457293036 0.1133177570093458
0 0.05721477816887939 0.6460958447592502 0.06945082168418046 0.12005018873568922
0 0.039093298291721416 0.5817757009345794 0.04402102496714849 0.06542056074766354
0 0.15032679120261647 0.7797203965848363 0.06558605030779796 0.14794483189632288
0 0.6741130091984231 0.927570093457944 0.09461235216819974 0.14485981308411214
0 0.7288833739055514 0.8561835234801805 0.0996310267817549 0.1945251511094197
0 0.7980083491188814 0.8384852020811046 0.11811786650454721 0.14840792207653034
0 0.9212537102682201 0.806708341416891 0.09049380700323668 0.1965761196736778
0 0.9750328515111695 0.7938084112149533 0.04993429697766097 0.15537383177570094
0 0.959592641261498 0.6991822429906542 0.08081471747700394 0.1366822429906542
0 0.8846911957950065 0.5905373831775701 0.11892247043363995 0.08294392523364486
0 0.8321441761459936 0.6504461557764656 0.08123418052682717 0.19395419104167425
0 0.7730195593483754 0.6614511985615079 0.07501489177158555 0.18208842517210194
0 0.6042744266866147 0.7857815408381517 0.08924094990540207 0.19887178540982692
0 0.5154402102496715 0.9667056074766355 0.10315374507227333 0.06658878504672897
0 0.43988173455978974 0.9725467289719626 0.09264126149802891 0.054906542056074766
0 0.37582128777923784 0.9018691588785047 0.07227332457293036 0.19626168224299065
0 0.31110381077529564 0.8884345794392523 0.022996057818659658 0.10630841121495327
0 0.34461235216819974 0.9299065420560748 0.07293035479632064 0.14018691588785046
0 0.4228224989738446 0.8636101732593703 0.1193563285429225 0.17062457518976407