0 0.160044625749623 0.2441333708028584 0.08684831401392659 0.15152675466084858
0 0.052697160245468694 0.21817913279899204 0.10072312218321326 0.15187534158598628
0 0.11664345403899722 0.04950495049504951 0.06754874651810584 0.09900990099009901
0 0.27123955431754876 0.37004950495049505 0.10515320334261838 0.1188118811881188
0 0.34018105849582175 0.37995049504950495 0.0967966573816156 0.09900990099009901
0 0.28865802978751837 0.26704982562707774 0.08595125066338775 0.13048715070045255
0 0.3618205973630781 0.20083148955626104 0.07744678861431434 0.10981275462430005
0 0.4101671309192201 0.38613861386138615 0.07938718662952646 0.08663366336633663
0 0.15529247910863508 0.017945544554455444 0.07938718662952646 0.03589108910891089
0 0.13837896294890767 0.12651850954463967 0.07776339920862216 0.11723849719855749
0 0.2346791036339268 0.1758999780197259 0.07475642094966607 0.127980558388065
0 0.33752690215221437 0.1611076147933696 0.07170706346740863 0.12147519743868106
0 0.3297252471182182 0.06777767605597426 0.0687104744175358 0.11620746025167335
0 0.43697771587743733 0.38613861386138615 0.04526462395543175 0.08663366336633663
0 0.35619777158774374 0.01485148514851485 0.05501392757660167 0.0297029702970297
0 0.37845849766059625 0.33071929503049596 0.0703774634487094 0.10654440175579062
0 0.39275766016713093 0.018564356435643563 0.057103064066852366 0.03712871287128713
0 0.39658075344336197 0.27138530305654784 0.07328929405197981 0.07731729466501498
0 0.17579955264704197 0.045280808211715554 0.0691637895038629 0.07807905522113716
0 0.273355335306725 0.08959281583573325 0.053115908784690906 0.12428430806004213
0 0.4047590380760122 0.1608402355331841 0.06470089594327193 0.10343466995603248
0 0.9596100278551533 0.012995049504950494 0.06128133704735376 0.02599009900990099
0 0.8968755029498018 0.1359768783556069 0.05024563501775408 0.08947222164475603
0 0.8241643454038997 0.41336633663366334 0.08286908077994429 0.03217821782178218
0 0.7756208280686588 0.18427175561476195 0.06994492678054903 0.11265321003329594
0 0.6142061281337048 0.41398514851485146 0.09331476323119778 0.03094059405940594
0 0.9665738161559888 0.38613861386138615 0.06685236768802229 0.08663366336633663
0 0.9394150417827298 0.41089108910891087 0.08217270194986072 0.03712871287128713
0 0.8485376044568245 0.3879950495049505 0.05083565459610028 0.08292079207920793
0 0.6895436733158191 0.24457124926445953 0.053516455438633356 0.08491827926712964
0 0.7800824880487979 0.3315572938170871 0.07257213680372937 0.10925758088366999
0 0.6692283889519696 0.14404518907638106 0.06690595850737502 0.09013805070739662
0 0.65195166166781 0.06164727738487976 0.0486418036280484 0.0843631055264997
0 0.6168740726062503 0.07980582210380364 0.05486683387549913 0.06782947819698938
0 0.615654792863378 0.140909577272676 0.050994782280222285 0.09078915594150799
0 0.5008366331527083 0.16014427898935982 0.044094151620854546 0.07522387598361183
0 0.5229805013927576 0.41646039603960394 0.07381615598885793 0.02599009900990099
0 0.4724930362116992 0.3873762376237624 0.02576601671309192 0.08415841584158416
0 0.4858865003045304 0.07193912876403838 0.05173354033360713 0.10811588861477532
0 0.39763231197771587 0.9344059405940595 0.09331476323119778 0.1311881188118812
0 0.4334958217270195 0.8273514851485149 0.05222841225626741 0.15717821782178218
0 0.4258356545961003 0.6621287128712872 0.06754874651810584 0.1707920792079208
0 0.43419220055710306 0.5816831683168316 0.05083565459610028 0.07425742574257425
0 0.20856545961002784 0.9566831683168316 0.08983286908077995 0.08663366336633663
0 0.1149025069637883 0.9839108910891089 0.11142061281337047 0.03217821782178218
0 0.06754874651810584 0.969059405940594 0.10584958217270195 0.06188118811881188
0 0.08231403894218686 0.9102494695276825 0.12766043361785048 0.16602775575364914
0 0.08838199747293582 0.8085660446768919 0.11130633151345394 0.18879746764178132
0 0.23760173463976436 0.8439150133511671 0.0920291872097361 0.17551746935225118
0 0.2894287778551212 0.8798873101250304 0.08905419896499778 0.21951675105716595
0 0.34341973799173225 0.8244737248189912 0.11425015213094213 0.1928275810664128
0 0.36443824056414326 0.7703521423710453 0.09329480719999915 0.12393382400432781
0 0.3559082166858456 0.7103587346834328 0.12820889635986343 0.1463843966243805
0 0.016016713091922007 0.9486386138613861 0.03203342618384401 0.10272277227722772
0 0.100559882564251 0.6285950806588954 0.08336641986350876 0.15113020198896998
0 0.15200237413277456 0.6085727383821424 0.0654396539966566 0.12076140262929981
0 0.2182643110489666 0.5579196822692218 0.05976308649121873 0.11765167082954169
0 0.2846841420688284 0.5441970626916492 0.09505694388685874 0.1327558114097128
0 0.3582869080779944 0.4900990099009901 0.09401114206128133 0.12128712871287128
0 0.3112813370473538 0.45792079207920794 0.07520891364902507 0.05693069306930693
0 0.2802924791086351 0.44554455445544555 0.08147632311977716 0.03217821782178218
0 0.009749303621169917 0.7085396039603961 0.019498607242339833 0.10272277227722772
0 0.03203342618384401 0.6472772277227723 0.06406685236768803 0.15841584158415842
0 0.16469359331476324 0.45792079207920794 0.060584958217270196 0.05693069306930693
0 0.20473537604456823 0.4715346534653465 0.06406685236768803 0.08415841584158416
0 0.677924791086351 0.9381188118811881 0.10376044568245125 0.12376237623762376
0 0.7994428969359332 0.9801980198019802 0.10306406685236769 0.039603960396039604
0 0.7729805013927576 0.9467821782178217 0.10306406685236769 0.10643564356435643
0 0.9042479108635098 0.9647277227722773 0.10793871866295264 0.07054455445544554
0 0.8870905085730576 0.7809605139304602 0.09916167001680895 0.1640136476066215
0 0.9575208913649025 0.8007425742574258 0.08495821727019498 0.19801980198019803
0 0.7523312269362885 0.7396539961331661 0.07798568453421224 0.18746580951650013
0 0.804512065364713 0.7429482290056226 0.08078158906362978 0.17177325327748752
0 0.8868222941935608 0.6978571179091305 0.07600126252176256 0.10841650979317237
0 0.9428600115971213 0.6594530231388559 0.08486471438844517 0.1537640705824739
0 0.9864206128133705 0.6887376237623762 0.027158774373259052 0.11757425742574257
0 0.979108635097493 0.5952970297029703 0.04178272980501393 0.11138613861386139
0 0.9333593775177337 0.5897172464209849 0.06492235888189343 0.09237536662902193
0 0.9365570622815456 0.5228459079854801 0.10345586907116289 0.1509549599611128
0 0.8305375520221543 0.6445341055886296 0.1124560254298646 0.15074837314562056
0 0.7010102672396431 0.740572480627463 0.09046773504333162 0.18765577537288652
0 0.8116295264623955 0.44492574257425743 0.07729805013927576 0.03094059405940594
0 0.6012086875664916 0.5376380446037947 0.06805647481075361 0.13337557185618923
0 0.5545880793761683 0.5583428369022938 0.06387820183025221 0.132899708649935
0 0.5170612813370473 0.4814356435643564 0.04387186629526462 0.10396039603960396
0 0.5626740947075209 0.4474009900990099 0.06545961002785515 0.03589108910891089
0 0.6658811433261508 0.6380387256413333 0.07584295722460865 0.10470363850604367
0 0.6295514621205327 0.8318448616894898 0.0864261665548495 0.1416257645618387
0 0.49547353760445684 0.8948019801980198 0.07172701949860724 0.2103960396039604
0 0.5280592366436526 0.871730925174244 0.07028313817999157 0.16934597149947583
0 0.559150081616535 0.6951482283916088 0.09638654390555795 0.14768660709260337
0 0.4735376044568245 0.6021039603960396 0.027855153203342618 0.13242574257425743
0 0.47493036211699163 0.4814356435643564 0.03064066852367688 0.10396039603960396
0 0.6537516544496466 0.7274805510637428 0.06447943300464985 0.1144939732830429