0 0.3294799633125455 0.3110792431431986 0.082326653137671 0.17612920246557662
0 0.25544572467423987 0.10779616863872803 0.0890827218891638 0.1353698349360529
0 0.1423251552625385 0.12268491946920379 0.10262213170819875 0.13455266678618202
0 0.13712970106449685 0.19062664167426926 0.08427313916969208 0.1309613958634506
0 0.20641247169863292 0.304429273584734 0.09754575524711863 0.15978737615885694
0 0.14109947643979057 0.3580074487895717 0.08429319371727749 0.1424581005586592
0 0.0662303664921466 0.34962756052141525 0.093717277486911 0.15921787709497207
0 0.011780104712041885 0.12430167597765363 0.02356020942408377 0.08472998137802606
0 0.06528864885120698 0.1143054922082568 0.06460734536334324 0.07709079533178054
0 0.3089005235602094 0.4031657355679702 0.05863874345549738 0.0521415270018622
0 0.41465968586387436 0.3947858472998138 0.06701570680628273 0.06890130353817504
0 0.8390052356020943 0.39711359404096835 0.06335078534031413 0.06424581005586592
0 0.49345549738219896 0.30772811918063314 0.06753926701570681 0.14804469273743018
0 0.44738219895287956 0.4855679702048417 0.024607329842931937 0.11266294227188083
0 0.4337696335078534 0.505586592178771 0.051832460732984295 0.1527001862197393
0 0.4079551582340095 0.5489937692330453 0.0774195295835443 0.1679963686071269
0 0.35260480906388547 0.515256028560035 0.08679484293585031 0.1675022597877135
0 0.29214659685863875 0.5074487895716946 0.07853403141361257 0.1564245810055866
0 0.1601878095794064 0.5578881889896987 0.07466688811192691 0.14255268411965538
0 0.10596202831417172 0.5715129546313881 0.06675180017205987 0.11914224651406378
0 0.07785618160586742 0.510887205473041 0.07711399269840112 0.13641501784817558
0 0.05842060372813143 0.590781277725144 0.05288391181291079 0.1273321993148788
0 0.025130890052356022 0.5726256983240223 0.050261780104712044 0.13221601489757914
0 0.008115183246073299 0.5591247672253259 0.016230366492146597 0.09590316573556797
0 0.010732984293193717 0.4925512104283054 0.021465968586387434 0.1266294227188082
0 0.4468586387434555 0.6233705772811918 0.025654450261780103 0.10707635009310987
0 0.42175775291042095 0.6841834958636239 0.06681348497056554 0.14141261030839708
0 0.35893197133322363 0.634873651584197 0.07074664373183537 0.15218673041473094
0 0.3201139166561574 0.6722318373274004 0.08161948208642247 0.14912734026818358
0 0.37498301884359575 0.7143114638081919 0.07126876038756666 0.11237750122912421
0 0.41113161494882844 0.7588139584328784 0.08447969166648754 0.11893311773019737
0 0.31776074402010623 0.7620828615359666 0.06469485892420551 0.14017749192893278
0 0.28537818029870066 0.7844864260279506 0.08835260918294427 0.1473221081485554
0 0.27912413485432536 0.8326470608450661 0.07878077060763548 0.10048219328991717
0 0.29361813789444985 0.8712020551692188 0.06901529391670967 0.08607872296594136
0 0.1927553500942725 0.8093606114515373 0.0630022522526146 0.13529398368437212
0 0.14782025572786717 0.8093798816025971 0.060091828701529244 0.12374077472307725
0 0.22918152779278117 0.7529624247149691 0.05950658369359937 0.10139440600799367
0 0.22637081040688994 0.6997473089988715 0.06679912703569456 0.0811192098006302
0 0.22878923792465045 0.6575723306117348 0.07621173997784256 0.10196436607908783
0 0.17040509560642958 0.6794724969641824 0.09079971376941846 0.1411844418770756
0 0.11781597162802289 0.7209066962948734 0.07501975186070473 0.13611099816517333
0 0.06751544837977606 0.7752907526315516 0.060955338278552956 0.09696692728793628
0 0.10452254042513616 0.8171139585479784 0.054137584728554365 0.11545593102312682
0 0.04848796185873455 0.8496362351652589 0.05517179076622429 0.09519977446321842
0 0.10142060528794446 0.905454327330726 0.053041693892378707 0.11344172378870195
0 0.21627681637482155 0.8744613616140446 0.07506852227803221 0.13797319555809698
0 0.34376228381589313 0.9331578136061659 0.03906190676370362 0.057613881295902565
0 0.41393800167364136 0.9325968355170547 0.044359193656450246 0.08064429429774138
0 0.3706806282722513 0.9650837988826816 0.04397905759162304 0.06983240223463687
0 0.02801047120418848 0.9878957169459963 0.032984293193717276 0.024208566108007448
0 0.4235602094240838 0.8435754189944135 0.07225130890052356 0.13221601489757914
0 0.2973821989528796 0.9636871508379888 0.05130890052356021 0.07262569832402235
0 0.3206883350113915 0.9513048720325138 0.051458098882928155 0.09280554262504055
0 0.2892670157068063 0.9818435754189944 0.05706806282722513 0.036312849162011177
0 0.44267015706806284 0.9585661080074488 0.034031413612565446 0.08286778398510242
0 0.41020942408376965 0.9832402234636871 0.043455497382198956 0.0335195530726257
0 0.4743455497382199 0.7914338919925512 0.02931937172774869 0.10800744878957169
0 0.6101139321765687 0.9230381794664505 0.0707824997679848 0.13364076140624517
0 0.6392670157068063 0.957169459962756 0.041884816753926704 0.0856610800744879
0 0.7873598781920813 0.8777363269867898 0.04720937596272261 0.10981237357106022
0 0.8471009696743436 0.8742586024379748 0.05094745305468249 0.11313770410569969
0 0.71282722513089 0.9771880819366853 0.03717277486910995 0.04562383612662942
0 0.7366492146596859 0.9757914338919925 0.0356020942408377 0.048417132216014895
0 0.7609050079044476 0.9547421354158365 0.04562578095327194 0.08917619240739882
0 0.9476970025339406 0.7355813240967141 0.03978054864243778 0.06513867578834778
0 0.9235837952538445 0.8736785847014086 0.04620958240750914 0.0716373270161254
0 0.8696606637663673 0.9359484973213645 0.04004878593773879 0.07538076144942775
0 0.9206360721129171 0.9059630193945702 0.0512744880411037 0.06587968534839836
0 0.9201476461627958 0.9446796202184865 0.04536901448545619 0.05945703904137115
0 0.9615605990330398 0.6978717500554751 0.03997563031174774 0.07258746536004239