0 0.7238095238095238 0.03483992467043315 0.05185185185185185 0.0696798493408663
0 0.6507936507936508 0.027777777777777776 0.05502645502645503 0.05555555555555555
0 0.6095238095238096 0.036252354048964215 0.05925925925925926 0.07250470809792843
0 0.5735401425639324 0.0735807405412381 0.06075883571429032 0.08539731573802839
0 0.7296296296296296 0.14595103578154425 0.04021164021164021 0.09792843691148775
0 0.7341269841269841 0.0748587570621469 0.031216931216931216 0.08380414312617702
0 0.6426081414324241 0.11499843859654987 0.06097977027794133 0.07604696433684531
0 0.7388888888888889 0.4218455743879473 0.021693121693121695 0.064030131826742
0 0.7219576719576719 0.4439736346516008 0.04708994708994709 0.031073446327683617
0 0.7098718882116201 0.39110664266411854 0.04790634003315274 0.07910895087301514
0 0.5385085466310002 0.17050193275790046 0.06019370020080859 0.10033154019764504
0 0.41227657020307085 0.23403566278780186 0.0604146347644596 0.09098118879646196
0 0.4666036928237205 0.3805263598901465 0.05042857629247568 0.07567169480871885
0 0.5161568521738183 0.37309517696044947 0.040529749222290266 0.07912874807903267
0 0.5442555950214002 0.39440986078442547 0.0447625534550945 0.07965550372455811
0 0.6264769216851968 0.37885290172146047 0.04068905059285118 0.06789515750647503
0 0.5821128685217405 0.22281754626967942 0.048086021224586516 0.10070035688813399
0 0.6119869154602836 0.14541688613269815 0.052729877988147364 0.08158479014560586
0 0.6479451247530109 0.16536518782781595 0.06328107197361302 0.08196005967373232
0 0.6230309281252328 0.2091539443276507 0.040812316979031135 0.07166163584922434
0 0.5979989303643467 0.18493865868791295 0.03996983209664481 0.07812128403765477
0 0.6921292498597977 0.3481050125603061 0.04635507343023236 0.06391134859063555
0 0.4008797884108291 0.34468263629025947 0.05889418475808403 0.07672520609976996
0 0.33318908707213213 0.18433769540955697 0.06893665803532176 0.10985962775988238
0 0.34758241258051786 0.23770703955893954 0.06937852716262355 0.09115892495751621
0 0.31352912015527035 0.3886725912690904 0.062304883929374666 0.11653660652140253
0 0.3614900063954666 0.34868968817748797 0.03975411592083007 0.07152994693784309
0 0.3653245572018684 0.37730042025440824 0.04601087248040152 0.06949522164906911
0 0.29523809523809524 0.05696798493408663 0.05714285714285714 0.11393596986817325
0 0.017724867724867723 0.14500941619585686 0.035449735449735446 0.1016949152542373
0 0.06537959713938368 0.12428300932151465 0.049293086877676175 0.12148183222894712
0 0.1812936195193809 0.15605706299730107 0.05346947630522659 0.10418366020210304
0 0.1534233919519682 0.14977537031647783 0.043945666781417064 0.10299845999967068
0 0.13750390431889897 0.19468348256305432 0.043226448285210634 0.11322458653085063
0 0.10540372857783603 0.13160831469038003 0.06134435104864461 0.10328808786608866
0 0.2052910052910053 0.4519774011299435 0.030687830687830688 0.015065913370998116
0 0.006084656084656085 0.3672316384180791 0.01216931216931217 0.064030131826742
0 0.06005291005291005 0.4477401129943503 0.03650793650793651 0.023540489642184557
0 0.165993073011129 0.21182672270712782 0.04078150038248621 0.07072001626353695
0 0.19495393996626215 0.4043943808178349 0.03368747732836459 0.06327270123974638
0 0.08624338624338625 0.4350282485875706 0.042328042328042326 0.04896421845574388
0 0.2635658957353591 0.2225625954035286 0.0440125183623432 0.08894001067005068
0 0.8376973720756307 0.11203074002525333 0.0721624576273426 0.14402131066739107
0 0.9122433912778438 0.24837750649275522 0.07307179409065505 0.12350321314934065
0 0.7685185185185185 0.20998116760828625 0.03756613756613757 0.09792843691148775
0 0.7560846560846561 0.2768361581920904 0.012698412698412698 0.10734463276836158
0 0.9608556569723767 0.40541042738290545 0.04865115673806801 0.08576613242851733
0 0.9777777777777777 0.23634651600753295 0.044444444444444446 0.12617702448210924
0 0.9555395472031344 0.29127692414766015 0.06239733371900945 0.11936146527846468
0 0.6550264550264551 0.5028248587570622 0.07936507936507936 0.08662900188323917
0 0.6015158658905702 0.5282220544009412 0.06451373583541156 0.11962484310122762
0 0.43831892239436604 0.5571465347018796 0.06934249217824245 0.10615899387282379
0 0.3899422589660488 0.5361216980908742 0.06242293192771834 0.13624477336514704
0 0.5949246045611326 0.6488449016336435 0.06173974841589293 0.1314708309810194
0 0.7135943500032219 0.72456887718312 0.06835114270096754 0.09196885563182233
0 0.7219755831261857 0.6505891216697886 0.04780345346784565 0.10816746911794252
0 0.540081567922532 0.937422047530905 0.046976623748967675 0.06680205180338822
0 0.5542390442994661 0.9030791826969707 0.05702431541404145 0.08399478496250608
0 0.6027878082026988 0.9213120827787593 0.04952445821699926 0.0802481038257745
0 0.5938523700723976 0.8817509351580617 0.05693186562440667 0.08116992620544394
0 0.5431216931216931 0.9858757062146892 0.054497354497354496 0.02824858757062147
0 0.2565029361430184 0.653150008343902 0.0636200545356077 0.09231787511629352
0 0.1493527451488789 0.5671372882263737 0.059166315739152577 0.10114147087195118
0 0.16993336644199197 0.6405012006670999 0.05331017493466567 0.11541725077466111
0 0.11359435000322199 0.64990126442988 0.04830695578823729 0.0913500054869509
0 0.03738374085710899 0.5592987909269159 0.04313399849557574 0.11039972777378848
0 0.011429607528556157 0.5471599487618873 0.019668675635882663 0.1018528542092738
0 0.2306878306878307 0.9646892655367232 0.050793650793650794 0.07062146892655367
0 0.45306589816731124 0.7662321299741514 0.05552946361637488 0.08662211035249624
0 0.41246432584149456 0.6688076444299054 0.05380845886722127 0.11454147564466426
0 0.3742972646427303 0.6457711061549626 0.05788196172946447 0.12630182186274777
0 0.21866368013486867 0.8172422884009943 0.052267629039972965 0.06746049636029514
0 0.28248950780109067 0.851443127027433 0.04778829203480907 0.05940078402927063
0 0.2548869334226181 0.7406317617323015 0.04065301560847022 0.0828952264217822
0 0.34772817425101665 0.8483084045048296 0.03996983209664481 0.07812128403765477
0 0.6483128084481043 0.5734327001892104 0.051846139733543795 0.11898619575033843
0 0.7120670598760358 0.5410419260546075 0.05564751161471856 0.10633027719624054
0 0.64040538905149 0.9114577800103343 0.051271061174861764 0.06921204662028843
0 0.6965798857318628 0.9292329953211069 0.03776098019060791 0.07503304745782968
0 0.6803527258638159 0.8681331611191533 0.04694058876458647 0.08180212071869582
0 0.5161677826799624 0.7300090330411083 0.04690977216804166 0.08086050113300844
0 0.5473410981959942 0.7245105822978304 0.043298518253972865 0.08322444870023565
0 0.7351851851851852 0.9091337099811676 0.0291005291005291 0.07062146892655367
0 0.17207177011224128 0.8588022320103545 0.042733382740491245 0.0981586731598523
0 0.08099465600342397 0.8291812481663432 0.03966166613119517 0.06870508818078094
0 0.08542329032164205 0.706882593732347 0.046976623748967675 0.06680205180338822
0 0.0740888823181979 0.674525180518695 0.046755689185316786 0.07615240320457152
0 0.07315271331999719 0.9196393464292038 0.02814993926499952 0.0550812999973404
0 0.18824487750371666 0.9424021695852695 0.03938431676229046 0.0602305119095945
0 0.12303491218688935 0.8578576053524014 0.03225425872378777 0.06778326580111109
0 0.14742237061424923 0.8543280354422066 0.02839647203735924 0.06261425668283946
0 0.16251143187357883 0.969208851314886 0.027774921718623807 0.05972355347008657
0 0.04814814814814815 0.4934086629001883 0.04973544973544974 0.06779661016949153
0 0.05950332337925996 0.5428269010150241 0.04681732237840673 0.07803564237594629
0 0.3300699112418391 0.8803400412053997 0.04965294299101525 0.06807289366752906
0 0.6976513796248902 0.841214587684173 0.054193913189269236 0.07801584516992854
0 0.728693601172988 0.8558621913496378 0.040622199011925285 0.08195360683609482
0 0.2838743860474037 0.7568992267463782 0.0476545888729568 0.08751768268851062
0 0.8746244355613141 0.6721495795760369 0.05206707429719481 0.10963584434915535
0 0.7587301587301587 0.7391713747645952 0.01798941798941799 0.11299435028248588
0 0.7682539682539683 0.8987758945386064 0.037037037037037035 0.0856873822975518
0 0.7537037037037037 0.9143126177024482 0.007936507936507936 0.08097928436911488
0 0.808087381671166 0.9334823755252363 0.05509281287690938 0.08938112465386765
0 0.7969196088895651 0.9625705895791904 0.04433112110346503 0.06647282952493497
0 0.7632275132275133 0.9566854990583804 0.026984126984126985 0.054613935969868174