0 0.04525547445255475 0.02012987012987013 0.059854014598540145 0.04025974025974026
0 0.07773722627737226 0.03571428571428571 0.07226277372262774 0.07142857142857142
0 0.10766423357664233 0.053246753246753244 0.07664233576642336 0.10649350649350649
0 0.16642335766423358 0.07662337662337662 0.07883211678832117 0.15324675324675324
0 0.12222209622397741 0.11627445848620004 0.06425107496735726 0.12350876335726103
0 0.3404835229966379 0.198319228751059 0.08932339730609637 0.1660742123002837
0 0.23241610530276138 0.20816485753436192 0.08796546492772335 0.18144660376811186
0 0.255456031501609 0.3237626585875747 0.07678723613672682 0.14479148782877238
0 0.15321477827594784 0.2190178152098711 0.08916202138207253 0.14139888762495903
0 0.19096765076870936 0.29413068075637605 0.07735578722000225 0.12022217521174126
0 0.1843065693430657 0.38961038961038963 0.08102189781021898 0.11948051948051948
0 0.14306425931689234 0.34268591816219784 0.0722123242901655 0.11428528560888064
0 0.09907328907617048 0.3191765117896863 0.06704338095127238 0.10445229210991598
0 0.12956204379562045 0.40584415584415584 0.07372262773722628 0.08701298701298701
0 0.07773722627737226 0.38441558441558443 0.07226277372262774 0.12987012987012986
0 0.32043795620437954 0.37532467532467534 0.07445255474452554 0.14805194805194805
0 0.37205350529439457 0.33347711191311574 0.09066434274509845 0.14810441823505266
0 0.42591240875912406 0.38376623376623376 0.06934306569343066 0.13116883116883116
0 0.4624087591240876 0.39285714285714285 0.07664233576642336 0.11298701298701298
0 0.3638686131386861 0.412987012987013 0.08394160583941605 0.07272727272727272
0 0.2875912408759124 0.39675324675324675 0.06715328467153285 0.10519480519480519
0 0.31386861313868614 0.4344155844155844 0.0948905109489051 0.02987012987012987
0 0.025547445255474453 0.4090909090909091 0.051094890510948905 0.08051948051948052
0 0.9806569343065693 0.2883116883116883 0.03868613138686131 0.23376623376623376
0 0.6227264348989613 0.1832117602597564 0.0778569019314446 0.1968455518351179
0 0.57992700729927 0.046103896103896105 0.09562043795620438 0.09220779220779221
0 0.5576642335766423 0.10454545454545454 0.05547445255474453 0.18051948051948052
0 0.5427007299270074 0.35714285714285715 0.025547445255474453 0.16623376623376623
0 0.3704379562043796 0.961038961038961 0.10437956204379562 0.07792207792207792
0 0.48686131386861314 0.9759740259740259 0.08613138686131387 0.048051948051948054
0 0.11569343065693431 0.9448051948051948 0.06496350364963503 0.11038961038961038
0 0.041605839416058395 0.862987012987013 0.08321167883211679 0.16233766233766234
0 0.025182481751824817 0.95 0.050364963503649635 0.1
0 0.628102189781022 0.9818181818181818 0.08102189781021898 0.03636363636363636
0 0.6304136919995943 0.9026265312575823 0.05625585176580699 0.12753743591083608
0 0.6359046201080591 0.7926345196711773 0.06594874613314872 0.16008442383748453
0 0.6711447040380499 0.7628176101686112 0.06582983755755226 0.14190260565566634
0 0.5686131386861314 0.5038961038961038 0.07737226277372262 0.10909090909090909
0 0.5686131386861314 0.6175324675324675 0.07737226277372262 0.17272727272727273
0 0.5405109489051095 0.6168831168831169 0.021167883211678833 0.17922077922077922
0 0.5525547445255474 0.7318181818181818 0.04525547445255475 0.12857142857142856
0 0.5825687320642744 0.7366840302611026 0.0742242538343191 0.19891289414105234
0 0.5529197080291971 0.8136363636363636 0.04598540145985401 0.13896103896103895
0 0.5525547445255474 0.8883116883116883 0.04525547445255475 0.11948051948051948
0 0.5858499239407543 0.9032491109693387 0.0593029618402862 0.14744200362453014
0 0.558029197080292 0.964935064935065 0.05620437956204379 0.07012987012987013