0 0.21755162241887904 0.028871391076115485 0.08849557522123894 0.05774278215223097
0 0.17824121439962326 0.18578005753386748 0.103063998572404 0.13678522201646107
0 0.26585545722713866 0.2204724409448819 0.06710914454277286 0.1994750656167979
0 0.14835164192868097 0.31998260611366747 0.09772116092147601 0.13220584185425033
0 0.09288381005317282 0.2761252203845047 0.07352023327439483 0.18008331530573807
0 0.0408249818413151 0.2953838161533995 0.05702521169497227 0.1401902231287431
0 0.04609144542772861 0.19553805774278216 0.09218289085545722 0.14435695538057744
0 0.033185840707964605 0.12401574803149606 0.06637168141592921 0.1272965879265092
0 0.03797935103244838 0.05971128608923885 0.07595870206489676 0.1194225721784777
0 0.007005899705014749 0.1279527559055118 0.014011799410029498 0.1010498687664042
0 0.21460176991150443 0.49934383202099736 0.05604719764011799 0.08005249343832022
0 0.2617994100294985 0.510498687664042 0.058997050147492625 0.05774278215223097
0 0.2842920353982301 0.5144356955380578 0.03023598820058997 0.049868766404199474
0 0.17256637168141592 0.505249343832021 0.08997050147492626 0.06824146981627296
0 0.167044337947909 0.46221031163345655 0.08300205853411131 0.09905796440676601
0 0.10320111892563558 0.46350466094166937 0.08115086067962506 0.1066566777455712
0 0.038357022313690696 0.4461968881634533 0.07234642167042109 0.12252406809299136
0 0.5715339233038348 0.10433070866141732 0.11209439528023599 0.20866141732283464
0 0.4730825958702065 0.10039370078740158 0.1290560471976401 0.20078740157480315
0 0.6195450354791584 0.17102287014824893 0.1048096359036104 0.238780356861902
0 0.6476289545982343 0.23786922986167083 0.11734650905995259 0.24034040384751829
0 0.6566518721243607 0.3887923616947227 0.1239836772015455 0.24116631107519754
0 0.8164477512020865 0.22786055048001314 0.11167251832114557 0.2605118719479232
0 0.8399490984762239 0.41886030942954416 0.11883651538839414 0.22486767476068192
0 0.7569770175246068 0.43295233551126383 0.1320657331586603 0.20955088923171436
0 0.698377581120944 0.5019685039370079 0.08259587020648967 0.07480314960629922
0 0.6132005899705014 0.4704724409448819 0.12168141592920353 0.1377952755905512
0 0.9391592920353983 0.3188976377952756 0.12168141592920353 0.2782152230971129
0 0.9749262536873157 0.38910761154855644 0.05014749262536873 0.21653543307086615
0 0.5285286596129836 0.2230487834983152 0.14744714172178303 0.1931970701539679
0 0.5598484658143935 0.33253226615610004 0.13688186359527532 0.18666298174555693
0 0.5146527025870853 0.42853492408668653 0.11758742512199208 0.1816523556162506
0 0.5173303834808259 0.4868766404199475 0.1275811209439528 0.10498687664041995
0 0.47037469397128584 0.359013512059935 0.08202355763388548 0.22159163723158004
0 0.42724805941434324 0.30481338222459925 0.10110724019463789 0.25397778353951206
0 0.4017601587469599 0.15712070988924134 0.10878286440144502 0.26145713802695975
0 0.3392330383480826 0.18503937007874016 0.07964601769911504 0.17060367454068243
0 0.3692217875626851 0.31673027471065945 0.10714242245948961 0.24168033118713897
0 0.33112094395280234 0.505249343832021 0.06342182890855458 0.06824146981627296
0 0.05936578171091445 0.6437007874015748 0.1187315634218289 0.20866141732283464
0 0.02765486725663717 0.6601049868766404 0.05530973451327434 0.1994750656167979
0 0.2695427728613569 0.9639107611548556 0.059734513274336286 0.07217847769028872
0 0.09623893805309734 0.9744094488188977 0.08480825958702065 0.051181102362204724
0 0.7216912794400535 0.6832609487784067 0.11793353657328247 0.20518263539060316
0 0.5761777282828622 0.6460162346435159 0.09258895747173601 0.16418833357670248
0 0.6504960492614749 0.7073973218379057 0.09573448581688727 0.1528361473033658
0 0.30678466076696165 0.5780839895013123 0.014749262536873156 0.07742782152230972
0 0.41592999466355185 0.6227759700795874 0.09021105240293692 0.14431975926713933
0 0.3521386430678466 0.5990813648293963 0.08480825958702065 0.1194225721784777
0 0.4023849473028468 0.7240369651670912 0.07628961173009004 0.1125759852474023
0 0.5416376627749158 0.8007573212026893 0.08355880418658973 0.15915011606578103
0 0.5719037502693427 0.8038636194831144 0.07514571685293893 0.15157899410859127
0 0.5172638011135323 0.8228010291079116 0.08744179565858465 0.14788969726218656
0 0.3971238938053097 0.9560367454068242 0.07300884955752213 0.08792650918635171
0 0.42492311717419845 0.9360340994447064 0.061600547780891 0.11205297181056464
0 0.7103438456634825 0.9306362768623961 0.09699877786938657 0.1164578103581875
0 0.650811209439528 0.9553805774278216 0.07743362831858407 0.08923884514435695
0 0.6493750787748125 0.8530987012205518 0.10849707324917167 0.17530180214732402
0 0.44639206227411277 0.7994638890048664 0.07349019483622922 0.1474584512950911
0 0.9657079646017699 0.9324146981627297 0.06858407079646017 0.13517060367454067