0 0.6269037060075323 0.07822658364850285 0.08165164060911465 0.11548162755110751
0 0.7422166874221668 0.10809312638580931 0.014943960149439602 0.11197339246119734
0 0.6832480533247967 0.24297558010719753 0.08166473191222214 0.09997991476277962
0 0.7328767123287672 0.2572062084257206 0.033623910336239106 0.15077605321507762
0 0.5741880496259907 0.25191500792859683 0.06362480510422842 0.13153079390604486
0 0.6852137979747432 0.3644595577038461 0.05981482441238779 0.11369567713815006
0 0.7297633872976339 0.348669623059867 0.039850560398505604 0.06984478935698447
0 0.7166874221668742 0.41685144124168516 0.0660024906600249 0.07538802660753881
0 0.688667496886675 0.43458980044345896 0.062266500622665005 0.04878048780487805
0 0.6242427139948797 0.35969444554253927 0.0702956891880735 0.07969528493597278
0 0.612079701120797 0.4157427937915743 0.053549190535491904 0.08647450110864745
0 0.5519925280199253 0.4063192904656319 0.055417185554171855 0.10532150776053215
0 0.5115193026151931 0.4041019955654102 0.055417185554171855 0.10975609756097561
0 0.5930884184308842 0.4501108647450111 0.055417185554171855 0.017738359201773836
0 0.3937936288049103 0.3096914314584946 0.09241110963014454 0.1202451930763622
0 0.2254977796738023 0.28661680278136203 0.06673813013536167 0.1316275514721658
0 0.0326001171451877 0.272076766783973 0.06308495498611874 0.08611495147794776
0 0.00684931506849315 0.26995565410199557 0.0136986301369863 0.0787139689578714
0 0.0893038951085246 0.32692452933251065 0.08015815602700363 0.09328932703566607
0 0.018368617683686177 0.32649667405764965 0.036737235367372355 0.06762749445676275
0 0.11083437110834371 0.4318181818181818 0.053549190535491904 0.05432372505543237
0 0.15317559153175592 0.4362527716186253 0.048567870485678705 0.045454545454545456
0 0.05134523375283173 0.35252424281146144 0.045898489381430256 0.10772670659666363
0 0.05977584059775841 0.44567627494456763 0.0460772104607721 0.026607538802660754
0 0.9666874221668742 0.3120842572062084 0.06662515566625156 0.14745011086474502
0 0.7649439601494396 0.2394678492239468 0.030510585305105854 0.1197339246119734
0 0.7936184084095537 0.262739373979364 0.06815762406299168 0.1361008442990577
0 0.8267023235803364 0.29556619403331175 0.07584730903168257 0.1418762997083022
0 0.8849431271045785 0.3736762015209534 0.08131640408186844 0.09111073516189265
0 0.9081146338534296 0.3207860350801631 0.047971097990973675 0.12882971117521835
0 0.21481942714819427 0.4861419068736142 0.08468244084682441 0.05432372505543237
0 0.7328767123287672 0.5282705099778271 0.033623910336239106 0.11197339246119734
0 0.28205469453148535 0.9233312843072615 0.05057502257968401 0.10012098655168104
0 0.11946101522972445 0.783529373400289 0.045071210784340135 0.08666240504455719
0 0.13989996294087156 0.8594842050876613 0.05280443673182528 0.09354650790391246
0 0.1799616825817944 0.8715591533992558 0.053222488147188454 0.07252090937825459
0 0.0161892901618929 0.729490022172949 0.0323785803237858 0.09977827050997783
0 0.012764632627646327 0.5726164079822617 0.025529265255292654 0.06762749445676275
0 0.049535714456095614 0.5587074181485876 0.060463672024829544 0.08271160307471842
0 0.03516418763518781 0.645179113659069 0.05590467045985087 0.10914497825836143
0 0.0691996037352363 0.6308013352737962 0.045519711875389945 0.08224716675733801
0 0.12468423429233515 0.6546069692192297 0.06434764337115105 0.11826572753116296
0 0.0043586550435865505 0.7766075388026608 0.008717310087173101 0.08314855875831485
0 0.023972602739726026 0.7982261640798226 0.04794520547945205 0.0975609756097561
0 0.055010774968448015 0.8171674103736005 0.04604220362092055 0.09555093615866839
0 0.26774595267745954 0.4861419068736142 0.08841843088418432 0.05432372505543237
0 0.37858032378580325 0.48558758314855877 0.07347447073474471 0.05321507760532151
0 0.43773349937733497 0.5188470066518847 0.10336239103362391 0.1197339246119734
0 0.503042586114696 0.5895681170339292 0.09931705698053943 0.10606499438361117
0 0.5270859277708593 0.5199556541019955 0.07907845579078455 0.12195121951219512
0 0.5725404732254047 0.5099778270509978 0.07036114570361146 0.10199556541019955
0 0.6046077210460772 0.49667405764966743 0.06724782067247821 0.07538802660753881
0 0.26398063116772086 0.5742427981149084 0.07671386153809555 0.1164354628954249
0 0.24358066727120303 0.6103968194813026 0.054106399026180446 0.07919214559214406
0 0.2736317937168871 0.6533078999089813 0.06327221020440335 0.07504782849006326
0 0.34420836573238717 0.7121645189670301 0.07197642898846869 0.09082046246352973
0 0.3157769346883786 0.7263681337332853 0.0535446333713269 0.11239351455579716
0 0.2939923386567353 0.7431401762359636 0.03721162896994364 0.12406614564996393
0 0.225033328508175 0.7175333049246285 0.04990881659466312 0.09899298758834615
0 0.26677365441475775 0.7167910772636633 0.04999589855225147 0.10121028248856788
0 0.2651210857079664 0.7778924718557181 0.04935587517344596 0.06907885794857682
0 0.38184245823451235 0.7814799473085157 0.07931778612680589 0.08772673827188747
0 0.37215187672867633 0.8284011432078193 0.07426247542251196 0.06985291847754443
0 0.328151541946919 0.8985886486065071 0.06504003196238718 0.0883903009178422
0 0.37619250857024894 0.9154106165282982 0.03355845382070085 0.07855354565574589
0 0.4012036941968291 0.869678279730168 0.06314158726802076 0.07172188613973067
0 0.4319733918399646 0.8515169928356281 0.07820307905073519 0.09101397759577176
0 0.4531615054715965 0.8036834702166215 0.07054384375773093 0.10184888242496579
0 0.6329009681707216 0.5466822869897453 0.06833178797816866 0.14053543409950114
0 0.6819826512156414 0.5423818988197573 0.0834325536702061 0.1133223871905585
0 0.6641124762060062 0.6112023169379737 0.07846432492350067 0.09766586229643695
0 0.7235367372353674 0.6352549889135255 0.052303860523038606 0.12195121951219512
0 0.6538774874178958 0.7236304699599395 0.0920323321241041 0.09476565323703647
0 0.6573697350024161 0.6696869050105448 0.09475378834608955 0.08488458375215957
0 0.5593368468016123 0.7609786739499012 0.06881956297854133 0.08961505744729797
0 0.5156761606639192 0.8239406194096441 0.05358817435012115 0.11350216200590828
0 0.5131048192856311 0.8933955729039788 0.07535099989236728 0.09756910473031606
0 0.5005927533444606 0.884349424085908 0.06456108119565075 0.07619517896662269
0 0.475093399750934 0.9700665188470067 0.07347447073474471 0.0598669623059867
0 0.4293275217932752 0.9578713968957872 0.06413449564134496 0.08425720620842572
0 0.5697324730597516 0.9066206772902985 0.047200451675785286 0.09337234428489471
0 0.6398323728905977 0.8977820715953001 0.058177625590786416 0.10367914706070397
0 0.6853021431829864 0.9046939427623778 0.058408421787864984 0.09372067152293022
0 0.7238480697384807 0.9101995565410199 0.051681195516811954 0.08425720620842572
0 0.7425280199252802 0.9356984478935698 0.014321295143212951 0.07095343680709534
0 0.6135630560431502 0.8003634267365594 0.07495913108321935 0.08759127767931828
0 0.656163388804592 0.7818344610907597 0.07216368420675316 0.07975333947564561
0 0.709438242164211 0.7890587620675908 0.07812908839625446 0.0732949699072222
0 0.678034921746477 0.8466447637373509 0.047518329830452635 0.08563116364734319
0 0.7051491656582871 0.8385870887297661 0.04385633044757346 0.10323406225654758
0 0.6018389947897469 0.8590028269149239 0.066254912299154 0.07181864370585181
0 0.5607192003546553 0.835860755615445 0.057263265036107944 0.0803975506083758
0 0.8638903386208411 0.5398953376368096 0.05325293782287508 0.0891312696166934
0 0.8352847436616555 0.5496643626026213 0.03644098265475553 0.08860877875964028
0 0.9115872444832885 0.5955780208521534 0.06205732986763653 0.09161948570205365
0 0.8933949242495149 0.6244484277399304 0.049891458222084115 0.06688091456157938
0 0.8467364562265747 0.6031434912346354 0.04687830645164698 0.05349973910735214
0 0.9688325709574301 0.9578791300760482 0.043926054032582956 0.07333928413000254
0 0.9290161892901619 0.9717294900221729 0.039850560398505604 0.0565410199556541
0 0.8692403486924035 0.9839246119733924 0.0323785803237858 0.03215077605321508
0 0.8147571606475716 0.9656319290465631 0.03300124533001245 0.06873614190687362
0 0.8412204234122043 0.9789356984478935 0.037359900373599 0.04212860310421286
0 0.7702366127023661 0.7677383592017738 0.0410958904109589 0.1008869179600887