0 0.2104337631887456 0.35281837160751567 0.05744431418522861 0.054279749478079335
0 0.12749120750293083 0.342901878914405 0.05451348182883939 0.07411273486430063
0 0.09441939486425917 0.26054867031267287 0.07381646206185623 0.09110691120432976
0 0.18330846290061462 0.17455481484380814 0.0722762239088729 0.12432744345651153
0 0.3140310226608613 0.29678768969286723 0.07261684646169438 0.0868099521908225
0 0.33223928625742555 0.21081296343082193 0.04112755295832843 0.10857911519355835
0 0.4211606096131301 0.3288100208768267 0.016998827667057445 0.1022964509394572
0 0.36493904235844193 0.32284400359041054 0.04982456072587433 0.09487728900571882
0 0.39054961948802536 0.2925071474644405 0.05505231431656378 0.08811757116357871
0 0.3972937389062926 0.24741432866523402 0.05325289091632086 0.08167213264331791
0 0.40316883961424543 0.2039784671219827 0.039627828124497326 0.058353137390907056
0 0.3679033620359528 0.19301249848753488 0.03336415487928359 0.08586808828634551
0 0.1266884224398326 0.08223982694546096 0.02714140562047925 0.11964608719848567
0 0.09916608628100901 0.13418821938264694 0.03749460283583467 0.09046903147245183
0 0.36291010003260255 0.05721678196591678 0.036172215276444625 0.06738292840884032
0 0.04015240328253224 0.01722338204592902 0.047479484173505275 0.03444676409185804
0 0.0123094958968347 0.25260960334029225 0.0246189917936694 0.13778705636743216
0 0.012895662368112544 0.029227557411273485 0.02579132473622509 0.05845511482254697
0 0.6817116060961314 0.3564718162839248 0.09613130128956623 0.04697286012526096
0 0.6096131301289566 0.3397703549060543 0.07971864009378664 0.08037578288100208
0 0.4522274325908558 0.2160751565762004 0.045134818288393906 0.10647181628392484
0 0.46072684642438455 0.02661795407098121 0.06213364595545135 0.05323590814196242
0 0.6941427222899098 0.2678369174892521 0.06962503879294822 0.16682095406470568
0 0.8041207579643506 0.31231342091630127 0.06588977870443097 0.13305325030184573
0 0.7561547479484173 0.30845511482254695 0.05627198124267292 0.1430062630480167
0 0.8091300449605611 0.22614086142677642 0.0598848800392194 0.11052461389819236
0 0.7593786635404455 0.038622129436325675 0.06037514654161782 0.07724425887265135
0 0.8175810981423927 0.08320569036255951 0.07267141177690672 0.09516068287975779
0 0.67936694021102 0.02244258872651357 0.05509964830011723 0.04488517745302714
0 0.9229191090269636 0.32724425887265135 0.0627198124267292 0.10542797494780794
0 0.8826498081209488 0.25664146588006664 0.08021013859795757 0.17313450376664688
0 0.8865240704951836 0.13141605153793734 0.047881903373198 0.06651118242700277
0 0.5413167638984018 0.26384150749544283 0.07528208357367969 0.1361136823263965
0 0.598495072171969 0.2171736056039413 0.057765296079360096 0.1447281906519712
0 0.6400719676462864 0.20659398233633297 0.06252283449359854 0.15565297868929884
0 0.9683486532200264 0.08637004794107128 0.04809334396964698 0.09887026384662699
0 0.9425556858147714 0.032359081419624215 0.05509964830011723 0.06471816283924843
0 0.9917936694021102 0.07515657620041753 0.016412661195779603 0.10438413361169102
0 0.5996635841150665 0.12669893952626918 0.06504442698589329 0.09332648269488328
0 0.8162368112543963 0.021920668058455117 0.03927315357561548 0.04384133611691023
0 0.9727432590855803 0.3303757828810021 0.05216881594372802 0.09916492693110647
0 0.03571149010156858 0.794076873220353 0.06528315023994843 0.12986092945897515
0 0.023739742086752638 0.3893528183716075 0.047479484173505275 0.018789144050104383
0 0.021688159437280186 0.4603340292275574 0.04337631887456037 0.09603340292275574
0 0.08255624181847004 0.6022439336248012 0.050063283979929214 0.13141173576981066
0 0.1751227996295582 0.585331144417852 0.049865484712283456 0.10114033702242027
0 0.27087958037792403 0.6526959176810333 0.04589191203696875 0.1205477445670029
0 0.22066003711764498 0.6422364269907239 0.05649747383518227 0.12999281827729472
0 0.22106525064865232 0.5695982588788189 0.05150803283129028 0.08357742481199226
0 0.17710917529995815 0.48537071106334784 0.04911562229536804 0.07602734812109456
0 0.13744083385630898 0.5187324532219688 0.05270764843145241 0.0878743838254995
0 0.268464243845252 0.41805845511482254 0.0492379835873388 0.07620041753653445
0 0.3339494250195618 0.43045502997571156 0.03503398565589659 0.07248054142038515
0 0.4023650278830034 0.6672611428237512 0.05150803283129028 0.08357742481199226
0 0.3182499339210042 0.6310699127070576 0.045857808714960833 0.11532853788641835
0 0.42057444314185227 0.5866388308977035 0.01817116060961313 0.081419624217119
0 0.40943728018757325 0.5579331941544885 0.04044548651817116 0.08455114822546973
0 0.380260191916341 0.47108957658699163 0.04844078718686967 0.06239661391705499
0 0.8751837249442586 0.7639711709226038 0.09513671628870903 0.12669852000278434
0 0.4712778429073857 0.9561586638830898 0.07971864009378664 0.08768267223382047
0 0.45846731385015194 0.8594201854892982 0.05713138495727125 0.13736050446463308
0 0.5008043027379874 0.875397719458151 0.051262899580091205 0.1357086947833178
0 0.44314185228604924 0.6351774530271399 0.026963657678780773 0.10125260960334029
0 0.535721721098171 0.7882122040803495 0.051201513600476985 0.1263141227582656
0 0.60171660409994 0.7892013702177471 0.06927718490846811 0.11358504592274325
0 0.4978048530703249 0.7754321385290069 0.06274068508719144 0.09934634337350554
0 0.5039423440241095 0.7272685925559695 0.07259638446848954 0.08367842818247177
0 0.5710959186396313 0.7260484823520937 0.0691134889628304 0.0885328538559374
0 0.5162375825912549 0.5891574487479585 0.043438115521432015 0.10360309585105301
0 0.5041254752948083 0.530874429279691 0.05341658686195843 0.10672432471012375
0 0.5482105272662461 0.5001882348705221 0.06041648119528476 0.10223468004377693
0 0.6246845844411711 0.44420714808704836 0.059264610245933776 0.10524461038308806
0 0.7460487373205485 0.5256287204264883 0.05216240594658396 0.09407663500768111
0 0.8351803496104171 0.566522384130348 0.07852625582528394 0.09472480988883902
0 0.8763188745603752 0.4112734864300626 0.04689331770222743 0.06263048016701461
0 0.9449003516998827 0.4154488517745303 0.041031652989449004 0.0709812108559499
0 0.5726724384450506 0.42871084121971387 0.07091291236307332 0.09497829237619833
0 0.5113917862070535 0.6554666244340022 0.06494893768427128 0.07871270398924654
0 0.582747220421714 0.6240410598918958 0.06336095488047706 0.10462634688860983
0 0.5509614333505086 0.651884758771973 0.042238499921270024 0.09930613683754576