0 0.02565028901734104 0.16388174807197944 0.05130057803468208 0.15809768637532134
0 0.09752348427343377 0.20989939971056157 0.0720564016501591 0.10713675304782497
0 0.20917630057803469 0.2262210796915167 0.06141618497109826 0.10796915167095116
0 0.1708378889549757 0.17389949861695594 0.0724107542177372 0.14822297313845248
0 0.21893063583815028 0.05077120822622108 0.04190751445086705 0.10154241645244216
0 0.08625282548568962 0.08753639792414135 0.07605513179070986 0.09455259445778696
0 0.04841040462427745 0.036632390745501286 0.06213872832369942 0.07326478149100257
0 0.16192786691380767 0.05812033062644967 0.05560616952786044 0.11253112618624365
0 0.1271764878064025 0.1138962234328502 0.06903161624973174 0.10181582364169765
0 0.10982658959537572 0.028277634961439587 0.08526011560693642 0.056555269922879174
0 0.5115606936416185 0.243573264781491 0.13872832369942195 0.17095115681233933
0 0.6950867052023122 0.08547557840616966 0.15028901734104047 0.17095115681233933
0 0.8345375722543352 0.2994858611825193 0.08526011560693642 0.05912596401028278
0 0.9891618497109826 0.26413881748071977 0.02023121387283237 0.12982005141388175
0 0.569364161849711 0.04113110539845758 0.1315028901734104 0.08226221079691516
0 0.039378612716763 0.8239074550128535 0.078757225433526 0.2390745501285347
0 0.10304446095656639 0.6225731763562062 0.10460848988979338 0.22080224347091187
0 0.1528179190751445 0.9704370179948586 0.09898843930635838 0.05912596401028278
0 0.20484104046242774 0.9601542416452442 0.07008670520231214 0.07969151670951156
0 0.20158959537572255 0.87853470437018 0.07658959537572255 0.18380462724935734
0 0.2055635838150289 0.7037275064267352 0.06864161849710983 0.17866323907455012
0 0.22073699421965318 0.480719794344473 0.03829479768786127 0.18251928020565553
0 0.1596820809248555 0.41966580976863754 0.07947976878612717 0.18123393316195371
0 0.10151734104046242 0.37467866323907456 0.07442196531791907 0.09125964010282776
0 0.006502890173410405 0.5616966580976864 0.01300578034682081 0.13624678663239073
0 0.9249068598241835 0.7535481504469086 0.08309846211174819 0.1707022671910032
0 0.9483519349588005 0.6320542963926269 0.0664779728143833 0.11448975284739568
0 0.8770398836288418 0.5915760483859757 0.08748320562984442 0.14530952347177734
0 0.9888005780346821 0.5392030848329049 0.022398843930635837 0.09125964010282776
0 0.8275070840569727 0.4932286249882817 0.0946235105683227 0.11495493280906421
0 0.850749245112787 0.40712669994362966 0.05787475857818063 0.11652182324083911
0 0.9044589472027652 0.47032906352475906 0.08602029633212004 0.11698700320250768
0 0.3108074427346898 0.381309457256823 0.06733313596946836 0.06449587406651545
0 0.45371161931078985 0.6174195838831726 0.07577206959321992 0.1663973729815977
0 0.4177724779006585 0.7600237301011896 0.05864877752080938 0.14608480524598055
0 0.5165768218145053 0.7455625792668421 0.08372004647183263 0.16689111136772775
0 0.5515341032820209 0.5713552172085561 0.08818991857746197 0.17230181138951509
0 0.6256918250887412 0.44786194652756806 0.0934476478431652 0.1251479385430186
0 0.5373821823801332 0.434651414056181 0.08363491788429935 0.13608766762671465
0 0.791907514450867 0.36632390745501286 0.08092485549132948 0.07455012853470437
0 0.36167739736285975 0.6773616196332132 0.06918405083227623 0.13518996147011442
0 0.2774566473988439 0.6587403598971723 0.07514450867052024 0.09125964010282776
0 0.2554190751445087 0.7294344473007712 0.03106936416184971 0.13239074550128535
0 0.3737468703421391 0.5480801919132916 0.06303352103890544 0.12069206152675455
0 0.2778179190751445 0.7204370179948586 0.07586705202312138 0.12210796915167095
0 0.36424199782966976 0.3859163170799455 0.05572295892536069 0.0894397647074413