0 0.30446927374301674 0.3926441351888668 0.05810055865921788 0.073558648111332
0 0.26843575418994414 0.3946322067594433 0.04636871508379888 0.06958250497017893
0 0.21087978762965204 0.17195822991425755 0.05282598416863227 0.09977944370128071
0 0.32318435754189945 0.02982107355864811 0.050837988826815644 0.05964214711729622
0 0.3065647114018745 0.12574775190636597 0.053858797813836394 0.07402710920535178
0 0.17438005287315492 0.1178105397110803 0.04887961761672124 0.08852096433762835
0 0.10670391061452514 0.03628230616302187 0.035754189944134075 0.07256461232604373
0 0.1318276969711897 0.09250214695723227 0.062345942162306406 0.10752475953161043
0 0.09797681134159454 0.07939860101999449 0.05724975533212197 0.08623332639350932
0 0.03790794468279912 0.08039948866301934 0.056717097588260296 0.09413931471503244
0 0.03240223463687151 0.2897614314115308 0.06480446927374302 0.10437375745526839
0 0.021229050279329607 0.19532803180914513 0.042458100558659215 0.08250497017892644
0 0.018715083798882683 0.06560636182902585 0.037430167597765365 0.08548707753479125
0 0.23041860689967159 0.3368850932834191 0.08299033174974349 0.10128549779827714
0 0.2300060197364039 0.2961527750669916 0.07401603223693887 0.0896103367875774
0 0.2419930027755994 0.3732123270356767 0.06399266815767012 0.09871733134636514
0 0.35369540845602365 0.26949618629628946 0.05442720758446917 0.07705551452199966
0 0.346927374301676 0.008946322067594433 0.06368715083798883 0.017892644135188866
0 0.4195530726256983 0.397117296222664 0.04022346368715084 0.06461232604373758
0 0.5157042626397665 0.3431027974117774 0.07922922570019258 0.1466870581960562
0 0.6685831299016458 0.10025157390220395 0.08191851589351636 0.11510940287074693
0 0.830818379562659 0.06990340794482719 0.06403167036869338 0.11064576076982438
0 0.9009821143542652 0.07999758643116672 0.0495130310723927 0.11143008536004151
0 0.9784916201117319 0.1441351888667992 0.043016759776536316 0.11133200795228629
0 0.9935754189944134 0.12127236580516898 0.012849162011173185 0.09542743538767395
0 0.9857541899441341 0.051192842942345926 0.028491620111731845 0.09840954274353876
0 0.9452513966480447 0.02186878727634195 0.04357541899441341 0.0437375745526839
0 0.9751396648044692 0.02286282306163022 0.044134078212290505 0.04572564612326044
0 0.3358733803795119 0.5160322824707138 0.04775579881246325 0.08644029684548571
0 0.32407021898727795 0.5806459788859987 0.06117337059426935 0.09053355526014381
0 0.30312881001424413 0.6703774683937666 0.04163654888983063 0.09388330555917838
0 0.28690350255064634 0.7497750673819956 0.048415213742150146 0.11730170415020526
0 0.30686103687898264 0.7864018675077958 0.048928370380500186 0.10343150111695242
0 0.17464424898119854 0.9395447504899929 0.07298971896023854 0.11735074285408265
0 0.20674421648264052 0.8444141407327669 0.057379762702199216 0.1259947578050403
0 0.16810897547431888 0.8207697338240142 0.05404730850044815 0.13168118475207136
0 0.21007810953979003 0.7531589296338003 0.04666123166647259 0.09330595142093749
0 0.2386217325995528 0.7667023061984771 0.0540960612642271 0.1465917215313954
0 0.2244163636101085 0.6947981249993654 0.04836646097837132 0.10239116737088108
0 0.24017401701488322 0.6432798259599908 0.04384843447157561 0.0871102469052927
0 0.2712104803574553 0.6501536290967702 0.04336127930724087 0.10893273622085149
0 0.17551418094035112 0.6928849818561528 0.05568753412730826 0.12088568499624966
0 0.1321985904493647 0.6905088591051095 0.05508337232990417 0.10692288604143081
0 0.08359361340193146 0.6940397638005908 0.06503848253988202 0.0769411399915893
0 0.05399804806490806 0.8714901518936111 0.06520424193673044 0.1276369650412911
0 0.07648380222936996 0.7413613191993191 0.0600072993947362 0.07553042255925366
0 0.06769638831105118 0.7883247505877525 0.06166702612710785 0.07069913751516135
0 0.09452178132190754 0.7890845558260309 0.048856866326957835 0.08156271384061047
0 0.019553072625698324 0.827037773359841 0.03910614525139665 0.0874751491053678
0 0.02293196059061366 0.6846495736588719 0.04164629944258648 0.09686541291504319
0 0.021508379888268158 0.7569582504970179 0.043016759776536316 0.08846918489065607
0 0.26058764352043323 0.5630379743732447 0.060098304553790186 0.10336342454732522
0 0.2922833355559648 0.5151703623779944 0.058393075241891586 0.09427820859738163
0 0.2670391061452514 0.4671968190854871 0.053631284916201116 0.07554671968190854
0 0.2508986759456587 0.5051769283745485 0.05948764238788225 0.08741255402192984
0 0.22499902673642017 0.5311866423978788 0.05559327878400232 0.09205864722288981
0 0.1467152321800844 0.5157995696311639 0.071277989279836 0.10627745533356274
0 0.11983240223463687 0.46123260437375746 0.03407821229050279 0.0636182902584493
0 0.0941340782122905 0.43737574552683894 0.03519553072625698 0.015904572564612324
0 0.10093280288030403 0.5280453065903244 0.04497225327583359 0.08919091439743536
0 0.6497206703910614 0.9666998011928429 0.08379888268156424 0.06660039761431412
0 0.6192261076733456 0.89676572939828 0.08983725047135359 0.14557864788035757
0 0.5638229646680812 0.8720251718497979 0.07648468237458605 0.16136610517146505
0 0.6902958989243306 0.8421549859193158 0.09317945522586021 0.14287432828919108
0 0.47262569832402235 0.9388667992047713 0.0659217877094972 0.12226640159045726
0 0.4583798882681564 0.878727634194831 0.037430167597765365 0.10139165009940358
0 0.492926872037847 0.8943066033265019 0.07583176781340295 0.13249276943732224
0 0.536100893277147 0.7679319429023226 0.08652429737511416 0.1572292895391186
0 0.461731843575419 0.76441351888668 0.044134078212290505 0.11928429423459244
0 0.4592178770949721 0.6819085487077535 0.03910614525139665 0.10934393638170974
0 0.528856013221403 0.6884907866964048 0.06073171800946178 0.12627254556973838
0 0.5768454528265503 0.667610553719162 0.09217589323892367 0.17757298485271444
0 0.6492584503187987 0.6819927013961665 0.06679246461555964 0.10093689272085694
0 0.657570270954392 0.7459337070085499 0.07079733448400531 0.13008801621969818
0 0.7165575712042045 0.755959808925262 0.054092811079975205 0.14559768574610726
0 0.7507089126403758 0.7755014384864821 0.061992044552300805 0.17010271604398838
0 0.7558117860757915 0.8834578064162476 0.09606375647429981 0.17093882008117786
0 0.7726256983240224 0.9507952286282306 0.0782122905027933 0.09840954274353876
0 0.8002793296089385 0.9781312127236581 0.07206703910614524 0.0437375745526839
0 0.8664804469273742 0.9572564612326043 0.08491620111731843 0.08548707753479125
0 0.8346574900342562 0.8997926170074677 0.10717843751530694 0.15397213516165004
0 0.8615769521516912 0.8438692335039232 0.07238555716283437 0.10338794389926392
0 0.9014351425839547 0.8997272075129787 0.059685903627249945 0.14804873692451423
0 0.8585431424276628 0.7705420751965064 0.09372836389098163 0.13993851889410944
0 0.9414069032283084 0.9048662074919409 0.06528874672728063 0.15348189545878613
0 0.9550279329608938 0.9666998011928429 0.08994413407821229 0.06660039761431412
0 0.9807262569832402 0.9527833001988072 0.038547486033519554 0.09443339960238568
0 0.9793296089385475 0.8702783300198808 0.041340782122905026 0.1242544731610338
0 0.9782122905027933 0.6645129224652088 0.04357541899441341 0.12027833001988071
0 0.9893854748603352 0.5646123260437376 0.021229050279329607 0.09542743538767395
0 0.9737430167597766 0.5909542743538767 0.05251396648044693 0.10238568588469185
0 0.9033005110694142 0.6156985010092623 0.061267625937575225 0.1193605930335036
0 0.8149185981960155 0.5882223263278947 0.058399575610395375 0.09626628016795812
0 0.8043465116883532 0.687534679306703 0.05950714349339388 0.09337676873365935
0 0.6811942835155183 0.5366632844818828 0.05224782384524354 0.09376893102876802
0 0.6086577790216965 0.484507776963924 0.05392055131462293 0.0929137891258289
0 0.6139664804469274 0.4378727634194831 0.05027932960893855 0.016898608349900597
0 0.7938547486033519 0.455765407554672 0.07262569832402235 0.05268389662027833
0 0.8709497206703911 0.4383697813121272 0.041340782122905026 0.017892644135188866
0 0.8516759776536312 0.46222664015904574 0.0553072625698324 0.06560636182902585
0 0.8522317591607114 0.5493350746850526 0.07184314886621702 0.10831182486492232
0 0.9113797572942669 0.5230557214583514 0.05061409858688741 0.10655250235516639
0 0.5662011173184358 0.441351888667992 0.0553072625698324 0.02385685884691849
0 0.49273743016759775 0.44582504970178927 0.04357541899441341 0.032803180914512925
0 0.5164804469273743 0.4701789264413519 0.050837988826815644 0.08151093439363817
0 0.6544692737430168 0.4587475149105368 0.045251396648044694 0.05864811133200795
0 0.6739416504725992 0.62575749184311 0.07853405874373433 0.10489125725316584