0 0.39973821989528796 0.4967411545623836 0.042408376963350786 0.10521415270018622
0 0.3565445026178011 0.4643638882929199 0.043455497382198956 0.10556982387136514
0 0.2612565445026178 0.3688479960366096 0.051832460732984295 0.10803905109765045
0 0.19293193717277488 0.4962385616996967 0.060732984293193716 0.08633765158051354
0 0.6400523560209425 0.4478584729981378 0.03926701570680628 0.0782122905027933
0 0.5539267015706806 0.4151445467270141 0.039790575916230364 0.07085359655018178
0 0.587434554973822 0.3996810456431015 0.059162303664921465 0.062015267378750884
0 0.5607329842931937 0.32666250817176523 0.04450261780104712 0.06653955734913859
0 0.506282722513089 0.35435121884839343 0.03769633507853403 0.07070183909184137
0 0.6345549738219896 0.5232774674115456 0.049214659685863874 0.0521415270018622
0 0.6518324607329843 0.5116387337057728 0.015706806282722512 0.07541899441340782
0 0.5589005235602095 0.2090113108453923 0.02931937172774869 0.06450821707970854
0 0.6115183246073298 0.11301963375486783 0.03821989528795811 0.053048903223651744
0 0.5607329842931937 0.08550794578815257 0.03455497382198953 0.03788574852816676
0 0.5850785340314136 0.02281191806331471 0.030890052356020943 0.04562383612662942
0 0.4735602094240838 0.00931098696461825 0.041361256544502616 0.0186219739292365
0 0.31544502617801046 0.11305907440912685 0.04764397905759162 0.05559400917910743
0 0.325130890052356 0.020018621973929236 0.03455497382198953 0.04003724394785847
0 0.1531413612565445 0.006983240223463687 0.02774869109947644 0.013966480446927373
0 0.11832460732984293 0.038640595903165736 0.028272251308900525 0.07728119180633147
0 0.07958115183246073 0.08638911942101413 0.0387434554973822 0.05215574389177502
0 0.042146596858638745 0.07839414897953867 0.04659685863874346 0.043413847395933444
0 0.04633507853403141 0.12976661171648904 0.03664921465968586 0.06969486166620922
0 0.16910994764397905 0.12505977485535846 0.03717277486910995 0.07438829451310346
0 0.1973821989528796 0.13883972700761343 0.039790575916230364 0.058749313496178054
0 0.2520942408376963 0.13115066862262187 0.050261780104712044 0.0650946929666512
0 0.35287958115183243 0.28166856999026707 0.0387434554973822 0.09777958001840449
0 0.42905759162303664 0.1956083551991854 0.03926701570680628 0.07640224936436762
0 0.49136125654450263 0.21297439018040992 0.034031413612565446 0.06764296745036005
0 0.005759162303664921 0.4138733705772812 0.011518324607329843 0.11266294227188083
0 0.02329842931937173 0.39819572029454686 0.03507853403141361 0.07051214226891574
0 0.08167539267015707 0.3190120360781299 0.04659685863874346 0.06762241350394094
0 0.12015706806282722 0.37534826000645005 0.04712041884816754 0.0620737606897551
0 0.15549738219895287 0.4449475018727464 0.04764397905759162 0.10121784530573685
0 0.16178010471204188 0.3457957676727716 0.03612565445026178 0.0687258236051623
0 0.1324607329842932 0.29764104248059936 0.03821989528795811 0.062359890188269936
0 0.10628272251308901 0.26974285242307655 0.042408376963350786 0.05428351683679445
0 0.13350785340314136 0.22866386021325408 0.040837696335078534 0.05510079743950096
0 0.08979057591623037 0.146636266429854 0.04659685863874346 0.06203582132516999
0 0.0662303664921466 0.018156424581005588 0.029842931937172777 0.036312849162011177
0 0.08821989528795811 0.03501824094819031 0.028272251308900525 0.048603660510687305
0 0.017015706806282723 0.03957169459962756 0.034031413612565446 0.051210428305400374
0 0.18534031413612564 0.07732871973012873 0.026701570680628273 0.06804291504263028
0 0.16780104712041885 0.03398510242085661 0.034031413612565446 0.06797020484171322
0 0.20680628272251309 0.060875626638749916 0.030366492146596858 0.06272189841595514
0 0.22591623036649214 0.09347594225224994 0.03455497382198953 0.03881684722462858
0 0.00549738219895288 0.3319366852886406 0.01099476439790576 0.06983240223463687
0 0.6416230366492146 0.212756052141527 0.03612565445026178 0.07169459962756052
0 0.7976439790575917 0.4360870344907697 0.0549738219895288 0.12130206903562664
0 0.7026178010471205 0.45321511482404775 0.06282722513089005 0.10511138296809046
0 0.987434554973822 0.16666666666666666 0.025130890052356022 0.0782122905027933
0 0.9607329842931938 0.006983240223463687 0.05130890052356021 0.013966480446927373
0 0.856020942408377 0.2242217860285428 0.060732984293193716 0.08633765158051364
0 0.8424083769633508 0.17585997859527902 0.04659685863874346 0.08531328873671562
0 0.6848167539267016 0.36279183161845174 0.049214659685863874 0.10878045297118666
0 0.6730366492146597 0.39385474860335196 0.026701570680628273 0.10986964618249534
0 0.8264397905759162 0.3059742986750877 0.04869109947643979 0.10594921751721618
0 0.7772251308900524 0.35097449093863947 0.05287958115183246 0.09787284416574059
0 0.7785340314136125 0.2815127896407707 0.04869109947643979 0.09012053967736516
0 0.7942408376963351 0.016294227188081937 0.041884816753926704 0.032588454376163874
0 0.6735602094240838 0.11219739292364991 0.02774869109947644 0.07355679702048418
0 0.7476439790575916 0.017690875232774673 0.05445026178010471 0.035381750465549346
0 0.9418848167539267 0.025139664804469275 0.033507853403141365 0.05027932960893855
0 0.7892670157068062 0.13641473471519303 0.049738219895287955 0.09019641840653536
0 0.6761780104712042 0.19646182495344505 0.032984293193717276 0.08752327746741155
0 0.6767015706806283 0.24068901303538176 0.034031413612565446 0.07541899441340782
0 0.6782722513089006 0.27886405959031657 0.03717277486910995 0.06238361266294227
0 0.6853403141361256 0.3054003724394786 0.05130890052356021 0.08007448789571694
0 0.7243455497382199 0.2928883034470244 0.05130890052356021 0.0800681508392107
0 0.7709424083769634 0.22293814320192892 0.061780104712041886 0.08641353030968385
0 0.6738219895287958 0.462756052141527 0.028272251308900525 0.12290502793296089
0 0.5740837696335078 0.9706703910614525 0.0549738219895288 0.05865921787709497
0 0.1837696335078534 0.9697392923649907 0.05968586387434555 0.06052141527001862
0 0.17460732984293192 0.9157949571313382 0.07015706806282722 0.11681571842982402
0 0.02225130890052356 0.9459962756052142 0.04450261780104712 0.10800744878957169
0 0.2526178010471204 0.9445996275605214 0.06649214659685863 0.11080074487895716
0 0.30706806282722515 0.9071273965877666 0.06649214659685863 0.0867549845909498
0 0.31151832460732987 0.962756052141527 0.06701570680628273 0.074487895716946
0 0.5397905759162304 0.9386804812456991 0.0712041884816754 0.09082083365806314
0 0.49162303664921464 0.8839772342586654 0.04764397905759162 0.10959773357389327
0 0.6356020942408377 0.8310055865921788 0.048167539267015703 0.06610800744878957
0 0.63717277486911 0.7025734801032593 0.040837696335078534 0.09141364660151213
0 0.5856020942408376 0.6080795950381703 0.04031413612565445 0.09137570723692703
0 0.606282722513089 0.5819366852886406 0.04502617801047121 0.06517690875232775
0 0.6400523560209425 0.9250465549348231 0.03926701570680628 0.10707635009310987
0 0.4081151832460733 0.8877008161688363 0.05392670157068063 0.11563959812768547
0 0.43664921465968587 0.9470856347654281 0.06963350785340314 0.08791371947492245
0 0.4492146596858639 0.8498063749315865 0.060209424083769635 0.12354366007440154
0 0.3761780104712042 0.8346147449690495 0.04502617801047121 0.11965012241204782
0 0.3219895287958115 0.8189883965779103 0.0612565445026178 0.10499756487433524
0 0.3267015706806283 0.7720920074735531 0.05968586387434555 0.055535515868103104
0 0.2523560209424084 0.7798071439857936 0.06544502617801047 0.12206085632732894
0 0.27015706806282724 0.7524464420889686 0.05968586387434555 0.10115935199473253
0 0.1518324607329843 0.7954713902542915 0.08534031413612565 0.12815804566387243
0 0.07827225130890052 0.8175616475148126 0.05392670157068063 0.14077926293215484
0 0.032722513089005235 0.7867783985102421 0.06544502617801047 0.07635009310986965
0 0.06465968586387434 0.7086784248115302 0.06596858638743455 0.10999451263791042
0 0.13481675392670156 0.7375796523779818 0.07486910994764398 0.09667300138892992
0 0.10235602094240838 0.712464481436635 0.04397905759162304 0.07488150625270991
0 0.14554973821989528 0.6786082268751229 0.04764397905759162 0.07980257528711487
0 0.2918848167539267 0.593981828104869 0.050261780104712044 0.07347458123480763
0 0.3267015706806283 0.6207884692985065 0.04293193717277487 0.08597881188108161
0 0.35 0.5791433891992551 0.05392670157068063 0.0595903165735568
0 0.543979057591623 0.6837214728467091 0.042408376963350786 0.0598701090155654
0 0.5225130890052356 0.641515348060993 0.026701570680628273 0.06618071764970666
0 0.5863874345549738 0.6825105817082386 0.026701570680628273 0.05966302677447389
0 0.42643979057591624 0.5814711359404097 0.049738219895287955 0.06424581005586592
0 0.4599476439790576 0.7535910015702546 0.05340314136125655 0.07277111872585652
0 0.5240837696335079 0.7838596305258968 0.06335078534031413 0.06045658490250807
0 0.5020942408376964 0.7947640708030899 0.06230366492146597 0.07527828531672706
0 0.5403141361256545 0.8753278305217099 0.0612565445026178 0.0621670248370913
0 0.5353403141361257 0.830995517055101 0.04607329842931937 0.07130886892520313
0 0.46151832460732983 0.6673505540537805 0.04764397905759162 0.0509385156967983
0 0.46701570680628274 0.5943264924016145 0.05130890052356021 0.07355045996397788
0 0.24659685863874345 0.5907458922662484 0.05863874345549738 0.06290842671062755
0 0.19424083769633507 0.5721601489757915 0.060732984293193716 0.04562383612662942
0 0.1099476439790576 0.5642458100558659 0.050261780104712044 0.0297951582867784
0 0.06596858638743455 0.5591247672253259 0.04607329842931937 0.019553072625698324
0 0.049476439790575914 0.5791433891992551 0.03926701570680628 0.0595903165735568
0 0.28272251308900526 0.5633147113594041 0.04712041884816754 0.027932960893854747
0 0.456020942408377 0.5572625698324022 0.04502617801047121 0.015828677839851025
0 0.09895287958115183 0.5796089385474861 0.05759162303664921 0.06052141527001862
0 0.8277486910994765 0.749255595547116 0.05549738219895288 0.07571617227358242
0 0.9104712041884817 0.7539688109519793 0.04712041884816754 0.09000672158360974
0 0.8327225130890052 0.5772811918063314 0.059162303664921465 0.055865921787709494