0 0.14434765989040552 0.08355185237677956 0.08468820594408688 0.10462241515164739
0 0.07936646842084882 0.09786393398763699 0.06710578836166926 0.10353114110503026
0 0.2148999435202968 0.2108413332659222 0.05832989690362625 0.13123761195380812
0 0.029658393697303373 0.15038595774957475 0.051286986403334386 0.10547186150028354
0 0.10509407896259891 0.3737986402608038 0.039633260889141826 0.10182602540719099
0 0.08133134802930896 0.35079982379001035 0.04422097191096464 0.10698165641884527
0 0.057142089188882396 0.3449590556971305 0.034765048594574216 0.10347222958157998
0 0.031433177340437636 0.3494915519530994 0.04600769152712519 0.08273810548862925
0 0.019505494505494506 0.3310546875 0.03901098901098901 0.08984375
0 0.01978021978021978 0.255859375 0.03956043956043956 0.099609375
0 0.009065934065934067 0.30517578125 0.018131868131868133 0.0947265625
0 0.9917582417582418 0.18701171875 0.016483516483516484 0.1455078125
0 0.8528696634202502 0.08333782119941391 0.09570408626230266 0.11991879661682625
0 0.812383090732177 0.1602506540019999 0.08600608299841123 0.12418776746560423
0 0.8921936710388791 0.15187079857128766 0.08268251037250313 0.10936881839582024
0 0.6538461538461539 0.078125 0.08131868131868132 0.15625
0 0.5247252747252747 0.07275390625 0.0989010989010989 0.1455078125
0 0.45805478765191365 0.14895826571923415 0.08377362481249212 0.16496467626790667
0 0.37879177522609875 0.13625677161505445 0.09417476392680892 0.16463605773308565
0 0.6354387924855857 0.21969080094493332 0.05714260115819893 0.1428540550119377
0 0.6823437371502472 0.2569164225434986 0.07917059645750354 0.13155693738416596
0 0.7460493662201793 0.19618351986868443 0.06578012464843286 0.13949344203524627
0 0.7982681337568377 0.28447405883350896 0.06765523891111985 0.1035652434189871
0 0.7577662437355986 0.33299837450818137 0.06328650384472025 0.11790676009337608
0 0.758815043520888 0.4156543150140086 0.07343024567837002 0.09710443137251179
0 0.6950153717987393 0.424998328339974 0.08316667026750531 0.09381202302373381
0 0.6716983794352076 0.385329744741267 0.07869798855854042 0.13347596007020912
0 0.6231988217806042 0.37757150971248565 0.061192413626610015 0.134337811023592
0 0.592356769682671 0.27963314809636813 0.08771972530121125 0.1398809720935178
0 0.5876373626373627 0.42041015625 0.06098901098901099 0.1181640625
0 0.5297192790529793 0.3535155422072255 0.09403263062187317 0.14709203504704238
0 0.5574175824175824 0.4443359375 0.06978021978021978 0.0703125
0 0.5530219780219781 0.46533203125 0.06758241758241758 0.0283203125
0 0.8934652121167185 0.296186585832942 0.06862732403825088 0.11434153323294383
0 0.9447641344930792 0.1721026810593499 0.0616034962082517 0.15871777120963526
0 0.959013182129784 0.2612814359371926 0.06460061556191739 0.09558223184920311
0 0.9653846153846154 0.28662109375 0.06923076923076923 0.1083984375
0 0.9503813066452405 0.3288750646233067 0.07027191034947558 0.07255395961668454
0 0.9788461538461538 0.44873046875 0.04230769230769231 0.0615234375
0 0.9090659340659341 0.462890625 0.06098901098901099 0.033203125
0 0.935989010989011 0.443359375 0.03901098901098901 0.072265625
0 0.7065934065934066 0.4599609375 0.0956043956043956 0.0390625
0 0.4434065934065934 0.44677734375 0.06043956043956044 0.0654296875
0 0.38983516483516484 0.45849609375 0.06648351648351648 0.0419921875
0 0.3546846230648625 0.40549506114433187 0.07773745542744818 0.10906189757020912
0 0.3297482870354057 0.26166911088281936 0.06556114869300975 0.11999629434920311
0 0.42468985078318316 0.2738869702892307 0.07134770745629897 0.09989770961668454
0 0.4858075604125276 0.280372570847006 0.08116474003304824 0.14044830682603637
0 0.44485415582351073 0.3524196423065704 0.07932051642135134 0.09357330682603626
0 0.32857142857142857 0.46533203125 0.06153846153846154 0.0283203125
0 0.03708791208791209 0.63671875 0.07417582417582418 0.17578125
0 0.07939560439560439 0.505859375 0.07747252747252747 0.052734375
0 0.20314627136353894 0.5662386429485634 0.07214300329037741 0.1340432948027277
0 0.14416672128323865 0.6070992724838097 0.08724335206512118 0.09991011422143137
0 0.15562243618086427 0.6812777178674796 0.07367609096299779 0.1312159142445981
0 0.24254335629552834 0.5946302508785668 0.07582015450239066 0.10212365312833882
0 0.22072077429471532 0.6909425709775573 0.06340176782045101 0.12083644759337608
0 0.19749393125394446 0.7305631126056127 0.07799485270811501 0.1295356077562524
0 0.15800066501651674 0.769724828745393 0.05219378087601704 0.10065725362819711
0 0.18509462724229775 0.8213958297103594 0.0729307684502021 0.08440911887251179
0 0.25592980678281374 0.6828835967273447 0.047214069942845445 0.14126365086071568
0 0.27115384615384613 0.68359375 0.036813186813186814 0.103515625
0 0.2782967032967033 0.896484375 0.022527472527472527 0.1015625
0 0.27082020896796416 0.942359352058712 0.03576023771378319 0.08697297402345039
0 0.23753425340294268 0.950298968210076 0.05951342731192688 0.07773128833754894
0 0.21212894681932065 0.9205494700241744 0.07085978222416997 0.07356462443064138
0 0.16263736263736264 0.9853515625 0.05274725274725275 0.029296875
0 0.023351648351648352 0.82080078125 0.046703296703296704 0.1357421875
0 0.010439560439560439 0.84130859375 0.020879120879120878 0.1201171875
0 0.045030945116563324 0.7752680105135124 0.06028561915392736 0.13915241889567853
0 0.08556158713557044 0.762473481873732 0.06443914360203093 0.14720363509337597
0 0.1146420342703134 0.8086369798328711 0.05151751435479642 0.11133123650028343
0 0.11318681318681319 0.9599609375 0.05384615384615385 0.080078125
0 0.7794582444275147 0.6525187632346602 0.06188023214386968 0.1100260554654624
0 0.7057145961645175 0.7031062689037182 0.052704810100223876 0.09971479344215384
0 0.7564732253495865 0.8242821631883266 0.06896935062831724 0.08124071517481424
0 0.762071314831455 0.9105715351824994 0.05330423397095718 0.0870876855700673
0 0.944708257181448 0.7088307283034518 0.04258417225865182 0.0932415767909317
0 0.9770682076111649 0.7053538480300016 0.041473719163711925 0.1068111448490614
0 0.9580370756808679 0.7956192304022298 0.04189258840426546 0.07566345179093181
0 0.8960123155941826 0.9340741076119359 0.049584896096573405 0.0761408841863267
0 0.9466501607901594 0.9191838424139549 0.053481023264009636 0.06371839019798098
0 0.3521978021978022 0.5283203125 0.054945054945054944 0.09765625
0 0.4036362072565605 0.5569025325624684 0.055863145429118306 0.12426526519798098
0 0.30467032967032964 0.64111328125 0.03021978021978022 0.1103515625
0 0.3041208791208791 0.7109375 0.02912087912087912 0.083984375
0 0.3162087912087912 0.7451171875 0.053296703296703295 0.068359375
0 0.35438127378469814 0.7469385084000173 0.05217846354285123 0.07240514575611068
0 0.382589454442546 0.8269298218649835 0.04686451267852526 0.0905847078025861
0 0.3568747665960818 0.8383153067779308 0.033447171540249974 0.08390687726762325
0 0.32758865017818894 0.8499224567315973 0.05582095876674771 0.08139882213985139
0 0.30054945054945054 0.91259765625 0.02197802197802198 0.1025390625
0 0.3423545030371203 0.9312375581385047 0.041892588404265525 0.07566345179093181
0 0.31771950562693524 0.9420665571735385 0.034073464740187825 0.08589410458157998
0 0.4166974471785216 0.9378812656613171 0.044209419914925684 0.12061942910488854
0 0.37637362637362637 0.9765625 0.03626373626373627 0.046875
0 0.33791208791208793 0.98779296875 0.04285714285714286 0.0244140625
0 0.5181318681318682 0.974609375 0.04835164835164835 0.05078125
0 0.5551378923088748 0.9077519540732721 0.034430808663420055 0.08104539439553671
0 0.5248604801012289 0.9081627375908954 0.0428262522061529 0.08546317910488854
0 0.463562215841705 0.8830883472191633 0.03984847150743812 0.07943329253510467
0 0.4930212282231944 0.8758757285154969 0.04213466835176655 0.06788505410488854
0 0.5180887855231937 0.7010462318060033 0.0942978145614521 0.11203809198891268
0 0.4934997401125062 0.7970407822247778 0.05182488495674601 0.11914373650028343
0 0.6551879936224865 0.8188211877993966 0.052066964904247094 0.11136533881424038
0 0.6965197074735916 0.8333874603165945 0.0556173001444904 0.09015378232589466
0 0.6791208791208792 0.97021484375 0.04285714285714286 0.0595703125
0 0.5294637644408758 0.8011717880675868 0.05391897517485612 0.1027126855700673