0 0.13334774123677176 0.052765139367732285 0.06684769046850025 0.09043514163164129
0 0.10097278075781253 0.21697519138050647 0.052140544673619026 0.11444233294785304
0 0.13460572820536396 0.21720551618730807 0.04693221134028569 0.1139570757322693
0 0.03424687853758964 0.3646299005788793 0.054118901654977236 0.0973238504445338
0 0.017252604166666668 0.1701388888888889 0.034505208333333336 0.09027777777777778
0 0.05550366672049867 0.1645451404568716 0.0465402368647719 0.08508254769903222
0 0.09008794468669172 0.14744468272853617 0.05446141013750457 0.07082479437805936
0 0.008138020833333334 0.2042824074074074 0.016276041666666668 0.09143518518518519
0 0.10514322916666667 0.38136574074074076 0.068359375 0.09606481481481481
0 0.11964151115879058 0.34239240916354813 0.07478535240556179 0.09463524967723913
0 0.15877046480097098 0.3170056673673187 0.0515564556339978 0.09823862924414933
0 0.1044921875 0.41782407407407407 0.06705729166666667 0.023148148148148147
0 0.19767869820890147 0.3339856102453559 0.04838468859203893 0.10025015829922444
0 0.14908854166666666 0.41203703703703703 0.046875 0.034722222222222224
0 0.1787109375 0.4045138888888889 0.038411458333333336 0.04976851851851852
0 0.3115234375 0.4045138888888889 0.034505208333333336 0.04976851851851852
0 0.2845052083333333 0.41782407407407407 0.046875 0.023148148148148147
0 0.3463541666666667 0.3993055555555556 0.06770833333333333 0.06018518518518518
0 0.24904591398271117 0.11406097751656206 0.05544621696966908 0.08014471078926672
0 0.28551686330672377 0.1261686621571777 0.05279158634028569 0.11450299009980087
0 0.28213749100605917 0.2199186621571777 0.05064634677617826 0.12699184297349048
0 0.24493205872400559 0.21006513517942904 0.041698646025594144 0.13077227247584883
0 0.21768773969484348 0.14133301254357436 0.051890220799495644 0.10749788850340859
0 0.34179899014473286 0.16857385714160955 0.0398377056339978 0.09714680050908592
0 0.37597867764473286 0.17175835761887764 0.04785880886243395 0.10366172336949857
0 0.3690438081587599 0.28259651154622295 0.045046038967331135 0.09763205772466967
0 0.3456528994478272 0.3425464504042104 0.04972849257105949 0.10152888001052779
0 0.24772135416666666 0.41377314814814814 0.052734375 0.03125
0 0.2665474642741776 0.3624666662445288 0.05283330698597292 0.11566039750720829
0 0.4088541666666667 0.3229166666666667 0.061197916666666664 0.09953703703703703
0 0.4150390625 0.1550925925925926 0.048828125 0.1388888888888889
0 0.4332682291666667 0.20833333333333334 0.012369791666666666 0.07175925925925926
0 0.4000651041666667 0.4074074074074074 0.046223958333333336 0.04398148148148148
0 0.20665837831841305 0.21172502512380634 0.055354032361265126 0.11358821130018534
0 0.6630859375 0.0625 0.07747395833333333 0.125
0 0.9736328125 0.023726851851851853 0.052734375 0.047453703703703706
0 0.7891053378206895 0.2459267400340749 0.07665503611418718 0.09250240631826809
0 0.9918619791666666 0.2534722222222222 0.016276041666666668 0.08796296296296297
0 0.8895947190537706 0.2036116689245618 0.07940085338224456 0.11467511851485274
0 0.9441745437507683 0.2841809797774641 0.0426339868647719 0.0847186047873444
0 0.9087553538859657 0.27913905388518895 0.04555543003260739 0.07576263128782486
0 0.8723135092169612 0.2571630777056364 0.05714901809554599 0.07338223780066605
0 0.8317364499815424 0.28647943112389584 0.049077450904392826 0.10146822285857969
0 0.7752801941983503 0.3485745171418444 0.06991078423772616 0.10340925172091466
0 0.8218883816598982 0.3784654521970087 0.05899346982281273 0.08854984840085828
0 0.9723307291666666 0.30787037037037035 0.055338541666666664 0.0763888888888889
0 0.9742838541666666 0.35648148148148145 0.051432291666666664 0.07175925925925926
0 0.9781901041666666 0.1712962962962963 0.043619791666666664 0.10416666666666667
0 0.7841796875 0.40335648148148145 0.060546875 0.052083333333333336
0 0.7034505208333334 0.39699074074074076 0.06705729166666667 0.06481481481481481
0 0.6213665503568345 0.26920198585951804 0.0610795021071738 0.14642021877122866
0 0.5188153708510205 0.29622813206494303 0.0592185617155779 0.112794746804466
0 0.4690755208333333 0.23726851851851852 0.059244791666666664 0.14583333333333334
0 0.4690755208333333 0.3177083333333333 0.059244791666666664 0.09375
0 0.521484375 0.39641203703703703 0.057291666666666664 0.06597222222222222
0 0.5642888565468491 0.3666586549553405 0.06197312230066462 0.09920914367531682
0 0.006184895833333333 0.6921296296296297 0.012369791666666666 0.10648148148148148
0 0.038325261543311694 0.6974084007562974 0.05430227290205503 0.12041134144073411
0 0.022135416666666668 0.7754629629629629 0.044270833333333336 0.09953703703703703
0 0.13526213950027577 0.9439246741866825 0.035831525678294694 0.07601018141601289
0 0.056315104166666664 0.9635416666666666 0.033203125 0.07291666666666667
0 0.22768083230666245 0.5727919673501639 0.06885028146148657 0.14599069718719684
0 0.15936030324843045 0.683136682327734 0.09977525961301852 0.10388466589570608
0 0.28158825602928456 0.6085887929860633 0.07536944144518287 0.11083895338094284
0 0.22391385718899892 0.7135382816540599 0.08450051344284493 0.1301460148747848
0 0.2555776899570867 0.7774563424442429 0.08106193386243395 0.10675523811884478
0 0.27354054307016645 0.8499688945824557 0.08129576907222862 0.09524182119671855
0 0.34414021694659697 0.7851270114054624 0.057115042797157844 0.12644100708556302
0 0.4098307291666667 0.7488425925925926 0.059244791666666664 0.14351851851851852
0 0.4485677083333333 0.6649305555555556 0.018229166666666668 0.11226851851851852
0 0.4752604166666667 0.7112268518518519 0.07161458333333333 0.09837962962962964
0 0.5530653846668505 0.7663626664647621 0.0705783145687217 0.12192777023943317
0 0.5727145502414782 0.8645808101737297 0.0597861620908701 0.11054058914159902
0 0.7065026147717477 0.7864647913615187 0.05343388468992272 0.15032196257748268
0 0.8271484375 0.44849537037037035 0.07877604166666667 0.03819444444444445
0 0.9088154399301707 0.574216548567938 0.08899085248246615 0.1467136614901763
0 0.8993055084325391 0.6749437823485545 0.0871299120908701 0.11308818952341339
0 0.9502502673265036 0.7476260021416209 0.0724392549603176 0.15555324220619582
0 0.5947265625 0.9849537037037037 0.051432291666666664 0.03009259259259259
0 0.7425130208333334 0.9901620370370371 0.07747395833333333 0.019675925925925927
0 0.7567919603405308 0.8410858820358743 0.07933390075519882 0.13081816506660846
0 0.7679567239256482 0.9390941864732221 0.08627026719576729 0.10724049533442852
0 0.6276271421342431 0.8453097982298552 0.07005243483911672 0.12533933530970728
0 0.6042944427333263 0.8855231540099687 0.05244133251045905 0.0867858694739712
0 0.45703125 0.96875 0.03515625 0.0625
0 0.9892578125 0.9386574074074074 0.021484375 0.10648148148148148
0 0.9029847898055854 0.9081261248447772 0.056364071174787846 0.10560767375222968
0 0.8677494701727259 0.9251659254211646 0.05224047462932221 0.13521500912923853