0 0.4375690607734807 0.06286836935166994 0.08397790055248619 0.12573673870333987
0 0.23950276243093924 0.03192534381139489 0.1 0.06385068762278978
0 0.33817517895453814 0.13882502602185542 0.08345912549655457 0.16553018582410664
0 0.4082495495261339 0.21318007152291588 0.08980572036163485 0.15863387091117273
0 0.3654145909542361 0.2459676978819947 0.09234172916878268 0.1375039845745485
0 0.32911724445586465 0.2668672320345383 0.06920811912654576 0.1361008117207014
0 0.2839545732991516 0.21785183461521057 0.07874942375751806 0.11110175122250478
0 0.2736507924662824 0.09539291904597509 0.09977188407620208 0.1454226296664142
0 0.19530386740331493 0.060903732809430254 0.08121546961325966 0.12180746561886051
0 0.24281820416577385 0.12646642912317893 0.08548547278256034 0.11501093729188913
0 0.20006847147935303 0.1800030180827776 0.06592860692310698 0.13660201436380895
0 0.14246786480098 0.13708207619636317 0.07171529585727157 0.1599170080415838
0 0.11775502578554341 0.16015667418251012 0.06409412374140647 0.13144986519420349
0 0.11611611657968354 0.23644671207030207 0.0805839069392185 0.11625390039211025
0 0.07569060773480663 0.05304518664047151 0.0718232044198895 0.10609037328094302
0 0.035037286445630866 0.08989135470312234 0.060828604128248795 0.14758797423722628
0 0.06270718232044199 0.018664047151277015 0.07790055248618785 0.03732809430255403
0 0.0077348066298342545 0.04420432220039293 0.015469613259668509 0.08840864440078586
0 0.008839779005524863 0.325147347740668 0.017679558011049725 0.10019646365422397
0 0.023756906077348067 0.41895874263261296 0.04751381215469613 0.09724950884086445
0 0.06776827263979804 0.3913725913077972 0.05906493079381413 0.14440046160986073
0 0.05536818156951679 0.2962582154539133 0.052088467046411825 0.10332355311392637
0 0.16772089120569988 0.2839284520988539 0.07505904506076547 0.11545204101208968
0 0.026243093922651933 0.5368369351669942 0.05138121546961326 0.10510805500982318
0 0.004972375690607734 0.5132612966601179 0.009944751381215469 0.09528487229862476
0 0.09476271314974129 0.44367585536877696 0.0462449608552626 0.0936808292938272
0 0.11243093922651934 0.5166994106090373 0.07348066298342541 0.14538310412573674
0 0.13149171270718232 0.574656188605108 0.055248618784530384 0.029469548133595286
0 0.1552486187845304 0.5589390962671905 0.061878453038674036 0.060903732809430254
0 0.15847649626597538 0.5250074017207733 0.053944362561463934 0.09382111415473621
0 0.14264743010672334 0.3632357493528382 0.04815767362729929 0.07050612047696105
0 0.16069916326384842 0.3939982349408249 0.07143290336406789 0.0758385664152877
0 0.14813073766226248 0.4499403209792965 0.044176635798413064 0.09728935862629831
0 0.26683088905938557 0.5234530898865788 0.05290278028996871 0.12591687334968274
0 0.3342541436464088 0.5388015717092338 0.08508287292817679 0.10117878192534381
0 0.45469613259668507 0.3619842829076621 0.049723756906077346 0.16994106090373282
0 0.4141124519708188 0.35869341700201407 0.08501036928919171 0.16282378882475315
0 0.385532209640465 0.3812067134221467 0.08270162950998232 0.12926459573067448
0 0.3705232838359541 0.4047022470522098 0.09501935767046218 0.1203033713224036
0 0.361914060281973 0.43554508070057685 0.0913503913070613 0.10999907298319288
0 0.4649171270718232 0.41601178781925346 0.029281767955801105 0.13654223968565815
0 0.29392265193370165 0.5633595284872298 0.04861878453038674 0.05206286836935167
0 0.22669370097872957 0.47368588850258986 0.05888133332843875 0.09356046932563493
0 0.20289026036314295 0.425301854018542 0.054730690624458386 0.08514062159066164
0 0.3983425414364641 0.5505893909626719 0.04751381215469613 0.07760314341846758
0 0.7689896413453003 0.11956760131338343 0.0683295688829341 0.1574712558713317
0 0.8476448268423848 0.15616349229923684 0.058569261862953303 0.1306480058141827
0 0.9006089811567332 0.15051985974931514 0.07135467377373171 0.1041654244017589
0 0.8386740331491712 0.043222003929273084 0.09281767955801105 0.08644400785854617
0 0.9023788038904488 0.062893068774644 0.07288450523301737 0.11611361553120125
0 0.9312154696132596 0.05206286836935167 0.06906077348066299 0.10412573673870335
0 0.9489580954404081 0.1111266127678571 0.05602668020859489 0.10584949122218047
0 0.9737569060773481 0.06385068762278978 0.052486187845303865 0.12770137524557956
0 0.9614582518823069 0.28821442778369943 0.06898169699446707 0.11456999569406688
0 0.8689563536613165 0.3276179614562723 0.06206120360818973 0.1360407127977942
0 0.8285339101117812 0.4244466967755986 0.051535980858566616 0.10324336717592436
0 0.5185082872928177 0.19646365422396855 0.07790055248618785 0.1512770137524558
0 0.6040532191797745 0.2733715259083624 0.06785531228542471 0.12906421194685827
0 0.6368771732905858 0.3334330631852037 0.0676000580769242 0.15247947857773048
0 0.6892160154900067 0.46841127177387604 0.05101889959435423 0.10414549950904196
0 0.6461719137999171 0.4838880494813547 0.07007267677987651 0.09909346117015566
0 0.5623771872648764 0.38186780157412376 0.06862022801506754 0.13503830751157955
0 0.5196089052207795 0.3588737948319242 0.06544693058252739 0.1384864649680464
0 0.5033149171270718 0.5766208251473477 0.04751381215469613 0.025540275049115914
0 0.7046773621107453 0.36302248491985667 0.056990032889753815 0.10208059001370524
0 0.7414259602413881 0.4759888429150713 0.05888133332843875 0.09356046932563493
0 0.8201657458563536 0.5324165029469549 0.052486187845303865 0.11394891944990176
0 0.6607070064548486 0.5274708090704481 0.05492912757597436 0.07539762481746545
0 0.7770934378574377 0.503383275923404 0.05736549445943452 0.09724918459610826
0 0.7824202862323042 0.5327926440729033 0.04605394364681683 0.07313233153831253
0 0.6657312191871163 0.4111863728497497 0.0728919249760877 0.08582212100249016
0 0.6692050350226064 0.3687361788390438 0.049807712447764864 0.1010381728196784
0 0.4859116022099447 0.40520628683693516 0.01270718232044199 0.0893909626719057
0 0.9792817679558011 0.20039292730844793 0.04143646408839779 0.1237721021611002
0 0.9906077348066298 0.07269155206286837 0.01878453038674033 0.12180746561886051
0 0.7051985766944227 0.41790198568801723 0.05077106512892379 0.09726927161120306
0 0.36196791340344886 0.7643797656715036 0.07471898841471762 0.12126576470080651
0 0.450828729281768 0.880648330058939 0.057458563535911604 0.09921414538310412
0 0.46795580110497237 0.9611984282907662 0.023204419889502764 0.07760314341846758
0 0.39688202835239117 0.8820171572083114 0.06398790897050759 0.12850291038084397
0 0.3010787821466803 0.8666314195582732 0.07154569098217724 0.12471392215727359
0 0.23449020392104003 0.8727662923049438 0.0821137383985041 0.1282020915215524
0 0.3727784927817845 0.9190045828661402 0.06030495001682564 0.10256170564171775
0 0.3160220994475138 0.9916502946954814 0.04751381215469613 0.01669941060903733
0 0.05384693903725805 0.7073169409083521 0.059943481037426104 0.12303001745923021
0 0.2776243093922652 0.9842829076620825 0.05138121546961326 0.03143418467583497
0 0.11933701657458563 0.9489194499017681 0.057458563535911604 0.10216110019646366
0 0.02845303867403315 0.8055009823182712 0.0569060773480663 0.11591355599214145
0 0.04551522892098899 0.8537324997817571 0.07158851564888073 0.09540474589968255
0 0.05213478045638657 0.885798128454061 0.0808037562240863 0.09185631549011822
0 0.5474669553283609 0.7856309036493999 0.09423218271160824 0.20520375934381552
0 0.6773757291908084 0.8178160816780051 0.094685873871625 0.172045495939747
0 0.8345303867403315 0.9602161100196464 0.08121546961325966 0.07956777996070727
0 0.8795580110497238 0.9651277013752456 0.06740331491712707 0.06974459724950884
0 0.7393488439378456 0.7394207170811191 0.11824434299745697 0.1852364880470323
0 0.9718232044198895 0.93713163064833 0.056353591160221 0.12573673870333987
0 0.9925414364640884 0.925343811394892 0.014917127071823204 0.14931237721021612