0 0.191712043479479 0.537736104983398 0.09130404092490796 0.11905350445701665
0 0.3404255319148936 0.5694706994328923 0.07765957446808511 0.12003780718336483
0 0.46675531914893614 0.6124763705103969 0.052659574468085106 0.034026465028355386
0 0.5042553191489362 0.6153119092627599 0.05106382978723404 0.02835538752362949
0 0.5 0.5879017013232514 0.059574468085106386 0.0831758034026465
0 0.3029919368808336 0.5061683688620732 0.08116671204293488 0.10813577627853266
0 0.2947068490344057 0.4114382750309847 0.07958334572338359 0.11168503161439432
0 0.3570198036408841 0.4445674114503364 0.04982396299375513 0.1158710051932018
0 0.3649735930014001 0.35691642271284546 0.04233073562824244 0.10061315076181677
0 0.3314596827920635 0.2698636530480237 0.06728122218304286 0.08911653109229578
0 0.40749429129234965 0.3531643837628344 0.05298760104253253 0.10782731493735731
0 0.4392654637803989 0.3950896601812872 0.04724484787411953 0.1400599027126437
0 0.07845744680851063 0.5500945179584121 0.06968085106382979 0.15879017013232513
0 0.06218422306080551 0.35456493146271745 0.07656515341988025 0.16415216232392502
0 0.1597227023735189 0.4291756678844157 0.07545490477777132 0.1498201598950289
0 0.510904255319149 0.4834593572778828 0.03776595744680851 0.08979206049149338
0 0.5090425531914894 0.5448960302457467 0.04148936170212766 0.06332703213610585
0 0.40345744680851064 0.014650283553875236 0.03351063829787234 0.02930056710775047
0 0.4997340425531915 0.03827977315689981 0.038829787234042554 0.07655954631379962
0 0.5236702127659575 0.1389413988657845 0.01223404255319149 0.0888468809073724
0 0.5095009072018647 0.16862227788666967 0.038471169398624314 0.058485168725708275
0 0.46887285694182457 0.18209615284528327 0.04755395226433819 0.07208412698947363
0 0.47899608284619594 0.10751370582758853 0.04177715860235057 0.09391973933942921
0 0.45033147580705135 0.12130578391468723 0.0342591745142376 0.0711004482350761
0 0.40242045300245716 0.10254714909450835 0.0487168089419714 0.10248418234842667
0 0.5138297872340426 0.4007561436672968 0.031914893617021274 0.10586011342155009
0 0.5111702127659574 0.014177693761814745 0.02446808510638298 0.02835538752362949
0 0.48377659574468085 0.008506616257088847 0.036702127659574466 0.017013232514177693
0 0.2656956478788638 0.3193702396965335 0.05468546720410794 0.13924970421397204
0 0.2868546491911954 0.2865395888415656 0.06790906937673385 0.11849425253358715
0 0.2322716581100907 0.34097454503885444 0.04841079914207792 0.17140513765571774
0 0.19393046150511548 0.3221869188462273 0.051627045226379606 0.17942950032992994
0 0.1410016576787575 0.2323180160071686 0.08170172152687684 0.10915811019619433
0 0.08365060414705404 0.17203904802488496 0.08005027422017619 0.09191341468139447
0 0.06527496091580651 0.24306265391239576 0.05996129187572846 0.12678873337168578
0 0.027608030359397163 0.26783044292287467 0.05202898732634778 0.13980911213038935
0 0.0125 0.28071833648393196 0.025 0.11720226843100189
0 0.5234042553191489 0.015595463137996219 0.01276595744680851 0.031190926275992438
0 0.28676008686514426 0.1764647444582415 0.05987773793695425 0.10126888460041915
0 0.30287208586876435 0.14479148660287866 0.042228614147518086 0.06942222448582434
0 0.2764386298588351 0.10930883102455913 0.050188770009823504 0.06490846198420952
0 0.4783952489548248 0.4111574791218623 0.03218412297529404 0.08685988383096985
0 0.46560126287395204 0.31955229179216155 0.05762320015916202 0.06220790431729598
0 0.5143617021276595 0.33742911153119093 0.030851063829787233 0.05860113421550094
0 0.2148755814427451 0.06164514255164339 0.05661507299777745 0.07906682816439219
0 0.23856382978723403 0.048204158790170135 0.0398936170212766 0.09640831758034027
0 0.25638297872340426 0.04300567107750473 0.02553191489361702 0.08601134215500945
0 0.31586204647185473 0.05267497632135936 0.03749708273081437 0.08574106799813541
0 0.2802469580269516 0.054594482855037166 0.03750327191146449 0.08763142716637737
0 0.2797872340425532 0.015595463137996219 0.03829787234042553 0.031190926275992438
0 0.18085106382978725 0.020321361058601134 0.06382978723404255 0.04064272211720227
0 0.1196808510638298 0.015122873345935728 0.05531914893617021 0.030245746691871456
0 0.030851063829787233 0.03260869565217391 0.05425531914893617 0.06521739130434782
0 0.06595744680851064 0.00992438563327032 0.039361702127659576 0.01984877126654064
0 0.5571808510638298 0.030245746691871456 0.054787234042553194 0.06049149338374291
0 0.652127659574468 0.024574669187145556 0.030851063829787233 0.04914933837429111
0 0.7095332230791375 0.05854914942621005 0.05710675821716972 0.0668566479043601
0 0.683504143070036 0.39015303077858127 0.04713963180307048 0.10792379685253028
0 0.5868591137555436 0.18246485882967622 0.04655510887392869 0.09177858958893288
0 0.6935345312646581 0.28721519623725716 0.048175610277379786 0.09957148926252303
0 0.669483861209868 0.24877160661544742 0.061924938162972835 0.07700283274743666
0 0.6587589148084282 0.22076349158924516 0.07200965900942138 0.07185250799586372
0 0.7742021276595744 0.006616257088846881 0.04308510638297872 0.013232514177693762
0 0.7819637463727557 0.2589460808625275 0.050275418538922895 0.09137349033959694
0 0.8249283410541998 0.3095804451662432 0.04446148979303523 0.10186694768010073
0 0.9139484455932283 0.38059376329098726 0.04277600199276007 0.07422527673996994
0 0.9853723404255319 0.5803402646502835 0.02925531914893617 0.09829867674858223
0 0.9461014453441332 0.3767549842131131 0.03689399225972291 0.06392478322981211
0 0.9440241372254696 0.06705436174640972 0.03267890278501174 0.07559488315505884
0 0.9569148936170213 0.012287334593572778 0.026595744680851064 0.024574669187145556
0 0.9747672450361615 0.20094176178280654 0.03954737754715813 0.062420195729273695
0 0.8337570128709868 0.08318094339681968 0.03156246496225293 0.059372521557920645
0 0.796028190508078 0.08904514072487894 0.043283160163777055 0.06674099440054276
0 0.9901595744680851 0.024574669187145556 0.019680851063829788 0.04914933837429111
0 0.8558395720741845 0.25123953133433113 0.03213770412041964 0.07268219006915509
0 0.8377109641055167 0.15413690274861805 0.05177213632937455 0.061359206648347764
0 0.6163028482720243 0.08187056767052857 0.036903276030697985 0.06676032198217495
0 0.8752964199817325 0.34806245596183566 0.03970520165373195 0.11062435451944393
0 0.9560995176614825 0.3451396311061528 0.03843712890504945 0.048088193300377675
0 0.9928191489361702 0.4106805293005671 0.014361702127659574 0.06899810964083176
0 0.8507757268398249 0.3284453036889049 0.031210036307484576 0.11411578310339697
0 0.36172503103982545 0.9277190873519824 0.047668452106362315 0.10705577160194998
0 0.5234042553191489 0.94234404536862 0.01276595744680851 0.07750472589792061
0 0.4718637298958216 0.8723675529605516 0.04009476539240012 0.0672232479834192
0 0.5236702127659575 0.8837429111531191 0.01223404255319149 0.06427221172022685
0 0.49947224362354464 0.8607841151666739 0.03854234497609874 0.08022429916049088
0 0.2942223683274075 0.6897753489274021 0.04759418193856294 0.0843714615830464
0 0.27287234042553193 0.6379962192816635 0.04468085106382979 0.017013232514177693
0 0.25357420323025504 0.6971055565892292 0.04499340468665237 0.10194410201364142
0 0.48134810021922475 0.6838523888895082 0.04590869413828754 0.056729790642915716
0 0.4403658966881143 0.6703500685339032 0.03841856136309955 0.042417115795651564
0 0.453424292920633 0.7615212432383138 0.033724165030295634 0.07007811431741442
0 0.5016337663704479 0.7902428408585335 0.04439031421556079 0.08012781724531791
0 0.5148936170212766 0.7722117202268431 0.029787234042553193 0.07183364839319471
0 0.4751229456023943 0.7311306956771894 0.0400823870311001 0.06344252964693547
0 0.47162699373596095 0.8000613147752964 0.05339263773282565 0.06915210632193791
0 0.10837262298122456 0.8418442862122991 0.038137308285805624 0.1188995077759105
0 0.07252097569760015 0.8527044216283559 0.04768083046766233 0.11083648993843392
0 0.07493762482517463 0.7788935959425624 0.06505144112785041 0.057616987482140364
0 0.06786645439674213 0.7301590206084232 0.04334505197027665 0.08564458608296242
0 0.026595744680851064 0.7334593572778828 0.05319148936170213 0.07939508506616257
0 0.02101063829787234 0.8152173913043478 0.04202127659574468 0.07466918714555766
0 0.02101063829787234 0.8700378071833649 0.04202127659574468 0.06521739130434782
0 0.04680851063829787 0.6587901701323251 0.031914893617021274 0.05860113421550094
0 0.6353723404255319 0.9844045368620038 0.06861702127659575 0.031190926275992438
0 0.9462765957446808 0.9792060491493384 0.03723404255319149 0.04158790170132325
0 0.9584014896258934 0.9466118452961784 0.045917977909262615 0.05956532939527867
0 0.9827127659574468 0.9929111531190926 0.034574468085106384 0.014177693761814745
0 0.9159748216975769 0.8166981274266111 0.048082772567630265 0.07121610173889344
0 0.9853723404255319 0.7561436672967864 0.02925531914893617 0.0888468809073724
0 0.9555837364089557 0.7355281807030362 0.04017831933117432 0.0927430967546859
0 0.9340086900190541 0.7224790445613659 0.04228431677336756 0.08643545700000203
0 0.8706937974318412 0.7080991911573524 0.039099016592315315 0.0878628901669995
0 0.849462250568012 0.7999649888531112 0.045472711544744984 0.0859532034171255
0 0.8310090652575005 0.7661122380699633 0.0374599476469148 0.07439891298868355
0 0.808217184180418 0.787369270914857 0.03955975590845791 0.06620091406575762
0 0.8206415440385956 0.8472723650097346 0.03854543956642345 0.08116947874461186
0 0.8323051666402471 0.9184018826137527 0.059911778430528875 0.11166586002575006
0 0.823404255319149 0.9792060491493384 0.0627659574468085 0.04158790170132325
0 0.7053191489361702 0.9617202268431002 0.07021276595744681 0.07655954631379962
0 0.7533823386301065 0.927265825141554 0.04281932625730976 0.0874577909176637
0 0.6971399864453492 0.8808462697961061 0.06622667616678364 0.09179776117757735
0 0.63406319999202 0.8579983773017742 0.06621429780548363 0.08801704284109331
0 0.620299769128825 0.795066858620682 0.06622977075710859 0.09274294076169823
0 0.648300941185541 0.7410274938749006 0.04598605889641186 0.08035928024594029
0 0.6245518163662968 0.7134920466372526 0.053936930987742444 0.07300997899196253
0 0.6678115897814972 0.691897327089254 0.03322319603992841 0.07945275582508352
0 0.6029255319148936 0.6568998109640832 0.04308510638297872 0.054820415879017016
0 0.5572506566672811 0.6994787153158047 0.049193021209738945 0.08554810416778966
0 0.5770119670795604 0.7269080948439576 0.04118335190223395 0.07493899332346875
0 0.5523936170212767 0.774102079395085 0.04521276595744681 0.09829867674858223
0 0.5422872340425532 0.8123818525519849 0.025 0.0671077504725898
0 0.6129011040893633 0.8898838485726209 0.038604236782598104 0.09912789084291054
0 0.7802175594188643 0.8418812254526987 0.04974350364530563 0.09129633600605624
0 0.7254813861166732 0.8495297922359988 0.055538864849243634 0.07513180116082677
0 0.6965833148291324 0.8732076787895975 0.06569476127316662 0.09172060684403645
0 0.6906856548233311 0.7769344202912004 0.049143507764539365 0.07042523082185388
0 0.7357067335017687 0.8061382714942965 0.043311011476702035 0.07524761065763172
0 0.762415253408342 0.7632481759241153 0.03909282741166543 0.08597253099875758
0 0.7232576169209914 0.7386737407264513 0.050275418538922895 0.09137349033959705
0 0.7522607269584421 0.6658850929653318 0.02521043214209859 0.06789846539664163
0 0.7273936170212766 0.6620982986767486 0.028191489361702127 0.06521739130434782
0 0.6968085106382979 0.6635160680529301 0.03723404255319149 0.06805293005671077