0 0.582378223495702 0.07888040712468193 0.034383954154727794 0.14249363867684478
0 0.4820916905444126 0.026717557251908396 0.05730659025787966 0.05343511450381679
0 0.2585626915359284 0.42434912360319804 0.0738834697483604 0.1185435641226179
0 0.03008595988538682 0.05407124681933842 0.06017191977077364 0.10814249363867684
0 0.09097421203438395 0.05597964376590331 0.04727793696275072 0.11195928753180662
0 0.125 0.05534351145038168 0.0508595988538682 0.11068702290076336
0 0.15974212034383956 0.01272264631043257 0.06017191977077364 0.02544529262086514
0 0.9795845272206304 0.3142493638676845 0.04083094555873926 0.2010178117048346
0 0.953145172354171 0.35190022364642454 0.09109331751120671 0.22955627808740114
0 0.8764389535440785 0.31851696703769994 0.10728552425042985 0.20826827456295968
0 0.9423352435530086 0.1991094147582697 0.11532951289398281 0.1895674300254453
0 0.9666905444126075 0.10814249363867684 0.0666189111747851 0.15521628498727735
0 0.9255014326647565 0.07633587786259542 0.09312320916905444 0.15267175572519084
0 0.8555968264944446 0.14892086348783196 0.13355580381614135 0.13631174788589265
0 0.83891396939497 0.24206221038767028 0.10108802623183713 0.17252643177955929
0 0.7367696147473576 0.20751727451920965 0.12774297854880623 0.23921714160766008
0 0.6393266475644699 0.041348600508905854 0.07951289398280802 0.08269720101781171
0 0.7063037249283668 0.04580152671755725 0.10458452722063037 0.0916030534351145
0 0.78689111747851 0.07951653944020357 0.09097421203438395 0.15903307888040713
0 0.8101719197707736 0.02099236641221374 0.10458452722063037 0.04198473282442748
0 0.6171203438395415 0.05343511450381679 0.03510028653295129 0.10687022900763359
0 0.5641117478510028 0.955470737913486 0.07091690544412607 0.089058524173028
0 0.5551575931232091 0.8581424936386769 0.08882521489971347 0.18447837150127228
0 0.4545587685608247 0.7746029680775325 0.11116729692263624 0.23124305861810665
0 0.33273284473147113 0.8229620455034694 0.12561005530315184 0.18575241882529583
0 0.37283108455689296 0.8498651001695434 0.10568613128226684 0.19551601997397997
0 0.4072349570200573 0.6628498727735369 0.09240687679083094 0.18575063613231552
0 0.26896079345194224 0.6562944874903126 0.09250811158217129 0.11892847174373254
0 0.2388968481375358 0.5966921119592875 0.09813753581661891 0.05343511450381679
0 0.07736389684813753 0.648854961832061 0.08166189111747851 0.15776081424936386
0 0.12616919374455599 0.6622469141225233 0.08857691937860566 0.14682946879104228
0 0.15174041268537103 0.6462404229328121 0.060573265343202884 0.14116304883519715
0 0.18624641833810887 0.6412213740458015 0.07879656160458452 0.14249363867684478
0 0.4835243553008596 0.6259541984732825 0.11031518624641834 0.11195928753180662
0 0.5687679083094556 0.6723918575063613 0.06160458452722063 0.1692111959287532
0 0.5630372492836676 0.6119592875318066 0.07306590257879657 0.08396946564885496
0 0.018266475644699142 0.9255725190839694 0.036532951289398284 0.12340966921119594
0 0.023997134670487107 0.7188295165394402 0.04799426934097421 0.11959287531806616
0 0.0082378223495702 0.8174300254452926 0.0164756446991404 0.15394402035623408
0 0.921919770773639 0.9821882951653944 0.12177650429799428 0.035623409669211195
0 0.8950573065902578 0.9096692111959288 0.10243553008595989 0.1806615776081425
0 0.9563037249283668 0.8645038167938931 0.08739255014326648 0.23282442748091603
0 0.7643266475644699 0.9134860050890585 0.08452722063037249 0.17302798982188294
0 0.7052292263610315 0.910941475826972 0.08094555873925502 0.178117048346056
0 0.6596302020528815 0.8667885566477304 0.10935055834708704 0.14725878882997795
0 0.6815515704875041 0.708887548748512 0.09099328058417713 0.22192269030114176
0 0.7736589354294017 0.7425890943516199 0.07899843225511 0.18097335587937927
0 0.8138325024161733 0.8025636273551818 0.09125944679076735 0.1875863494022474
0 0.6285816618911175 0.7073791348600509 0.058022922636103154 0.11959287531806616
0 0.8187679083094556 0.655852417302799 0.12320916905444126 0.1717557251908397
0 0.908037348698838 0.695761353994015 0.1002216384630691 0.16106124596089638
0 0.934533909214677 0.7503655498272046 0.10998412555160782 0.1956048448096218
0 0.9756446991404012 0.7538167938931297 0.04871060171919771 0.227735368956743
0 0.913323782234957 0.601145038167939 0.10888252148997135 0.062340966921119595
0 0.8549426934097422 0.6087786259541985 0.11103151862464183 0.07760814249363868