0 0.08564368124324329 0.2107434684337077 0.06441718428370923 0.11253464785026537
0 0.018548387096774192 0.21080305927342255 0.037096774193548385 0.12523900573613767
0 0.025806451612903226 0.2978011472275335 0.05161290322580645 0.09847036328871893
0 0.07329480246555649 0.3441028186913099 0.053039088278455285 0.10886613739706809
0 0.11049025521316834 0.3123382410552783 0.06644705564215457 0.09861250953059968
0 0.15165776598455744 0.35918249830391497 0.04999982253700979 0.10079974799206838
0 0.17876344086021506 0.38193116634799235 0.0543010752688172 0.11567877629063097
0 0.10592599276776772 0.3881747828076187 0.06229962823215019 0.07803418067672249
0 0.049616989496657285 0.3644904631768846 0.04848568659676185 0.09107223620712412
0 0.06935483870967742 0.4091778202676864 0.06989247311827956 0.06118546845124283
0 0.4 0.02820267686424474 0.04516129032258064 0.05640535372848948
0 0.22553763440860214 0.052103250478011474 0.031720430107526884 0.09273422562141491
0 0.22043010752688172 0.10420650095602295 0.021505376344086023 0.09177820267686425
0 0.24642354350742798 0.10109747555895442 0.04646680909926632 0.09360574036190057
0 0.22822580645161292 0.16539196940726578 0.037096774193548385 0.09560229445506692
0 0.2678247887327232 0.159790826923107 0.05191993274894665 0.10774283211307963
0 0.2606216935213435 0.21644125365353692 0.05029612439368545 0.07236998316470487
0 0.308169490197027 0.2599452811034623 0.0448539058734599 0.09335481685274401
0 0.3298174318074808 0.2247990866010333 0.044041957330081684 0.09892367218061035
0 0.35632607081725365 0.21351749563472766 0.04942920654555794 0.13488200931701713
0 0.39543609248058 0.1459438781629055 0.04546831984572085 0.10673913807645337
0 0.4065400518140481 0.2343278959245937 0.06785143043589402 0.12920524375622097
0 0.44104742125014434 0.24932480140182606 0.04366887590974711 0.11405275695398327
0 0.4827141322825586 0.2793968365359666 0.05629778758142277 0.1217126415248209
0 0.2550424510309726 0.26130867591652107 0.04792615319775509 0.06725530376307617
0 0.21854838709677418 0.3675908221797323 0.017741935483870968 0.07934990439770555
0 0.23151841901812895 0.37270961801988495 0.03355267816335999 0.056476426849429856
0 0.29059139784946236 0.41778202676864246 0.04139784946236559 0.04397705544933078
0 0.30220639425410945 0.3957423598145168 0.03597752993254459 0.05115849503071997
0 0.3247311827956989 0.41252390057361377 0.035483870967741936 0.05449330783938815
0 0.3481182795698925 0.4201720841300191 0.03602150537634408 0.03919694072657744
0 0.37231182795698925 0.42495219885277247 0.037096774193548385 0.029636711281070746
0 0.40161290322580645 0.4292543021032505 0.03655913978494624 0.021032504780114723
0 0.425818288423057 0.3451663183516172 0.0711102184703565 0.0955411882798667
0 0.989516129032258 0.3824091778202677 0.020967741935483872 0.09560229445506692
0 0.960040172400437 0.32621443840232 0.06212399265143753 0.12072064850262716
0 0.9201612903225806 0.4043977055449331 0.0532258064516129 0.07074569789674952
0 0.8295698924731183 0.41539196940726575 0.04946236559139785 0.04875717017208413
0 0.7991935483870968 0.4268642447418738 0.0521505376344086 0.02581261950286807
0 0.7134408602150538 0.03154875717017208 0.07096774193548387 0.06309751434034416
0 0.6222244981898563 0.15378469494027178 0.06337480831785938 0.12471202262026751
0 0.5852432482677767 0.3165302664869612 0.05803144581468746 0.08970970842841139
0 0.6369273897610196 0.2817240536534506 0.07667310326654529 0.08881305759036871
0 0.7566334552663745 0.3634137432174187 0.07716685096284324 0.08794067581553693
0 0.6938172043010753 0.41252390057361377 0.06720430107526881 0.05449330783938815
0 0.513458149589935 0.3409879427870252 0.06900356754825235 0.0961626465455418
0 0.5153225806451613 0.4149139579349904 0.07258064516129033 0.0497131931166348
0 0.10946955640898517 0.6114087375139978 0.08711849572096267 0.13030427997699853
0 0.09902443014905324 0.7917625093551988 0.05897505449497853 0.08700892193419706
0 0.02258064516129032 0.8288718929254302 0.04516129032258064 0.0745697896749522
0 0.089917671151414 0.848598203463888 0.0487271078801832 0.07307508260009897
0 0.04850887219384604 0.8541917613721383 0.04620348882544002 0.08786960269459655
0 0.12686629441662442 0.8399036382516508 0.0498901501219964 0.0751544108286381
0 0.17583495667747207 0.8701488062324452 0.0429886762347771 0.0759791215113944
0 0.19408602150537635 0.9082217973231358 0.03118279569892473 0.07839388145315487
0 0.19623655913978494 0.9689292543021033 0.026881720430107527 0.05066921606118547
0 0.006989247311827957 0.9321223709369025 0.013978494623655914 0.07648183556405354
0 0.0444109171581162 0.9257680204588602 0.05157983291146153 0.08870601439178524
0 0.059508611677028235 0.9507437947473666 0.04307644965938575 0.07789116740049573
0 0.017741935483870968 0.9684512428298279 0.035483870967741936 0.06309751434034416
0 0.02258064516129032 0.9015296367112811 0.04516129032258064 0.07839388145315487
0 0.4510752688172043 0.49091778202676867 0.06881720430107527 0.1022944550669216
0 0.581989247311828 0.5148183556405354 0.10806451612903226 0.15009560229445507
0 0.627968471131485 0.6472760676379841 0.06560212551592678 0.13834726735313344
0 0.4828291241650565 0.6242149403416175 0.05404848266145554 0.13085466512173347
0 0.5134305318403175 0.7007080434029302 0.06724801032458282 0.10443228836762247
0 0.2776881720430108 0.4804015296367113 0.056451612903225805 0.08126195028680688
0 0.39584228858100695 0.7262242358904315 0.06237640779580899 0.09133486073071287
0 0.3399228575216559 0.7353374404684362 0.06198142738506986 0.08273065422975684
0 0.2719011553382815 0.7367907604756031 0.051151870917872884 0.11426771038549664
0 0.2172043010752688 0.5492351816443595 0.015053763440860216 0.08317399617590822
0 0.22419354838709676 0.6032504780114722 0.02903225806451613 0.07265774378585087
0 0.21559139784946235 0.6625239005736138 0.011827956989247311 0.10325047801147227
0 0.2293010752688172 0.6653919694072657 0.03924731182795699 0.0841300191204589
0 0.3781718575590577 0.8221673790487631 0.052468561018498665 0.09643783911790939
0 0.3126902208561038 0.8331629434626151 0.0540594765224054 0.11946603095684423
0 0.2559258153047774 0.7781151340399682 0.044052951191031545 0.0875350380157211
0 0.3892757725267783 0.8869615523295222 0.05050456409425735 0.08853873205234747
0 0.22903225806451613 0.7810707456978967 0.03870967741935484 0.11854684512428298
0 0.2163978494623656 0.8188336520076482 0.013440860215053764 0.08126195028680688
0 0.24324220052283785 0.8656870091676787 0.03877537439056867 0.0772220380427446
0 0.2252688172043011 0.8527724665391969 0.03118279569892473 0.07265774378585087
0 0.22123655913978493 0.8862332695984704 0.023118279569892472 0.06118546845124283
0 0.30781875142457266 0.9156916458268103 0.05618811516640939 0.09606730436139062
0 0.3190926719452882 0.9472939245962743 0.058075332526991846 0.09066573137296217
0 0.3666897191665082 0.9248503539110251 0.04541352800396177 0.0706611896926845
0 0.3438565701293513 0.8442701010307475 0.03710759059150797 0.08740372575392684
0 0.3467741935483871 0.98565965583174 0.04946236559139785 0.028680688336520075
0 0.562920692644323 0.902421733644386 0.05328042083038165 0.13737954339415037
0 0.6537423404532667 0.8289316945998705 0.06043430986197241 0.10716904493948011
0 0.6515206089171695 0.8950227395284449 0.059677241891848254 0.10230528904700777
0 0.681989247311828 0.9455066921606119 0.06505376344086021 0.1089866156787763
0 0.6289126122007471 0.9333895525822232 0.05049357023330749 0.09992736621723672
0 0.6145995146700812 0.9561969404824285 0.052720976162870116 0.06705205134599498
0 0.8665078768033595 0.576065574618877 0.09664226721698856 0.1517190205280643
0 0.7734698612915506 0.6506550834013431 0.07362275493265472 0.1386458619543656
0 0.8623335858614464 0.8970082409083182 0.05910662590039665 0.13638755037195652
0 0.9719781123649307 0.9265829789798425 0.04272526722945591 0.1167535434481976
0 0.8846774193548387 0.9641491395793499 0.044623655913978495 0.07170172084130019
0 0.9045698924731183 0.9694072657743786 0.0478494623655914 0.06118546845124283
0 0.8443548387096774 0.9780114722753346 0.0521505376344086 0.04397705544933078
0 0.7247311827956989 0.9651051625239006 0.06559139784946237 0.06978967495219886