0 0.315086782376502 0.2155581947743468 0.029372496662216287 0.1508313539192399
0 0.27901693938762145 0.23980001322045283 0.0794551359859167 0.11710736005318105
0 0.30640854472630175 0.35985748218527314 0.04672897196261682 0.13539192399049882
0 0.2883845126835781 0.417458432304038 0.08277703604806408 0.11282660332541568
0 0.2647570681558422 0.4870375725785106 0.08482146196947242 0.09972816990838264
0 0.1991131357562506 0.40488014389638227 0.06065211719625208 0.13114339396129507
0 0.1323997288610721 0.35241392661567905 0.06926170382165786 0.14835118794083538
0 0.06524854377215593 0.1820317614217326 0.06700235971574772 0.14108011830580783
0 0.02102803738317757 0.22862232779097388 0.04205607476635514 0.14370546318289787
0 0.02303070761014686 0.3675771971496437 0.04606141522029372 0.09382422802850356
0 0.021695594125500667 0.5961995249406176 0.043391188251001335 0.047505938242280284
0 0.08611481975967958 0.6062945368171021 0.06408544726301736 0.027315914489311165
0 0.6673702543970277 0.1857609716189367 0.11809581090574345 0.17321315371831475
0 0.5770800015495 0.2768570594059042 0.08845767525446786 0.2006782886732281
0 0.500046360478669 0.3343824153593318 0.09474823185928745 0.19047338223100024
0 0.4308084821312133 0.30554818478419743 0.11685522049086258 0.13877134849266154
0 0.3391188251001335 0.2529691211401425 0.018691588785046728 0.19239904988123516
0 0.35881174899866486 0.45605700712589076 0.05807743658210948 0.19239904988123516
0 0.4092646610058637 0.48557573259274944 0.06912440177206897 0.1815085587779747
0 0.5994924605229754 0.4815046081607929 0.08298888437641262 0.1967281995752289
0 0.7400713057685868 0.3321350942273142 0.10046575479154957 0.14587506352934768
0 0.8561137256428033 0.23218910305251722 0.08233029274420789 0.1599594904036903
0 0.8119838936403941 0.37961984070247473 0.09052105468149736 0.1285704836173502
0 0.989652870493992 0.15498812351543942 0.02069425901201602 0.06294536817102138
0 0.9849799732977303 0.21021377672209027 0.030040053404539385 0.1021377672209026
0 0.9869826435246996 0.29394299287410924 0.0260347129506008 0.11995249406175772
0 0.9524702623870089 0.381468824418064 0.07311283529115499 0.16284493424466212
0 0.8447930574098799 0.5172209026128266 0.06475300400534045 0.20546318289786222
0 0.9753004005340454 0.4471496437054632 0.049399198931909215 0.15558194774346792
0 0.9299065420560748 0.5783847980997625 0.0801068090787717 0.0831353919239905
0 0.9732977303070761 0.588479809976247 0.0534045393858478 0.06294536817102138
0 0.8852067462372611 0.5022167977065977 0.06695061562580587 0.176612786055061
0 0.790195823015897 0.529265566949116 0.11633290762286237 0.16123988322528765
0 0.01602136181575434 0.9501187648456056 0.03204272363150868 0.0997624703087886
0 0.05663203860740062 0.925830256706413 0.07047744547695202 0.1081647122998113
0 0.15612681288549562 0.8300430559112739 0.07516724960806642 0.12745744539409445
0 0.22357143335004023 0.8343369212723256 0.05947121269604728 0.11684321952238248
0 0.3251001335113485 0.7054631828978623 0.009345794392523364 0.0997624703087886
0 0.26214102126078215 0.9341790273133682 0.05316374915637498 0.10809414363392687
0 0.22291783591558711 0.936098632613228 0.053574632019757144 0.1010166458638132
0 0.2616822429906542 0.9780285035629454 0.04539385847797063 0.043942992874109264
0 0.3240987983978638 0.8058194774346793 0.011348464619492658 0.12470308788598575
0 0.37783711615487314 0.6704275534441805 0.08678237650200267 0.10095011876484561
0 0.3644859813084112 0.8865795724465558 0.06942590120160214 0.18646080760095013
0 0.4115487316421896 0.9180522565320665 0.09946595460614152 0.16389548693586697
0 0.4409212283044059 0.9786223277909739 0.09813084112149532 0.04275534441805225
0 0.7783711615487316 0.9738717339667459 0.05473965287049399 0.052256532066508314
0 0.7463284379172229 0.9477434679334917 0.07476635514018691 0.10451306413301663
0 0.636849132176235 0.9631828978622328 0.0774365821094793 0.07363420427553444
0 0.5884512683578104 0.9792161520190024 0.09012016021361816 0.04156769596199525
0 0.8917941974873842 0.8757090245859483 0.08134637620826826 0.13264357591437917
0 0.9422235512047316 0.7763649407730133 0.056655741852431704 0.09413271995861383
0 0.9633883789948058 0.7648009897094704 0.05612548715969773 0.06092695615524613
0 0.992656875834446 0.8990498812351544 0.014686248331108143 0.10451306413301663
0 0.9873164218958611 0.9542755344418052 0.025367156208277702 0.09144893111638955
0 0.9796395193591455 0.9732779097387173 0.04072096128170895 0.05344418052256532
0 0.93559678024446 0.9324681232951672 0.06117443006425215 0.10867485922866894
0 0.9542723631508678 0.9744655581947743 0.0514018691588785 0.0510688836104513