0 0.3351383874849579 0.1574191182740786 0.060770156438026475 0.11021284780737703
0 0.33273164861612514 0.23117030873130123 0.06016847172081829 0.10482837561440214
0 0.2945246690734055 0.2864725985673336 0.06498194945848375 0.1286322045500639
0 0.34957882069795426 0.27944325481798715 0.039711191335740074 0.10278372591006424
0 0.3555956678700361 0.3088865096359743 0.027677496991576414 0.06531049250535331
0 0.2758724428399519 0.4743040685224839 0.05114320096269555 0.029978586723768737
0 0.35800240673886885 0.4261241970021413 0.02286401925391095 0.08137044967880086
0 0.09927797833935018 0.16983235695769935 0.057160048134777375 0.14321650715488118
0 0.06768953068592058 0.26027390515628385 0.04271961492178099 0.11784356424511205
0 0.044524669073405534 0.2697811475682936 0.04512635379061372 0.12653348727825342
0 0.11131167268351384 0.2887637708386097 0.052948255114320095 0.08839458081904643
0 0.1269554753309266 0.34096561530777614 0.048134777376654635 0.06887340712963735
0 0.15944645006016847 0.36566715655497095 0.03369434416365824 0.0959629909864634
0 0.18411552346570398 0.35356113745195067 0.03429602888086643 0.10991277367194363
0 0.21089049338146812 0.3806433834440427 0.044524669073405534 0.0975944112308887
0 0.24458483754512636 0.31225947935555975 0.06558363417569193 0.12009804719271759
0 0.15944645006016847 0.4625267665952891 0.039711191335740074 0.05353319057815846
0 0.10379061371841156 0.4732334047109208 0.04993983152827918 0.032119914346895075
0 0.025872442839951864 0.465203426124197 0.030084235860409144 0.048179871520342615
0 0.006618531889290012 0.4673447537473233 0.013237063778580024 0.043897216274089934
0 0.009927797833935019 0.31905781584582443 0.019855595667870037 0.10920770877944326
0 0.9608904933814681 0.05460385438972163 0.05776173285198556 0.10920770877944326
0 0.6320697954271961 0.141505078816925 0.06678700361010831 0.15120960399836755
0 0.39290012033694344 0.12687366167023553 0.04693140794223827 0.11241970021413276
0 0.9380264741275571 0.18357771142857957 0.07160048134777376 0.12576289760212353
0 0.9783393501805054 0.14346895074946467 0.04332129963898917 0.10278372591006424
0 0.7199157641395909 0.3403789183488558 0.06919374247894103 0.15454620797369298
0 0.8730445246690735 0.2990568559149182 0.05114320096269555 0.13219833768765937
0 0.6835138387484958 0.3615134256203438 0.08483754512635379 0.10075233509810576
0 0.7527075812274369 0.3618840447289405 0.048134777376654635 0.1052759767227851
0 0.4620938628158845 0.4582441113490364 0.048134777376654635 0.06209850107066381
0 0.457280385078219 0.2416628018326757 0.05054151624548736 0.10968324450967379
0 0.49518652226233456 0.2564734150864514 0.05896510228640193 0.10797806077877359
0 0.4010228640192539 0.21788008565310493 0.0631768953068592 0.10385438972162742
0 0.4326113116726835 0.2569808123703854 0.0457280385078219 0.12014065754403333
0 0.44404332129963897 0.326630537784231 0.03910950661853189 0.09945536063758396
0 0.9470517448856799 0.3210899763360504 0.0457280385078219 0.0933740622549541
0 0.9184717208182912 0.2939142709384813 0.0631768953068592 0.091065511739876
0 0.937424789410349 0.4534261241970021 0.05415162454873646 0.07173447537473233
0 0.9771359807460891 0.4057815845824411 0.0457280385078219 0.08565310492505353
0 0.9777376654632972 0.25535331905781583 0.044524669073405534 0.10813704496788008
0 0.5003008423586041 0.4673447537473233 0.05354993983152828 0.043897216274089934
0 0.5312876052948255 0.2968865004122661 0.05054151624548736 0.13859116742187935
0 0.07641395908543923 0.5353319057815846 0.07460890493381468 0.09207708779443255
0 0.03640192539109507 0.550321199143469 0.07280385078219014 0.12205567451820129
0 0.008724428399518652 0.5513918629550322 0.017448856799037304 0.12205567451820129
0 0.05565583634175692 0.6660501459697802 0.10830324909747292 0.11481527310806519
0 0.16365824308062576 0.7364172943303945 0.10529482551143202 0.18639398280700248
0 0.21028880866425992 0.5702021119840186 0.08363417569193743 0.11032600313185621
0 0.33844765342960287 0.5620985010706638 0.06197352587244284 0.145610278372591
0 0.24428399518652227 0.6747459900305669 0.08483754512635379 0.1682041552265854
0 0.31257521058965104 0.6204660250467035 0.09747292418772563 0.1324558014717769
0 0.17839951865222622 0.7612704819019614 0.08784596871239471 0.1597946104098751
0 0.2003610108303249 0.836283374333124 0.08965102286401926 0.13954545739565188
0 0.23405535499398314 0.884066493799245 0.07280385078219014 0.08728130665616751
0 0.046028880866425995 0.8074146508393559 0.0812274368231047 0.1508866154306205
0 0.08182912154031288 0.7589470632378481 0.0631768953068592 0.11247878797113939
0 0.009626955475330927 0.9678800856531049 0.019253910950661854 0.06423982869379015
0 0.04843561973525872 0.9721627408993576 0.06558363417569193 0.055674518201284794
0 0.1762936221419976 0.9791220556745182 0.07821901323706378 0.0417558886509636
0 0.22292418772563177 0.9823340471092077 0.052346570397111915 0.035331905781584586
0 0.3309265944645006 0.7846924269324366 0.05475330926594465 0.11846662694829227
0 0.3561973525872443 0.762847965738758 0.026474127557160047 0.12740899357601712
0 0.3628158844765343 0.6782655246252677 0.013237063778580024 0.12098501070663811
0 0.28369434416365824 0.8256087901907626 0.06678700361010831 0.13407898301335686
0 0.2767749699157641 0.6914175526910378 0.0018050541516245488 0.0011641232170402744
0 0.5716004813477737 0.6586799194099072 0.05475330926594465 0.13452658412173982
0 0.648315282791817 0.6465919869692335 0.06678700361010831 0.09553508579708277
0 0.6937424789410349 0.628066104348257 0.05054151624548736 0.13216718455250046
0 0.6618531889290012 0.72116873550817 0.0812274368231047 0.08878811435995669
0 0.7882069795427196 0.7609014720500205 0.0421179302045728 0.10389378155963182
0 0.5123345367027677 0.7385877809928904 0.0421179302045728 0.10603510918275816
0 0.4789410348977136 0.7336467905568758 0.04993983152827918 0.10322810850513586
0 0.44133574007220217 0.6781665290312792 0.061371841155234655 0.0909720523343989
0 0.3766546329723225 0.8725910064239829 0.01444043321299639 0.06852248394004283
0 0.4590854392298436 0.9435395079745728 0.036101083032490974 0.04683706819519375
0 0.5192539109506619 0.9311301962228079 0.052948255114320095 0.07447595126872547
0 0.5138387484957883 0.850550032139139 0.057160048134777375 0.061846057476080206
0 0.4717208182912154 0.9919700214132763 0.052948255114320095 0.016059957173447537
0 0.9094464500601684 0.5889133041592934 0.048736462093862815 0.1138724403504495
0 0.9518652226233454 0.5980689149631643 0.05114320096269555 0.1247036910067172
0 0.9335138387484958 0.660823241128823 0.05354993983152828 0.07450710440388426
0 0.944344163658243 0.6967159033432697 0.06618531889290012 0.07516132024222351
0 0.9464500601684718 0.7524994575176112 0.035499398315282794 0.07678450178380346
0 0.9795427196149218 0.7724839400428265 0.04091456077015644 0.08029978586723768
0 0.9828519855595668 0.708779443254818 0.03429602888086643 0.06423982869379015
0 0.9879663056558363 0.6654175588865097 0.024067388688327317 0.07815845824411134
0 0.9852587244283996 0.6140256959314775 0.029482551143200964 0.069593147751606
0 0.987063778580024 0.5337259100642399 0.025872442839951864 0.08458244111349036
0 0.7656438026474127 0.923009460744941 0.04632972322503008 0.07948658583979193
0 0.8294223826714802 0.9689507494646681 0.03790613718411552 0.06209850107066381
0 0.9915764139590855 0.984475374732334 0.01684717208182912 0.031049250535331904
0 0.9623947051744886 0.9866167023554604 0.036702767749699154 0.02676659528907923
0 0.9717208182912154 0.8978121718495358 0.03910950661853189 0.06733544629068913
0 0.9380264741275571 0.9554894378223872 0.03850782190132371 0.07051628459021961
0 0.8631167268351384 0.9775160599571735 0.03429602888086643 0.044967880085653104
0 0.8919975932611311 0.9775160599571735 0.036702767749699154 0.044967880085653104
0 0.9001203369434416 0.8941049487656135 0.032490974729241874 0.07877006373113461
0 0.855595667870036 0.9330201735090288 0.035499398315282794 0.06928985510286127