0 0.2094361334867664 0.5563524590163934 0.0759493670886076 0.06557377049180328
0 0.08745684695051784 0.5589139344262295 0.04487917146144994 0.060450819672131145
0 0.1435804535287887 0.43844996726005747 0.07575848173969019 0.09165420766765943
0 0.0189873417721519 0.5681352459016393 0.0379746835443038 0.042008196721311473
0 0.04833141542002301 0.5389344262295082 0.05063291139240506 0.10040983606557377
0 0.01237054085155351 0.4656762295081967 0.02474108170310702 0.09938524590163934
0 0.08958249664605492 0.439378462110371 0.04726922487524794 0.13815347935427666
0 0.045853733427503075 0.40469070603457413 0.03865578287782981 0.11135914667487297
0 0.022446720339875936 0.4287741770669143 0.03066989805713661 0.0722935764001187
0 0.24101880714694077 0.40463992750256017 0.05918626574327231 0.12099773465788306
0 0.13052881334370914 0.32762135785913354 0.05561180803183995 0.1045446811052752
0 0.0805195068965683 0.35473651281943214 0.05908980383893488 0.06469296438521563
0 0.09401831663066598 0.2869410492168389 0.06789481067185626 0.06897015782992472
0 0.11909463679590364 0.24804870955117542 0.057799674200870094 0.07490309946676539
0 0.18586049909862992 0.31750731809120447 0.06519233764286733 0.07300890755600538
0 0.19032772187968808 0.2536194601694458 0.049552873462029606 0.09725332809841988
0 0.2458295125963439 0.25425765602986256 0.052028766370900356 0.10139937749788314
0 0.28162457417783204 0.23759668204962364 0.05126182754230166 0.12390459454664624
0 0.06330346036623555 0.07849620287275569 0.042796351146264566 0.07356853246861353
0 0.014384349827387802 0.1572745901639344 0.028768699654775604 0.07684426229508197
0 0.02100115074798619 0.11014344262295082 0.04200230149597238 0.05635245901639344
0 0.045955721591711636 0.14365269685695858 0.050720789347235215 0.07066167257985036
0 0.20956208441584756 0.11121370848157666 0.06209747150677897 0.06782634580667596
0 0.16890311497144814 0.1891951038807724 0.055541777462610215 0.07588000088697404
0 0.22625290167695689 0.17246891679099532 0.055628975930854564 0.0779291812148429
0 0.20189562913144213 0.19448532421656936 0.05168855644743033 0.0798949062411917
0 0.3978725998867723 0.30808059857975645 0.08574925184341746 0.11028758559338198
0 0.5520203071094473 0.28977723424565643 0.06206313570874986 0.12105734558754035
0 0.4239628796446163 0.10388385804172331 0.0633882806314296 0.12517955061514094
0 0.2842391692519907 0.16394541210565933 0.06891476095568076 0.06592023170998433
0 0.25208757672128607 0.12437911002178481 0.03616204258335875 0.0662652572758267
0 0.2719115481479735 0.09715033538205288 0.06022338392611129 0.0913323086475106
0 0.27070793749156724 0.041846310901456754 0.036066260165607024 0.07752382689317401
0 0.23734053786678125 0.034500949144825245 0.049439243658677696 0.0675640577161843
0 0.20597870301161506 0.07428673492917728 0.061347700577194755 0.06371606296500676
0 0.6565017261219793 0.2197745901639344 0.04602991944764097 0.08504098360655737
0 0.6390437549770324 0.10578128017024556 0.0499974497527586 0.09419147979254788
0 0.6005548043160628 0.11317325393134879 0.04553383945986827 0.08386212285168357
0 0.6596662830840047 0.0117827868852459 0.039700805523590336 0.0235655737704918
0 0.6705983889528193 0.07684426229508197 0.017836593785960874 0.07581967213114754
0 0.719798640998465 0.5063290265936445 0.06247269671486392 0.1036631571725181
0 0.719069990199356 0.43516769894392765 0.061679326551157536 0.09852828416691448
0 0.7535613667319326 0.381115145073048 0.06724150164660947 0.12116464526092328
0 0.700517836593786 0.38883196721311475 0.04200230149597238 0.09733606557377049
0 0.6939010356731876 0.36065573770491804 0.028768699654775604 0.06147540983606557
0 0.6858457997698504 0.16649590163934427 0.012658227848101266 0.07479508196721311
0 0.7618847435297527 0.1714318270444338 0.05248192661113685 0.08502977924679532
0 0.6892980437284235 0.2489754098360656 0.019562715765247412 0.07581967213114754
0 0.9446083512865824 0.4869306157192755 0.06037202901407826 0.13535391913889655
0 0.9707782647930423 0.3994358152893496 0.04556027079497595 0.1115022129060503
0 0.9841772151898734 0.38883196721311475 0.03164556962025317 0.11987704918032786
0 0.9282831560541721 0.37347495888589255 0.05412085012217877 0.08301636547672074
0 0.9112306689958246 0.3239846541828227 0.04873307196321553 0.06447836503844952
0 0.8789572024555536 0.30181850160693624 0.036057676216100044 0.09083157683839016
0 0.8561995461617125 0.31414303012589334 0.03719984025278356 0.1041631711554691
0 0.82954902185003 0.2890223289175181 0.04645800732594117 0.09207076634909048
0 0.8001620284546225 0.35495304716109516 0.06746808176672758 0.11297984613537927
0 0.873986889765626 0.18501522291841174 0.04202941231766578 0.09607374951737663
0 0.9259621139797253 0.16357108041754673 0.05176717096616731 0.0952518365142767
0 0.754783379572471 0.09911476518553668 0.055088617222373855 0.09224959913806202
0 0.7836343062341514 0.0408505898925706 0.04213377868492461 0.07150742995481328
0 0.992807825086306 0.19467213114754098 0.014384349827387802 0.05737704918032787
0 0.9959723820483314 0.0630122950819672 0.00805523590333717 0.07274590163934426
0 0.9653567056345816 0.05587657026425266 0.042979332032260675 0.06435914317913519
0 0.9772727272727273 0.010245901639344262 0.037399309551208286 0.020491803278688523
0 0.3888799804498085 0.9235875892195162 0.07382362702588591 0.14075108023499183
0 0.07681242807825087 0.9851434426229508 0.06041426927502877 0.02971311475409836
0 0.024453394706559262 0.9462090163934426 0.048906789413118525 0.08709016393442623
0 0.11666234312115513 0.8826298400830364 0.05657099118252779 0.12708566471183233
0 0.08520867807969806 0.8932386505671203 0.06405943704227669 0.11393290318372515
0 0.08794514716342311 0.8021872311151678 0.06867101293654804 0.10072053072596054
0 0.31313832686584 0.7715362117164172 0.07574131384067563 0.11826970755809162
0 0.6050240655568784 0.889678005447025 0.05759952541585953 0.11072798864667603
0 0.48226823701264504 0.8216184591885166 0.06597712385706642 0.09145153050682493
0 0.5663035633144511 0.8443453134162654 0.06695347490676899 0.0873770142229501
0 0.5108618602443461 0.750552867939336 0.06247269671486392 0.10366315717251799
0 0.5598122488915869 0.7525908439074428 0.06951656628388383 0.09357224395028245
0 0.26668584579976984 0.6142418032786885 0.05005753739930955 0.050204918032786885
0 0.2321588991840467 0.7800951240464629 0.05993603667285652 0.12510801749955228
0 0.029344073647871116 0.5988729508196722 0.05868814729574223 0.0194672131147541
0 0.04176624288452238 0.7234301758042592 0.06698849019138367 0.10170935433210057
0 0.02531645569620253 0.8447745901639344 0.05063291139240506 0.1096311475409836
0 0.043793947014496286 0.8048552883722174 0.05522799887424775 0.08201561968464921
0 0.2673607393868389 0.7224743878807097 0.06414663551052104 0.11598208351159399
0 0.10641257087098384 0.6822866964760618 0.0742417719815072 0.11004914187475331
0 0.9496547756041427 0.9093237704918032 0.10069044879171461 0.1567622950819672
0 0.9360764568094834 0.8565206741816057 0.08671701894361254 0.11952081925472331
0 0.9284740414030896 0.8062024953824701 0.08659480519075326 0.10313929881770399
0 0.6941887226697353 0.954405737704918 0.029344073647871116 0.08504098360655737
0 0.6950517836593786 0.8970286885245902 0.031070195627157654 0.07889344262295082
0 0.7451093210586881 0.9641393442622951 0.07710011507479862 0.07172131147540983
0 0.7423630337403384 0.8704213032056317 0.08030070655131756 0.11734049488160875
0 0.7654262244163275 0.8990505757792231 0.05263057169910356 0.12905138973818137
0 0.7987761163988061 0.8992297674812795 0.06399008595963267 0.15283156285543906
0 0.8334987047695473 0.8641202094572551 0.07166151270537757 0.13046941203785328
0 0.8463742493016737 0.8019421084774041 0.062158918126501456 0.10979877597019316
0 0.8794242578499294 0.8896403038943337 0.07094675706040836 0.14069146930533455
0 0.9045903697417006 0.6772349198588936 0.05300511742060268 0.09732486121400838
0 0.8536829870203015 0.6899998514311445 0.08608878228030177 0.06422871696005869
0 0.8436700775562204 0.6370725084784471 0.06408518889079848 0.0740096533480768
0 0.7967645609379681 0.6898441451878665 0.06479994453576783 0.06378759608059542
0 0.7325842691160037 0.6946564013471519 0.05430383100817478 0.07380697618724236
0 0.707132383999388 0.6639302597019658 0.05249051056064389 0.07172202930157917
0 0.7016685845799769 0.6060450819672131 0.04430379746835443 0.03381147540983607
0 0.7387802071346375 0.6306352459016393 0.05523590333716916 0.08299180327868852
0 0.7856731875719217 0.6265368852459017 0.053509781357882626 0.07479508196721311
0 0.9761219792865362 0.6168032786885246 0.040851553509781355 0.055327868852459015
0 0.9395857307249712 0.6296106557377049 0.05753739930955121 0.08094262295081968
0 0.9480311062204118 0.6781350448967173 0.0561957659744427 0.09124885334599049
0 0.6858457997698504 0.7848360655737705 0.012658227848101266 0.08401639344262295