0 0.24963699202454046 0.2273873353113047 0.07102453130097747 0.10027318996172266
0 0.18537919888087442 0.27043612510871595 0.08525480296980038 0.10130357077369631
0 0.21825004626546063 0.3202058591449479 0.042577587337711664 0.08216730980624033
0 0.29948253557567917 0.2959770114942529 0.040103492884864166 0.067816091954023
0 0.38792938079714573 0.18254891567438825 0.08129222354111666 0.19729326901418706
0 0.3347347994825356 0.2264367816091954 0.03040103492884864 0.20229885057471264
0 0.43946105228245486 0.22523671176741825 0.07584619451675628 0.19002203335842244
0 0.47213737710522674 0.26355902842154033 0.08735345167339895 0.18741679634251376
0 0.49935316946959896 0.3333333333333333 0.09314359637774904 0.09195402298850575
0 0.6135985900246291 0.15990490782243755 0.07980403991850017 0.2086470154133904
0 0.6587968952134541 0.2971264367816092 0.08990944372574386 0.16436781609195403
0 0.5905562742561449 0.33045977011494254 0.1034928848641656 0.09770114942528736
0 0.7301547618633417 0.16464607467397974 0.08871037557915895 0.2218995549632033
0 0.7948355985665853 0.1846049159696261 0.08145511468045195 0.1686513078131858
0 0.8514922508245241 0.2773522343003475 0.09321572457014687 0.1397029601709883
0 0.8534928848641656 0.01954022988505747 0.10413971539456662 0.03908045977011494
0 0.9877102199223803 0.12011494252873563 0.02457956015523933 0.15517241379310345
0 0.9754204398447607 0.06436781609195402 0.04915912031047866 0.12873563218390804
0 0.9511642949547219 0.07241379310344828 0.057567917205692105 0.14482758620689656
0 0.9443144975973226 0.16403922024710124 0.05577198335250487 0.10604568989098027
0 0.9004339318215393 0.09902057103404097 0.07228182691236087 0.19778699742119654
0 0.9001785134282365 0.17926958143744343 0.0842505587382498 0.1413461138653541
0 0.903609555655526 0.24779016151001598 0.05881161344269548 0.11772728473035683
0 0.8583441138421734 0.34655172413793106 0.1034928848641656 0.06551724137931035
0 0.3738680465717982 0.31494252873563217 0.10866752910737387 0.12873563218390804
0 0.41009055627425617 0.35172413793103446 0.10996119016817593 0.05517241379310345
0 0.07179818887451488 0.46436781609195404 0.1203104786545925 0.17011494252873563
0 0.042690815006468305 0.6603448275862069 0.08538163001293661 0.18275862068965518
0 0.23415265200517466 0.4298850574712644 0.07373868046571798 0.10114942528735632
0 0.21204572334897273 0.5519761219701079 0.05619709257233246 0.14963017982761384
0 0.17836308863440023 0.5802033832540191 0.08809991049817688 0.12443258299518262
0 0.14744854855225675 0.5216958708339813 0.07898988557504405 0.18795736024097653
0 0.09828751325813816 0.7137972198028371 0.054794937869713595 0.11399799591956786
0 0.13581491638230772 0.6698185396823488 0.05701124691578859 0.17031983500002762
0 0.10139972357055675 0.8150061673278848 0.06374650432723095 0.1283999607567372
0 0.13874514877102198 0.9540229885057471 0.05627425614489004 0.09195402298850575
0 0.08667529107373868 0.9316091954022988 0.08020698576972833 0.1367816091954023
0 0.14665982865052965 0.8449673452765771 0.055907675743080844 0.10949396575304925
0 0.017141009055627425 0.8862068965517241 0.03428201811125485 0.14022988505747128
0 0.35996119016817596 0.42011494252873566 0.08085381630012936 0.08160919540229886
0 0.7034282018111255 0.9798850574712644 0.06791720569210867 0.040229885057471264
0 0.7169154364049098 0.8944042646828638 0.043902879820992856 0.0994555246080385
0 0.7258668521858174 0.7980525692569843 0.05136626265589401 0.12521123584441107
0 0.6983493558950142 0.7679528405806813 0.05198146176381593 0.1080635275169729
0 0.831887776970519 0.529626663648326 0.08131498961615574 0.11591825106915501
0 0.8064399663275251 0.6518150545472468 0.060693274862660594 0.1327634844488957
0 0.8539435792023323 0.6575446304785498 0.05712890725826489 0.14052844851166993
0 0.8136887288922625 0.7544437093088822 0.05023549273442709 0.09647560366050302
0 0.7795197877731542 0.7540524271375189 0.05591210841680079 0.15877874663501107
0 0.8043934987845849 0.8267511446831858 0.05193623096695722 0.10691410222961659
0 0.7924815314696843 0.8917980754012134 0.047376785831670855 0.08939170997055175
0 0.7557094525177324 0.9001914071051089 0.04522817230427405 0.11674373940983666
0 0.8607898479456715 0.8031830625331406 0.05982029034796617 0.12696952252066088
0 0.9109508454742308 0.7823587681266149 0.05978865892548705 0.10977497870176926
0 0.964424320827943 0.7528735632183908 0.07115135834411385 0.06896551724137931
0 0.9715394566623544 0.5413793103448276 0.056921086675291076 0.13333333333333333
0 0.9673350582147477 0.6971264367816092 0.06532988357050452 0.07011494252873564
0 0.9686287192755498 0.6402298850574712 0.06274256144890039 0.06436781609195402
0 0.9424462848751274 0.6540017313678322 0.05352847555767041 0.08181408787359082
0 0.7781371280724451 0.9689655172413794 0.06597671410090557 0.06206896551724138
0 0.8227684346701164 0.9804597701149426 0.062095730918499355 0.03908045977011494
0 0.9149417852522639 0.9655172413793104 0.0795601552393273 0.06896551724137931
0 0.9660968493877338 0.9462767832905216 0.04876090848619034 0.09178423152817099