0 0.32958115183246073 0.0186219739292365 0.08534031413612565 0.037243947858473
0 0.44136125654450264 0.22296665861909815 0.04659685863874346 0.08683892584251685
0 0.362565445026178 0.16404188452658558 0.07015706806282722 0.08932804857983033
0 0.3054973821989529 0.3740999924850725 0.04764397905759162 0.06464456696893407
0 0.3230366492146597 0.29843386682742284 0.042408376963350786 0.07319550472604679
0 0.2845549738219895 0.5111731843575419 0.034031413612565446 0.037243947858473
0 0.11073298429319371 0.023277467411545624 0.03926701570680628 0.04655493482309125
0 0.19712041884816753 0.07019192733477145 0.048167539267015703 0.10196451974815779
0 0.1549738219895288 0.053365896205040224 0.06596858638743455 0.07475352876689845
0 0.15392670157068064 0.2543312047992933 0.04659685863874346 0.07752793887789859
0 0.20340314136125653 0.3010853644098489 0.0549738219895288 0.07781291891344579
0 0.19136125654450262 0.2374191879178747 0.039790575916230364 0.06909108533644671
0 0.19424083769633507 0.3812264142371239 0.051832460732984295 0.06711480372786223
0 0.1206806282722513 0.35332239698712614 0.03926701570680628 0.06808398171923438
0 0.06753926701570681 0.1943043593558977 0.04554973821989529 0.08482471860809217
0 0.07329842931937172 0.25007523657540154 0.041884816753926704 0.06008411805483072
0 0.2617801047120419 0.28767909370668354 0.03664921465968586 0.09936131279518345
0 0.5321989528795812 0.04888268156424581 0.060209424083769635 0.09776536312849161
0 0.5892670157068063 0.11682133038791512 0.07015706806282722 0.13774518079584522
0 0.6329842931937173 0.05260707635009311 0.05340314136125655 0.10521415270018622
0 0.6819371727748691 0.059124767225325885 0.07068062827225131 0.11824953445065177
0 0.6607329842931937 0.11462616966813206 0.0712041884816754 0.11089532843995333
0 0.8489528795811518 0.051210428305400374 0.06753926701570681 0.10242085661080075
0 0.7602094240837697 0.08437436718057113 0.07539267015706806 0.11150336780595783
0 0.7544502617801047 0.03212290502793296 0.07015706806282722 0.06424581005586592
0 0.9222513089005235 0.13257200560910812 0.06387434554973823 0.1452130100149949
0 0.987434554973822 0.15782122905027932 0.025130890052356022 0.11080074487895716
0 0.9641361256544503 0.13260025774215123 0.043455497382198956 0.13759332462341373
0 0.8960732984293194 0.20325965528852613 0.050785340314136125 0.10606893913775785
0 0.743193717277487 0.25415746610161555 0.06806282722513089 0.12161248327299194
0 0.8073298429319372 0.23646620669616633 0.07643979057591622 0.14703712811300843
0 0.6408376963350786 0.2881811856591266 0.050785340314136125 0.14051959090684538
0 0.6801047120418848 0.2845705677508005 0.05340314136125655 0.1287953324565944
0 0.7413612565445026 0.31674061089016176 0.05287958115183246 0.080302195319829
0 0.7829842931937173 0.3446638214566843 0.05759162303664921 0.11450579267920973
0 0.8418848167539267 0.31969482196849675 0.06649214659685863 0.08693381674165289
0 0.9596858638743455 0.4457344766234064 0.04869109947643979 0.08807404422198113
0 0.9272251308900523 0.3567577395070765 0.03926701570680628 0.07273947520154352
0 0.9078534031413612 0.27899211237412885 0.06544502617801047 0.07933301732845685
0 0.874607329842932 0.3765866565172689 0.07015706806282722 0.0772237655258266
0 0.8232984293193717 0.39101899365056686 0.05445026178010471 0.08239240747500419
0 0.8926701570680629 0.45881776483064934 0.04764397905759162 0.08140434350524692
0 0.9201570680628273 0.49767225325884545 0.04869109947643979 0.06424581005586592
0 0.7746073298429319 0.3974514671194612 0.04502617801047121 0.06892003584749043
0 0.7759162303664922 0.44792080903027615 0.07172774869109948 0.11190243205716587
0 0.6981675392670157 0.35842178779602446 0.07853403141361257 0.11195939733046131
0 0.6020942408376964 0.28860896305058703 0.060209424083769635 0.14002548208743176
0 0.6798429319371728 0.5135009310986964 0.05392670157068063 0.032588454376163874
0 0.5895287958115183 0.5181564245810056 0.040837696335078534 0.023277467411545624
0 0.6243455497382199 0.5186219739292365 0.03926701570680628 0.0223463687150838
0 0.5232984293193718 0.44430243849252504 0.04554973821989529 0.09972229775148136
0 0.49973821989528794 0.4297020484171322 0.020418848167539267 0.09962756052141528
0 0.5740837696335078 0.3674104837755344 0.05287958115183246 0.07750889923044353
0 0.5497382198952879 0.2214181544019741 0.059162303664921465 0.1044917217803814
0 0.5086387434554974 0.3263500931098696 0.03821989528795811 0.10893854748603352
0 0.5662303664921466 0.3001624025154864 0.043455497382198956 0.08545179762155153
0 0.016753926701570682 0.7206703910614525 0.033507853403141365 0.1042830540037244
0 0.14712041884816754 0.7983480347448051 0.03769633507853403 0.08275354610037183
0 0.14109947643979057 0.758833382253008 0.04869109947643979 0.09366063640075187
0 0.1612565445026178 0.706359199262426 0.042408376963350786 0.10112846561990153
0 0.47722513089005236 0.7067039106145251 0.024607329842931937 0.13221601489757914
0 0.4476439790575916 0.7460716935200592 0.05602094240837696 0.08634481702310323
0 0.39397905759162305 0.7718007422157525 0.03769633507853403 0.11627309917299754
0 0.36099476439790573 0.7437349647969215 0.04764397905759162 0.1251659822389529
0 0.32801047120418847 0.8874568968752972 0.03612565445026178 0.07973223524873484
0 0.2342931937172775 0.8589544369175576 0.03664921465968586 0.08167043756240878
0 0.13848167539267014 0.9474663930310055 0.03193717277486911 0.08471078806150127
0 0.16963350785340314 0.9776536312849162 0.05235602094240838 0.0446927374301676
0 0.26465968586387434 0.9911545623836127 0.03821989528795811 0.017690875232774673
0 0.41151832460732984 0.887475398681008 0.04607329842931937 0.07465863786776261
0 0.3787958115183246 0.8268591693463884 0.048167539267015703 0.08054924972953581
0 0.43324607329842935 0.8017096773800519 0.05445026178010471 0.08146130877854237
0 0.4479057591623037 0.8513238486806208 0.04764397905759162 0.0693000604512434
0 0.4719895287958115 0.8743016759776536 0.03507853403141361 0.09124767225325885
0 0.21780104712041884 0.9767225325884544 0.03664921465968586 0.04655493482309125
0 0.015183246073298429 0.8365921787709497 0.030366492146596858 0.07914338919925512
0 0.36780104712041883 0.9155796395674236 0.03664921465968586 0.08167043756240899
0 0.9714659685863875 0.6219739292364991 0.05706806282722513 0.15456238361266295
0 0.6358638743455497 0.5651769087523277 0.07068062827225131 0.07076350093109869
0 0.5926701570680628 0.5605214152700186 0.05654450261780105 0.061452513966480445
0 0.5821989528795811 0.6376690222060247 0.07382198952879582 0.09823997129324065
0 0.5604712041884817 0.6810697528179678 0.03821989528795811 0.10983141321851538
0 0.5342931937172775 0.7312732311752256 0.03769633507853403 0.09485782915437556
0 0.6570680628272252 0.840809606692722 0.04031413612565445 0.12968850552721586
0 0.6774869109947644 0.8977775229967797 0.0581151832460733 0.12203058717165494
0 0.7183246073298429 0.921396782048098 0.06806282722513089 0.09926611455790815
0 0.7575916230366492 0.957635009310987 0.06387434554973823 0.08472998137802606
0 0.7193717277486911 0.9706703910614525 0.0774869109947644 0.05865921787709497
0 0.7942408376963351 0.8774826724656818 0.06753926701570681 0.11408768878054673
0 0.8369109947643979 0.891591412426778 0.07172774869109948 0.12307561641470777
0 0.8602094240837697 0.8512119926664723 0.07591623036649214 0.16651419581795612
0 0.8984293193717278 0.8814344673375015 0.0549738219895288 0.1420587289693117
0 0.9167539267015706 0.9567039106145251 0.06282722513089005 0.08659217877094973
0 0.5018324607329843 0.9636871508379888 0.024607329842931937 0.0521415270018622
0 0.5570680628272251 0.9752684582632568 0.06282722513089005 0.048226735741463855
0 0.5738219895287958 0.9060060160997142 0.05549738219895288 0.09278650297758549
0 0.5539267015706806 0.8449241605823288 0.05235602094240838 0.09046827606015857
0 0.5424083769633508 0.797628216199187 0.04450261780104712 0.09212149833828553
0 0.5133507853403141 0.7859611535258363 0.040837696335078534 0.11486693130457727
0 0.5023560209424084 0.8291433891992551 0.025654450261780103 0.07914338919925512
0 0.5992146596858638 0.7965637631360046 0.059162303664921465 0.11100941265561418
0 0.6332460732984293 0.8848374163181245 0.042408376963350786 0.09554187344113059
0 0.6193717277486911 0.9256538259554785 0.051832460732984295 0.09504776462171698
0 0.9602094240837696 0.8815576103696804 0.06701570680628273 0.15591112520057834
0 0.9866492146596859 0.9222532588454376 0.026701570680628273 0.1387337057728119