0 0.2416434540389972 0.02103960396039604 0.10584958217270195 0.04207920792079208
0 0.290041782729805 0.0686881188118812 0.12743732590529247 0.1373762376237624
0 0.3868384401114206 0.0724009900990099 0.07311977715877438 0.1448019801980198
0 0.44707520891364905 0.0525990099009901 0.09331476323119778 0.1051980198019802
0 0.5762534818941504 0.17388613861386137 0.027158774373259052 0.18935643564356436
0 0.5438697065484058 0.18967124864375245 0.08084849049150078 0.1911028181291847
0 0.4919784340577368 0.24939765413475412 0.059388964019654746 0.12402671837890518
0 0.44611801702950016 0.2251716708164149 0.06901667721780329 0.1191515408599211
0 0.42106716502651703 0.15843449995347847 0.10113190327890074 0.16297566969741484
0 0.3562718795135594 0.1832921810705025 0.07988461273077023 0.17739517522212486
0 0.29140363974678873 0.2044369909003977 0.06881550570324592 0.17960754217451433
0 0.23905474646035868 0.2586409802211671 0.08860592996083712 0.19708490990882296
0 0.2197230523913873 0.30529628789223845 0.08433701147964173 0.12121473432018763
0 0.21574816971116073 0.3517448377466077 0.08930009000520327 0.09102439242815138
0 0.13946483752782698 0.2894253611466276 0.10182828210898431 0.16306945121833633
0 0.09951921774358034 0.2464097995855419 0.08929346316748013 0.16138138384175452
0 0.06443166791589626 0.1841265201819036 0.07758545910252153 0.20177252438596477
0 0.03307799442896936 0.20668316831683167 0.06615598885793872 0.1905940594059406
0 0.4268802228412256 0.41707920792079206 0.07520891364902507 0.024752475247524754
0 0.3447075208913649 0.4146039603960396 0.07938718662952646 0.0297029702970297
0 0.2698467966573816 0.4152227722772277 0.06197771587743733 0.028465346534653466
0 0.3800681461334191 0.27501628098326664 0.07189946487655469 0.12447716199311076
0 0.3859973212054288 0.36356250274882845 0.07508954201172113 0.11009458444920198
0 0.43873530384552734 0.3291604936260789 0.04800372189227496 0.1101499764204037
0 0.4957864183243096 0.35436122013443144 0.11228943702140148 0.12991649020654078
0 0.5052228412256268 0.3935643564356436 0.06615598885793872 0.07178217821782178
0 0.5285515320334262 0.3948019801980198 0.055710306406685235 0.06930693069306931
0 0.5616295264623955 0.4040841584158416 0.056406685236768804 0.050742574257425746
0 0.6065459610027855 0.09034653465346534 0.033426183844011144 0.17326732673267325
0 0.7911980306607963 0.31459281359647523 0.07637840049574801 0.17568864385514257
0 0.6674791086350975 0.4158415841584158 0.0786908077994429 0.027227722772277228
0 0.06754874651810584 0.9801980198019802 0.057103064066852366 0.039603960396039604
0 0.01532033426183844 0.8273514851485149 0.03064066852367688 0.09282178217821782
0 0.049163298001842604 0.8296075515207582 0.04797940380767072 0.10891235265802716
0 0.07188403669453497 0.7955252765104915 0.05597117849960909 0.09147337447343815
0 0.12865217978150648 0.8418593885001615 0.04476500858789987 0.12205730643955973
0 0.1660985690560912 0.8287506319149708 0.0529844916647176 0.15155424970434653
0 0.15459610027855153 0.9573019801980198 0.0807799442896936 0.0853960396039604
0 0.13231197771587744 0.9876237623762376 0.06128133704735376 0.024752475247524754
0 0.40186703115658096 0.9769299402323026 0.06111995607856415 0.03538671509242213
0 0.3961943053657751 0.9547372620352513 0.047371451692563564 0.07797175859862122
0 0.23990250696378831 0.9566831683168316 0.05083565459610028 0.08663366336633663
0 0.20374614460494797 0.950252288870826 0.05112084477362869 0.0920545275893659
0 0.2508556148117288 0.8781404137608615 0.058352132005111315 0.10660620418471664
0 0.08217270194986072 0.5080445544554455 0.06267409470752089 0.15717821782178218
0 0.30954038997214484 0.4566831683168317 0.08983286908077995 0.054455445544554455
0 0.43837047353760444 0.4931930693069307 0.08426183844011143 0.12747524752475248
0 0.25857765702758817 0.5426782886215807 0.08479020946368257 0.10893227821734647
0 0.20299442896935932 0.4535891089108911 0.0786908077994429 0.04826732673267327
0 0.2743733033320688 0.6181072525912108 0.08351904222653664 0.11493283398738523
0 0.2516746786979779 0.7421517041760575 0.07269311604505538 0.12952143856353693
0 0.24484574925532443 0.8032549441418989 0.05086219146642211 0.11423797379121697
0 0.20283642045829023 0.8151168449695131 0.053218826887319784 0.12813317974011923
0 0.29733944165652154 0.7031182033318268 0.06240881456259118 0.10098077449836286
0 0.3484381723715486 0.6918935783758012 0.044570463911065776 0.11215631634055011
0 0.3138392030216676 0.761079762346808 0.06793120903405123 0.09925577914097995
0 0.40301879723699363 0.6802000458151697 0.05883849369719679 0.13135867943224153
0 0.42016297308443823 0.5755170935937969 0.061007211278983654 0.06499590386853077
0 0.2965568548971788 0.8409633485601953 0.05480612922432116 0.13822173288097153
0 0.4238449588759841 0.8517416464060009 0.03959853976206353 0.10654935064459667
0 0.39141581650074847 0.9069857336676447 0.062287224139569976 0.09479265568648154
0 0.34624846488373384 0.9180320275770281 0.03597073710402025 0.09865470046573317
0 0.31197771587743733 0.9622524752475248 0.05013927576601671 0.07549504950495049
0 0.28962733969724686 0.9324821522251757 0.06331521053067285 0.0764158622926804
0 0.32888541151513584 0.8161348249976906 0.04262723592844069 0.1193007143520439
0 0.36652192265483446 0.7949346231965937 0.05424681327842265 0.10975638634631836
0 0.4198910661017857 0.7393523378320663 0.05275678327983855 0.10461832825497099
0 0.47197688326928877 0.6895269224400744 0.050117176467129744 0.11166894474554356
0 0.4691770048806496 0.7780077894547752 0.053954996263171115 0.09490490119780323
0 0.5100688111787457 0.762573689621414 0.05366317924792021 0.08005341604928838
0 0.46482298786305404 0.8939977238045167 0.05683778392192298 0.1002305223309933
0 0.4515321042728143 0.946044007359639 0.05692621063689923 0.0693837097925083
0 0.4640470279414343 0.9611107515355971 0.05550028926868714 0.03216121540030024
0 0.525421214515485 0.9398160374291198 0.03547552978849407 0.03810491763021875
0 0.5328934638072931 0.8581513331026887 0.04264270838960438 0.08474103052643045
0 0.5005770662316382 0.8835986685463815 0.045023661895106606 0.09987386023770894
0 0.5696378830083565 0.8719059405940595 0.0403899721448468 0.09034653465346534
0 0.5699860724233984 0.9133663366336634 0.03969359331476323 0.06683168316831684
0 0.5842618384401114 0.9096534653465347 0.011142061281337047 0.0594059405940594
0 0.5475936721520076 0.629087192762504 0.040343554761355586 0.10911837969027036
0 0.5691935749269004 0.6267987774951347 0.03593094655825217 0.1319767605289704
0 0.5503371929005711 0.7509462425961029 0.04231110082858507 0.1032116054411528
0 0.5682451253481894 0.7629950495049505 0.04317548746518106 0.1051980198019802
0 0.5793871866295265 0.7766089108910891 0.020891364902506964 0.09777227722772278
0 0.5772980501392758 0.6497524752475248 0.025069637883008356 0.10891089108910891
0 0.10359690496680309 0.757129782322309 0.050084012759085104 0.07463401339517764
0 0.9634401114206128 0.7172029702970297 0.07311977715877438 0.10767326732673267
0 0.9386037731659213 0.8652102564250829 0.0733076949978855 0.09010504120933975
0 0.8640503236486384 0.6599544672658475 0.08316311658091309 0.13216578513973135
0 0.8783316218699305 0.7293828754654387 0.08613433095464106 0.10664459373443642
0 0.8186210200652703 0.9241793701068923 0.0733651767905347 0.1283775963220819
0 0.8857154592064767 0.8741940876586589 0.04684529945471001 0.08654134341433396
0 0.8881981078621163 0.911707158608831 0.055800951907379236 0.08281000813680449
0 0.8259052924791086 0.4975247524752475 0.06545961002785515 0.13613861386138615
0 0.6653060125207345 0.6370834687124208 0.0622474335938019 0.1281147157497189
0 0.6288876096372528 0.6314403058201254 0.04906487199142271 0.12880811437696832
0 0.6143377178521695 0.6904810831101597 0.02491047569993645 0.13666437500611217
0 0.6399058764695656 0.712476235485709 0.04891011786035644 0.08558506421472135
0 0.6598189415041783 0.9622524752475248 0.03969359331476323 0.07549504950495049
0 0.767768768855433 0.7169726329987123 0.050764919128004904 0.1092874787417123