0 0.1813186813186813 0.541015625 0.051648351648351645 0.076171875
0 0.22391319119199013 0.5135894044032883 0.05185332654360002 0.11576275212150278
0 0.31622669951943905 0.3876263944882913 0.06066371564272486 0.11878334321229889
0 0.39609241393105904 0.5005777934211257 0.06876481829309856 0.09738419032867052
0 0.019230769230769232 0.517578125 0.038461538461538464 0.078125
0 0.013736263736263736 0.42724609375 0.027472527472527472 0.0751953125
0 0.061064652695478866 0.44104953009580516 0.043368617734904795 0.07856815500513137
0 0.006593406593406593 0.3037109375 0.013186813186813187 0.0703125
0 0.06976462113443331 0.049331497370097566 0.04717001752925448 0.0717719878261047
0 0.24259597434264873 0.13592926138793499 0.05316282608543431 0.0640219840447771
0 0.22527472527472528 0.0322265625 0.03956043956043956 0.064453125
0 0.4412087912087912 0.02197265625 0.03406593406593406 0.0439453125
0 0.4854047814858579 0.04210377446776581 0.043240749015464375 0.05903690500513137
0 0.5236263736263737 0.02392578125 0.051648351648351645 0.0478515625
0 0.5227260539867489 0.07736480619409444 0.042812773749482315 0.07758591103070661
0 0.3951642108826848 0.10700606149785138 0.04394364202824333 0.08248008647955613
0 0.3667398313386128 0.12976243566793896 0.045483305265070606 0.0658955684028304
0 0.3096417282475598 0.13718924650811412 0.05652346374185794 0.07382169789132564
0 0.21524249532389084 0.3222598543080225 0.04685073067479692 0.10692255635168002
0 0.13045109874720381 0.2542843043822234 0.045604780548539094 0.0844502559028304
0 0.06694180198794693 0.2896113241654956 0.040046340694313454 0.07462781615858272
0 0.5870879120879121 0.359375 0.025824175824175823 0.12109375
0 0.5651787534362424 0.35087015833666213 0.041164422101130665 0.07756886660743234
0 0.4993593844055294 0.2851400037932087 0.05323954731709864 0.0757407340447771
0 0.46327166010309556 0.35436547809245533 0.053201186701266535 0.0698813590447771
0 0.43139432302514924 0.43722021633351627 0.05621696375934424 0.11092539141690083
0 0.41781412105398463 0.3353029497324981 0.0417010857786371 0.07562142308185704
0 0.445180964360902 0.27691056652404766 0.04386052736060719 0.06978477397955607
0 0.47021913250466246 0.24051640620050863 0.047099689733562086 0.06102980032610472
0 0.43921654132245275 0.20519003751829526 0.046007182070633174 0.06199499987725515
0 0.4789650098278516 0.10760448039807533 0.052108679038337366 0.07084655859592753
0 0.4728021978021978 0.00830078125 0.03241758241758242 0.0166015625
0 0.582967032967033 0.0263671875 0.03406593406593406 0.052734375
0 0.3750898930477518 0.062288719577142784 0.03235403300200582 0.07454827551663615
0 0.38983516483516484 0.02490234375 0.04010989010989011 0.0498046875
0 0.35166472018242534 0.05129971349019513 0.03561237568287702 0.06872298936318472
0 0.33406331476416334 0.09054686140899987 0.03820618596680111 0.0453138967353085
0 0.5854395604395605 0.2744140625 0.02912087912087912 0.076171875
0 0.5934065934065934 0.2265625 0.013186813186813187 0.0625
0 0.1585164835164835 0.01025390625 0.03791208791208791 0.0205078125
0 0.9653846153846154 0.4345703125 0.06923076923076923 0.166015625
0 0.9887362637362638 0.4755859375 0.022527472527472527 0.197265625
0 0.7859665167982715 0.44858396339952133 0.09062174993179567 0.1630354553312361
0 0.8667257724694005 0.36229388643465676 0.07146130849671871 0.17357879122636932
0 0.9172974075726814 0.32319413130036634 0.08501216258979374 0.1454005155869884
0 0.9312952247675828 0.2371060722281101 0.08597680153328223 0.12490406603583804
0 0.823635076727207 0.28509748195257567 0.0750772986478797 0.13846231154734268
0 0.7810556633907036 0.24403104923328223 0.06611346708542619 0.11200422045654657
0 0.7415082031742799 0.2883882686290775 0.07093704674701265 0.09350066622636932
0 0.7093209769237622 0.3658747538573508 0.06170507581787774 0.11000564366114851
0 0.749580920306923 0.3464141967371308 0.07162715288784774 0.11499072270079425
0 0.6538461538461539 0.49560546875 0.08351648351648351 0.1669921875
0 0.6870782047691165 0.45155975379597835 0.07437440563510049 0.11501913007291797
0 0.6449267666985953 0.3919329521022601 0.052881899846808814 0.1050319275703524
0 0.6093406593406593 0.41748046875 0.01868131868131868 0.1181640625
0 0.7329670329670329 0.03466796875 0.05274725274725275 0.0693359375
0 0.8090659340659341 0.01708984375 0.06428571428571428 0.0341796875
0 0.8293956043956044 0.03076171875 0.04450549450549451 0.0615234375
0 0.7924271257056055 0.05054100032151276 0.05978819985870107 0.06897297423787419
0 0.7673076923076924 0.02734375 0.043406593406593405 0.0546875
0 0.9799450549450549 0.26708984375 0.04010989010989011 0.1455078125
0 0.9895604395604396 0.16259765625 0.020879120879120878 0.1201171875
0 0.9582690642342924 0.16065012350687208 0.06111087121662297 0.1031640246867237
0 0.9730769230769231 0.04931640625 0.05384615384615385 0.0986328125
0 0.7638400984883904 0.13238508721602515 0.05007710617580782 0.09621445769822845
0 0.8857142857142857 0.01806640625 0.03956043956043956 0.0361328125
0 0.6282967032967033 0.02294921875 0.0456043956043956 0.0458984375
0 0.6065934065934065 0.51171875 0.013186813186813187 0.087890625
0 0.6184065934065934 0.53125 0.036813186813186814 0.095703125
0 0.6301831518525941 0.15427633873845448 0.04507451030700469 0.0873742619284057
0 0.6082417582417582 0.2431640625 0.016483516483516484 0.0703125
0 0.9123626373626373 0.033203125 0.046703296703296704 0.06640625
0 0.8114664768013575 0.10503533019107092 0.0720167675379977 0.09058234167521895
0 0.5892857142857143 0.9404296875 0.02142857142857143 0.119140625
0 0.563460458936342 0.9362919463661267 0.05179578561985161 0.10697368962150278
0 0.5936813186813187 0.85205078125 0.012637362637362638 0.0751953125
0 0.5846153846153846 0.79052734375 0.03076923076923077 0.0888671875
0 0.5807692307692308 0.72119140625 0.038461538461538464 0.0615234375
0 0.556783167787012 0.7556846986103742 0.06143655150705284 0.06899001866114851
0 0.5733516483516483 0.6015625 0.0489010989010989 0.044921875
0 0.414010989010989 0.6044921875 0.04450549450549451 0.05078125
0 0.45523973041598337 0.6468639679173179 0.04051267657612768 0.06193818513300753
0 0.43049866457285046 0.6866732562536446 0.04375823238505475 0.054159773979556125
0 0.5092711014332542 0.632632467686479 0.03605953125677513 0.053103670837609473
0 0.5332417582417582 0.60205078125 0.04120879120879121 0.0458984375
0 0.4775530228383931 0.6139161837159027 0.03662816211414173 0.05603903981203423
0 0.5509599777561627 0.8314336293162591 0.04481237943215182 0.047335199428405694
0 0.5012668626828197 0.8788256434889123 0.05511166922447121 0.10993746596805132
0 0.44751341365826025 0.8935425842325389 0.06012705196521843 0.12073078673787419
0 0.34175824175824177 0.9521484375 0.054945054945054944 0.095703125
0 0.2826923076923077 0.95263671875 0.04120879120879121 0.0947265625
0 0.11950549450549451 0.98583984375 0.05 0.0283203125
0 0.12676235397065166 0.9583868435338116 0.04274244595378998 0.06684372353070656
0 0.15934065934065933 0.97314453125 0.045054945054945054 0.0537109375
0 0.23722090224605644 0.9181795264372223 0.04011666849000579 0.08537000365858272
0 0.20596238115289395 0.8017956295177966 0.04717641096522654 0.07274855032610472
0 0.2877340340652301 0.66031556761687 0.05150168756513867 0.06205181462150278
0 0.15540334044948537 0.8008534814148747 0.040563824063903894 0.06975068513300764
0 0.01730769230769231 0.8955078125 0.03461538461538462 0.076171875
0 0.01868131868131868 0.8046875 0.03736263736263736 0.08203125
0 0.003021978021978022 0.69921875 0.006043956043956044 0.072265625
0 0.025710056337038278 0.6727912559174811 0.03850667745748618 0.0912123342353085
0 0.07299138157958786 0.6347021521297392 0.03620018684815961 0.07458804583760947
0 0.3269230769230769 0.60595703125 0.03406593406593406 0.0537109375
0 0.30054945054945054 0.6064453125 0.03406593406593406 0.0546875
0 0.3265128174956709 0.8762378211059862 0.06253545260595382 0.06900138160999802
0 0.6167582417582418 0.900390625 0.033516483516483515 0.103515625
0 0.6101648351648352 0.705078125 0.02032967032967033 0.10546875
0 0.7637362637362637 0.62353515625 0.06483516483516484 0.0888671875
0 0.8706230738033306 0.7091527767120134 0.07918519842474295 0.09456245084274073
0 0.9188792055595421 0.7779944259370593 0.073805774777734 0.11208376109849327
0 0.9386757938738356 0.8642213555821926 0.07664253562859483 0.125784043470617
0 0.9566438595001299 0.6711514102273259 0.058797987171324465 0.08556317378902456
0 0.8153846153846154 0.61279296875 0.04725274725274725 0.0673828125
0 0.9936813186813187 0.76220703125 0.012637362637362638 0.0830078125
0 0.9648351648351648 0.609375 0.06703296703296703 0.060546875
0 0.8769230769230769 0.59375 0.04285714285714286 0.029296875
0 0.9228021978021979 0.5927734375 0.056593406593406594 0.02734375