0 0.4537144692114992 0.12560105746222783 0.06830669804391984 0.13626980376854533
0 0.3731672773559389 0.18122916329339359 0.08439372875107912 0.1693865531739813
0 0.3859039190897598 0.03146067415730337 0.0752212389380531 0.06292134831460675
0 0.0970200493730197 0.3877575157498317 0.08215010643543556 0.11103159015350444
0 0.032237673830594185 0.39269662921348314 0.06447534766118837 0.10674157303370786
0 0.01327433628318584 0.42921348314606744 0.02654867256637168 0.08089887640449438
0 0.1628713712206202 0.21872581191782803 0.05350767283689648 0.0910095136162855
0 0.11381555515606058 0.21816573650378973 0.06004999562710111 0.09622392835533676
0 0.25177870732857555 0.09030846487737652 0.0831931186641942 0.10668121467434845
0 0.12557738065040916 0.125094001342177 0.04944622905906247 0.11065820654414565
0 0.039973872055231924 0.09076246345224669 0.041908460034049626 0.08521907270397079
0 0.07638688981516069 0.1792660909809589 0.05868290456138958 0.11953142088668245
0 0.27465233881163087 0.024719101123595506 0.04993678887484197 0.04943820224719101
0 0.7612570810879802 0.20400807047005529 0.06671066012915683 0.12938422419152168
0 0.7059717028447065 0.0960366193620132 0.07926606302053636 0.11628955132330465
0 0.9197218710493047 0.3887640449438202 0.07079646017699115 0.16179775280898875
0 0.8751580278128951 0.4 0.07142857142857142 0.1393258426966292
0 0.8430515891148377 0.32058563487999175 0.0651223587890431 0.1481973347003956
0 0.8769881694227462 0.3076918822369087 0.07281829894520754 0.1513085649715268
0 0.8663968676262205 0.22659876923281494 0.06901789486107573 0.12517785525568148
0 0.9898862199747156 0.3853932584269663 0.020227560050568902 0.11910112359550562
0 0.9791403286978508 0.31179775280898875 0.041719342604298354 0.12022471910112359
0 0.9974715549936789 0.3061797752808989 0.0050568900126422255 0.11348314606741573
0 0.8301337111497678 0.1794521655969941 0.07973226656631527 0.11299076807810868
0 0.9759797724399494 0.12191011235955056 0.04804045512010114 0.1
0 0.8249153549916747 0.09897108040199284 0.05609915698646799 0.11811981229443289
0 0.7700756923115041 0.102221355929676 0.07170451099854837 0.10313796477326957
0 0.8760890017218895 0.059549738879560575 0.05675505123502362 0.10590426827595105
0 0.9152970922882427 0.039887640449438204 0.06700379266750948 0.07977528089887641
0 0.95448798988622 0.04325842696629213 0.04677623261694058 0.08651685393258426
0 0.7961441213653603 0.015730337078651686 0.06257901390644753 0.03146067415730337
0 0.3131904925514998 0.8488524974811408 0.09235070860094577 0.12671838080140732
0 0.3239494218729028 0.6651655443585905 0.10030711517778688 0.1734338259766658
0 0.5856510745891277 0.9168539325842696 0.048672566371681415 0.1662921348314607
0 0.19876761106303256 0.6631964438604586 0.07847578063780485 0.13854545162069043
0 0.032237673830594185 0.7955056179775281 0.06447534766118837 0.12134831460674157
0 0.2627493905306545 0.628585954288039 0.08171542246128186 0.12774151619445817
0 0.06154416690151176 0.6464481384050679 0.07695882828861716 0.12049592025914484
0 0.021491782553729456 0.6651685393258427 0.04298356510745891 0.12808988764044943
0 0.05027734278329299 0.5580156529786282 0.06494097793394189 0.09342916801174639
0 0.17003792667509482 0.5303370786516854 0.07079646017699115 0.12134831460674157
0 0.1959544879898862 0.5308988764044944 0.06447534766118837 0.12247191011235956
0 0.14917825537294563 0.5162921348314606 0.07458912768647281 0.09325842696629214
0 0.31510745891276865 0.4853932584269663 0.08280657395701643 0.03146067415730337
0 0.26232616940581543 0.5241573033707865 0.0922882427307206 0.10898876404494381
0 0.0881795195954488 0.5174157303370787 0.06257901390644753 0.09550561797752809
0 0.5391908975979772 0.5185393258426966 0.06700379266750948 0.09775280898876404
0 0.5900758533501896 0.49775280898876406 0.03982300884955752 0.056179775280898875
0 0.5986093552465234 0.6106741573033708 0.022756005056890013 0.149438202247191
0 0.622629582806574 0.8426966292134831 0.025284450063211124 0.1258426966292135
0 0.9573324905183312 0.9657303370786516 0.07269279393173199 0.06853932584269663
0 0.9829329962073325 0.7882022471910113 0.03413400758533502 0.09550561797752809
0 0.9601987676918291 0.6971382359227087 0.06030272547312802 0.11412945317356644
0 0.9832490518331226 0.6837078651685393 0.03350189633375474 0.10224719101123596
0 0.993046776232617 0.6702247191011236 0.01390644753476612 0.10674157303370786
0 0.9854614412136536 0.5764044943820225 0.029077117572692796 0.09662921348314607
0 0.9127675007358709 0.5699501115167541 0.059433357524820596 0.14754930525547405
0 0.9532237673830595 0.5117977528089888 0.04804045512010114 0.08426966292134831
0 0.984197218710493 0.499438202247191 0.0316055625790139 0.05955056179775281
0 0.7920353982300885 0.5162921348314606 0.061946902654867256 0.09325842696629214
0 0.7570781555078332 0.6058458762361034 0.045155838432176694 0.10011382736363608
0 0.7916507153546469 0.6058734719076271 0.055546131300463326 0.1068838572382531
0 0.8637310261079363 0.6336367613174598 0.05147695094797947 0.10083386008021544
0 0.8308374580287866 0.6421801384813869 0.05270965387951483 0.0875667238277736
0 0.8159341310766488 0.8438303912733701 0.11558065377826453 0.15171040542179462
0 0.8362374816784937 0.7327375815911209 0.06828291504694449 0.14855735105868512
0 0.6503138198609913 0.70988322646526 0.06784049449814093 0.13956858701374145
0 0.6235777496839444 0.6932584269662921 0.02718078381795196 0.11685393258426967
0 0.6232616940581542 0.5213483146067416 0.02654867256637168 0.10337078651685393
0 0.7951779016100761 0.7286191666861639 0.06866229645249794 0.13072382951211342