0 0.02347560975609756 0.2678958785249458 0.04695121951219512 0.0911062906724512
0 0.07556713800247937 0.2952050918560245 0.07800722344116535 0.09161186847842163
0 0.29293073964089406 0.3241140626678067 0.054893260656666734 0.09547068623132261
0 0.3226891741058669 0.2406508246125432 0.08132565631235787 0.1122823459918113
0 0.41661264656494545 0.26429265786739525 0.05763032189170744 0.11829774069322731
0 0.49900777700455257 0.2600311255662308 0.05270969641910569 0.11494298101019858
0 0.569952877604932 0.1985757526258239 0.06069278478747969 0.0728203180476903
0 0.6064024390243903 0.2418655097613883 0.04695121951219512 0.07809110629067245
0 0.5757159015135092 0.31749075549093125 0.04973136726208678 0.07367774867410708
0 0.5854157399744035 0.27538071297687067 0.05408481332924123 0.0802736840041329
0 0.37090146285982345 0.33169477291080324 0.05279433998059631 0.07482544961482888
0 0.38814519527135466 0.2957077788439918 0.06534426769943094 0.10219282604582842
0 0.27682926829268295 0.37418655097613884 0.03780487804878049 0.03036876355748373
0 0.044979477686761186 0.3488166248061491 0.0381743858698374 0.07560715755055757
0 0.275 0.37852494577006507 0.04024390243902439 0.021691973969631236
0 0.8076219512195122 0.049891540130151846 0.07621951219512195 0.09978308026030369
0 0.8489081764782517 0.10673808715724245 0.05069643895000016 0.1474304601708533
0 0.8841323627411108 0.09499087791046633 0.05876519052533878 0.15844051298549344
0 0.9370394758332381 0.08360966166868307 0.06245211157211393 0.16068543307314467
0 0.9850609756097561 0.06344902386117136 0.029878048780487804 0.12689804772234273
0 0.9917682926829269 0.3362255965292842 0.016463414634146342 0.08026030368763558
0 0.9057900924101757 0.3509313097892435 0.06121738750081305 0.06632534630524878
0 0.9015243902439024 0.37147505422993493 0.06402439024390244 0.03579175704989154
0 0.9676829268292683 0.35900216919739697 0.05731707317073171 0.06073752711496746
0 0.8318623705624792 0.19751624617004493 0.09930661998642283 0.135424911664917
0 0.83730657910294 0.29418435526783226 0.06905957320761526 0.10660694353044277
0 0.7621154938111651 0.2606237580550704 0.08294204114447161 0.09605122685993217
0 0.738640138966436 0.23681268854824344 0.06089147601734422 0.08800469982643216
0 0.7130093494341866 0.21458434551957087 0.058339423604200615 0.12590255203104658
0 0.6819901006388208 0.1846502275654952 0.05546145970758819 0.1854797577568444
0 0.650609756097561 0.19251626898047722 0.041463414634146344 0.1399132321041215
0 0.6399390243902439 0.29392624728850325 0.020121951219512196 0.08893709327548807
0 0.6716463414634146 0.0455531453362256 0.08353658536585366 0.0911062906724512
0 0.7780487804878049 0.3774403470715835 0.0475609756097561 0.02386117136659436
0 0.47488820513097535 0.5203585343626035 0.07646179976257472 0.1132659811027087
0 0.42500046841976935 0.6272727792099004 0.07939704240474268 0.10465229375709632
0 0.5036802933511921 0.6272739190119742 0.04839882704406491 0.1116008417756177
0 0.5362528266746067 0.6084200262070516 0.036898614574634274 0.11786864544599443
0 0.37171649647986416 0.7373714076861779 0.04883827637317079 0.09859827784228681
0 0.4217453907640105 0.6895867225787982 0.05587150492981034 0.07705774925403226
0 0.4541542036115851 0.7298560792895689 0.06805243465032507 0.07622555952451118
0 0.19247811772655798 0.591540704996028 0.05263873526558272 0.10951998751779077
0 0.23129570097976937 0.7013758237909952 0.06703161368506778 0.09138470040635685
0 0.06402439024390244 0.42516268980477223 0.0524390243902439 0.07158351409978309
0 0.10945121951219512 0.4175704989154013 0.05426829268292683 0.05639913232104121
0 0.12912862317523016 0.46872157300637785 0.04862590273533875 0.12895442095132267
0 0.09457805804810278 0.47560070855843495 0.0565527320036315 0.1291184867811471
0 0.09355621743737101 0.5536918148491075 0.05560236236915998 0.10307549756914164
0 0.00548780487804878 0.45281995661605207 0.01097560975609756 0.09869848156182212
0 0.12248364167201865 0.6036531473797481 0.06820854918807594 0.08815614520780836
0 0.11659084839615147 0.6811009907335954 0.04337885595653117 0.10065389120321779
0 0.1701997121740512 0.6860076856417077 0.061401886499972934 0.08042512938550908
0 0.06161319908936283 0.7108825235042211 0.04505200971146351 0.08876116686526465
0 0.02347560975609756 0.7337310195227765 0.04695121951219512 0.08134490238611713
0 0.09298780487804878 0.9934924078091106 0.04939024390243903 0.013015184381778741
0 0.09817073170731708 0.9750542299349241 0.04878048780487805 0.049891540130151846
0 0.19236810723711334 0.9262277466167261 0.06476238624054198 0.05772427940808439
0 0.2628869310936175 0.9439606991139211 0.03566440032607053 0.07013368226435786
0 0.2841463414634146 0.972885032537961 0.04390243902439024 0.05422993492407809
0 0.2548780487804878 0.9880694143167028 0.03902439024390244 0.02386117136659436
0 0.1685037406048506 0.8156172301102542 0.049788136184905095 0.07801614346803333
0 0.12594726929508088 0.921598321640446 0.04169100014815718 0.0648368932564303
0 0.1334779906604874 0.8355052398198661 0.03723871828880761 0.09727389062329286
0 0.013109756097560975 0.8785249457700651 0.02621951219512195 0.07592190889370933
0 0.0779253010987936 0.9325382021205727 0.0445836660982114 0.05296940981537311
0 0.04590575495012152 0.9557431101678695 0.037479476388048806 0.06908694491122035
0 0.02420315438662557 0.9129831145587355 0.03523914322766944 0.08422084489617007
0 0.1302099953308668 0.7822778706793574 0.0549353275260434 0.052099358740507994
0 0.5617135643497693 0.6203383713759252 0.046895470234851085 0.08988362690909027
0 0.5751066552386854 0.645568101531082 0.047789070946503934 0.11158822132716985
0 0.4774390243902439 0.9598698481561823 0.036585365853658534 0.08026030368763558
0 0.5089306125748233 0.9485107507134608 0.03624577196222207 0.06797710531584258
0 0.6128048780487805 0.6377440347071583 0.03414634146341464 0.0737527114967462
0 0.5159433175195118 0.9020055213874579 0.052127814960216734 0.07047443437245479
0 0.5219493937296472 0.8392060706873358 0.0342178124396746 0.05275486219175667
0 0.5715877467580485 0.8445730320297765 0.06561341026008116 0.07617507773071928
0 0.5540743619631296 0.9011674013677378 0.03244531306981028 0.057055395640338874
0 0.6240853658536586 0.7570498915401301 0.011585365853658536 0.0824295010845987
0 0.3908523425767747 0.7898423097878537 0.05764400429967481 0.07275721580545005
0 0.3611157062805958 0.8250282853122399 0.04618636852235784 0.08227881557127148
0 0.7110929298692953 0.5792489167958638 0.062381150418590825 0.15526243958073685
0 0.6390243902439025 0.5856832971800434 0.018292682926829267 0.1279826464208243
0 0.6625 0.44468546637744033 0.06524390243902439 0.11062906724511931
0 0.9658536585365853 0.7684381778741866 0.06829268292682927 0.1399132321041215
0 0.8681238642236176 0.8141236066392854 0.06500416398525746 0.12278758086853012
0 0.8253765625334415 0.8647712338742454 0.061700433167506875 0.14982682563988095
0 0.7518292682926829 0.9696312364425163 0.0475609756097561 0.06073752711496746
0 0.7957317073170732 0.9896963123644251 0.07073170731707316 0.020607375271149676
0 0.8984756097560975 0.9419739696312365 0.06524390243902439 0.11605206073752712
0 0.9478658536585366 0.9370932754880694 0.060365853658536583 0.12581344902386118
0 0.7484763330872356 0.8686040508622013 0.054893260656666734 0.09547068623132261
0 0.6942073170731707 0.9663774403470716 0.057926829268292686 0.06724511930585683
0 0.6551829268292683 0.9723427331887202 0.05060975609756098 0.055314533622559656
0 0.7844795625706367 0.9371550066484048 0.07528435443682929 0.06986941271499825
0 0.7860115587526284 0.8899938939371289 0.046385059752222374 0.09746319735001334
0 0.7413004174894441 0.927582165220742 0.04875312298894317 0.09209068565139744