0 0.2484590311441738 0.5154315296189621 0.09408047221437323 0.12890474161220666
0 0.3952473864762455 0.34498203594269733 0.08811369386279919 0.14555265903290787
0 0.43215339233038347 0.3005249343832021 0.05457227138643068 0.10761154855643044
0 0.22971976401179942 0.013779527559055118 0.049410029498525077 0.027559055118110236
0 0.2743362831858407 0.007874015748031496 0.0471976401179941 0.015748031496062992
0 0.433259587020649 0.09776902887139108 0.05235988200589971 0.07217847769028872
0 0.4269502049065748 0.14962104514018 0.046124810307026545 0.08795984859648477
0 0.38756030228261457 0.0984982589308127 0.06603631473180531 0.089197198696586
0 0.28467121808202056 0.045402787450723216 0.07052816682969221 0.0724576257129144
0 0.30709171634285737 0.08626226908915077 0.07262191442801229 0.0882973127719479
0 0.3317532586706818 0.2864414211332937 0.05748066299055921 0.11484815669738303
0 0.24448774548210345 0.33429791867096187 0.0709973366092369 0.14056161218473168
0 0.2056573433116706 0.2595301713267575 0.09865995631159333 0.1331167161751338
0 0.11742483587754642 0.2849623881246233 0.05312295756632204 0.09755865033588855
0 0.1467401727177921 0.2256114801015902 0.07270954642734566 0.10924886031854662
0 0.015486725663716814 0.07939632545931759 0.030973451327433628 0.09317585301837271
0 0.026610692132126416 0.028050727972886318 0.03941551505753901 0.048268975385930654
0 0.09677569653680966 0.18961805033823528 0.05454631537462334 0.09633796994085377
0 0.5140117994100295 0.04002624671916011 0.10914454277286136 0.08005249343832022
0 0.6112748692924719 0.11848318610271653 0.08227061106450595 0.2027913355888012
0 0.4723451327433628 0.22440944881889763 0.025811209439528023 0.1732283464566929
0 0.4948377581120944 0.5544619422572179 0.07079646017699115 0.09055118110236221
0 0.8196902654867256 0.024934383202099737 0.07448377581120944 0.049868766404199474
0 0.7938790560471977 0.05905511811023622 0.09070796460176991 0.11811023622047244
0 0.741104443170903 0.10681800849255356 0.11570924022833083 0.15512230269589294
0 0.6792375918587642 0.16677716604624687 0.0857465991461099 0.14147816781443634
0 0.719352323181893 0.35936560388380295 0.10809227162440273 0.12977546946042617
0 0.7098428269901189 0.4508624986922885 0.1265339035665641 0.18721412684732688
0 0.7125680303607469 0.2780382674164294 0.10930935565115951 0.12330544523337024
0 0.6043510324483776 0.494750656167979 0.09218289085545722 0.2099737532808399
0 0.5509840696066004 0.48637677178711497 0.12235146214099384 0.21182771557903007
0 0.5051622418879056 0.4520997375328084 0.09144542772861357 0.14566929133858267
0 0.5154867256637168 0.3536745406824147 0.11209439528023599 0.1325459317585302
0 0.5564294225767864 0.19729623877407826 0.0893668414435034 0.15872184639444553
0 0.5477756877158382 0.1165105008319943 0.10483300844471163 0.1217181425864536
0 0.6806784660766961 0.5564304461942258 0.11209439528023599 0.08661417322834646
0 0.9535398230088495 0.4035433070866142 0.09292035398230089 0.22965879265091863
0 0.8839870900268799 0.36499202330199165 0.10912869430319394 0.2123151514703011
0 0.8539133878190532 0.2743241820790591 0.11855595584493325 0.15268094190582338
0 0.9878318584070797 0.19028871391076116 0.024336283185840708 0.10761154855643044
0 0.9690265486725663 0.07283464566929133 0.061946902654867256 0.1325459317585302
0 0.9535398230088495 0.547244094488189 0.09292035398230089 0.10498687664041995
0 0.9059734513274337 0.505249343832021 0.09955752212389381 0.1889763779527559
0 0.8374439912292375 0.1384578268297067 0.08691211472748074 0.1336958076293753
0 0.9332595870206489 0.0557742782152231 0.07890855457227139 0.1115485564304462
0 0.30715339233038347 0.6620734908136483 0.07890855457227139 0.12467191601049869
0 0.24446902654867256 0.6496062992125984 0.08333333333333333 0.09973753280839895
0 0.015117994100294985 0.755249343832021 0.03023598820058997 0.16929133858267717
0 0.5416666666666666 0.9803149606299213 0.1275811209439528 0.03937007874015748
0 0.4882005899705015 0.9435695538057742 0.05752212389380531 0.11286089238845144
0 0.6928466076696165 0.9291338582677166 0.09070796460176991 0.14173228346456693
0 0.6305309734513275 0.931758530183727 0.09144542772861357 0.13648293963254593
0 0.5696902654867256 0.9304461942257218 0.11135693215339233 0.13910761154855644
0 0.5587501744082739 0.8468795962810387 0.09514285090497186 0.11849770951113513
0 0.7708041882551234 0.7745470211710186 0.1269413973585827 0.14141985166159893
0 0.8308740682135837 0.8637900476490897 0.13233047169054116 0.18495607718319826
0 0.7486856917991125 0.9047265779973831 0.0850812631271611 0.18071076321013804
0 0.9800884955752213 0.9094488188976378 0.03982300884955752 0.18110236220472442
0 0.9137168141592921 0.9153543307086615 0.10324483775811209 0.16929133858267717
0 0.633480825958702 0.6213910761154856 0.08112094395280237 0.04330708661417323
0 0.5715339233038348 0.6417322834645669 0.07964601769911504 0.08398950131233596
0 0.5025811209439528 0.8398950131233596 0.08628318584070796 0.1732283464566929
0 0.49594395280235987 0.652230971128609 0.07300884955752213 0.10498687664041995
0 0.9362094395280236 0.6213910761154856 0.08480825958702065 0.04330708661417323
0 0.8989675516224189 0.6561679790026247 0.07227138643067847 0.11286089238845144