0 0.051215277777777776 0.3096707818930041 0.05613425925925926 0.03909465020576132
0 0.15013373540203764 0.2784042341427229 0.046555539870048394 0.08065473785417446
0 0.11284269790956951 0.2687600486364163 0.06735520520679052 0.07101315589678309
0 0.14032121635535033 0.18252508150511354 0.051747039205086116 0.07567232590392114
0 0.20101776925105688 0.20121563519085137 0.04366202135152988 0.08056494842553118
0 0.13872165354926574 0.052443901183353 0.034375827694997634 0.07204716957897621
0 0.2789351851851852 0.026234567901234566 0.041666666666666664 0.05246913580246913
0 0.21339968232448692 0.04241128454164516 0.03959762822696743 0.07632401688798228
0 0.04548470465961666 0.07539684918072244 0.045980202966003775 0.0816655865528079
0 0.015046296296296295 0.02109053497942387 0.03009259259259259 0.04218106995884774
0 0.8564814814814815 0.3019547325102881 0.06597222222222222 0.05452674897119342
0 0.9470486111111112 0.3045267489711934 0.06770833333333333 0.04938271604938271
0 0.9866898148148148 0.2463991769547325 0.02662037037037037 0.07304526748971193
0 0.9605733068803185 0.25910965422343984 0.03840318602330965 0.06497122868854145
0 0.9295268053408628 0.28630496901115543 0.04880975229099907 0.06220805087857028
0 0.8922593354460086 0.26945913741431393 0.04079207043062533 0.08767680508742311
0 0.8391616836907803 0.22738698306595595 0.05931058894914359 0.08825145743073891
0 0.8789190419827235 0.1906630407330517 0.050010928093975074 0.07561845224673527
0 0.8897569444444444 0.00977366255144033 0.048032407407407406 0.01954732510288066
0 0.9109415295856588 0.04205059110487491 0.033194852689976316 0.06480960771698394
0 0.940161016423207 0.042686927752122863 0.03550630070513231 0.06385263267553626
0 0.8428763154884591 0.15320516167751014 0.05063340019324711 0.08901089572917173
0 0.8193851396127454 0.08192497408703373 0.04012919673544352 0.061938682592640966
0 0.8174724644383629 0.047522806110952207 0.030866570676525176 0.06062254983662092
0 0.8266782407407407 0.020061728395061727 0.041087962962962965 0.040123456790123455
0 0.7847222222222222 0.024691358024691357 0.03819444444444445 0.04938271604938271
0 0.7100084562129158 0.08583341778192376 0.047652344883591664 0.06217213510711299
0 0.7638194836582124 0.08673535087006758 0.05055933060074677 0.06637715087320466
0 0.7231387105351703 0.05199315136126032 0.04239687635503065 0.047607221954485524
0 0.6354166666666666 0.018518518518518517 0.037037037037037035 0.037037037037037035
0 0.5926460755494739 0.05449944471652066 0.04713087677409288 0.07964388915554078
0 0.7724813288968106 0.18059280611040976 0.057012608132624445 0.09332365880963514
0 0.7071759259259259 0.2978395061728395 0.04976851851851852 0.06275720164609054
0 0.6157407407407407 0.3045267489711934 0.04976851851851852 0.04938271604938271
0 0.5703125 0.30504115226337447 0.05150462962962963 0.04835390946502058
0 0.6126092840897576 0.23133107557562382 0.04884678708724937 0.07352492330655382
0 0.6521612676024946 0.2573643348888101 0.052356044105721894 0.0849495430489091
0 0.5216536749371644 0.17603187056142042 0.04887035468486308 0.08072656939708879
0 0.45762611248608637 0.20270757495912414 0.034944430999724024 0.06897870771161838
0 0.38425925925925924 0.3148148148148148 0.04050925925925926 0.02880658436213992
0 0.41204636576068526 0.250413565285117 0.048224314987977135 0.0601324798241173
0 0.37047435532213846 0.045963174070878236 0.04300924805532557 0.05791324568383551
0 0.3365162037037037 0.029320987654320986 0.029513888888888888 0.05864197530864197
0 0.3419545840571898 0.09674022981314434 0.030331635368389936 0.0739790775476001
0 0.3151041666666667 0.12037037037037036 0.030671296296296297 0.06584362139917696
0 0.2740162037037037 0.9418724279835391 0.05150462962962963 0.11625514403292181
0 0.24402624563105332 0.9272535407043253 0.08838717972001181 0.13235922826037982
0 0.12338412908245579 0.5719801777078127 0.04194611103837339 0.08668391427451813
0 0.11687866615586168 0.6148731877018564 0.054132556812742386 0.09734909571844054
0 0.1386690823168849 0.6754047798137162 0.04721841356523008 0.10639286034895643
0 0.21991168593156704 0.5160066506393475 0.040785336831306904 0.08561919191869882
0 0.11437925611629218 0.4061242194478493 0.035590470696610026 0.08957279728458976
0 0.1490162037037037 0.3631687242798354 0.05844907407407408 0.06790123456790123
0 0.25405092592592593 0.3549382716049383 0.04282407407407408 0.051440329218107
0 0.27835648148148145 0.3359053497942387 0.04282407407407408 0.013374485596707819
0 0.20225694444444445 0.367798353909465 0.041087962962962965 0.07716049382716049
0 0.6116645109477106 0.8244328643625666 0.07436698564441739 0.09180478221276937
0 0.5921034420478591 0.6131272339844674 0.07327691423019216 0.112344998128555
0 0.6364283370945707 0.5068241630641541 0.07614686515109684 0.10523314146666307
0 0.5617570419186678 0.5147991665371378 0.04664644346084454 0.108432515631952
0 0.531307761481041 0.5363180872251331 0.03624997759213263 0.11428211319500982
0 0.683949569710289 0.3963070974348849 0.04718474556863873 0.09610479450533502
0 0.6377810188822068 0.4471174653996928 0.05348651711585638 0.07675500614546915
0 0.6060667863669132 0.4131257252464541 0.06506059118993045 0.07711416386004158
0 0.8580213536182023 0.5153783915955251 0.0506906357874523 0.10650060766332817
0 0.8181330759772181 0.41528901609399343 0.06395031897775072 0.09148154026965424
0 0.9620949074074074 0.8122427983539094 0.07581018518518519 0.10802469135802469
0 0.9797453703703703 0.6903292181069959 0.04050925925925926 0.13786008230452676
0 0.9421617542755627 0.708220812365089 0.052514283689700604 0.1333034525139297
0 0.9216044985142771 0.624505156333624 0.04727901595909408 0.12491137886747494
0 0.9540422071186164 0.614240255473562 0.054805530906901316 0.12617363796630904
0 0.9528378574348138 0.5402110761138095 0.053567320307675144 0.10144636417016052
0 0.9240491280348001 0.4963558839804873 0.06509425918652154 0.08740222970366297
0 0.927474407980627 0.4221830415349059 0.04198314583462356 0.09800078670250167
0 0.8765501654545305 0.4232489321868433 0.05870495084816696 0.0800030468701132
0 0.9782986111111112 0.38786008230452673 0.043402777777777776 0.08641975308641975
0 0.9117476851851852 0.34156378600823045 0.052662037037037035 0.024691358024691357
0 0.5070325071224174 0.5278130591664758 0.04542506685991391 0.08884927475761417
0 0.4937963915297328 0.505592345682267 0.04607110655679992 0.10944336433058555
0 0.44486057717034916 0.5179122561621378 0.058684750050212335 0.07383020736394036
0 0.42216435185185186 0.36419753086419754 0.048032407407407406 0.06995884773662552
0 0.3451920420277743 0.6495928566098633 0.04370578974709834 0.09393943402223899
0 0.39703315870448336 0.633582333656082 0.05468095931951402 0.08810779434490987
0 0.38032313748974705 0.6119837707784259 0.05116496870172327 0.0746255614338303
0 0.3107638888888889 0.6332304526748971 0.02199074074074074 0.06481481481481481
0 0.4105169269909454 0.4917173758773938 0.048295017780818586 0.08173741809572223
0 0.3041087962962963 0.5416666666666666 0.008680555555555556 0.06893004115226338
0 0.3119212962962963 0.38837448559670784 0.024305555555555556 0.060699588477366256
0 0.5384837962962963 0.33539094650205764 0.03298611111111111 0.012345679012345678
0 0.4913194444444444 0.3420781893004115 0.0625 0.0257201646090535
0 0.43075996574060044 0.40622128560987997 0.03845368801819648 0.08040332745397366
0 0.6640625 0.35699588477366256 0.05497685185185185 0.05555555555555555
0 0.6912615740740741 0.3405349794238683 0.04456018518518518 0.02263374485596708