0 0.3901869158878505 0.45902612826603323 0.10747663551401869 0.060570071258907364
0 0.25433911882510013 0.3885916455317329 0.0814419225634179 0.1750519585184454
0 0.16121495327102803 0.34561169922530083 0.09012016021361816 0.1627969717377798
0 0.20627503337783712 0.2808402917412091 0.09612817089452604 0.13485358695576957
0 0.24566088117489987 0.23441266825225493 0.06742323097463285 0.14405366473585166
0 0.3060747663551402 0.26381539506328194 0.08344459279038718 0.10754272257764864
0 0.3364485981308411 0.3993444283680582 0.1054739652870494 0.14285086594622387
0 0.43324432576769023 0.39328845687632313 0.08477970627503338 0.12548193345480552
0 0.3678237650200267 0.344756345676487 0.09145527369826435 0.10947727525151625
0 0.41021361815754337 0.25588711291583016 0.06341789052069426 0.1448678610830035
0 0.48397863818424564 0.2703870421191841 0.06675567423230974 0.17130733720701208
0 0.5093457943925234 0.2282356221515408 0.06141522029372497 0.13874289274826582
0 0.5 0.1382519035172921 0.08477970627503338 0.11360544889423545
0 0.548064085447263 0.32660332541567694 0.022696929238985315 0.10451306413301663
0 0.548064085447263 0.042161520190023755 0.022696929238985315 0.08432304038004751
0 0.4325767690253672 0.11484713594910582 0.07810413885180241 0.11417067716878361
0 0.4499332443257677 0.020783847980997625 0.050734312416555405 0.04156769596199525
0 0.42389853137516686 0.007719714964370546 0.0801068090787717 0.015439429928741092
0 0.062082777036048066 0.21233682419386574 0.08411214953271028 0.17886387195921996
0 0.1328437917222964 0.18020472846464683 0.08344459279038718 0.17048809074867002
0 0.1628838451268358 0.13642996591389045 0.08611481975967958 0.1291693628592783
0 0.17690253671562084 0.09949342985101174 0.102803738317757 0.11172303801613814
0 0.1822429906542056 0.05861544619986645 0.09946595460614152 0.10072299182087069
0 0.01568758344459279 0.09204275534441805 0.03137516688918558 0.12470308788598575
0 0.021695594125500667 0.14429928741092637 0.043391188251001335 0.11282660332541568
0 0.037383177570093455 0.16092636579572447 0.07476635514018691 0.13657957244655583
0 0.7086114819759679 0.42636579572446553 0.05941255006675567 0.12589073634204276
0 0.6505340453938585 0.2521592826218351 0.06742323097463285 0.15593014929642174
0 0.9502670226969292 0.153547533336698 0.044058744993324434 0.1466257879247989
0 0.8628170894526035 0.2109886486408291 0.06675567423230974 0.0917348906511926
0 0.7840453938584779 0.13935458445484192 0.06141522029372497 0.11023932980289765
0 0.8374499332443258 0.14031346528305655 0.03871829105473965 0.11643664037816678
0 0.880173564753004 0.14761263645394176 0.06008010680907877 0.0792359859091137
0 0.9799732977303071 0.13004750593824227 0.04005340453938585 0.13657957244655583
0 0.7750333778371161 0.04453681710213777 0.0520694259012016 0.08907363420427554
0 0.5317089452603472 0.919833729216152 0.05540720961281709 0.13895486935866982
0 0.3394526034712951 0.7095906642582356 0.05807743658210948 0.1289304950090552
0 0.5470627503337784 0.6953681710213777 0.024699599465954607 0.09144893111638955
0 0.47997329773030706 0.6198853940217982 0.049399198931909215 0.08061541053081357
0 0.5487316421895861 0.6217339667458432 0.021361815754339118 0.07719714964370546
0 0.5153538050734312 0.5999594886750035 0.04739652870493992 0.09705576286115902
0 0.4612817089452603 0.5077197149643705 0.04138851802403204 0.03681710213776722
0 0.5210280373831776 0.5237529691211401 0.0540720961281709 0.0688836104513064
0 0.5400534045393859 0.5089073634204275 0.03871829105473965 0.039192399049881234
0 0.48297730307076103 0.5296912114014252 0.06608811748998665 0.08076009501187649
0 0.02369826435246996 0.6481760319552408 0.04606141522029372 0.14562486552319467
0 0.012349799732977304 0.5742280285035629 0.024699599465954607 0.06532066508313539
0 0.8187583444592791 0.8074135317819662 0.0527369826435247 0.1498102310728744
0 0.7630173564753004 0.7603542082310565 0.0540720961281709 0.13449528518043508
0 0.6401869158878505 0.6453221790007472 0.06475300400534045 0.13786645438296322
0 0.5761014686248331 0.8111638954869359 0.03337783711615487 0.10926365795724466
0 0.9943257676902537 0.684085510688836 0.011348464619492658 0.09026128266033254
0 0.9526034712950601 0.6102546722258502 0.04672897196261682 0.0898676301066661
0 0.7560080106809078 0.5391923990498813 0.048731642189586116 0.0997624703087886