0 0.48291721419185285 0.32651869158878505 0.06964520367936924 0.125
0 0.5401537681228886 0.3196288520984588 0.06737886092751251 0.1385786460728088
0 0.5959264126149802 0.2727803738317757 0.04730617608409987 0.11799065420560748
0 0.3788929916335514 0.27075317028226475 0.09465233286620074 0.13242574038003443
0 0.29996891546579246 0.2700585350119539 0.07817294437415982 0.13074773030619619
0 0.2630277053517438 0.2577980926043506 0.07986243517192775 0.138966083261636
0 0.6028252299605782 0.1927570093457944 0.03350854139290407 0.10514018691588785
0 0.4807660477257032 0.194362436878957 0.07889693440416763 0.17509947080870028
0 0.4063731931668857 0.02511682242990654 0.06636005256241786 0.05023364485981308
0 0.10767321211330298 0.05877500121176375 0.0675264327500306 0.09892019419755724
0 0.07752956636005257 0.02161214953271028 0.06701708278580815 0.04322429906542056
0 0.18164946281998465 0.06692035440906345 0.0713077153685205 0.09553786988630633
0 0.026938239159001315 0.3598130841121495 0.05387647831800263 0.05841121495327103
0 0.5531934449158438 0.1287567235027034 0.06395968176067632 0.10697541570506969
0 0.5886990801576872 0.08936915887850468 0.06176084099868594 0.09929906542056074
0 0.5235264282800555 0.07987054283796212 0.07221947479234686 0.11539768297041848
0 0.08441581586286531 0.12824652051046623 0.06184112770463714 0.0894112683571065
0 0.054051679869036036 0.15187181211174472 0.05325953722926305 0.07397965529736518
0 0.032194480946123524 0.1991822429906542 0.06438896189224705 0.0852803738317757
0 0.9852168199737188 0.04731308411214953 0.02956636005256242 0.09462616822429906
0 0.9894875164257556 0.13434579439252337 0.02102496714848883 0.13551401869158877
0 0.9770039421813403 0.17757009345794392 0.045992115637319315 0.11682242990654206
0 0.2097952556677472 0.8542713150829987 0.07394916316141527 0.13878256038271777
0 0.011826544021024968 0.9223130841121495 0.023653088042049936 0.10397196261682243
0 0.06768224035363735 0.8182737313367189 0.058555976587685764 0.08930931120215214
0 0.00788436268068331 0.8510514018691588 0.01576872536136662 0.08761682242990654
0 0.03211544126164487 0.8119053890019199 0.059306837289660415 0.10566445138906803
0 0.018396846254927726 0.5075934579439252 0.03679369250985545 0.06191588785046729
0 0.026281208935611037 0.41238317757009346 0.04204993429697766 0.04672897196261682
0 0.26893409703928994 0.5478410253021376 0.07074451562371463 0.11185222721124034
0 0.2867139479871532 0.44719745205279693 0.06534081045072415 0.09418612270832268
0 0.32004165452753 0.5453325761572041 0.07034221460076052 0.13167125743337074
0 0.03590300780152738 0.5932537264822727 0.06393291952535918 0.07781059109041591
0 0.08553555190281027 0.565546889183469 0.05327297256524648 0.05998135513957101
0 0.0786637678841539 0.6793977797648701 0.05209294016835082 0.09144184549037375
0 0.027266754270696452 0.7266355140186916 0.054533508541392904 0.10514018691588785
0 0.013140604467805518 0.7108644859813084 0.026281208935611037 0.09462616822429906
0 0.048493956297160204 0.6486292714511385 0.058395077865834005 0.08580463830495562
0 0.06015304658331643 0.7314682831635368 0.07519626380157825 0.09449199417318627
0 0.515548614649062 0.679503110503581 0.06468367179068399 0.15132715620757367
0 0.5611317658137603 0.6826726514060474 0.07487435792122504 0.14464407330903586
0 0.5503978702874139 0.5940129096293126 0.08714350897315454 0.0831971883713594
0 0.5538438116895672 0.5332856375089017 0.06548827383659235 0.11168909576331311
0 0.5932982917214192 0.5257009345794392 0.052562417871222074 0.10747663551401869
0 0.6047963206307491 0.6191588785046729 0.02956636005256242 0.102803738317757
0 0.6080814717477004 0.6875 0.022996057818659658 0.08995327102803738
0 0.5717912790272739 0.4361569328722527 0.04930392055293803 0.08785560686921373
0 0.854905050340089 0.8791375276084307 0.0838180518482528 0.1250901316897872
0 0.6304204993429697 0.9129672897196262 0.021681997371879105 0.11565420560747663
0 0.6573587385019711 0.8580607476635514 0.07555847568988174 0.12733644859813084
0 0.7661454569521513 0.7845465326465816 0.07132104226785417 0.13870099465875427
0 0.8330886453900507 0.7094115019988867 0.08261125721604 0.12738579742593628
0 0.8411538971415862 0.6412233162359913 0.09462557063088359 0.10326091576538066
0 0.6678712220762155 0.42757009345794394 0.08475689881734559 0.07710280373831775
0 0.8360709592641261 0.43399532710280375 0.06504599211563732 0.08995327102803738
0 0.7501482766607417 0.516730448777524 0.06123773038853073 0.09055910122518106
0 0.7709452226257866 0.4793545105566342 0.05784531345701154 0.08812069547209558
0 0.9085128219384232 0.6000279645541662 0.06197515575452195 0.12091254156989098
0 0.6435611038107752 0.7663551401869159 0.047963206307490146 0.11448598130841121
0 0.6471747700394218 0.552570093457944 0.05519053876478318 0.0794392523364486