0 0.26624548736462095 0.30460385438972165 0.06799037304452467 0.08886509635974305
0 0.29123500906300626 0.20316297625438853 0.06715928552434818 0.09907602051472762
0 0.02707581227436823 0.029978586723768737 0.05415162454873646 0.059957173447537475
0 0.14957146391562015 0.09668669051327533 0.07225287905732995 0.11640600131434706
0 0.1266546329723225 0.02676659528907923 0.07882069795427196 0.05353319057815846
0 0.23990295406428033 0.0881307068373294 0.07185021260156252 0.09178073364839416
0 0.351670213027651 0.25790165253675823 0.05544072144991544 0.11784956958634311
0 0.388086642599278 0.2815845824411135 0.06257521058965103 0.1349036402569593
0 0.43832731648616124 0.3228051391862955 0.07160048134777376 0.05246252676659529
0 0.338305570543266 0.13755210123918504 0.04587272633836683 0.08428519177549383
0 0.35800240673886885 0.04336188436830835 0.06016847172081829 0.0867237687366167
0 0.4010228640192539 0.044967880085653104 0.04993983152827918 0.08993576017130621
0 0.37266197039472104 0.0772825328893635 0.050031997647202196 0.08124764017858689
0 0.2868541842101693 0.04820330331122889 0.048986193347651565 0.09083377452900311
0 0.2605294825511432 0.03854389721627409 0.06377858002406739 0.07708779443254818
0 0.19855595667870035 0.016595289079229122 0.04693140794223827 0.033190578158458245
0 0.21600481347773767 0.04068522483940043 0.06016847172081829 0.08137044967880086
0 0.5354993983152828 0.17184154175588864 0.031287605294825514 0.09957173447537473
0 0.8074608904933814 0.056745182012847964 0.06498194945848375 0.11349036402569593
0 0.9004738828567299 0.284549019093456 0.08440912406194474 0.12439904753181055
0 0.930643846183902 0.16774608853380804 0.061912756789387166 0.14593602845524628
0 0.8883595972258598 0.1796617931214836 0.05568582277081769 0.13283886294822772
0 0.9945848375451264 0.20182012847965738 0.010830324909747292 0.10599571734475374
0 0.8688237617606076 0.08738624070440072 0.05683667049361214 0.12967671146719004
0 0.9090228407717085 0.09267591703221409 0.0500495048844095 0.08231830399015005
0 0.9130565583634176 0.03158458244111349 0.048736462093862815 0.06316916488222699
0 0.8865824308062575 0.023554603854389723 0.06197352587244284 0.047109207708779445
0 0.16517149847001467 0.771399400755912 0.06934949889453286 0.12270538429959568
0 0.07799170913113376 0.7894542988633828 0.07067541898940036 0.13024987093419005
0 0.23109793437805518 0.6557903911040204 0.05478651502108562 0.11461265817482758
0 0.1465690808692723 0.6036545096120385 0.055381761086133394 0.15101522776797532
0 0.1450870062463458 0.528820182698334 0.06282494184343977 0.091406933996003
0 0.36163081850425965 0.6156111022337846 0.05298146086946107 0.11453789824434937
0 0.3914699530437668 0.6293543967543651 0.0455336501792682 0.10032022897211522
0 0.3145818879469242 0.7534419445758497 0.08721852938654517 0.1491239951050679
0 0.3699894036416988 0.7479373152731611 0.05959999275875108 0.11481201798943617
0 0.4075541497002722 0.7672453010586001 0.05632252196244048 0.13500511054817999
0 0.41599111929267707 0.6925351264330468 0.060400695737399736 0.09023659027713547
0 0.4608276993097337 0.6532302747316192 0.06646362596894308 0.13007543109640748
0 0.4981949458483754 0.6514989293361885 0.04332129963898917 0.12955032119914348
0 0.5090252707581228 0.7805139186295503 0.021660649819494584 0.1006423982869379
0 0.4790983837631744 0.896419584625457 0.07817575139121513 0.14767953164111358
0 0.5081227436823105 0.8715203426124197 0.023465703971119134 0.10920770877944326
0 0.4888688327316486 0.38490364025695933 0.04632972322503008 0.07173447537473233
0 0.2057917636684297 0.4567599572409463 0.06594484750488463 0.061577867133190675
0 0.27557160048134777 0.37955032119914345 0.056558363417569195 0.061027837259100645
0 0.40220037071032655 0.41438726281403665 0.05357207700162235 0.07711450479329063
0 0.021660649819494584 0.4475374732334047 0.04332129963898917 0.09635974304068523
0 0.41065524565240585 0.5408248248898159 0.053799671085317025 0.09103313434361184
0 0.43986965394497396 0.574387859912728 0.05100133434576376 0.10375650019823947
0 0.45586410758370216 0.4052100701013551 0.041590904369080334 0.07982809669145852
0 0.5069193742478941 0.39721627408993576 0.025872442839951864 0.07922912205567452
0 0.35142019179609746 0.4678474838456332 0.07074081800534293 0.060706563136236104
0 0.3518076659811011 0.4073798984691402 0.055289594967210386 0.071835945665953
0 0.7224480567255498 0.919927034102069 0.06478112247776965 0.13749531784687144
0 0.8294223826714802 0.9539614561027837 0.08604091456077016 0.09207708779443255
0 0.9846570397111913 0.974304068522484 0.030685920577617327 0.05139186295503212
0 0.9717208182912154 0.9561027837259101 0.0421179302045728 0.08779443254817987
0 0.8623563563540229 0.8579606693481787 0.06101344903965482 0.12770982368184627
0 0.8935278496405578 0.9005371268504865 0.0674569085568718 0.1172773053113015
0 0.9294308187712449 0.9295433868820591 0.04459288930296084 0.11633034619191045
0 0.9512635379061372 0.9475374732334048 0.044524669073405534 0.10492505353319058
0 0.751274592720647 0.8117392539885786 0.05500304051973339 0.09108297429726389
0 0.7081306804201741 0.7659138726823211 0.06382929301641567 0.11605712163878192
0 0.9369851916261906 0.4675519521925517 0.05663302229928491 0.08045109611211053
0 0.7823075468510325 0.4215312394354974 0.041503368183044086 0.07447477763364274
0 0.8918942504224587 0.6694980233442767 0.044347787982059135 0.1013410528300262
0 0.9196800101633589 0.6801165463490588 0.037676734381147214 0.0978549416502499
0 0.9433198821469142 0.6133362228069461 0.05252627270207145 0.08670063914370685
0 0.9840553549939831 0.42558886509635974 0.031889290012033694 0.06745182012847965
0 0.6923800256302439 0.6627821622886501 0.06939095202110787 0.0884690623064003
0 0.6781603497363149 0.4108655620529375 0.058046478580188916 0.09334890180452061
0 0.5388086642599278 0.5813704496788008 0.03790613718411552 0.10920770877944326
0 0.84373411654963 0.7281994235379718 0.06498657939137024 0.07651732054142286
0 0.7991785566875268 0.8054754605846528 0.06760340510669062 0.08946496618748526
0 0.8809464028976142 0.8058336670767773 0.06912834346299832 0.07240910513295276
0 0.8175774342286445 0.6731109723880788 0.06077478637091297 0.0763428807036403
0 0.7585925097385919 0.7135367754507009 0.06075727913370567 0.07527221689207712
0 0.7881888579236401 0.7053563818110624 0.06868422388065587 0.08202015946019513
0 0.7182810442924502 0.6231916260456807 0.04215757461187391 0.07771168904515827
0 0.6018721606374069 0.42472457723706797 0.04444176282025579 0.07031672227152039
0 0.6676446488491292 0.5391587672103013 0.060400695737399736 0.09023659027713547
0 0.9648663368120941 0.4171800179034724 0.031169684567261154 0.06762715515822038
0 0.5941636582430806 0.3576017130620985 0.05595667870036101 0.017130620985010708