0 0.49074074074074076 0.013374485596707819 0.08680555555555555 0.026748971193415638
0 0.32436342592592593 0.02263374485596708 0.06770833333333333 0.04526748971193416
0 0.25144675925925924 0.015432098765432098 0.052662037037037035 0.030864197530864196
0 0.1550925925925926 0.023148148148148147 0.04976851851851852 0.046296296296296294
0 0.21097958964289212 0.05834477127795241 0.046161725729051445 0.09613848291412908
0 0.17948853702336598 0.049069986893612486 0.04691119793418384 0.08491744535970058
0 0.14944502478706212 0.3040420538676383 0.03825307080650245 0.06881450247938316
0 0.28217646999713003 0.2647713352846667 0.05540632839779615 0.0804921739895526
0 0.35561410108964714 0.12519757170698537 0.060888913450364575 0.10453806492410202
0 0.3624947026270466 0.19603020351162342 0.055369243379407636 0.07946336740519047
0 0.38125338668088654 0.28425813068321726 0.050739613749778006 0.07908002791097028
0 0.4397848461711999 0.21935457252662002 0.0391206828199556 0.10889004183272921
0 0.13252314814814814 0.37294238683127573 0.04282407407407408 0.033950617283950615
0 0.054522517247037834 0.31977426952128807 0.032799798934963126 0.07759458737086718
0 0.008101851851851851 0.26286008230452673 0.016203703703703703 0.07304526748971193
0 0.033449461920485556 0.19135100940440442 0.047096623026127035 0.09006147828151104
0 0.4745592535444277 0.19966775003247045 0.048780992528334996 0.07276343609446476
0 0.5222800925925926 0.375 0.03530092592592592 0.029835390946502057
0 0.49971064814814814 0.36574074074074076 0.03761574074074074 0.04835390946502058
0 0.9328703703703703 0.03652263374485597 0.08564814814814815 0.07304526748971193
0 0.9137552808026752 0.18125775489987853 0.06297344631748782 0.13035406440671055
0 0.9800347222222222 0.09670781893004116 0.03993055555555555 0.15432098765432098
0 0.7537615740740741 0.37037037037037035 0.052662037037037035 0.03909465020576132
0 0.7939814814814815 0.35648148148148145 0.056712962962962965 0.0668724279835391
0 0.9273726851851852 0.3724279835390947 0.052662037037037035 0.03497942386831276
0 0.7661530808006242 0.11210775411823369 0.054908679484024614 0.13071202687618738
0 0.7197645155004587 0.06569867951694713 0.05091726700436144 0.11602123007445227
0 0.5836226851851852 0.043209876543209874 0.06770833333333333 0.08641975308641975
0 0.6838524678950834 0.3099274649979651 0.05282414661690131 0.10489602739357883
0 0.6411875045663985 0.34280837354772964 0.04698536797096114 0.08697505852842462
0 0.6383078615144314 0.09485471651043681 0.0489362173550444 0.12508881958660167
0 0.6617897748280773 0.10603067324079676 0.04632472239312046 0.11666669716459423
0 0.5708912037037037 0.09465020576131687 0.061921296296296294 0.08024691358024691
0 0.6398045882141843 0.272430957392478 0.04272658852521787 0.09687978487782607
0 0.5604745370370371 0.2330246913580247 0.041087962962962965 0.11008230452674897
0 0.5871308934211077 0.3157662245082307 0.07050436630299564 0.09917982184314694
0 0.8715353376946539 0.22648434246198865 0.05993935956277438 0.09420208164370321
0 0.7924051562794808 0.20813629534008138 0.05907863230247617 0.10233669944504505
0 0.7614250785379336 0.2850656355766624 0.05709069790000419 0.06319413180250633
0 0.28023305486854583 0.6335480467082836 0.07709950190722316 0.15408991030856053
0 0.3395174289405689 0.5815285295746019 0.06521409109552546 0.12848812098509638
0 0.41082178439153455 0.4628057137924569 0.0887779462833083 0.1099245216425093
0 0.4695709809892953 0.4999809061592274 0.07365747995023471 0.10662105511756954
0 0.5121527777777778 0.43775720164609055 0.05555555555555555 0.09567901234567901
0 0.5225694444444444 0.5632716049382716 0.034722222222222224 0.11625514403292181
0 0.5214120370370371 0.6579218106995884 0.037037037037037035 0.0874485596707819
0 0.46799609237384354 0.6803800208920787 0.04700002456147569 0.10338804644144145
0 0.4626419742593284 0.7799459425973359 0.048565367171157975 0.11480075374298004
0 0.49258278440178893 0.7542173443949743 0.05044981835582368 0.11905973239076129
0 0.5182291666666666 0.7494855967078189 0.043402777777777776 0.11213991769547325
0 0.5321180555555556 0.7685185185185185 0.015625 0.09465020576131687
0 0.44167362681664774 0.9105296660434523 0.050049654990908354 0.07594569072110646
0 0.3102488161717467 0.8740041194410683 0.06869408515510723 0.09697845636408998
0 0.2541106709938077 0.8852547126944846 0.07302703463762768 0.08913134318341305
0 0.28703682511655343 0.9423450445332752 0.04687411291579506 0.08388863877533843
0 0.18605324074074073 0.9557613168724279 0.08043981481481481 0.08847736625514403
0 0.05561097116265493 0.9247212796988107 0.04757872826517939 0.10343596387821886
0 0.2647569444444444 0.9814814814814815 0.05150462962962963 0.037037037037037035
0 0.39868955491297975 0.9505643032469743 0.045078488358421334 0.09810026120929807
0 0.35849551831002385 0.9559549386396261 0.04252650684276021 0.07532276404299854
0 0.42873384827324656 0.9597192940393705 0.04230399673242831 0.06914992453682593
0 0.4210069444444444 0.98559670781893 0.05381944444444445 0.02880658436213992
0 0.5729166666666666 0.522633744855967 0.06597222222222222 0.11522633744855967
0 0.5532407407407407 0.4346707818930041 0.02662037037037037 0.08950617283950617
0 0.5899884259259259 0.6270576131687243 0.10011574074074074 0.14094650205761317
0 0.6403251090979323 0.6865315095581147 0.07672087988597685 0.17559901370661044
0 0.741735383105698 0.7067243779959563 0.06387125859617482 0.12324825318973062
0 0.8358631180427393 0.772985225752224 0.05901911885621329 0.1166920741893376
0 0.7759988156009469 0.6008334308808858 0.07973342529702113 0.14712785140191306
0 0.7688331916724778 0.4740745925388438 0.07477003050189365 0.13748525264843375
0 0.834102910295586 0.6041059234004834 0.059597822559916996 0.11673999162611501
0 0.8756647631181393 0.692683379448246 0.0643611356725868 0.10482556954476716
0 0.8790136289870537 0.7775838813765112 0.06019895469149493 0.10140372773423818
0 0.8624601729010306 0.8705809355690037 0.06358923503958004 0.1314307884278501
0 0.9125288139432357 0.9070373663841115 0.05698632759799325 0.1083178692041078
0 0.5905671296296297 0.9711934156378601 0.04918981481481482 0.05761316872427984
0 0.6430339836484706 0.9457541215866135 0.0676332762123511 0.08355605333060476
0 0.7311315171786785 0.860732484004869 0.08057172412944537 0.15437741492922546
0 0.76009346025252 0.791841926696075 0.07708484531670846 0.13767692239554372
0 0.6586456576842634 0.810623914872051 0.05867069710020103 0.0910198270170615
0 0.9696180555555556 0.5380658436213992 0.06076388888888889 0.14814814814814814
0 0.9907407407407407 0.46039094650205764 0.018518518518518517 0.14094650205761317
0 0.90695406584704 0.49628141162769585 0.06467247241021042 0.12946901013268086
0 0.8757924489322293 0.5521681343216304 0.05601434528252883 0.11336606725236367