0 0.4425901201602136 0.043942992874109264 0.102803738317757 0.08788598574821853
0 0.5520694259012016 0.11579572446555819 0.03471295060080107 0.16033254156769597
0 0.540720961281709 0.20368171021377673 0.05740987983978638 0.16508313539192399
0 0.5230307076101469 0.42220902612826605 0.06875834445927904 0.11520190023752969
0 0.47096128170894525 0.42933491686460806 0.07409879839786382 0.10095011876484561
0 0.38985313751668893 0.4245843230403801 0.07476635514018691 0.11045130641330166
0 0.34212283044058744 0.4305225653206651 0.09946595460614152 0.09857482185273159
0 0.26401331826918073 0.3555959807133448 0.0976261064705952 0.21212087337141772
0 0.35058444364076813 0.3110949605603574 0.10982683898310074 0.16845427131605153
0 0.3218374177636635 0.2196939818049787 0.12699676255367048 0.16168768864407554
0 0.23062080599250426 0.16320342457030904 0.09399202889717702 0.17524849306990184
0 0.15097761536959806 0.10279793970584003 0.11071203941022634 0.17678163004938774
0 0.25267022696929237 0.07125890736342043 0.14218958611481977 0.14251781472684086
0 0.1048064085447263 0.41211401425178146 0.09746328437917223 0.13539192399049882
0 0.14753004005340453 0.4584323040380047 0.12016021361815754 0.04275534441805225
0 0.22997329773030709 0.45902612826603323 0.10747663551401869 0.04156769596199525
0 0.7346461949265688 0.0498812351543943 0.06608811748998665 0.0997624703087886
0 0.6847158203092464 0.08539296948397679 0.06575162772271985 0.14142773512188223
0 0.5914552736982643 0.2345605700712589 0.044058744993324434 0.14608076009501186
0 0.9376576417397565 0.08825527858704467 0.05789456601056088 0.09615889838234448
0 0.9702937249666221 0.09679334916864608 0.05941255006675567 0.08907363420427554
0 0.9555536742769173 0.1984237004434038 0.06311065212925816 0.09151886088561362
0 0.8843418262435779 0.17973792649123876 0.05455678229894509 0.09608980067765847
0 0.9661468280265945 0.3482056013159582 0.043627138782001154 0.08636750037420837
0 0.7001556378762415 0.31836554044427035 0.05946378944706587 0.1306145231489348
0 0.8048175806483484 0.4042160561301428 0.057413560998068415 0.10327096957774944
0 0.8808166199851675 0.36365069291836044 0.05042707402511931 0.09125628960780761
0 0.2903871829105474 0.9370546318289786 0.06942590120160214 0.12589073634204276
0 0.39348465211182043 0.8846418340134155 0.07562414477062268 0.11076998791939477
0 0.5153538050734312 0.9418052256532067 0.06275033377837116 0.1163895486935867
0 0.46731819913024725 0.6339317917842285 0.09394447067514901 0.14794639812152777
0 0.4883177570093458 0.5403800475059383 0.09145527369826435 0.12114014251781473
0 0.28137516688918557 0.503562945368171 0.11014686248331108 0.047505938242280284
0 0.07160335728441071 0.5930972007783335 0.106673766422175 0.12446981981913086
0 0.10714285714285714 0.5118764845605701 0.09946595460614152 0.06413301662707839
0 0.19692923898531375 0.5231591448931117 0.08544726301735647 0.08669833729216152
0 0.14367570634429117 0.5809386637253593 0.08247347881491003 0.19400211662994504
0 0.0520694259012016 0.7096199524940617 0.1041388518024032 0.15320665083135393
0 0.015020026702269693 0.7701900237529691 0.030040053404539385 0.19596199524940616
0 0.13848436909878442 0.8413787480930036 0.06787866576957634 0.14621978756892182
0 0.20359948256154678 0.7673519349975677 0.10748215725144158 0.15534867967661303
0 0.21115753901579812 0.915883999479848 0.10333598271055952 0.12440072211444499
0 0.2700844331496028 0.5799945213647792 0.0793204062539843 0.15001766513302436
0 0.322962249880071 0.6119513054153595 0.07843704640599972 0.19273155092826522
0 0.34996081343479746 0.6493073696496757 0.0815864378086434 0.13463351336803192
0 0.36975892749005446 0.7684177037788053 0.09242096488153101 0.08975162377473442
0 0.5604138851802403 0.7808788598574822 0.018024032042723633 0.14370546318289787
0 0.5343791722296395 0.7565320665083135 0.07009345794392523 0.0997624703087886
0 0.5327102803738317 0.5540380047505938 0.06809078771695594 0.14845605700712589
0 0.4562750333778371 0.9709026128266033 0.048731642189586116 0.05819477434679335
0 0.8531375166889186 0.5285035629453682 0.0801068090787717 0.09738717339667459
0 0.9806408544726302 0.8604513064133017 0.03871829105473965 0.11520190023752969
0 0.8174232309746329 0.9798099762470309 0.06608811748998665 0.040380047505938245