0 0.10990621336459555 0.019311064718162838 0.10726846424384526 0.038622129436325675
0 0.11694021101992966 0.06315240083507306 0.08147713950762016 0.12630480167014613
0 0.20017584994138335 0.055845511482254695 0.08264947245017586 0.11169102296450939
0 0.16891778864611567 0.14627653932434526 0.06674592281185016 0.1334918027267721
0 0.11185488236586472 0.15233797847044425 0.09848243185827242 0.1824559607395769
0 0.043681306188058766 0.1794701992775998 0.07395818597676045 0.16291978363930879
0 0.009671746776084409 0.31315240083507306 0.019343493552168817 0.1022964509394572
0 0.047957888483883715 0.2851168180449677 0.08649893349661934 0.14975069327231585
0 0.04724002137365904 0.34620886668525197 0.07039781117948528 0.09397159450070267
0 0.05767377587424942 0.38466437166030454 0.059328092995190325 0.07381064338514129
0 0.0875586557655795 0.2738114833374424 0.06200198875728069 0.13125835750816464
0 0.11737205045967875 0.2554114345341133 0.05263616770247255 0.10906438467525927
0 0.1770100661626159 0.2854718433938278 0.09406449533888454 0.147899874737939
0 0.17290447660732297 0.3527267283001818 0.08085244557943029 0.06822174714541675
0 0.35990621336459555 0.03653444676409186 0.07854630715123095 0.07306889352818371
0 0.43669402110199296 0.013569937369519834 0.09613130128956623 0.027139874739039668
0 0.4791910902696366 0.0255741127348643 0.08968347010550996 0.0511482254697286
0 0.47233684397244885 0.07422215871171867 0.10980908663686628 0.14526029932359852
0 0.47274955000607044 0.15937721903758192 0.09679137721442295 0.16258653471676232
0 0.34414141993038 0.130829367454417 0.0806645699260143 0.1506123314254661
0 0.29829196687355886 0.10067521540661617 0.07924814287479705 0.18603005558025446
0 0.2553909937306842 0.1484421156050467 0.09921794652605441 0.16579093999829989
0 0.24070791463566604 0.1939520670733672 0.08013138956818444 0.10783305696296952
0 0.2511207892369017 0.2444208575729125 0.10937226836209252 0.12855883794572795
0 0.5442555685814772 0.04175365344467641 0.070926143024619 0.08350730688935282
0 0.5718053927315357 0.39926931106471814 0.015826494724501757 0.09498956158663883
0 0.5715123094958968 0.18215031315240082 0.016412661195779603 0.06993736951983298
0 0.4723078832186006 0.310843534684314 0.07249838295593514 0.12949864056527113
0 0.42991921053420107 0.3278080053081474 0.057161692619655126 0.10294709920493145
0 0.3765764454770187 0.3710715744327702 0.05300392503636351 0.10073187430462076
0 0.3208151485219221 0.38344161239131236 0.08208099697723142 0.1151946072706777
0 0.2619102232304189 0.4375015326804927 0.08165863735899374 0.12143943496908265
0 0.2737397420867526 0.5125260960334029 0.05509964830011723 0.054279749478079335
0 0.3048065650644783 0.48434237995824636 0.06565064478311841 0.11064718162839249
0 0.33177022274325907 0.4953027139874739 0.07033997655334115 0.08872651356993737
0 0.10093042851005093 0.4915226415944016 0.056329815868817044 0.09353430686158248
0 0.026963657678780773 0.5041753653444676 0.053927315357561546 0.0709812108559499
0 0.17331556647004587 0.4828034067156655 0.04937772164000301 0.096447187050373
0 0.5574443141852286 0.24164926931106473 0.044548651817116064 0.09081419624217119
0 0.5679953106682297 0.29592901878914407 0.023446658851113716 0.08455114822546973
0 0.5317090341411442 0.2938855326230258 0.0620838921838007 0.13438988151651537
0 0.5486518171160609 0.49947807933194155 0.05509964830011723 0.08037578288100208
0 0.44314185228604924 0.5088726513569938 0.05158264947245018 0.061586638830897704
0 0.4286119446109012 0.478725069809376 0.05294932275201666 0.09864419163238693
0 0.3936812453709721 0.45726783449814723 0.055907456250579426 0.09977913455998719
0 0.007033997655334115 0.48643006263048016 0.01406799531066823 0.081419624217119
0 0.011430246189917937 0.5349686847599165 0.022860492379835874 0.009394572025052192
0 0.07121922626025791 0.5031315240083507 0.05451348182883939 0.07306889352818371
0 0.9070926143024619 0.5161795407098121 0.038100820633059786 0.04697286012526096
0 0.7232867273503709 0.4373046652872461 0.058537976043061615 0.08838798145418475
0 0.76299189412884 0.3659329029572566 0.07266057363807657 0.09091295176553875
0 0.6612101079356143 0.3659032017411336 0.07229443247508434 0.1440941989526111
0 0.8239596718253307 0.18814134370162913 0.06680052509619687 0.1355794853990057
0 0.8359262872740997 0.2464936051769412 0.06910343118259873 0.11166223625980008
0 0.8724725589741767 0.26225526393526866 0.06373318702894093 0.13026917712693778
0 0.9153301561474434 0.28343655287544417 0.06934914146215918 0.12105680828485228
0 0.9207196640295573 0.33531623267364297 0.07433716962539008 0.08783608871207796
0 0.738560864870139 0.06639216332150293 0.07127144772903274 0.12737451725644391
0 0.6002344665885111 0.4979123173277662 0.041031652989449004 0.08350730688935282
0 0.9481152914704156 0.4542177602062811 0.04734621080443575 0.0859541127343141
0 0.9762602579132473 0.2740083507306889 0.047479484173505275 0.11377870563674322
0 0.03604923798358734 0.5897703549060542 0.05451348182883939 0.10020876826722339
0 0.25586166471277844 0.558455114822547 0.056858147713950764 0.037578288100208766
0 0.24719992987477973 0.5961572201225285 0.06497296474148054 0.11049085269560655
0 0.2751448125009027 0.6043386847535874 0.05316773188940353 0.10699492232132221
0 0.5145014509213159 0.7162478098218064 0.049894827170398316 0.07143143562016069
0 0.4027580236173881 0.8167210435622568 0.03359137054331189 0.07509663205232109
0 0.41282963394145683 0.8802378507632634 0.04930866069912021 0.07141321530186392
0 0.4082649472450176 0.9582463465553236 0.053341148886283704 0.08350730688935282
0 0.4464298065431593 0.9413519466877864 0.037816582896587576 0.05749709188470725
0 0.4494385887803741 0.6693037364012546 0.05489731399016517 0.061157005123661505
0 0.29200789910176655 0.7782813881668231 0.040925680762553034 0.08679753056916732
0 0.26010035387403607 0.8431050459499095 0.05626075492793431 0.06850033511307341
0 0.23947209046882081 0.9364859363332344 0.05793735091524782 0.06542347205961273
0 0.2391559202813599 0.9744258872651357 0.05509964830011723 0.0511482254697286
0 0.16852286049237983 0.975991649269311 0.038100820633059786 0.04801670146137787
0 0.20630312298452272 0.8252401257976548 0.03683535794924548 0.0647675406009321
0 0.17774396465949915 0.8405450912292264 0.036453141958818436 0.05015376189529536
0 0.14456291933423696 0.8755554998189425 0.040692812968630074 0.055500510803956536
0 0.07790217573148044 0.7214810370591823 0.04613373423406955 0.10677627850176201
0 0.1846198120599386 0.6898011197518161 0.05180429095163453 0.09965159233191055
0 0.12502993395775336 0.8373395005783499 0.04266972151985048 0.0639059024477821
0 0.11430709320799462 0.8772267567669558 0.04155199086164152 0.06595714448342264
0 0.0123094958968347 0.6910229645093946 0.0246189917936694 0.09812108559498957
0 0.014361078546307152 0.7588726513569938 0.028722157092614303 0.06471816283924843
0 0.015533411488862838 0.8016701461377871 0.031066822977725676 0.054279749478079335
0 0.023446658851113716 0.9055323590814196 0.04689331770222743 0.08037578288100208
0 0.012895662368112544 0.9342379958246346 0.02579132473622509 0.07306889352818371
0 0.09026963657678781 0.9744258872651357 0.05627198124267292 0.0511482254697286
0 0.4358147713950762 0.5621085594989561 0.04279015240328253 0.04488517745302714
0 0.46600234466588514 0.5548016701461378 0.04806565064478312 0.030271398747390398
0 0.7400351699882767 0.593945720250522 0.06389214536928488 0.10855949895615867
0 0.6949548671026771 0.6355199140464728 0.06720842605789847 0.1063883686243256
0 0.988862837045721 0.5819415448851775 0.022274325908558032 0.08455114822546973
0 0.9771395076201641 0.5975991649269311 0.04572098475967175 0.09707724425887265
0 0.9446072684642438 0.5782881002087683 0.06506447831184056 0.07724425887265135
0 0.911769016705495 0.6224102261117256 0.07086193059643227 0.11171689721469026
0 0.933065306567732 0.7165719485852045 0.04142994380731073 0.08368422687911335
0 0.8451274933904184 0.691900012463951 0.07557856350882856 0.11290650109718056
0 0.9343765260367264 0.8346626719536405 0.05178983229509858 0.07670530325563506
0 0.6477740358814039 0.8581393482036341 0.05284011818332335 0.09446882628791929
0 0.7215627584069788 0.8630447116493077 0.060105367461681686 0.08113575305625643
0 0.7502825346840212 0.740664017833418 0.059357010308262285 0.11970322153769206
0 0.862153578758873 0.8820404769052956 0.047073199382702276 0.07551569937314476