0 0.3078947368421053 0.23016111436235626 0.06315789473684211 0.082857343996837
0 0.16526315789473683 0.2358864939010849 0.04631578947368421 0.09696679633425971
0 0.06394736842105263 0.2774584246727007 0.04421052631578947 0.10153946664048251
0 0.005 0.21161048689138576 0.01 0.09550561797752809
0 0.25921052631578945 0.41807116104868913 0.04473684210526316 0.06273408239700375
0 0.11789473684210526 0.4110486891385768 0.049473684210526316 0.07677902621722846
0 0.09763157894736842 0.4386704119850187 0.03315789473684211 0.02153558052434457
0 0.07552631578947368 0.40730337078651685 0.04473684210526316 0.08426966292134831
0 0.04394736842105263 0.4091760299625468 0.035263157894736843 0.08052434456928839
0 0.5163157894736842 0.04260299625468165 0.07473684210526316 0.0852059925093633
0 0.8431578947368421 0.2358824401395925 0.06315789473684211 0.16993599568223028
0 0.9636842105263158 0.21910112359550563 0.07263157894736842 0.1198501872659176
0 0.9671052631578947 0.374063670411985 0.06578947368421052 0.13202247191011235
0 0.4763157894736842 0.11423220973782772 0.03263157894736842 0.12734082397003746
0 0.5831578947368421 0.2107195825086685 0.07578947368421053 0.11815540455650402
0 0.625 0.26344731073428834 0.07684210526315789 0.09667431284908555
0 0.7068421052631579 0.3402493593214505 0.06473684210526316 0.12507390868290033
0 0.761578947368421 0.3669591822959877 0.05578947368421053 0.11992910579895376
0 0.6876315789473684 0.3937265917602996 0.06473684210526316 0.11142322097378277
0 0.6252631578947369 0.3706706707662352 0.07842105263157895 0.09301072772241467
0 0.6323684210526316 0.4241573033707865 0.06578947368421052 0.05056179775280899
0 0.5507894736842105 0.4091760299625468 0.038421052631578946 0.08052434456928839
0 0.5147368421052632 0.4058988764044944 0.05368421052631579 0.08707865168539326
0 0.48657894736842106 0.41151685393258425 0.035263157894736843 0.07584269662921349
0 0.48105263157894734 0.3366104868913858 0.042105263157894736 0.13764044943820225
0 0.666578947368421 0.425561797752809 0.045789473684210526 0.047752808988764044
0 0.2657894736842105 0.47752808988764045 0.06315789473684211 0.056179775280898875
0 0.4381578947368421 0.4967228464419476 0.04368421052631579 0.0945692883895131
0 0.40131578947368424 0.5603136056559014 0.08894736842105264 0.1319451290002895
0 0.04736842105263158 0.47284644194756553 0.07684210526315789 0.04681647940074907
0 0.12947368421052632 0.5256426177484168 0.06473684210526316 0.12507390868290033
0 0.18421052631578946 0.552352440722954 0.05578947368421053 0.11992910579895376
0 0.11052631578947368 0.5859914070587291 0.06473684210526316 0.12413757909488524
0 0.04789473684210526 0.5560639291932016 0.07842105263157895 0.09301072772241467
0 0.055 0.6407013916288008 0.06578947368421052 0.11108345367960148
0 0.015526315789473685 0.9129213483146067 0.03105263157894737 0.07303370786516854
0 0.034473684210526316 0.9737827715355806 0.05421052631578947 0.052434456928838954
0 0.042368421052631576 0.9223508966122049 0.04368421052631579 0.07810398253164504
0 0.04289473684210526 0.847003609185462 0.05157894736842105 0.05791339772226079
0 0.031578947368421054 0.7439138576779026 0.06315789473684211 0.07397003745318352
0 0.013947368421052632 0.6788389513108615 0.027894736842105264 0.08801498127340825
0 0.08394736842105263 0.8772185606860278 0.032105263157894734 0.07095029842935346
0 0.11105263157894738 0.9146703368604505 0.04736842105263158 0.06050443121860154
0 0.0863157894736842 0.9363299245690551 0.03315789473684211 0.07475010559833949
0 0.1436842105263158 0.9458538722076302 0.04 0.06105933908813401
0 0.09868421052631579 0.9882958801498127 0.04263157894736842 0.023408239700374533
0 0.2044736842105263 0.974250936329588 0.06578947368421052 0.05149812734082397
0 0.25684210526315787 0.8754005586039607 0.06210526315789474 0.10621109488028543
0 0.23973684210526316 0.7822866509094366 0.049473684210526316 0.10930254742923255
0 0.1881578947368421 0.8077065865205091 0.05421052631578947 0.07209456358480076
0 0.16842105263157894 0.7687635728885388 0.07052631578947369 0.07949344736325938
0 0.17157894736842105 0.6977659906501783 0.06842105263157895 0.1187103124260366
0 0.13105263157894737 0.6849003809363527 0.07526315789473684 0.12655512644017589
0 0.08921052631578948 0.6340453118867629 0.045789473684210526 0.09225790398572174
0 0.3907894736842105 0.6655739609323336 0.09210526315789473 0.10589136698664812
0 0.34868421052631576 0.7088063932740178 0.05842105263157895 0.14160090836561337
0 0.30078947368421055 0.6885368899315975 0.05 0.11026612142571059
0 0.27289473684210525 0.7404637227999109 0.07526315789473684 0.11251018261995117
0 0.3744736842105263 0.7859840659179197 0.06421052631578947 0.11381070921825749
0 0.3973684210526316 0.819004403678571 0.06210526315789474 0.0874845031199858
0 0.42657894736842106 0.7320333222808534 0.04684210526315789 0.12695658755920217
0 0.44263157894736843 0.7617041198501873 0.034736842105263156 0.10018726591760299
0 0.4371052631578947 0.8867041198501873 0.045789473684210526 0.07116104868913857
0 0.3744736842105263 0.9091114067418897 0.05368421052631579 0.06176769370817292
0 0.28657894736842104 0.9275016654349308 0.06526315789473684 0.06611238904641956
0 0.2810526315789474 0.975187265917603 0.05157894736842105 0.04962546816479401
0 0.25 0.9831460674157303 0.04 0.033707865168539325
0 0.3676315789473684 0.9911048689138576 0.04263157894736842 0.017790262172284643
0 0.4242105263157895 0.9700374531835206 0.05578947368421053 0.0599250936329588
0 0.36894736842105263 0.9640687861459118 0.05894736842105263 0.0629764673808182
0 0.3310526315789474 0.9765917602996255 0.0431578947368421 0.04681647940074907
0 0.6155263157894737 0.5173354366020129 0.09 0.10952770770485604
0 0.6481578947368422 0.601421593672039 0.08894736842105264 0.1019825821838101
0 0.7052631578947368 0.5350892224771691 0.06578947368421052 0.140109670908066
0 0.96 0.6695301978212157 0.05157894736842105 0.13001077599941435
0 0.9886842105263158 0.7462546816479401 0.022631578947368423 0.05805243445692884
0 0.9568421052631579 0.8130933231307371 0.04842105263157895 0.06992221591567746
0 0.8426315789473684 0.9747191011235955 0.04421052631578947 0.05056179775280899
0 0.7173684210526315 0.9831460674157303 0.05894736842105263 0.033707865168539325
0 0.6523684210526316 0.971441947565543 0.057368421052631575 0.05711610486891386
0 0.6452631578947369 0.9023017119723088 0.06421052631578947 0.12972831221451217
0 0.5194736842105263 0.9611423220973783 0.045263157894736845 0.07771535580524344
0 0.48289473684210527 0.9396067415730337 0.045789473684210526 0.08146067415730338
0 0.9171052631578948 0.9836142322097379 0.04473684210526316 0.03277153558052434
0 0.9405263157894737 0.9915730337078652 0.042105263157894736 0.016853932584269662
0 0.9776315789473684 0.9803370786516854 0.04473684210526316 0.03932584269662921
0 0.9705263157894737 0.9205432507844837 0.04789473684210526 0.0848762449154541
0 0.9902631578947368 0.8941947565543071 0.019473684210526317 0.10112359550561797