0 0.33699524940617576 0.046511627906976744 0.045724465558194774 0.09302325581395349
0 0.20576009501187648 0.08298097251585623 0.07660332541567696 0.16596194503171247
0 0.06427280655973237 0.18234672304439747 0.08029925424676283 0.17124735729386892
0 0.024643705463182897 0.11363636363636363 0.04928741092636579 0.1638477801268499
0 0.27851595082115155 0.10095137420718817 0.1031797013204268 0.1522198731501057
0 0.3269002375296912 0.12684989429175475 0.06591448931116389 0.14799154334038056
0 0.333729216152019 0.30655391120507397 0.052256532066508314 0.1649048625792812
0 0.32363420427553447 0.556553911205074 0.07244655581947744 0.08562367864693446
0 0.31353919239904987 0.5031712473572939 0.09263657957244656 0.15010570824524314
0 0.30403800475059384 0.5983086680761099 0.07838479809976247 0.0613107822410148
0 0.21660135393756588 0.4540169133192389 0.09635689213471679 0.09408033826638477
0 0.2540000394352216 0.38953488372093026 0.07354910622912811 0.14059196617336153
0 0.19877428822347518 0.33773784355179703 0.10092563702856562 0.12896405919661733
0 0.12673368527267262 0.3224101479915433 0.07869963049305659 0.13636363636363635
0 0.06950240644109282 0.346723044397463 0.06576877495463107 0.1522198731501057
0 0.04067695961995249 0.4127906976744186 0.08135391923990498 0.11522198731501057
0 0.024049881235154395 0.5338266384778013 0.04809976247030879 0.15644820295983086
0 0.045724465558194774 0.5702959830866807 0.07363420427553444 0.11733615221987315
0 0.09618238870210247 0.5095137420718816 0.07986309122812031 0.10993657505285412
0 0.12149272656903244 0.5597251585623678 0.0643873307153417 0.09619450317124736
0 0.1737733973539862 0.507399577167019 0.08372902014182777 0.10359408033826638
0 0.17339667458432304 0.5850951374207188 0.08669833729216152 0.08773784355179703
0 0.1021377672209026 0.6162790697674418 0.055819477434679333 0.02536997885835095
0 0.13390736342042756 0.607293868921776 0.0671021377672209 0.04334038054968287
0 0.3669833729216152 0.0554968287526427 0.014251781472684086 0.1109936575052854
0 0.5783491045488461 0.08932346723044397 0.08180202911140066 0.1522198731501057
0 0.6465359704515334 0.136892177589852 0.06704132544690332 0.11522198731501057
0 0.8344873610515293 0.11733615221987315 0.07334316758285123 0.09725158562367865
0 0.8867074645289044 0.07928118393234672 0.06316325367015155 0.13424947145877378
0 0.6694226849669108 0.26585623678646936 0.06296935988182337 0.13002114164904863
0 0.5451803398409432 0.38530655391120505 0.07316141665756756 0.080338266384778
0 0.5258566686988323 0.3081395348837209 0.04829346024844568 0.10782241014799154
0 0.4594452530512562 0.28012684989429176 0.06776852515822902 0.07928118393234672
0 0.44878662709671074 0.23414376321353064 0.06755034564381218 0.10042283298097252
0 0.41290888175571167 0.3107822410147992 0.0537469680579106 0.09725158562367865
0 0.3929066313570006 0.27431289640591966 0.045397098281473924 0.08350951374207188
0 0.3853919239904988 0.16331923890063424 0.0510688836104513 0.15750528541226216
0 0.36906175771971494 0.11627906976744186 0.01840855106888361 0.10359408033826638
0 0.7684040477188908 0.5613107822410148 0.050268924725954706 0.06025369978858351
0 0.7479109914178373 0.5290697674418605 0.06109103830866945 0.07610993657505286
0 0.6955636328912351 0.5634249471458774 0.05208672799407781 0.07399577167019028
0 0.7006171122559041 0.5179704016913319 0.060351793739394886 0.07293868921775898
0 0.7737529691211401 0.6183932346723044 0.05819477434679335 0.021141649048625793
0 0.8449524362355813 0.3488372093023256 0.0588611617378015 0.07928118393234672
0 0.8780185256356327 0.2299154334038055 0.05447406976414066 0.113107822410148
0 0.9183136711053557 0.19291754756871035 0.05916404727824233 0.12473572938689217
0 0.9745334710001178 0.4043340380549683 0.0414948387837287 0.07610993657505286
0 0.5993391851914075 0.20137420718816068 0.05238961353451878 0.11945031712473574
0 0.5231418126444053 0.18604651162790697 0.057552280661491644 0.10253699788583509
0 0.46585510688836107 0.6057082452431289 0.04928741092636579 0.046511627906976744
0 0.41037621764949844 0.4048625792811839 0.03790760768946903 0.1014799154334038
0 0.376187648456057 0.41490486257928116 0.032660332541567694 0.08350951374207188
0 0.6515479298465028 0.5650105708245243 0.05501951855018273 0.06025369978858351
0 0.5905581947743468 0.5972515856236786 0.03859857482185273 0.06342494714587738
0 0.601163696924174 0.5306553911205074 0.04926302719518136 0.07716701902748414
0 0.7689489574769071 0.32928118393234673 0.04921455374809938 0.07610993657505286
0 0.7328529346163957 0.33298097251585623 0.044657853712199394 0.080338266384778
0 0.5418662251600868 0.5935517970401691 0.03348428313686622 0.06976744186046512
0 0.42879108516264325 0.5406976744186046 0.04141003475260923 0.0613107822410148
0 0.3669833729216152 0.5502114164904862 0.014251781472684086 0.05813953488372093
0 0.36846793349168644 0.5946088794926004 0.0172209026128266 0.06448202959830866
0 0.9857482185273159 0.4334038054968288 0.028503562945368172 0.05919661733615222
0 0.37351543942992876 0.36257928118393234 0.027315914489311165 0.06765327695560254
0 0.5782044682483649 0.5068710359408034 0.057285725705088414 0.0708245243128964
0 0.5449745972048575 0.5322410147991543 0.0416402591249749 0.07928118393234672
0 0.4792298629635762 0.580338266384778 0.05318957241901531 0.05919661733615222
0 0.0032660332541567696 0.7658562367864693 0.006532066508313539 0.07928118393234672
0 0.018705463182897862 0.8155391120507399 0.037410926365795724 0.07928118393234672
0 0.06446674935060819 0.6881606765327696 0.05384391495207463 0.09936575052854123
0 0.0383023487435076 0.8054968287526427 0.039895117024926964 0.09302325581395349
0 0.07048387123813403 0.7447145877378436 0.07633657444908254 0.07188160676532769
0 0.07478013675170077 0.8128964059196617 0.06118798520283347 0.07822410147991543
0 0.1197351475906534 0.8620507399577167 0.06366022900911154 0.080338266384778
0 0.11047040275372856 0.9281183932346723 0.07866339791411454 0.0708245243128964
0 0.005047505938242281 0.9645877378435518 0.010095011876484561 0.0708245243128964
0 0.18384397649673856 0.888477801268499 0.05161403838120661 0.10253699788583509
0 0.22042478283061795 0.9001057082452432 0.048547970346900074 0.10042283298097252
0 0.18980053107668576 0.9593023255813954 0.0723858415042554 0.06342494714587738
0 0.13123515439429928 0.9889006342494715 0.0510688836104513 0.022198731501057084
0 0.8155279267982027 0.7373150105708245 0.035762633154816356 0.06765327695560254
0 0.7946232872198824 0.9471458773784355 0.04213713645883931 0.07716701902748414
0 0.9239904988123515 0.6564482029598309 0.05463182897862233 0.05496828752642706
0 0.625 0.9677589852008457 0.062351543942992874 0.06448202959830866
0 0.5753688205966152 0.9371035940803383 0.06662935014925403 0.080338266384778
0 0.6718651596461513 0.885306553911205 0.056934268712469926 0.07610993657505286
0 0.4480176134003987 0.8588794926004228 0.05757656638758041 0.07716701902748414
0 0.6007880032080146 0.8683932346723044 0.05961254917012045 0.06976744186046512
0 0.7403908986554826 0.6923890063424947 0.04891157020256287 0.0824524312896406
0 0.691067206147627 0.7320295983086681 0.04866920296715285 0.07716701902748414
0 0.7341922708554122 0.7822410147991543 0.04282790758103177 0.07928118393234672
0 0.6458699750809076 0.7658562367864693 0.05684946468135035 0.0613107822410148
0 0.6147670112851299 0.8160676532769556 0.04934783122630106 0.0919661733615222
0 0.6988355905692707 0.8345665961945031 0.042440120004375956 0.0708245243128964
0 0.685510876022667 0.8208245243128964 0.04382166224876087 0.07505285412262157
0 0.6514265992211544 0.8324524312896406 0.04762697485234191 0.080338266384778
0 0.6292613070008674 0.888477801268499 0.04149483878372897 0.07610993657505286
0 0.3936707006803896 0.9238900634249472 0.04340958894601603 0.0919661733615222
0 0.5620546318289786 0.6654334038054969 0.09323040380047506 0.07293868921775898
0 0.38004750593824227 0.6479915433403806 0.040380047505938245 0.03805496828752643