0 0.20814606741573033 0.0415 0.08370786516853933 0.083
0 0.14719101123595504 0.0325 0.09325842696629214 0.065
0 0.08174157303370787 0.036 0.0848314606741573 0.072
0 0.3544943820224719 0.051 0.07078651685393259 0.102
0 0.2797752808988764 0.055 0.07977528089887641 0.11
0 0.30028089887640447 0.0265 0.09719101123595505 0.053
0 0.29278885892476597 0.12044411785451245 0.061830831947014976 0.09544140965452085
0 0.2298152137406352 0.1330077681417265 0.0722961953668637 0.15017485345068007
0 0.1603876283051785 0.10206038095971337 0.0763072249408125 0.162460081593631
0 0.12102236615911943 0.15389228895043994 0.0875235686709208 0.16027501914491926
0 0.18177150341514411 0.18097125273470135 0.0760326663758117 0.120460081593631
0 0.22253432923996136 0.21599673067249944 0.09068516770967887 0.1285195004103057
0 0.33445360895158494 0.06044922235352829 0.07205432234531543 0.11317485345068007
0 0.12320052393453138 0.2501885545626178 0.07004900435562775 0.15001186594042246
0 0.08984200048635997 0.2850926203389181 0.09480732813136619 0.1578047285532566
0 0.08584711688685041 0.33785747504308666 0.083812852502161 0.10803053787953286
0 0.10329860452443988 0.37407394839980784 0.07360243632124187 0.0922970940833734
0 0.013202247191011237 0.3415 0.026404494382022473 0.145
0 0.030056179775280897 0.2695 0.060112359550561795 0.109
0 0.02893258426966292 0.214 0.05786516853932584 0.088
0 0.031741573033707865 0.168 0.06348314606741573 0.108
0 0.03061797752808989 0.3895 0.06123595505617978 0.121
0 0.1598314606741573 0.421 0.042134831460674156 0.058
0 0.23453047987757591 0.3995391790497357 0.04773359125726626 0.08642273771541045
0 0.19016853932584268 0.431 0.04662921348314607 0.038
0 0.30261913881520197 0.37760880686444215 0.06181122062094351 0.0924414096545206
0 0.30715620884144906 0.32780320528270906 0.053318883241903745 0.08183020649105446
0 0.3654494382022472 0.4015 0.04887640449438202 0.097
0 0.3831460674157303 0.3455 0.01348314606741573 0.099
0 0.3150217709753486 0.24127349587437164 0.07982143425428369 0.09874530973658192
0 0.24612617270901987 0.3007446149372297 0.0890847568642283 0.14139725977761236
0 0.11235955056179775 0.441 0.0550561797752809 0.018
0 0.13595505617977527 0.425 0.056179775280898875 0.05
0 0.2705056179775281 0.411 0.044382022471910115 0.078
0 0.3154494382022472 0.4165 0.06123595505617978 0.067
0 0.8514380869123778 0.1119364833846293 0.05467781466037959 0.11791170024618339
0 0.9392877238286759 0.07357997048458123 0.08392398334989941 0.12503053787953275
0 0.9856741573033708 0.0815 0.028651685393258425 0.103
0 0.9315484545305197 0.3984874392602253 0.049503966928669756 0.09954497834810354
0 0.9466324050379596 0.3244280204435506 0.05115667464364419 0.09466721898079686
0 0.9183529412454858 0.35546536432177117 0.052319492801405104 0.1007487127359259
0 0.5053370786516854 0.051 0.06348314606741573 0.102
0 0.5359984543731663 0.13331585513704577 0.08336872270578101 0.12598979100196833
0 0.45868262372068 0.14941855080215224 0.07149906170119671 0.11413410657311579
0 0.4413286023215874 0.22714095712908466 0.07372010427767074 0.11029709408337339
0 0.4126404494382023 0.1955 0.04550561797752809 0.109
0 0.4143258426966292 0.131 0.04887640449438202 0.096
0 0.4047752808988764 0.093 0.029775280898876405 0.104
0 0.4148876404494382 0.319 0.05 0.094
0 0.41769662921348316 0.285 0.05561797752808989 0.092
0 0.40646067415730336 0.37 0.03314606741573034 0.082
0 0.474549059298111 0.38515539759765555 0.06973522313848382 0.10201186594042247
0 0.4391002354472754 0.3962224508842135 0.05842735988670858 0.09019692838913443
0 0.4444669278853549 0.3483557289861337 0.04489845405845938 0.08221900332758833
0 0.5465578186798796 0.23600091758575764 0.060243495318945475 0.11031916902182752
0 0.6063306421731093 0.19768174856393012 0.05928986463928043 0.13623767526669872
0 0.5992033797266622 0.25717071109470296 0.06459406095022645 0.08864514404234296
0 0.6913808991911113 0.20100859661292192 0.06036116327537441 0.12831916902182752
0 0.6515255506905518 0.2848608780424306 0.05619978020154403 0.09303394087887659
0 0.633723934143447 0.38810365780814515 0.06913420273353184 0.09597111906285818
0 0.6197903179682477 0.32914270318603756 0.04672112659938668 0.10334124396028165
0 0.5665991051430955 0.3484932831158744 0.05899569474820803 0.09123767526669871
0 0.548598893970078 0.3103175566367177 0.060694162224016066 0.09335991589939203
0 0.5236183084988626 0.3521104192495518 0.06471172890665539 0.10664514404234296
0 0.40337078651685393 0.4165 0.02696629213483146 0.067
0 0.7670405567769909 0.22350776814172651 0.05360651602428561 0.12583020649105447
0 0.8108148249379717 0.2703091382529202 0.049438595841764695 0.08954497834810377
0 0.5972205480228175 0.30279295172739623 0.0523129556927147 0.09974871273592589
0 0.8422456885115941 0.35848656623174885 0.035295595391182634 0.07352630640899338
0 0.8149658119569057 0.36546278979362273 0.05495851673949724 0.0749524471237478
0 0.7827933801414856 0.3048261086923585 0.04318691236527035 0.078096762694895
0 0.7581460674157303 0.425 0.052247191011235955 0.05
0 0.5775280898876405 0.419 0.05056179775280899 0.062
0 0.5738990105779802 0.39144320026875495 0.06232725861291903 0.08548215653208535
0 0.8584269662921349 0.4065 0.058426966292134834 0.087
0 0.8103932584269663 0.43 0.052247191011235955 0.04
0 0.3547752808988764 0.885 0.0702247191011236 0.084
0 0.3369314897403254 0.8599764017909982 0.044232062566602455 0.06617825645002404
0 0.3851123595505618 0.812 0.009550561797752809 0.066
0 0.3544945018202271 0.7932336220252837 0.04252705798210402 0.06305601581733072
0 0.37808988764044943 0.7815 0.02359550561797753 0.069
0 0.10730337078651686 0.9835 0.048314606741573035 0.033
0 0.3327518729214318 0.5974042440054246 0.05635667081011602 0.11703394087887659
0 0.3603932584269663 0.615 0.05898876404494382 0.094
0 0.24927548471954436 0.6969144084461751 0.07710396501190567 0.1125415753487598
0 0.2626963314571136 0.748416109945847 0.05953788117494556 0.088278422144263
0 0.2542037972807869 0.802006939670531 0.05992971410180161 0.06231916902182752
0 0.2928438339567745 0.7752157785573689 0.041926037577152096 0.05701526893976643
0 0.1681804950543352 0.7327819588154503 0.06656054988234475 0.13176738467503604
0 0.18375681648418637 0.8411002993660823 0.056042889592972156 0.0690339408788766
0 0.04757989220350798 0.799001790614234 0.05348884806785668 0.10783020649105447
0 0.018258426966292134 0.822 0.03651685393258427 0.076
0 0.026404494382022473 0.6005 0.052808988764044947 0.115
0 0.021910112359550562 0.7155 0.043820224719101124 0.099
0 0.0056179775280898875 0.7365 0.011235955056179775 0.097
0 0.05337078651685393 0.985 0.05730337078651685 0.03
0 0.824014984358359 0.7354475208538563 0.07225697271472052 0.14417485345068018
0 0.5879213483146067 0.508 0.07808988764044944 0.116
0 0.40702247191011237 0.6005 0.034269662921348316 0.161
0 0.5087351173874909 0.8182861457287085 0.07171478628798313 0.1471341065731158
0 0.41797752808988764 0.8495 0.056179775280898875 0.133
0 0.9460262251053253 0.7540850749835971 0.06648210457805888 0.11976738467503606
0 0.9442685300567291 0.8511665687387259 0.05685963458471061 0.1080746877564411
0 0.7856741573033708 0.9445 0.06685393258426967 0.111
0 0.748876404494382 0.9725 0.05955056179775281 0.055
0 0.9859550561797753 0.962 0.028089887640449437 0.076
0 0.5926966292134831 0.9765 0.07303370786516854 0.047
0 0.9848314606741573 0.7335 0.030337078651685393 0.101
0 0.9851123595505618 0.7035 0.029775280898876405 0.101
0 0.9834269662921349 0.8085 0.03314606741573034 0.115
0 0.4101123595505618 0.9435 0.04044943820224719 0.113
0 0.39662921348314606 0.9295 0.01348314606741573 0.131
0 0.5528089887640449 0.9375 0.06292134831460675 0.125
0 0.4968519885709519 0.9181010832799967 0.06649517879543983 0.12176738467503606
0 0.505056179775281 0.9665 0.06179775280898876 0.067
0 0.41320224719101123 0.9805 0.04662921348314607 0.039
0 0.44719101123595506 0.977 0.06292134831460675 0.046