0 0.0347277869950559 0.463963474246431 0.06941742599168058 0.12265560046882279
0 0.0685256348157034 0.405476881587914 0.06704804113541606 0.11316700159885396
0 0.01478318002628121 0.290303738317757 0.02956636005256242 0.12266355140186916
0 0.026609724047306178 0.26810747663551404 0.053219448094612355 0.11799065420560748
0 0.058073516104030665 0.3414407395887456 0.058924546759412035 0.0916153477983767
0 0.015440210249671484 0.4047897196261682 0.03088042049934297 0.10864485981308411
0 0.06729799649560844 0.2255118315328678 0.06482801659893654 0.10718307562608152
0 0.10844274262120922 0.15701103585382087 0.07109959819326898 0.10064974475650691
0 0.18522589534149705 0.14148097085228983 0.0680437766006504 0.13653148758016237
0 0.12910643889618922 0.02453271028037383 0.04664914586070959 0.04906542056074766
0 0.09888304862023653 0.015186915887850467 0.04402102496714849 0.030373831775700934
0 0.2473718791064389 0.20327102803738317 0.02431011826544021 0.09813084112149532
0 0.21670788228715257 0.21465761930104163 0.05340956893499325 0.10053272875856406
0 0.2490144546649146 0.1425233644859813 0.02102496714848883 0.07710280373831775
0 0.25131406044678056 0.10397196261682243 0.0164257555847569 0.07242990654205607
0 0.23948751642575558 0.5151869158878505 0.04007884362680683 0.06775700934579439
0 0.49901445466491456 0.5029205607476636 0.08344283837056504 0.09228971962616822
0 0.39848883048620237 0.509929906542056 0.09264126149802891 0.07827102803738317
0 0.3160315374507227 0.47897196261682246 0.07752956636005257 0.14018691588785046
0 0.5941645167844061 0.4314425278965478 0.08372273058648148 0.12019816040622577
0 0.5262116754367742 0.4253475491256173 0.07700306803279355 0.1162174725842116
0 0.6729312780599797 0.16059694555025097 0.05640580158336235 0.07862207603121173
0 0.7446124503984245 0.14879865440183546 0.04932782944585433 0.0816031325111083
0 0.9145682640294942 0.25895977888147187 0.054166172704906965 0.10291677884917667
0 0.7133725564377785 0.25551565376940716 0.04770524618851555 0.08963789812712092
0 0.3764197505522623 0.31371770941901184 0.07361834336931873 0.11364301652367187
0 0.36866397997190525 0.3951840006524597 0.0911492101368214 0.12539467401978716
0 0.2664257555847569 0.477803738317757 0.013797634691195795 0.14018691588785046
0 0.27299605781865965 0.4199766355140187 0.026938239159001315 0.09462616822429906
0 0.300601374947601 0.41486135869969115 0.07520094202438385 0.08930071221322515
0 0.3116121142136236 0.3652703339883822 0.05609727877280413 0.0867520446321879
0 0.2743101182654402 0.3107476635514019 0.02956636005256242 0.102803738317757
0 0.33434492286865375 0.3112553260497101 0.05307086369314925 0.07721584426973742
0 0.3281883939956487 0.24694448160214064 0.06896934503232509 0.112141581777234
0 0.28416557161629435 0.27044392523364486 0.049277266754270695 0.0852803738317757
0 0.2936995963123142 0.2133922563366495 0.05219508203473621 0.1027739743717312
0 0.8578698067695385 0.22848580081410264 0.03563957047217018 0.06780063537175299
0 0.9500657030223391 0.5110981308411215 0.04730617608409987 0.07593457943925233
0 0.9756898817345598 0.540303738317757 0.040735873850197106 0.017523364485981307
0 0.9754061099270331 0.478398496709287 0.04559459736954776 0.07085110635711063
0 0.9839027595269383 0.4497663551401869 0.032194480946123524 0.08878504672897196
0 0.9878449408672799 0.518107476635514 0.021681997371879105 0.06191588785046729
0 0.9572899318063438 0.28490565196328654 0.05984031302009875 0.08236475639081689
0 0.9960578186596584 0.36039719626168226 0.00788436268068331 0.09462616822429906
0 0.9789750328515112 0.3247663551401869 0.04204993429697766 0.09813084112149532
0 0.4456293911573911 0.07381916449145899 0.06008924688640735 0.08820587788614405
0 0.4102542337263336 0.07652949398947777 0.0668684983843449 0.07821547561185489
0 0.4684455182658187 0.14929755428561114 0.06393185468022557 0.08615503824290395
0 0.44366242565439223 0.15863442990490648 0.044987353919419056 0.07197172916369426
0 0.47948605200396616 0.10673967611493562 0.047217180626886394 0.06281634074109801
0 0.36788519852948776 0.12736412070509803 0.09313990514896818 0.09525884970649517
0 0.4139968800144674 0.1201584057409935 0.05196575251040349 0.06665422408566679
0 0.35019710906701706 0.026869158878504672 0.05781865965834428 0.053738317757009345
0 0.2848226018396846 0.04030373831775701 0.05059132720105125 0.07359813084112149
0 0.3160315374507227 0.013434579439252336 0.040735873850197106 0.026869158878504672
0 0.2854796320630749 0.008761682242990653 0.047963206307490146 0.017523364485981307
0 0.534206577712452 0.3228056190165101 0.06442972241284278 0.09783728123355802
0 0.6912669835340137 0.30254511665992756 0.0493678140481283 0.09791067120554241
0 0.7085632317325287 0.36063203993905407 0.05998967333988421 0.08586942928801315
0 0.8302224228589191 0.45967719603111307 0.06539527544679129 0.0897549141250639
0 0.8012483574244416 0.5005841121495327 0.053219448094612355 0.0969626168224299
0 0.8469119579500657 0.5134345794392523 0.04993429697766097 0.07126168224299065
0 0.7498109006535028 0.4520936767534958 0.04261796906315431 0.06248313029372557
0 0.7759129547972038 0.4504692628093302 0.042608166892166704 0.07762244468909427
0 0.7890143505810577 0.390483223137637 0.062209697876363344 0.09185335526078571
0 0.7422709202184796 0.3583868188593636 0.050900625929931394 0.07240014259603027
0 0.3030134601202664 0.11856278790267202 0.05763009065460736 0.06124151602267582
0 0.2683968462549277 0.08177570093457943 0.017739816031537452 0.06074766355140187
0 0.6231931668856767 0.026285046728971962 0.054533508541392904 0.052570093457943924
0 0.7369777975023718 0.06504550379600019 0.06131353595765236 0.07082531787760815
0 0.22306176084099869 0.9655373831775701 0.07293035479632064 0.0689252336448598
0 0.017739816031537452 0.947429906542056 0.035479632063074903 0.10514018691588785
0 0.03810775295663601 0.9129672897196262 0.07621550591327202 0.169392523364486
0 0.03810775295663601 0.8008177570093458 0.07621550591327202 0.14369158878504673
0 0.010840998685939553 0.6857476635514018 0.021681997371879105 0.1425233644859813
0 0.0328515111695138 0.6723130841121495 0.0657030223390276 0.15771028037383178
0 0.08101037293760167 0.7040365753307165 0.0889895504629137 0.1823044542266203
0 0.14060548929940284 0.7593288726333504 0.07729198650137599 0.13836613277397294
0 0.1107095926412615 0.9264018691588785 0.0900131406044678 0.14719626168224298
0 0.09296977660972405 0.9754672897196262 0.1176084099868594 0.04906542056074766
0 0.24244415243101183 0.923481308411215 0.03416557161629435 0.1530373831775701
0 0.22996057818659657 0.8341121495327103 0.05913272010512484 0.17757009345794392
0 0.2362023653088042 0.7032710280373832 0.04664914586070959 0.16121495327102803
0 0.18874372523163108 0.6813741853370654 0.07611748420339269 0.1569149170815742
0 0.05847568988173456 0.5753504672897196 0.0657030223390276 0.052570093457943924
0 0.29500657030223393 0.9322429906542056 0.07095926412614981 0.09813084112149532
0 0.3061760840998686 0.8726635514018691 0.09329829172141918 0.1705607476635514
0 0.37786007534440297 0.7954466351861532 0.10630088987707156 0.14279704704130228
0 0.29139290407358737 0.7137850467289719 0.06373193166885677 0.13317757009345793
0 0.280880420499343 0.6174065420560748 0.042706964520367936 0.1366822429906542
0 0.3045335085413929 0.6209112149532711 0.06898817345597898 0.14369158878504673
0 0.338698549814927 0.6473023191207977 0.061981144270352756 0.1325984012506301
0 0.37620886149242244 0.6640818972735264 0.06659015800507259 0.11779229730263385
0 0.4526484078853722 0.6643466610556195 0.07107999385129317 0.1309283735472443
0 0.459035042201032 0.6150065380464707 0.09796844623703277 0.13171181043993216
0 0.39651773981603156 0.584696261682243 0.08081471747700394 0.07126168224299065
0 0.46222076215505914 0.5654205607476636 0.07555847568988174 0.03271028037383177
0 0.7061307662995654 0.8713761672129039 0.08563423231240269 0.1343120549799745
0 0.9724047306176085 0.9748831775700935 0.05519053876478318 0.05023364485981308
0 0.9487516425755584 0.9462616822429907 0.0735873850197109 0.10747663551401869
0 0.9059973222288575 0.8905437188698698 0.08174183774532276 0.135194670324149
0 0.8052635247044324 0.7953582591353592 0.07430555602399493 0.14513747110595646
0 0.7473660597190237 0.7079635943546672 0.08436995863888386 0.13538507629407612
0 0.7473468433362088 0.6388241539936393 0.09525055396793612 0.11404564147650538
0 0.8518396846254928 0.5654205607476636 0.06241787122207622 0.03271028037383177
0 0.6852825229960579 0.5987149532710281 0.06438896189224705 0.09929906542056074
0 0.9465499161199726 0.8050084678694108 0.0871074552499563 0.1227726164667655
0 0.9520367936925098 0.5911214953271028 0.06176084099868594 0.08411214953271028