0 0.3117801047120419 0.0111731843575419 0.04764397905759162 0.0223463687150838
0 0.3714659685863874 0.024674115456238363 0.03612565445026178 0.049348230912476726
0 0.33952879581151835 0.023743016759776536 0.049738219895287955 0.04748603351955307
0 0.34955538802844466 0.09459971044580176 0.05190809777852482 0.05898733135121771
0 0.279387940070744 0.06328965275710852 0.033745895936679905 0.08109427017644776
0 0.3136388627064845 0.07285189672076181 0.04650563763751942 0.07073395289273607
0 0.08769633507853403 0.007914338919925512 0.03193717277486911 0.015828677839851025
0 0.13324607329842933 0.035381750465549346 0.03821989528795811 0.07076350093109869
0 0.16172297295011792 0.06945852284985607 0.04143911986942654 0.04067867714233198
0 0.1049738219895288 0.03398510242085661 0.030890052356020943 0.06797020484171322
0 0.16142373596028387 0.14797378928611424 0.05105304775495489 0.06543999286054396
0 0.14004935001276883 0.18521625382229195 0.038704885472568534 0.08976679059118302
0 0.12445043359989874 0.31203928131652403 0.052813572499121914 0.08971358833445793
0 0.19068895370753539 0.36076383943288975 0.036635856983385694 0.10822619110565353
0 0.23905301592859599 0.33495616004017487 0.044877853474070015 0.08643257200077425
0 0.236655475406694 0.22699748327503314 0.0599787836636778 0.08458220171703204
0 0.2684624955178771 0.27776601645056503 0.04300089538016534 0.11140966339047752
0 0.31137514767824503 0.32411257247905106 0.06342419610647128 0.07736101492600976
0 0.3372835860668955 0.38752631120961 0.07298324673620586 0.10026013325129829
0 0.06499373536830508 0.12990306191019643 0.02953220191277366 0.06224469346653873
0 0.10329630817760212 0.24148564250232593 0.0288373310978182 0.10960066825427896
0 0.08165310164957663 0.22527121869933173 0.033274986703666166 0.10058231343623955
0 0.020196333136190632 0.17033785919578878 0.026914400865653238 0.06208212005177273
0 0.07002872358738259 0.30075967271094134 0.031983144913129424 0.0744790352523553
0 0.08871150785722492 0.4115885020405564 0.045239008195496144 0.06322013395513494
0 0.047481517116100026 0.3514055242969558 0.033773334564576714 0.08202536887290958
0 0.03113546877625923 0.28440336306695296 0.03449341772804569 0.053258853331452694
0 0.042912595706874355 0.41803819690529215 0.03482268126280824 0.0644320376889946
0 0.18683121034424524 0.469263438699055 0.06370080866482349 0.0690136413408067
0 0.02820284678362125 0.48636457993719534 0.02826111991198373 0.09004759562858064
0 0.33650233667387774 0.24574510543837766 0.05951010071004754 0.08641188442700232
0 0.3553423505976548 0.20230418330190855 0.059898694059370546 0.06413054507782505
0 0.4290797979633766 0.42950998616777525 0.04826616238168639 0.09500754836665004
0 0.4718344971945134 0.4172948683680259 0.050191318893234776 0.12486773601933476
0 0.5352516528251864 0.4412152522963403 0.04994214496277951 0.13414620830099985
0 0.5724919111243468 0.45468072180208363 0.07160463650321183 0.10668028007767118
0 0.5681866344615683 0.3972555785549153 0.05766280752342308 0.0946617139633459
0 0.5748086387666449 0.3293563166336991 0.07381085813187897 0.09287637304551001
0 0.6269633507853403 0.5162942271880819 0.06753926701570681 0.08659217877094973
0 0.556020942408377 0.5316573556797021 0.07853403141361257 0.055865921787709494
0 0.7554973821989529 0.5242085661080075 0.07015706806282722 0.07076350093109869
0 0.9384816753926701 0.5391061452513967 0.08010471204188482 0.040968342644320296
0 0.9432960132221341 0.4818910614670345 0.060776730152070524 0.09392570336460344
0 0.9850785340314137 0.4143389199255121 0.029842931937172777 0.10242085661080075
0 0.9590287833554135 0.3862110682798438 0.03939085116999052 0.11304425800272865
0 0.9175017819038379 0.3868849964226799 0.05495823803384541 0.12702256555883726
0 0.8643033171121164 0.39938091925982694 0.04980940438206182 0.09417399371904779
0 0.8646596858638743 0.5242085661080075 0.0581151832460733 0.07076350093109869
0 0.7284030990211362 0.46064570253629294 0.08827624732109181 0.10492745384278844
0 0.6657186327281891 0.41725353268966314 0.07553949168938234 0.151535590922605
0 0.7693034645898503 0.40323978327519183 0.0667257365716304 0.11845941630214289
0 0.7849813574673361 0.3056975926950774 0.049283617893254465 0.11179983958591605
0 0.8371156431071859 0.3191586319685252 0.046610939590340406 0.10977506877822629
0 0.6434384104224287 0.31735402759544096 0.06722408443254094 0.09990247173881282
0 0.39633507853403144 0.4106145251396648 0.013612565445026177 0.1005586592178771
0 0.40471204188481674 0.36638733705772814 0.030366492146596858 0.09590316573556797
0 0.49594720846000495 0.18923185663619455 0.04702697156756011 0.08842482812551074
0 0.5564080327536132 0.1660342123443272 0.06637126068835428 0.08869677269831766
0 0.6063464766596693 0.22025224882289954 0.05794164636115856 0.06865597982832122
0 0.667630459790184 0.22498756542488693 0.04832549219624682 0.061553024659930664
0 0.6793193717277487 0.02281191806331471 0.04764397905759162 0.04562383612662942
0 0.4028795811518325 0.0223463687150838 0.026701570680628273 0.0446927374301676
0 0.4367000009943611 0.09400704927575806 0.049507579475196066 0.08393190805796767
0 0.42986961906302623 0.06616571887617231 0.04490751838135023 0.06970531014741467
0 0.7655110066039742 0.21247835189085393 0.04540363996287737 0.068806726133906
0 0.7856851333998249 0.18770817570805123 0.04636621821865156 0.08373681996024845
0 0.7079787133818854 0.17544721305928154 0.050003701056723325 0.08303332404445905
0 0.6513085106591651 0.1854040437160781 0.06836019957322986 0.049785715544640376
0 0.6612798922093962 0.10702474956622339 0.0289263258196589 0.0594188826942001
0 0.6903237645184844 0.10836376512189565 0.042042769683157816 0.06116284846449213
0 0.7171851527700791 0.04450961458376357 0.03336175514612345 0.0680588884259822
0 0.767235577467106 0.08479368529836173 0.05072155794080892 0.07192516905282358
0 0.7835078534031413 0.018156424581005588 0.049738219895287955 0.036312849162011177
0 0.7188481675392671 0.010242085661080074 0.032460732984293195 0.020484171322160148
0 0.6382198952879581 0.015363128491620111 0.033507853403141365 0.030726256983240222
0 0.5049904908581572 0.15029419835415456 0.049290296731404525 0.05882475793645161
0 0.4961103654500462 0.0972319164427165 0.02741052244718041 0.06118353603826406
0 0.4767015706806283 0.02094972067039106 0.04031413612565445 0.04189944134078212
0 0.44443772228802825 0.028500563461602894 0.034273908704870536 0.045810063759757984
0 0.47919292012078596 0.08177567413453211 0.0452390081954962 0.06322013395513505
0 0.518672404374969 0.03822243393002218 0.04876673652198032 0.0587922432534984
0 0.5652203130940253 0.10152385459254025 0.04196045379946735 0.05836955237510666
0 0.5677624770956052 0.045918050268456446 0.03997596747335854 0.06196388842914114
0 0.6090288115821605 0.03639868450923293 0.042678310683552816 0.04726139738347118
0 0.6333858543549453 0.05603452716460957 0.04959212163827016 0.06906684359753168
0 0.6368130949250238 0.08366451212499945 0.04689200470745904 0.06611097409338021
0 0.6726814218293402 0.05057504680765142 0.04019770277591687 0.0517543174510143
0 0.6047120418848168 0.004655493482309125 0.039790575916230364 0.00931098696461825
0 0.5712041884816754 0.010242085661080074 0.0387434554973822 0.020484171322160148
0 0.8165796383146124 0.15430982090264772 0.05455111117415891 0.077739364012267
0 0.8017219547193533 0.08461190763211901 0.03341885868130084 0.05226272526908434
0 0.8424180053561807 0.11780928051980324 0.037385605054134706 0.06273241371083695
0 0.8222012458411448 0.04359627628566422 0.032979840634950734 0.03736514612569519
0 0.8937899367510249 0.16746936756492603 0.0384304991935996 0.08045580362656482
0 0.8601701025569125 0.17932239361989474 0.040414985519708645 0.07686146757253032
0 0.9255557989203625 0.2168412526957653 0.033005052983464046 0.05595460537197848
0 0.9467232820189594 0.18144472821103463 0.04165640261321808 0.0657858272638481
0 0.9800917160032329 0.19652853498755246 0.03565029265848152 0.05704827748320631
0 0.9779618829221496 0.15085592683649318 0.03837784821718923 0.060935245683819715
0 0.9327332546215269 0.11458888305432123 0.0363659232631836 0.06359848304139235
0 0.9829842931937173 0.07681564245810056 0.034031413612565446 0.049348230912476726
0 0.940305231008121 0.05232498533630583 0.030885599797254158 0.037235087393882295
0 0.9556675514380457 0.27215147796327016 0.04085400356605852 0.09175904671591952
0 0.9939790575916231 0.33519553072625696 0.012041884816753926 0.08007448789571694
0 0.9903141361256544 0.28305400372439476 0.0193717277486911 0.0633147113594041
0 0.3795811518324607 0.9213221601489758 0.019895287958115182 0.15735567970204842
0 0.22726216968403237 0.6484127967097543 0.05118578833567257 0.10541220744249612
0 0.07422647201795696 0.7843590804785902 0.04556604545087539 0.09205167886249836
0 0.015706806282722512 0.6587523277467412 0.031413612565445025 0.09776536312849161
0 0.049792317422291496 0.6113683277121148 0.03534401519284898 0.08212291292176915
0 0.12453795354439945 0.6118279832403456 0.05300786917378348 0.07857291865986919
0 0.09397905759162303 0.5758845437616388 0.0581151832460733 0.032588454376163874
0 0.049214659685863874 0.5782122905027933 0.04397905759162304 0.037243947858473
0 0.812565445026178 0.9743947858472998 0.04502617801047121 0.051210428305400374
0 0.7195848913446176 0.9349592214108002 0.04247956145012465 0.09371878815770264
0 0.8517426862823533 0.9417725308117931 0.03228496981999518 0.08472112091343537
0 0.8441610815029292 0.861838445434775 0.030961236842794806 0.09300346513273211
0 0.8844444395816117 0.8898985181504425 0.035458222263203054 0.050530586607973535
0 0.8756544502617801 0.5763500931098696 0.032984293193717276 0.0335195530726257
0 0.9248691099476439 0.5758845437616388 0.034031413612565446 0.032588454376163874
0 0.8347967174122514 0.6061380518656677 0.04408435954444378 0.041772349253559916
0 0.7198952879581152 0.5679702048417132 0.028272251308900525 0.01675977653631285
0 0.7465968586387435 0.5740223463687151 0.030366492146596858 0.028864059590316574
0 0.9394638720717526 0.8593924868055793 0.04763730021944157 0.055933917798206556
0 0.910539772531477 0.7823152435615578 0.046837127451665274 0.06424877670045656
0 0.8722457149753183 0.8217598263393725 0.032095125704100225 0.06054506948838118
0 0.9004438040160182 0.8653337738522451 0.03969712863562282 0.0879696225641659
0 0.8173682898210769 0.9280203427140616 0.03685981856532735 0.0803582595777051
0 0.8116295256695104 0.8751531489003428 0.0438055207067083 0.0677780833885846
0 0.7673842354144087 0.9077223792904394 0.03765776505372037 0.0897017612252765
0 0.7127930794380963 0.819757186958569 0.04631356724224119 0.06421626201750329
0 0.6960892157959043 0.7494799229494731 0.047884247870513444 0.06431380606636297
0 0.7495565011681362 0.7904408884514981 0.04124259691538176 0.06947770736674214
0 0.6522848082288877 0.6728726592859778 0.03181851314574825 0.06889244307358434
0 0.6018320708685891 0.6544043785723261 0.03666997444943263 0.0561822081526509
0 0.6237815548622471 0.6455441669367576 0.04215475047412885 0.047228882700518025
0 0.6262655021889582 0.6145637060444823 0.03548566089110011 0.05146168530443541
0 0.6956416824964159 0.5835551804361397 0.03793883017083912 0.04603766654043051
0 0.662303664921466 0.5772811918063314 0.05759162303664921 0.035381750465549346
0 0.7183527692330364 0.6537408139509665 0.04865698201039291 0.05506784846765115
0 0.6280519625569352 0.8702581860589989 0.04181658182183295 0.10668914054226197
0 0.5290278984890096 0.7730278121423493 0.03115553351745631 0.08186279545814347
0 0.5484144586913409 0.7658672244849382 0.02558844160906962 0.08802282482089098
0 0.565749800639556 0.6358991529434259 0.03716609603095989 0.05528362413914234
0 0.5619246999649729 0.5947682368843396 0.043725431102401104 0.0473264267493776
0 0.493717277486911 0.5847299813780261 0.031413612565445025 0.05027932960893855
0 0.45890052356020944 0.5810055865921788 0.04031413612565445 0.04283054003724395
0 0.4340777191617272 0.9293104875723512 0.06237262312885644 0.11261270665974626
0 0.40680628272251307 0.8808193668528864 0.03455497382198953 0.08752327746741155
0 0.44537505996854204 0.8249904886533783 0.043281960497284215 0.06774556870563132
0 0.47407483628922753 0.8235199507781884 0.05397044742955767 0.09350301248621155
0 0.4638457655554028 0.7601505538397638 0.056976841826001094 0.07138424655180028
0 0.8149214659685864 0.5698324022346368 0.034031413612565446 0.020484171322160148
0 0.8460732984293193 0.5819366852886406 0.0356020942408377 0.0446927374301676
0 0.8953194594374517 0.6382432359644195 0.03383266437913716 0.048570845166190306
0 0.9205326653734983 0.642597236835559 0.0267497690982721 0.05649552787300178