0 0.21424090338770388 0.05747767857142857 0.07465495608531995 0.11495535714285714
0 0.32622333751568383 0.3716517857142857 0.07151819322459223 0.07589285714285714
0 0.9689460476787954 0.06529017857142858 0.062107904642409034 0.13058035714285715
0 0.9686323713927227 0.27622767857142855 0.06273525721455459 0.11495535714285714
0 0.8434616693932394 0.27901785714285715 0.06334957423931696 0.12276785714285714
0 0.9140526976160602 0.3705357142857143 0.05520702634880803 0.078125
0 0.8164993726474279 0.40066964285714285 0.05959849435382685 0.017857142857142856
0 0.7340653575279622 0.3353794642857143 0.05555246319427481 0.13058035714285715
0 0.760978670012547 0.36941964285714285 0.056461731493099125 0.08035714285714286
0 0.8604140526976161 0.3705357142857143 0.06963613550815559 0.078125
0 0.6104140526976161 0.3911830357142857 0.056461731493099125 0.036830357142857144
0 0.6659347553324969 0.37220982142857145 0.04956085319949812 0.07477678571428571
0 0.5548350007154101 0.10714285714285714 0.07383528000004981 0.14620535714285715
0 0.4328732747804266 0.14732142857142858 0.04642409033877039 0.09598214285714286
0 0.4778303689861747 0.26785714285714285 0.06215890790697883 0.11049107142857142
0 0.25496057476847217 0.5122767857142857 0.09069703570454252 0.1171875
0 0.39366373902133 0.7717633928571429 0.031994981179422836 0.12165178571428571
0 0.38707653701380174 0.9056919642857143 0.0451693851944793 0.08816964285714286
0 0.37358845671267255 0.96875 0.06461731493099122 0.0625
0 0.2975495789341929 0.8046875 0.06270939319705428 0.13616071428571427
0 0.17520289535706135 0.8727678571428571 0.04742253669661701 0.10379464285714286
0 0.19800520602244448 0.8911830357142857 0.040777710112194464 0.109375
0 0.06827812960181273 0.6411830357142857 0.08773945727092329 0.1484375
0 0.03391448891988116 0.6852678571428571 0.052799829666631305 0.11160714285714286
0 0.07766896840155425 0.7706473214285714 0.059982416609645074 0.09040178571428571
0 0.11194927579704068 0.7862723214285714 0.07532048345191815 0.12388392857142858
0 0.0973215841974595 0.8571428571428571 0.07665205587827906 0.09821428571428571
0 0.6607996502152141 0.5647321428571429 0.06713924307379175 0.15066964285714285
0 0.735268904099734 0.5948660714285714 0.06873969567944842 0.1171875
0 0.8418097993684809 0.7087053571428571 0.070839423233345 0.10825892857142858
0 0.817196246418888 0.4799107142857143 0.07014803184924664 0.12053571428571429
0 0.7340720306096032 0.4799107142857143 0.09832768725396039 0.11941964285714286
0 0.723651191969887 0.4408482142857143 0.08971141781681305 0.0625
0 0.9425972396486826 0.45424107142857145 0.05959849435382685 0.08928571428571429
0 0.9326994692020468 0.515625 0.07666478080976355 0.13950892857142858
0 0.9017094521541623 0.5580357142857143 0.06518042161391809 0.12165178571428571
0 0.8603490820379665 0.5111607142857143 0.06244051301775866 0.14397321428571427
0 0.8880295142637568 0.45814732142857145 0.05893255283269664 0.09486607142857142
0 0.8801756587202008 0.4603794642857143 0.0740276035131744 0.1015625
0 0.8880175658720201 0.4369419642857143 0.06587202007528231 0.0546875
0 0.9843161856963614 0.4765625 0.03136762860727729 0.13392857142857142
0 0.9949811794228356 0.46651785714285715 0.010037641154328732 0.11383928571428571
0 0.9730238393977415 0.45814732142857145 0.053952321204516936 0.09709821428571429
0 0.4363237139272271 0.4799107142857143 0.05332496863237139 0.11607142857142858
0 0.46388129206989126 0.6004464285714286 0.07526927311008233 0.12276785714285714
0 0.42377666248431617 0.5920758928571429 0.028230865746549563 0.12834821428571427
0 0.4156210790464241 0.6724330357142857 0.01191969887076537 0.08816964285714286
0 0.4366373902132999 0.6568080357142857 0.053952321204516936 0.10825892857142858
0 0.534504391468005 0.9626116071428571 0.043914680050188205 0.07477678571428571
0 0.5548933500627352 0.9642857142857143 0.04328732747804266 0.07142857142857142
0 0.521078589822068 0.9241071428571429 0.06338805964966855 0.08258928571428571
0 0.5267376432108116 0.8833705357142857 0.07759949897155616 0.09151785714285714
0 0.5669905767424813 0.9129464285714286 0.06081461054913356 0.09486607142857142
0 0.5719326853455252 0.8565848214285714 0.07634479382726507 0.09151785714285714
0 0.8836260978670013 0.9827008928571429 0.055834378920953574 0.03459821428571429
0 0.6406855718803062 0.7689732142857143 0.08129957559247648 0.10379464285714286
0 0.6156940967554217 0.6618303571428571 0.07911025582502572 0.09709821428571429
0 0.7328169630800967 0.6713169642857143 0.07826523341542023 0.10602678571428571
0 0.6638400960114301 0.7198660714285714 0.07005843963569232 0.10491071428571429
0 0.6527010183531019 0.9146205357142857 0.06734418797976748 0.10044642857142858
0 0.7203270185209151 0.9391741071428571 0.0763831756989833 0.10602678571428571
0 0.7496863237139272 0.9665178571428571 0.06900878293601004 0.06696428571428571
0 0.7954497478416633 0.6964285714285714 0.04748657550856997 0.09151785714285714
0 0.7262808678757712 0.7271205357142857 0.06758741121882865 0.11941964285714286
0 0.7322344066147283 0.6791294642857143 0.07281107316333596 0.12388392857142858
0 0.8764807538707432 0.6439732142857143 0.08007042384978676 0.13169642857142858
0 0.9468144879207899 0.734375 0.07311833521434995 0.13058035714285715
0 0.8783240155609294 0.8482142857142857 0.0970729821096693 0.11941964285714286
0 0.8960693308546954 0.7427455357142857 0.0591629476016408 0.12723214285714285
0 0.42848180677540776 0.7795758928571429 0.037641154328732745 0.09933035714285714