0 0.03657894736842105 0.03464419475655431 0.0731578947368421 0.06928838951310862
0 0.1868421052631579 0.06460674157303371 0.05368421052631579 0.12921348314606743
0 0.11555698840076335 0.17452265332962158 0.05438700083130363 0.10973658197182752
0 0.13628726089777896 0.11168159183411633 0.0573454864394501 0.10548063891323767
0 0.09603887478565161 0.2334764948459052 0.049370985945866586 0.10254371753349507
0 0.05612380756738994 0.12016076693515679 0.07171554005819608 0.11114162923198034
0 0.024473684210526314 0.27715355805243447 0.04894736842105263 0.11235955056179775
0 0.047589407634924266 0.2898137993998205 0.05554357377773828 0.13689014002426197
0 0.03629056537379782 0.19265591207086724 0.06387638915156027 0.08681102895505485
0 0.1288392729126192 0.4892562217620925 0.04561486382293783 0.08807306883178531
0 0.07023813051380043 0.5627882439567174 0.0413245738556701 0.08563280314710861
0 0.16917920075852227 0.3837406603201945 0.049187280926901285 0.07365940193219234
0 0.17056628027740603 0.4310322890206832 0.0355109224554503 0.05971334694847674
0 0.09722953887615153 0.38366493651340255 0.05553510017145934 0.08754847511379134
0 0.18672110262635622 0.18075547027209182 0.06117352015899231 0.1339252806215913
0 0.2247762990985386 0.0797371952305847 0.050670760534114 0.09620226285813284
0 0.2620286899256785 0.11428084251623934 0.053063048527047664 0.09093903939794706
0 0.20932271317604176 0.3811219118453054 0.047042135943267185 0.07243926908985399
0 0.03793955968459063 0.3627980628467346 0.05307090058191247 0.07883770556733315
0 0.017894736842105262 0.4110486891385768 0.035789473684210524 0.06928838951310862
0 0.6710526315789473 0.06179775280898876 0.07052631578947369 0.12359550561797752
0 0.5852631578947368 0.07771535580524344 0.09263157894736843 0.15543071161048688
0 0.5180178835142915 0.10319252077848408 0.0785661189276328 0.1614056547190018
0 0.3121052631578947 0.025280898876404494 0.04421052631578947 0.05056179775280899
0 0.3076315789473684 0.22191011235955055 0.035263157894736843 0.11423220973782772
0 0.2976315789473684 0.29353932584269665 0.015263157894736841 0.09644194756554307
0 0.3453850614640955 0.24935038511516816 0.07281590551774762 0.1001185266165431
0 0.34303864269752476 0.4395811621208352 0.06083813989193531 0.08919431283761475
0 0.3930063021509439 0.4765999976198267 0.05800715181587125 0.08415791082963563
0 0.3625316462695069 0.4979308159654212 0.05676296316309342 0.06723302743178512
0 0.3375630544889672 0.5497063149329667 0.06124481020419161 0.08645627488715064
0 0.30973684210526314 0.5552434456928839 0.039473684210526314 0.10299625468164794
0 0.32842105263157895 0.5908239700374532 0.061052631578947365 0.03745318352059925
0 0.5795318390138438 0.2131311005384107 0.06881326193693273 0.1535742329584419
0 0.6820280683742646 0.17790201299296432 0.06437914877643858 0.12318598126047745
0 0.6396956031199398 0.17662655698289986 0.05599012591573371 0.13508843166181286
0 0.676895712487629 0.25539753185173325 0.05827847254118009 0.10281355177635441
0 0.6125241049903487 0.4214063463133669 0.057002254117528295 0.07285100495987501
0 0.6688202643268701 0.3835612746836824 0.06869299490830168 0.0893222454533124
0 0.5360644923234381 0.4596422002958761 0.053828655270955865 0.09662796773961779
0 0.7910712153322325 0.15482370369638643 0.06126113586533536 0.12369660596700736
0 0.7454684403672993 0.23032727390355032 0.0790126710656281 0.1596039463565528
0 0.7351762464020004 0.3429636432139394 0.04502448849171598 0.06192679118094667
0 0.4435671339169466 0.21097906113309903 0.07287996505949577 0.12619385345380088
0 0.4890251533615328 0.2555879750508497 0.05748930963267652 0.13342862492652544
0 0.5249460506052582 0.2661063317092286 0.06205877238011812 0.142423197727307
0 0.5512708211798782 0.5572042861109882 0.046675347456750005 0.07611363662833308
0 0.44973684210526316 0.5880149812734082 0.04684210526315789 0.04307116104868914
0 0.4081578947368421 0.5786516853932584 0.045789473684210526 0.06179775280898876
0 0.4881578947368421 0.5870786516853933 0.041578947368421056 0.0449438202247191
0 0.8026797062658727 0.3859971173433172 0.04678714087910234 0.09102395922299193
0 0.7736241596741934 0.4415819009707715 0.05250470296669966 0.07783042516573732
0 0.8349163929832824 0.3970121296967622 0.04382865527095586 0.09527990228158179
0 0.8896895016625589 0.3519247492104907 0.05303101875617358 0.07790137597931816
0 0.8539081908089204 0.3381292389940593 0.0516593325713132 0.07026883764803663
0 0.9080477378552173 0.25263080009025 0.05787965428378907 0.0934502558962046
0 0.7660076632851412 0.5282563541700062 0.05578224318075914 0.08106511881126732
0 0.8093528782926747 0.5303262381409238 0.05428305946381634 0.08272492554655475
0 0.733421052631579 0.5716292134831461 0.05210526315789474 0.07584269662921349
0 0.633421052631579 0.5950374531835206 0.04684210526315789 0.02902621722846442
0 0.6519527382448759 0.5338566954496811 0.052672082324521204 0.06947440968718332
0 0.48008894147136394 0.33638913836872936 0.06181100781940442 0.08746355528874647
0 0.4547562441289122 0.5134269341952719 0.044968902556246526 0.08519312925415973
0 0.42946953006958005 0.48052857175531033 0.052177796305921606 0.08244112229223138
0 0.6573561040811133 0.4684270350147357 0.0399371835610794 0.10220293247705511
0 0.8359316289421457 0.15203456269327711 0.05174756982907016 0.12148316173453734
0 0.29947368421052634 0.3544007490636704 0.018947368421052633 0.10955056179775281
0 0.8516693286615625 0.5381205258603028 0.041595894580978704 0.1042884440938276
0 0.9006971963422641 0.06277628354781359 0.0434298370135646 0.08591660640143219
0 0.9011511757026609 0.5128309838437756 0.041037549020630934 0.09117982986161766
0 0.2718421052631579 0.6933520599250936 0.03631578947368421 0.16760299625468164
0 0.03631578947368421 0.6460674157303371 0.07263157894736842 0.07303370786516854
0 0.10342105263157894 0.6802434456928839 0.07842105263157895 0.14138576779026218
0 0.1667383606146207 0.7881865566224636 0.07213068397673121 0.15774525619198676
0 0.03368421052631579 0.7649812734082397 0.06736842105263158 0.15730337078651685
0 0.25763157894736843 0.798689138576779 0.06473684210526316 0.12734082397003746
0 0.2381578947368421 0.8684456928838952 0.1036842105263158 0.14887640449438203
0 0.26842105263157895 0.9531835205992509 0.0431578947368421 0.09363295880149813
0 0.1694736842105263 0.9508426966292135 0.08105263157894736 0.09831460674157304
0 0.20605263157894738 0.9442883895131086 0.05526315789473684 0.11142322097378277
0 0.06921052631578947 0.9466292134831461 0.06473684210526316 0.10674157303370786
0 0.04131578947368421 0.9433520599250936 0.04894736842105263 0.11329588014981273
0 0.10342105263157894 0.9789325842696629 0.0668421052631579 0.042134831460674156
0 0.8718421052631579 0.6657303370786517 0.08789473684210526 0.11235955056179775
0 0.9094736842105263 0.6685393258426966 0.09263157894736843 0.11797752808988764
0 0.6992463680573392 0.8090398112458371 0.09527287460384311 0.18506975965077155
0 0.5344660288746113 0.7954115791988052 0.06458640995999926 0.11576629536993843
0 0.558970499753184 0.9019607004308364 0.0695860991842923 0.08571882872841416
0 0.591842105263158 0.9676966292134831 0.08473684210526315 0.06460674157303371
0 0.48789473684210527 0.9630149812734082 0.04421052631578947 0.07397003745318352
0 0.4111793935028592 0.9256077219923216 0.06334222130722131 0.09884141197208793
0 0.3218421052631579 0.647003745318352 0.06368421052631579 0.0749063670411985
0 0.9332450856107217 0.8254393451376025 0.044968902556246526 0.08519312925415963
0 0.9813157894736843 0.9691011235955056 0.03736842105263158 0.06179775280898876
0 0.9944736842105263 0.9222846441947565 0.011052631578947368 0.07116104868913857
0 0.927901231737386 0.9201860105610677 0.04524807533642065 0.0917474363702646
0 0.9460526315789474 0.9644194756554307 0.03315789473684211 0.07116104868913857
0 0.8250463767210199 0.9331205650281066 0.046507968098928695 0.08446965210688717
0 0.8672431816126904 0.9437238415115305 0.04969789260664464 0.09793302040700112
0 0.8394736842105263 0.977996254681648 0.06315789473684211 0.04400749063670412
0 0.8031578947368421 0.9845505617977528 0.042105263157894736 0.03089887640449438
0 0.7402631578947368 0.9630149812734082 0.06368421052631579 0.07397003745318352
0 0.6971052631578948 0.9550561797752809 0.04473684210526316 0.0898876404494382
0 0.6610526315789473 0.9723782771535581 0.04105263157894737 0.0552434456928839
0 0.6373684210526316 0.9901685393258427 0.05052631578947368 0.019662921348314606
0 0.4113157894736842 0.9812734082397003 0.057368421052631575 0.03745318352059925
0 0.37763157894736843 0.9634831460674157 0.04894736842105263 0.07303370786516854
0 0.35026315789473683 0.9798689138576779 0.04789473684210526 0.040262172284644196
0 0.31973684210526315 0.952247191011236 0.04263157894736842 0.09550561797752809
0 0.30526315789473685 0.8469101123595506 0.030526315789473683 0.0945692883895131