0 0.14675767918088736 0.4225708502024291 0.08532423208191127 0.11437246963562753
0 0.19564537262762594 0.22709606912364233 0.05791701663061361 0.12403529959739874
0 0.11292495888856627 0.19757669521460586 0.050544295540378495 0.10878245146204284
0 0.2517271182604153 0.12526320259515006 0.0641741269832871 0.12410007300622496
0 0.1638474147952455 0.07099042152374746 0.06432757486841799 0.09678391476697598
0 0.15984072810011377 0.009615384615384616 0.06143344709897611 0.019230769230769232
0 0.08048919226393629 0.04908906882591093 0.042662116040955635 0.09817813765182186
0 0.7016545210416052 0.4103032824280111 0.05397931051385214 0.09364148466920551
0 0.6537237587698033 0.3829550748970433 0.05763303849679852 0.08457339237029529
0 0.9654191383123973 0.4344046616054794 0.04774424585137584 0.07840041351727292
0 0.951538397270969 0.35709033739628265 0.03692887057551845 0.10965327340995495
0 0.9258466135928323 0.33103069731204837 0.03992645953004586 0.08236655762926326
0 0.9002340655439615 0.3940722698431585 0.05130979107353369 0.13003751219078777
0 0.8597349581939616 0.32817125222912413 0.061228268621302456 0.08966945206550339
0 0.869336825045744 0.23137589789141969 0.033304827494917644 0.07218032673055828
0 0.7892117184911381 0.28181898239827957 0.06574244216409222 0.08870441425020756
0 0.9215017064846417 0.012651821862348178 0.040955631399317405 0.025303643724696356
0 0.9860637087599545 0.1680161943319838 0.027872582480091012 0.05465587044534413
0 0.9820819112627986 0.1082995951417004 0.03583617747440273 0.058704453441295545
0 0.8572723611238151 0.11759194001424698 0.04538162218131891 0.0601641245603569
0 0.5597269624573379 0.005566801619433198 0.04436860068259386 0.011133603238866396
0 0.5176336746302617 0.01568825910931174 0.04778156996587031 0.03137651821862348
0 0.5839533520145846 0.18370402356020635 0.04433127656809939 0.07836508256700375
0 0.6529714659473691 0.1566639496060085 0.053381669343876 0.0612587091933056
0 0.6938456818517978 0.2645807927864618 0.04858264572102204 0.10167976574399333
0 0.7836057237934819 0.09456024185210354 0.04029862042464973 0.0611232738839413
0 0.45733788395904434 0.015182186234817813 0.04664391353811149 0.030364372469635626
0 0.37229806598407283 0.020748987854251014 0.027872582480091012 0.04149797570850203
0 0.40386803185437997 0.012145748987854251 0.027303754266211604 0.024291497975708502
0 0.33532423208191126 0.009109311740890687 0.02901023890784983 0.018218623481781375
0 0.42422067249983375 0.3068603432975147 0.04454998957757212 0.08443795706093099
0 0.45733788395904434 0.4251012145748988 0.05005688282138794 0.10931174089068826
0 0.41808645318369597 0.40513858530843194 0.0724149328455145 0.11609123438999451
0 0.3221715583070972 0.23045873530359942 0.04570205248337937 0.10063817753644809
0 0.3537889991907484 0.2235500323993347 0.033815157850354424 0.08635036721638824
0 0.37323938691363384 0.1474094500484974 0.058296816737366114 0.07142727461687617
0 0.29977246871444824 0.37601214574898784 0.020477815699658702 0.10425101214574899
0 0.3043230944254835 0.2930161943319838 0.02957906712172924 0.06376518218623482
0 0.3498351427034402 0.33496850367195957 0.048050269675388 0.10268602300126976
0 0.3878741646699942 0.2930612777895088 0.049319328298080375 0.09055793948855004
0 0.2960750853242321 0.22317813765182187 0.013083048919226393 0.06983805668016195
0 0.9894766780432309 0.050101214574898786 0.02104664391353811 0.043522267206477734
0 0.1645335705470881 0.8710556303229883 0.08864137939225056 0.09298853691461864
0 0.2656427758816837 0.7054655870445344 0.04778156996587031 0.10526315789473684
0 0.2738907849829352 0.7742914979757085 0.03128555176336746 0.10121457489878542
0 0.25187674653947145 0.6418274973186964 0.049078569598410456 0.09966136273772917
0 0.03422192286865886 0.7762149178208051 0.06420293993938396 0.15647695999041342
0 0.09567697968470742 0.7998792914292396 0.07365430656586118 0.15050418985558156
0 0.04522807014414161 0.639410363939523 0.0863728338026326 0.14051816767506742
0 0.04450710196450509 0.5482907483179145 0.08358042332577845 0.07877138849509678
0 0.20014852332531724 0.7618407121328452 0.0730787110860821 0.1029451166365755
0 0.09659766699549158 0.6358410181926692 0.08732146212326425 0.08791603118625652
0 0.1669505406484352 0.5905617110356998 0.06806861366590392 0.1059285574581356
0 0.20295457248601714 0.5790512443272978 0.05376736477027882 0.135121794902573
0 0.1836351509849406 0.6825285946383745 0.06537792048163725 0.07858295676032913
0 0.26251422070534697 0.5 0.0540386803185438 0.04048582995951417
0 0.19738339021615472 0.5075910931174089 0.05460750853242321 0.05566801619433198
0 0.3003412969283277 0.5961538461538461 0.02161547212741752 0.14777327935222673
0 0.36950970278232464 0.6155065866470842 0.08070659735403557 0.12528298501484617
0 0.47383456580370326 0.6523962352343485 0.08689080337021807 0.12332346692569689
0 0.39592583827304784 0.756480100191709 0.08505291653364629 0.13544566194670518
0 0.47153633531173944 0.7465846748073339 0.09494934839121785 0.11025389956452718
0 0.43650505319856275 0.8325055195414777 0.07782600411639316 0.12424139680730092
0 0.3159840728100114 0.9104251012145749 0.052901023890784986 0.12044534412955465
0 0.3040386803185438 0.792004048582996 0.02901023890784983 0.152834008097166
0 0.6712172923777019 0.5141700404858299 0.07736063708759955 0.06882591093117409
0 0.662372741721755 0.5785553538411492 0.08848793150711994 0.12030469515386785
0 0.5803444832062349 0.607755154602687 0.05696838830998195 0.17663743608620955
0 0.5396626790418833 0.5762818136835185 0.08299631668760164 0.14149498247378636
0 0.49826623799067016 0.54076577826011 0.0783295672059302 0.09085825256583614
0 0.42209411597712326 0.5587672023739549 0.0861032621468658 0.11724470394005833
0 0.5127986348122867 0.4934210526315789 0.08361774744027303 0.027327935222672066
0 0.7371201773618561 0.7974990835954131 0.067192889681763 0.16055498544492222
0 0.6868441455578707 0.8314328018119024 0.0726480523330358 0.13835255237601587
0 0.6394635494427008 0.8430610383545342 0.06141729672842962 0.1422833655377373
0 0.5965433205642013 0.7731349917113943 0.07328214567125743 0.17174747360090364
0 0.6373976706440555 0.6987978824193518 0.07545574123418734 0.13736984908558564
0 0.7954322725235197 0.8049956234327436 0.07145953725898317 0.12114018615151093
0 0.762471996734436 0.9010202601816314 0.06310937489201927 0.1261125875207778
0 0.7088741260677878 0.9375196737208593 0.0847104405413885 0.11014790671372025
0 0.6592718998862344 0.9706477732793523 0.06257110352673492 0.058704453441295545
0 0.5554607508532423 0.972165991902834 0.07565415244596133 0.05566801619433198
0 0.512592376084271 0.8990506521725316 0.07617801733319737 0.11005957933804787
0 0.44197952218430037 0.9549595141700404 0.09215017064846416 0.09008097165991903
0 0.38417918881443225 0.9201241818963036 0.09344717028100424 0.10012066509122554
0 0.3720136518771331 0.979757085020243 0.05915813424345848 0.04048582995951417
0 0.8564961745666394 0.5886960714012399 0.06996412641466905 0.1585601364055039
0 0.7974971558589306 0.5480769230769231 0.07281001137656427 0.13663967611336034
0 0.7761660978384528 0.4979757085020243 0.08475540386803185 0.03643724696356275
0 0.9237128538310977 0.5748374461507301 0.06658084203373843 0.11198376647692831
0 0.9217861205915814 0.5035425101214575 0.06996587030716724 0.04757085020242915
0 0.9931740614334471 0.5217611336032388 0.013651877133105802 0.0840080971659919
0 0.9677800180899561 0.7951113002064025 0.05163786058774318 0.13914682393167846
0 0.9421814405460092 0.9138414986528348 0.05908348601446929 0.1564239635650101
0 0.8783061341477101 0.8071752851356849 0.05984221428172482 0.13012583956646018
0 0.8504526496979907 0.728993083224432 0.06701826805268414 0.12412951546478257
0 0.8123310084692209 0.6580048386527565 0.06617222897088931 0.1322149044732623
0 0.9775312855517634 0.9600202429149798 0.044937428896473265 0.07995951417004049
0 0.9712633800230228 0.6943291920357174 0.054409097320649226 0.1371519748922604
0 0.8492605233219568 0.9772267206477733 0.06257110352673492 0.04554655870445344
0 0.8472528299256147 0.9087490580288714 0.05358510392905133 0.13006106615763374
0 0.8080204778156996 0.9509109311740891 0.0676905574516496 0.09817813765182186
0 0.6084907887692451 0.91527080754365 0.10061558483981486 0.12548908222474855
0 0.9229237770193401 0.9569838056680162 0.0608646188850967 0.0860323886639676
0 0.4044368600682594 0.4924089068825911 0.09215017064846416 0.025303643724696356