0 0.06354983019317285 0.3266015770842047 0.058931396184302653 0.09036617374420147
0 0.3001551205668304 0.3070407582790985 0.05547212193812168 0.0961537720727897
0 0.3646080760095012 0.3107822410147992 0.029691211401425176 0.12896405919661733
0 0.333729216152019 0.030126849894291756 0.0344418052256532 0.06025369978858351
0 0.2593849141749783 0.1862896933098088 0.05861402828158066 0.10718701025210227
0 0.25689362997884324 0.05199398048553511 0.047700571412756104 0.09178024921249699
0 0.2093230403800475 0.022727272727272728 0.04809976247030879 0.045454545454545456
0 0.07630641330166271 0.056553911205074 0.09204275534441805 0.113107822410148
0 0.17000255132814673 0.18976666139393725 0.05570766668601298 0.14680124705849176
0 0.13773734003079335 0.17261614571698175 0.043813903605111094 0.14389450998606204
0 0.7574228028503563 0.3488372093023256 0.06947743467933491 0.1014799154334038
0 0.5780878859857482 0.33192389006342493 0.07304038004750593 0.13530655391120508
0 0.5522565320665083 0.37684989429175475 0.09263657957244656 0.045454545454545456
0 0.5346783492405229 0.2509713061639015 0.07942607876648963 0.14838639139362594
0 0.520085067174544 0.15538488904173411 0.08358284836268916 0.14903377051062539
0 0.42410241628303436 0.09931519507142672 0.08543978966485337 0.11769122786168636
0 0.38895486935866985 0.14006342494714588 0.019002375296912115 0.15961945031712474
0 0.41728346909932396 0.18945806897273437 0.05422628338431758 0.12864587990515994
0 0.45816777096325634 0.20847812547540437 0.05555216000302791 0.13728750498661016
0 0.635498879102881 0.2587652520406532 0.06339282460972004 0.14588935765662803
0 0.6872620807949749 0.2910779046780659 0.0599508288838706 0.15273403843764757
0 0.9635162588288513 0.2149557470267925 0.0449906280775887 0.10717407234396666
0 0.9348007841926755 0.12507786275386173 0.040015413489048905 0.09269213861436054
0 0.8764409713577692 0.16027329402148394 0.07965705406755312 0.12628014262356882
0 0.9833729216152018 0.27801268498942916 0.0332541567695962 0.09302325581395349
0 0.9534799366836029 0.3256853735907265 0.07746089689550797 0.1006327155722181
0 0.9355700712589073 0.35887949260042284 0.07541567695961995 0.08139534883720931
0 0.8699353222634425 0.3058205139444344 0.09928781063315709 0.13144623765142868
0 0.721194169670844 0.2652579707293382 0.06290267150368144 0.15213936964021593
0 0.670233026995721 0.19142176804838928 0.10149032234195464 0.12124534405111537
0 0.6601993824853595 0.13924832800118866 0.09005215532642814 0.1099744300902354
0 0.7450957913047278 0.16934043640757784 0.061110274836016394 0.11495651834312089
0 0.7904660471961235 0.1547914164197302 0.05603138912548683 0.09413208989892709
0 0.8041971883354441 0.08892166651291003 0.05145358050457527 0.10396305257524062
0 0.7533765585463881 0.05991898532929109 0.05309682502600766 0.09578384114879006
0 0.7016033254156769 0.033298097251585626 0.040973871733966744 0.06659619450317125
0 0.6532066508313539 0.021670190274841437 0.05463182897862233 0.04334038054968287
0 0.6027315914489311 0.013742071881606765 0.04513064133016627 0.02748414376321353
0 0.5576009501187649 0.034355179704016914 0.0498812351543943 0.06871035940803383
0 0.5282066508313539 0.03276955602536998 0.06116389548693587 0.06553911205073996
0 0.48485748218527314 0.040169133192389 0.04928741092636579 0.080338266384778
0 0.877609949115043 0.06872329294946136 0.07062874100480412 0.1174933244915509
0 0.8937054631828979 0.035940803382663845 0.05819477434679335 0.07188160676532769
0 0.9055819477434679 0.024312896405919663 0.052256532066508314 0.048625792811839326
0 0.9827790973871734 0.13424947145877378 0.0344418052256532 0.12473572938689217
0 0.9854513064133017 0.05866807610993657 0.029097387173396674 0.08350951374207188
0 0.7883016627078385 0.023784355179704016 0.050475059382422804 0.04756871035940803
0 0.8429334916864608 0.006342494714587738 0.058788598574821854 0.012684989429175475
0 0.07274228919907276 0.7818188485323916 0.07485919412915776 0.1951227571740346
0 0.015142517814726841 0.7077167019027484 0.030285035629453682 0.18076109936575052
0 0.014548693586698337 0.5586680761099366 0.029097387173396674 0.1744186046511628
0 0.10411944178927013 0.6359275735017125 0.06922739576801516 0.14047169025203965
0 0.05619564179065387 0.6210831364892 0.05937428317617377 0.15369863815907903
0 0.10924330889055332 0.5507926636695616 0.06292630456076498 0.11734813144098322
0 0.11757719714964371 0.4297040169133192 0.07482185273159145 0.06025369978858351
0 0.34560570071258906 0.959830866807611 0.06769596199524941 0.080338266384778
0 0.22484083000578667 0.7016492542968886 0.06568172892017582 0.1409738763184714
0 0.1835513754590225 0.6034867379583719 0.08471230672099915 0.18189580926699522
0 0.18771310741352254 0.4776079123421163 0.04913647369020841 0.07091604835687094
0 0.2705924988009141 0.4567750975698038 0.050265932048518265 0.10377808711324077
0 0.24465558194774348 0.41490486257928116 0.057007125890736345 0.0306553911205074
0 0.3085022175329143 0.45688003886542655 0.04678937928200588 0.1085086029893977
0 0.35748218527315917 0.5258985200845666 0.043942992874109264 0.08985200845665962
0 0.32179871802905646 0.5274862942589587 0.056400592589203845 0.08048250074832028
0 0.3595605700712589 0.6400634249471459 0.03978622327790974 0.10676532769556026
0 0.2755145923720236 0.7216667346348418 0.05497561429533108 0.13825210470804136
0 0.33642298695584977 0.8423909651008348 0.04661659407868914 0.09793777846508481
0 0.6208432304038005 0.9619450317124736 0.07185273159144893 0.07610993657505286
0 0.46288598574821854 0.9778012684989429 0.08491686460807601 0.04439746300211417
0 0.4871147205339849 0.8467187303058484 0.058313938899190475 0.12506492921243437
0 0.4700101981166524 0.7786825845181107 0.06485235994425602 0.0902339186017694
0 0.5614663763147563 0.7027755822367229 0.0640857505129109 0.07957061134645654
0 0.5482976796311769 0.7486994896438484 0.04869180160841277 0.11618562834941648
0 0.8199636246940515 0.790481797850096 0.060775628412962725 0.13072027239859038
0 0.8442480514101186 0.5549170108706895 0.04880182726715474 0.08667980241234027
0 0.7802850356294537 0.436046511627907 0.043942992874109264 0.07293868921775898
0 0.9818883610451307 0.9778012684989429 0.03622327790973872 0.04439746300211417
0 0.9771377672209026 0.6421775898520085 0.045724465558194774 0.10887949260042283
0 0.8757357292925471 0.5244988161882369 0.061779567682123726 0.08342901023218205
0 0.48657173259997283 0.5598396823615371 0.06609184396130804 0.09359013142106307
0 0.586769343185429 0.5838796821544738 0.06470777724485076 0.11762557963398297
0 0.9092249311765452 0.43534641782463174 0.04054647817250285 0.05270797088397138
0 0.9646201923181367 0.47244229665776916 0.057270873142538856 0.09748830271822075
0 0.5077197149643705 0.410676532769556 0.03800475059382423 0.022198731501057084
0 0.9367396553716868 0.7960159064279047 0.062090581048093584 0.10245649437594533
0 0.9691211401425178 0.7542283298097252 0.06175771971496437 0.07928118393234672
0 0.4077641103855739 0.6667123480702838 0.0480979773803843 0.11609314561841652
0 0.4544729519691841 0.5891083118605585 0.051950088147366 0.061864719939988766
0 0.6176995389704167 0.44688112523846096 0.03940431074068873 0.09154257343092935
0 0.6878712917313942 0.4820607425368712 0.056400592589203706 0.08048250074832021
0 0.665083135391924 0.4328752642706131 0.06294536817102138 0.06659619450317125
0 0.49164972576554017 0.6349651330094425 0.0558758824425019 0.08461834782704547
0 0.4408595832038092 0.6803017992602296 0.04125489750610087 0.09604835143365426