0 0.17983565107458913 0.4337078651685393 0.08280657395701643 0.09213483146067415
0 0.37657159561339204 0.37728501947240123 0.07882808067394582 0.11407985512034655
0 0.4549297159423322 0.23410953538342036 0.05580781554421754 0.13364469552269484
0 0.34206931860473777 0.19207226139446743 0.05307705238958829 0.12097086715440943
0 0.5 0.1455056179775281 0.039190897597977246 0.10898876404494381
0 0.4917825537294564 0.05561797752808989 0.039190897597977246 0.11123595505617978
0 0.45987773254099296 0.1437897629500616 0.04584794023814858 0.10325267060229852
0 0.4526810732914592 0.08245161525934885 0.053826283242509515 0.08966733190034988
0 0.3996950336044474 0.14005719052377538 0.04729608833068014 0.11464576456172212
0 0.33357651579766967 0.05576749263383784 0.056931661823599516 0.08668939264160558
0 0.31257901390644754 0.010674157303370787 0.058786346396965866 0.021348314606741574
0 0.3770543615676359 0.025842696629213482 0.05120101137800253 0.051685393258426963
0 0.23170058115559036 0.15196790061026275 0.05207032571154726 0.13654406532981717
0 0.11151815877976173 0.07551948633961753 0.03893150158863964 0.10463559764569336
0 0.13482012644915578 0.05860675753519267 0.03208863317487921 0.11051290671156011
0 0.018331226295828066 0.302247191011236 0.03666245259165613 0.14831460674157304
0 0.018647281921618204 0.17191011235955056 0.03729456384323641 0.0898876404494382
0 0.04581050966978663 0.15881446928145806 0.06698349992435441 0.12269939509009166
0 0.03413400758533502 0.08595505617977528 0.06826801517067003 0.09550561797752809
0 0.611251580278129 0.4202247191011236 0.08091024020227561 0.11910112359550562
0 0.6627370308691691 0.3057502606682031 0.083326429670756 0.11912422330417179
0 0.5811303054590333 0.31981830419709395 0.051831222445364866 0.12193732375678344
0 0.5472881467849421 0.34476900198698834 0.039931464018962214 0.1271860772096749
0 0.7174403427850509 0.18177398112069398 0.052242622989699734 0.10853274714098969
0 0.6657001330422626 0.2403460129874946 0.05884638813727748 0.08804869650208924
0 0.6318938093939366 0.2053022054042601 0.07147022060994591 0.08849649002890979
0 0.904114948302009 0.3004165465464135 0.055587104836972275 0.1201615494552791
0 0.8629706390882615 0.19339971869490638 0.07046349393190517 0.10406968820431751
0 0.9807206068268015 0.4544943820224719 0.038558786346396964 0.05056179775280899
0 0.9702907711757269 0.41235955056179774 0.051833122629582805 0.1348314606741573
0 0.9879898862199747 0.401123595505618 0.02402022756005057 0.14157303370786517
0 0.988621997471555 0.3202247191011236 0.022756005056890013 0.1146067415730337
0 0.9702907711757269 0.27415730337078653 0.05941845764854614 0.09887640449438202
0 0.979456384323641 0.19325842696629214 0.04108723135271808 0.1101123595505618
0 0.9266023610700929 0.19838555239569902 0.06459056707831137 0.09212660808354045
0 0.9275360493599175 0.06427302837759459 0.0525252756214747 0.0872630019858701
0 0.9633375474083439 0.0449438202247191 0.039190897597977246 0.0898876404494382
0 0.9674669815313477 0.09126705538390395 0.05777285547120667 0.06100383491563593
0 0.5325537294563844 0.33707865168539325 0.025916561314791402 0.09887640449438202
0 0.5259165613147914 0.31348314606741573 0.012642225031605562 0.12134831460674157
0 0.5733249051833123 0.012921348314606741 0.03792667509481669 0.025842696629213482
0 0.566055625790139 0.03876404494382023 0.054993678887484194 0.07752808988764046
0 0.5606874306122517 0.1042646175160303 0.036299465476414196 0.059456069066108515
0 0.5316055625790139 0.10730337078651686 0.02402022756005057 0.08876404494382023
0 0.531921618204804 0.04550561797752809 0.02465233881163085 0.06404494382022471
0 0.6971382624066246 0.13103527123317438 0.06065075909733295 0.08266642732886516
0 0.7274636419552909 0.08970205756874183 0.04880617834774155 0.09128596729861047
0 0.04194469016913331 0.6194575652361516 0.07346338122287276 0.1717211268962621
0 0.08566247569443561 0.665603812155233 0.08111742241408425 0.09978739135380023
0 0.15726239430905048 0.6269894679488904 0.06941998213598988 0.11739569536848955
0 0.18868520859671303 0.5252808988764045 0.0638432364096081 0.09101123595505618
0 0.025916561314791402 0.5039325842696629 0.051833122629582805 0.048314606741573035
0 0.22762609750348728 0.7987742879652417 0.055408043311101496 0.1862965453834957
0 0.2701547127010186 0.7441505019110041 0.06665243386348638 0.10247467598896794
0 0.28375863310543137 0.8187086141799113 0.0795153696023372 0.1175292110888222
0 0.4018221108350558 0.7933812541490521 0.04935795511585514 0.12499383246714986
0 0.36619397375984625 0.8118260872601044 0.06474933586102709 0.14036264537349177
0 0.327843319717367 0.7846356366247403 0.06852361081157163 0.13971046657760514
0 0.3681377708515712 0.7123486002871025 0.0493211699979806 0.12274664145591364
0 0.32838738214565305 0.6550567793549187 0.05432288233381172 0.12000441055203527
0 0.2883034953471168 0.6566751530160568 0.07025441153587829 0.12983381538190902
0 0.273131875217081 0.60081350549309 0.07014405618225551 0.12309224234820129
0 0.3192161820480405 0.5179775280898876 0.0695322376738306 0.07640449438202247
0 0.2743362831858407 0.49325842696629213 0.05562579013906448 0.02696629213483146
0 0.4506953223767383 0.5258426966292135 0.06700379266750948 0.09213483146067415
0 0.515802781289507 0.5662921348314607 0.007585335018963337 0.1348314606741573
0 0.5562579013906448 0.9056179775280899 0.07332490518331226 0.1797752808988764
0 0.5344500632111252 0.9106741573033708 0.02970922882427307 0.17865168539325843
0 0.730081504121592 0.6626800339538321 0.10701369098572058 0.21737977208846704
0 0.9313043965518973 0.6247736000234542 0.0728748193368852 0.13576607071648683
0 0.8865360303413401 0.5191011235955056 0.08027812895069532 0.07865168539325842
0 0.5608209289853564 0.5592532542197775 0.05272759376978312 0.09962255254766772
0 0.5274968394437421 0.5606741573033708 0.01580278128950695 0.1146067415730337
0 0.54551201011378 0.5084269662921348 0.051833122629582805 0.05730337078651685
0 0.5758533501896334 0.4949438202247191 0.04804045512010114 0.030337078651685393
0 0.656763590391909 0.5095505617977528 0.07206068268015171 0.05955056179775281
0 0.7108091024020228 0.5123595505617977 0.04993678887484197 0.0651685393258427