0 0.5127118644067796 0.03470824949698189 0.08983050847457627 0.06941649899396378
0 0.5694915254237288 0.04627766599597585 0.07457627118644068 0.0925553319919517
0 0.441932669031664 0.07069984702660913 0.09315378426462956 0.1320201422006414
0 0.6788135593220339 0.015593561368209255 0.0423728813559322 0.03118712273641851
0 0.6409604519774011 0.02012072434607646 0.07514124293785311 0.04024144869215292
0 0.5997016801396468 0.11463203863918388 0.08585966533818037 0.14838462015842538
0 0.6765536723163842 0.09959758551307847 0.04689265536723164 0.11066398390342053
0 0.6796610169491526 0.18309859154929578 0.04067796610169491 0.10462776659959759
0 0.6087058891620932 0.1930016932016146 0.05953081065208479 0.12086112914460571
0 0.5603250336534622 0.22308444316114726 0.0910673350126073 0.16792110127941579
0 0.48684965533845037 0.22292268782557062 0.06699164594603059 0.0934829769205069
0 0.4769836798818744 0.16067597480201468 0.07030147896382241 0.12286892371842636
0 0.4169409059786058 0.1627699672503486 0.05241771690014266 0.1422557881889089
0 0.38194506871549666 0.14949198947854944 0.06003009371982516 0.16602731067522333
0 0.3742937853107345 0.0613682092555332 0.09548022598870057 0.1227364185110664
0 0.2596045197740113 0.014084507042253521 0.08418079096045197 0.028169014084507043
0 0.2940677966101695 0.05583501006036217 0.10790960451977401 0.11167002012072434
0 0.2681895466653312 0.10295637051780845 0.07324254024646877 0.09506897850210977
0 0.22627118644067798 0.06338028169014084 0.05819209039548023 0.1267605633802817
0 0.27259062349273006 0.1762409809392993 0.09413890762784882 0.12810144557948053
0 0.18587570621468927 0.0658953722334004 0.06327683615819209 0.1317907444668008
0 0.12768361581920903 0.03169014084507042 0.06892655367231638 0.06338028169014084
0 0.13163645988408518 0.10316651787810772 0.07287290247657432 0.11609029081743563
0 0.04350282485875706 0.03621730382293763 0.07457627118644068 0.07243460764587525
0 0.011864406779661017 0.03169014084507042 0.023728813559322035 0.06338028169014084
0 0.048305084745762714 0.10261569416498995 0.09661016949152543 0.13480885311871227
0 0.005649717514124294 0.22082494969818914 0.011299435028248588 0.06338028169014084
0 0.03990225940149198 0.22703292209226408 0.0698746059658849 0.07971481462241639
0 0.03222928666070102 0.3385426309105133 0.05758246015353734 0.11366070325139722
0 0.07117656549063174 0.3750143047347212 0.05671353931590254 0.08951583403610547
0 0.07828163880431939 0.3262236871258792 0.04945562542435463 0.10688634821119361
0 0.039943990216331555 0.39798213177826663 0.048188449202803886 0.07167508060555981
0 0.0679867287088642 0.44800465461327543 0.050665566417862365 0.07792219440549157
0 0.013559322033898305 0.4597585513078471 0.02711864406779661 0.11468812877263582
0 0.1281149224368229 0.31054392788315666 0.09345101196472119 0.10898675745070789
0 0.13210343507329503 0.41093879204782374 0.04379159910321952 0.09031525161808769
0 0.1580483431824854 0.37843784407151193 0.05417832083805201 0.09730050315440013
0 0.2303933449772979 0.3396014454903619 0.06037111387569796 0.11291828765422932
0 0.3206840038090223 0.34972453154210265 0.05784348281872733 0.08962128228416011
0 0.32938925306187905 0.24864639269547562 0.059429782968260236 0.08676134600432991
0 0.4571613198273999 0.37508922153701 0.05215756026970158 0.088088004826584
0 0.5318213822149632 0.41274007646335764 0.05381627048903741 0.0872401409813619
0 0.5278964966212215 0.49833224112022334 0.04993387829895332 0.08888314454777899
0 0.422316384180791 0.533702213279678 0.060451977401129946 0.03118712273641851
0 0.34480565041825295 0.5008800562781595 0.07306151507196146 0.09003879741559054
0 0.2655367231638418 0.5266599597585513 0.04406779661016949 0.04527162977867203
0 0.28589997442131454 0.49484667280202194 0.05483759888715801 0.08432748057750485
0 0.28353396696927685 0.39630570869988097 0.07169244513183733 0.09893495099924345
0 0.22416521293949945 0.4344324705370572 0.04987577703616134 0.1029149274660054
0 0.0736225704333523 0.5026248708906185 0.05701076701599406 0.06648244928617196
0 0.3525423728813559 0.5311871227364185 0.06666666666666667 0.03621730382293763
0 0.5762992483577433 0.48328731029622096 0.05561980084797907 0.0904164220053551
0 0.6505530349231362 0.46181928695976526 0.04295129587960635 0.09825809310846363
0 0.6403954802259887 0.5125754527162978 0.05706214689265537 0.07344064386317907
0 0.6248587570621469 0.5437625754527163 0.04519774011299435 0.011066398390342052
0 0.625389462740018 0.4100240891786647 0.05130294823907746 0.07998699096412631
0 0.5590395480225989 0.522635814889336 0.05141242937853107 0.05331991951710262
0 0.48585997567597317 0.46164753186951324 0.044704312396635616 0.08438448256231894
0 0.4626615574567293 0.2848380835922091 0.0788560527256916 0.09459018352507813
0 0.10890089357216765 0.5158764866004041 0.04210427126986219 0.05907540475764186
0 0.7505149943728057 0.09288675772590434 0.05719851357663215 0.11863816021388925
0 0.7155367231638418 0.22283702213279677 0.031073446327683617 0.09557344064386318
0 0.7112994350282486 0.30784708249496984 0.022598870056497175 0.09456740442655935
0 0.7587955357145978 0.2304807387991926 0.06527483446390266 0.10836262368395518
0 0.7989699920207378 0.2172063439908884 0.055576008392197784 0.12049206027641526
0 0.9293984691063263 0.1759574692868477 0.06075506045260334 0.10794083069173753
0 0.9653718423117745 0.16207246919144366 0.05795881930956257 0.1397649207772695
0 0.9314748362791523 0.28254672312741913 0.04818086178192405 0.10275675509392368
0 0.9020238951359031 0.28730045001144155 0.04471862120364656 0.10042833791515302
0 0.9370820603896188 0.3692546501104302 0.056619233018209036 0.10254158073702807
0 0.9864406779661017 0.25100603621730383 0.02711864406779661 0.09959758551307847
0 0.9632938465153811 0.2354603889305956 0.052360481672099654 0.07808036677757307
0 0.8705467710902962 0.4657030115588211 0.058357940728227614 0.07262411483804931
0 0.8028248587570621 0.5306841046277666 0.0519774011299435 0.03722334004024145
0 0.7810821066751745 0.4795666223502904 0.08158660518506018 0.10787955084613643
0 0.9242937853107345 0.5392354124748491 0.04858757062146893 0.02012072434607646
0 0.9418079096045198 0.505533199195171 0.04519774011299435 0.0875251509054326
0 0.976271186440678 0.5276659959758552 0.04406779661016949 0.043259557344064385
0 0.985593220338983 0.4788732394366197 0.0288135593220339 0.07042253521126761
0 0.8725988700564972 0.5382293762575453 0.05819209039548023 0.022132796780684104
0 0.6740112994350282 0.5915492957746479 0.0519774011299435 0.08450704225352113
0 0.5285310734463277 0.6001006036217303 0.05819209039548023 0.10160965794768612
0 0.5407841899940138 0.6543070504466904 0.06384094187485528 0.08416503034463622
0 0.6728813559322034 0.6448692152917505 0.05423728813559322 0.08450704225352113
0 0.4485136353740298 0.7461384680792059 0.06234894802301608 0.07399921992354369
0 0.4640027723716502 0.6990720791532156 0.04952803549415768 0.10889842064580114
0 0.2057816313447739 0.7161511123745348 0.061298135976125 0.12303137395129486
0 0.1687857341350124 0.9462042278105862 0.04851429451691703 0.08072940656129421
0 0.054519774011299434 0.5704225352112676 0.05480225988700565 0.04225352112676056
0 0.04268039802708186 0.890794539467419 0.053229402509734396 0.10222523599286483
0 0.13615819209039548 0.971327967806841 0.061016949152542375 0.05734406438631791
0 0.5122952803799004 0.8670224305608479 0.06504329544748307 0.0862825510272984
0 0.4174957956508219 0.8648400470690898 0.06418109599597913 0.10926321165320459
0 0.018361581920903956 0.7198189134808853 0.03672316384180791 0.09557344064386318
0 0.094174453519863 0.7350890726549766 0.061979310253121644 0.09502053223886957
0 0.05817246270039318 0.7810617834560485 0.06566636846168773 0.07230349223309929
0 0.5939976550731704 0.7481028433863829 0.04896306374274525 0.10884569652177394
0 0.6306753978356295 0.8945773106332776 0.05677164057869445 0.07548405111787904
0 0.6327113332457397 0.9475281612821899 0.05022351857816501 0.09693143428620957
0 0.6696083678585496 0.9470928398103194 0.056409590229680354 0.06542368894484081
0 0.6788135593220339 0.8953722334004024 0.0423728813559322 0.07847082494969819
0 0.5447916711826858 0.8324061008322674 0.051035204187756804 0.05690088209016548
0 0.3793785310734463 0.9793762575452716 0.04011299435028248 0.04124748490945674
0 0.31412429378531076 0.9723340040241448 0.05536723163841808 0.05533199195171026
0 0.6399523402260295 0.7463209178214253 0.05180981872769791 0.09407149800637983
0 0.5117584932251349 0.795883841814426 0.0551853404291618 0.07834398739770912
0 0.5632319515421489 0.7424513623607967 0.04156791713247126 0.09111039133928246
0 0.018361581920903956 0.761569416498994 0.03672316384180791 0.060362173038229376
0 0.6453856935654944 0.8300370982145383 0.042596832951471826 0.0571160564470613
0 0.9163841807909604 0.5865191146881288 0.06666666666666667 0.0744466800804829
0 0.9709039548022599 0.5643863179074446 0.05819209039548023 0.030181086519114688
0 0.7597705769986206 0.9437654438641996 0.051222950748394835 0.10905659301788276
0 0.7892396206593205 0.9385086988715253 0.04397262427772682 0.09534543270460658
0 0.7406779661016949 0.8043259557344065 0.08135593220338982 0.14185110663983905
0 0.7894302948956494 0.823686620858428 0.056836463227617796 0.108577798040851
0 0.82659886727022 0.8157060277567789 0.05417073341717193 0.12838217764276422
0 0.8220690111797244 0.8868161155107938 0.057698662679121486 0.0855971374149446
0 0.8561163631318905 0.9342729626089094 0.06355802298177446 0.1232422704474037
0 0.8963276836158192 0.9421529175050302 0.05593220338983051 0.11569416498993963
0 0.9372731676433224 0.9322138879441628 0.05417832083805201 0.09730050315440013
0 0.975799861844072 0.9256105388584014 0.046906098139493355 0.09862716197665419
0 0.9419331020490385 0.8340199085089857 0.06431160732857429 0.09724350116958604
0 0.9132811663319375 0.7148708693621627 0.07487176681703399 0.1403406082807818
0 0.956501938332363 0.7499410760388626 0.06569498607570937 0.1043912029387672
0 0.9861581920903955 0.7394366197183099 0.02768361581920904 0.08249496981891348
0 0.9844632768361582 0.8425553319919518 0.031073446327683617 0.12776659959758552
0 0.9805084745762712 0.9849094567404426 0.03898305084745763 0.030181086519114688
0 0.9468926553672317 0.9778672032193159 0.04067796610169491 0.04426559356136821
0 0.7915254237288135 0.9909456740442656 0.0519774011299435 0.018108651911468814
0 0.8240112994350283 0.9758551307847082 0.04915254237288136 0.0482897384305835