0 0.297451581578902 0.4034915690285647 0.06869126021243574 0.12212662413548458
0 0.19473684210526315 0.4344569288389513 0.07368421052631578 0.06928838951310862
0 0.09105263157894737 0.44147940074906367 0.05157894736842105 0.0552434456928839
0 0.05785268429133088 0.40424084089669976 0.05082717777426201 0.12269251756437113
0 0.09594309703389213 0.19666373866691456 0.057919709191509426 0.11441808380834807
0 0.056482144564013105 0.1890593585516672 0.06101110419785145 0.12851750353432678
0 0.043032787423875875 0.1500385809272613 0.05445527041535163 0.10498941684129315
0 0.03981074285190696 0.09583496904332517 0.04758770167089922 0.0880047420832137
0 0.04180327910745901 0.03497354582235144 0.06477738722257838 0.06683959771799725
0 0.05394736842105263 0.013108614232209739 0.04684210526315789 0.026217228464419477
0 0.15552631578947368 0.02153558052434457 0.05210526315789474 0.04307116104868914
0 0.1713157894736842 0.039794007490636704 0.06157894736842105 0.07958801498127341
0 0.16458343028373867 0.10822318933766775 0.077960745440715 0.0839550146498868
0 0.14258829856686817 0.16154527553482118 0.06516032170577785 0.1267320058075035
0 0.2510654690836732 0.14152150122661666 0.0816652285256884 0.11678102613616537
0 0.20578947368421052 0.05805243445692884 0.0431578947368421 0.11610486891385768
0 0.24184210526315789 0.010767790262172285 0.053157894736842105 0.02153558052434457
0 0.3224046177092239 0.21162538934864672 0.06097525887128289 0.14348788176141583
0 0.3662880818610949 0.20463494699103055 0.07794517267280406 0.1316751380951984
0 0.4051507823224179 0.13412117759393188 0.07677511440076734 0.1120013215657329
0 0.3910526315789474 0.02247191011235955 0.04421052631578947 0.0449438202247191
0 0.3692105263157895 0.014044943820224719 0.045789473684210526 0.028089887640449437
0 0.29157894736842105 0.011704119850187267 0.056842105263157895 0.023408239700374533
0 0.26894736842105266 0.026685393258426966 0.06 0.05337078651685393
0 0.2660293781911594 0.07805232209741009 0.07548762943564151 0.0726754788691037
0 0.45973684210526317 0.031835205992509365 0.020526315789473684 0.06367041198501873
0 0.8226315789473684 0.41058052434456926 0.06947368421052631 0.11704119850187265
0 0.6813157894736842 0.4330524344569288 0.07842105263157895 0.07209737827715355
0 0.567244050437501 0.3873007308496578 0.07612099007293044 0.1241518158476261
0 0.5766712619102395 0.29213253549232726 0.05160911064046224 0.09838063381943428
0 0.7138864109432133 0.2939705411520359 0.0550428950126885 0.1068729711984742
0 0.702907574346831 0.23571687383929493 0.05982077336715723 0.07609394178663872
0 0.5734312946749863 0.2304437344948468 0.0640312996829467 0.0761811032358454
0 0.5098650019736501 0.3084866017255714 0.0414506476981674 0.10939868525259738
0 0.4876315789473684 0.3099250936329588 0.035263157894736843 0.09737827715355805
0 0.5340856645687684 0.2916105507835219 0.04408222664553582 0.1094531611583516
0 0.7893072950824094 0.15907272540453932 0.05846159774889417 0.06670885554418736
0 0.7745221214758756 0.2010172191905521 0.046376607149656926 0.09920801159594103
0 0.9928947368421053 0.2102059925093633 0.014210526315789474 0.11142322097378277
0 0.7308932921369503 0.03957728751697985 0.06093471375396767 0.07798839132497047
0 0.8188851831134873 0.05085551131585047 0.060587133465446405 0.09950218148701337
0 0.47736842105263155 0.43913857677902624 0.014736842105263158 0.0599250936329588
0 0.4797368421052632 0.3899812734082397 0.019473684210526317 0.06835205992509363
0 0.6541462366787961 0.14268892558714594 0.0458502913601833 0.09919711641479015
0 0.6207894736842106 0.017790262172284643 0.053157894736842105 0.035580524344569285
0 0.5736842105263158 0.015917602996254682 0.0431578947368421 0.031835205992509365
0 0.7004693214045454 0.06921363488989071 0.04797112728598904 0.05152057369408188
0 0.6113741174524171 0.1398315644988785 0.048548370038051875 0.08521754368147032
0 0.7308220926157035 0.10601310754144024 0.05174211010146253 0.07031253654128651
0 0.6828023882624986 0.15098482170999264 0.03950903840520452 0.08222333683786137
0 0.6065806663300373 0.061332411641731636 0.04007639044388378 0.05135714597681944
0 0.27131578947368423 0.9545880149812734 0.08473684210526315 0.09082397003745318
0 0.19210526315789472 0.9438202247191011 0.06842105263157895 0.11235955056179775
0 0.13921052631578948 0.9335205992509363 0.09526315789473684 0.13295880149812733
0 0.22446909018385824 0.8757557747755172 0.07989197288840387 0.14294377869483063
0 0.22654580326724955 0.7882253010678427 0.0934281023176989 0.12263869764957347
0 0.15874587066420268 0.8429634328191257 0.10463400591630405 0.1275491443938157
0 0.24163492545178059 0.7289641574941282 0.08067909667724112 0.10272518713478976
0 0.3778109113442898 0.8669672995325364 0.08812390817375648 0.15340683188025786
0 0.3468806518151235 0.8156765086290563 0.0676692830374199 0.12304116336119779
0 0.40365366188646284 0.792512426518141 0.05620776236208832 0.1424534955430433
0 0.4421052631578947 0.9143258426966292 0.05578947368421053 0.17134831460674158
0 0.026578947368421053 0.9662921348314607 0.053157894736842105 0.06741573033707865
0 0.015263157894736841 0.923689138576779 0.030526315789473683 0.11891385767790262
0 0.008157894736842105 0.7088014981273408 0.01631578947368421 0.10674157303370786
0 0.06961408468767026 0.7540461194830675 0.08036217079265151 0.12517530688484765
0 0.13042407649648352 0.7682262690812431 0.07860448792327804 0.1036179359982014
0 0.1476592525221697 0.691610342585799 0.06213542642993592 0.09859853744245083
0 0.18947564873808784 0.6593989248481078 0.06624360768865675 0.12769012575782024
0 0.13979727441342413 0.6024142181439602 0.05823144415346214 0.10787467187339408
0 0.11021394989376398 0.6465364361782262 0.058793605269504376 0.09291518882745595
0 0.0967931428281302 0.6950025515368914 0.06985142777108877 0.07723727981651948
0 0.06911274124760076 0.6408374007824613 0.0656305196100253 0.10896353399752062
0 0.02804713236206094 0.6019204553744663 0.05389310929930939 0.11994889988723129
0 0.08912263196098437 0.5758602230502995 0.07464438776157808 0.0951147034380108
0 0.2824088263680801 0.6803996575096275 0.07116437621750935 0.13340615991626759
0 0.3467830065488014 0.7062022130993593 0.10080171429296761 0.10688452237058124
0 0.3546569797003587 0.6424119541216814 0.08873229646164131 0.09166355497702332
0 0.44214121424854175 0.8057511269332044 0.05212504458466212 0.13020494463079274
0 0.4610526315789474 0.7687265917602997 0.017894736842105262 0.13295880149812733
0 0.215 0.49297752808988765 0.06789473684210526 0.047752808988764044
0 0.29894736842105263 0.4836142322097378 0.06210526315789474 0.02902621722846442
0 0.25394736842105264 0.499063670411985 0.07526315789473684 0.0599250936329588
0 0.3131578947368421 0.5046816479400749 0.05368421052631579 0.07116104868913857
0 0.27231872191976836 0.546804143905133 0.053315866547246564 0.08625192989984286
0 0.1845032165488105 0.5542361690948358 0.05486415951173608 0.08534828585528031
0 0.34251278462268653 0.5233622346748716 0.04483350510780443 0.08420494782539967
0 0.37143468956244463 0.5396060371146948 0.04570221026316248 0.07860876065961134
0 0.4203999806467816 0.5460779743812122 0.07752639286303603 0.08675310823278097
0 0.43315789473684213 0.4854868913857678 0.049473684210526316 0.03277153558052434
0 0.4544736842105263 0.4943820224719101 0.03105263157894737 0.05056179775280899
0 0.38552631578947366 0.47425093632958804 0.05526315789473684 0.010299625468164793
0 0.6344736842105263 0.9653558052434457 0.07736842105263157 0.06928838951310862
0 0.6912958682450504 0.911610318626248 0.07996885446417812 0.09709631442554899
0 0.6025833532101763 0.8741475519064104 0.07706138588142548 0.08861487222765993
0 0.5505263157894736 0.9662921348314607 0.05578947368421053 0.06741573033707865
0 0.5278947368421053 0.9840823970037453 0.07894736842105263 0.031835205992509365
0 0.48447368421052633 0.9653558052434457 0.02894736842105263 0.06928838951310862
0 0.5147088889267286 0.843217301940376 0.050990831639193865 0.09556074987423845
0 0.5329156062967318 0.8975785659555209 0.0668774594578361 0.08278988625770427
0 0.5180844510843006 0.9409275541235562 0.04452177014585178 0.09074835976035375
0 0.5892922134463887 0.7981635459177143 0.055477247590367464 0.10407487761557994
0 0.6218139065186782 0.7928118443368634 0.04826209855739373 0.1086039930195433
0 0.6508584290741625 0.8053103284246267 0.042661742219409604 0.09819541573987006
0 0.681757788633452 0.8093491606768027 0.04802205424857819 0.08520664850031964
0 0.5620178599349801 0.7074978840024263 0.054710887492078177 0.08066663791520541
0 0.5351217411160241 0.637409682661166 0.04926380317375195 0.07493970857560729
0 0.7426033802028887 0.7903114002627483 0.05046451584972027 0.09554985469308766
0 0.7444478353614199 0.7500383327969533 0.07393414554851496 0.08948583072877002
0 0.6916526025491196 0.7239960832219032 0.06000469979074655 0.08171191931472861
0 0.639020778035806 0.6768973130976671 0.06046970677235717 0.07985015531984954
0 0.7413891990884377 0.674778200363831 0.05498677712746233 0.08909360420734025
0 0.7747368421052632 0.499063670411985 0.05157894736842105 0.0599250936329588
0 0.8218421052631579 0.49765917602996257 0.05105263157894737 0.05711610486891386
0 0.6926315789473684 0.48408239700374533 0.05157894736842105 0.0299625468164794
0 0.5862281406848243 0.658808417430169 0.05685199597654147 0.06573984041271994
0 0.7660439686952897 0.6125119547653566 0.055083931261893954 0.07599588515628139
0 0.9573433089013607 0.8901960967394004 0.06303478598922563 0.09393867986467759
0 0.9744736842105263 0.75187265917603 0.05105263157894737 0.09550561797752809
0 0.9694736842105263 0.697565543071161 0.061052631578947365 0.0749063670411985
0 0.9810526315789474 0.522003745318352 0.037894736842105266 0.08333333333333333
0 0.9232313043515955 0.6710139152762198 0.04563571053266227 0.09264280929868528
0 0.5639473684210526 0.4789325842696629 0.04263157894736842 0.019662921348314606