0 0.4150717703349282 0.019680851063829788 0.05861244019138756 0.039361702127659576
0 0.5215311004784688 0.01223404255319149 0.041866028708133975 0.02446808510638298
0 0.5322966507177034 0.09148936170212765 0.034688995215311005 0.08936170212765958
0 0.5233253588516746 0.14361702127659576 0.05263157894736842 0.08723404255319149
0 0.52811004784689 0.1824468085106383 0.0430622009569378 0.0797872340425532
0 0.5334928229665071 0.21595744680851064 0.03229665071770335 0.04893617021276596
0 0.1722488038277512 0.25638297872340426 0.0729665071770335 0.04680851063829787
0 0.175714137664327 0.2095494572296103 0.054509697705359066 0.08835328736558949
0 0.19508161844217825 0.1495771332060374 0.04304948506691916 0.10438359058797773
0 0.22860578577428534 0.14573857797340545 0.054034445865353026 0.11272227513463683
0 0.2631380591615968 0.14818390412684226 0.05271289615414957 0.10836785864836501
0 0.29367856693148126 0.07348991683320613 0.048620326380135824 0.11121250732939227
0 0.33129148927059643 0.04225118434843314 0.07163478475381516 0.08234339024631791
0 0.25478468899521534 0.03031914893617021 0.0645933014354067 0.06063829787234042
0 0.11483253588516747 0.035106382978723406 0.05861244019138756 0.07021276595744681
0 0.05684577590611402 0.04217123151009743 0.05051370420614873 0.07422620811954
0 0.02930622009569378 0.03829787234042553 0.05861244019138756 0.07659574468085106
0 0.014952153110047847 0.0851063829787234 0.029904306220095694 0.06382978723404255
0 0.009569377990430622 0.16382978723404254 0.019138755980861243 0.09787234042553192
0 0.08146347016661826 0.17862268264808467 0.05409459141854908 0.13501315199788377
0 0.10065432905188682 0.21576781514742152 0.05054250539374495 0.09545325519555292
0 0.13288574786038665 0.19505662932504836 0.046170379507335865 0.06856021850269517
0 0.11961722488038277 0.24202127659574468 0.05502392344497608 0.07553191489361702
0 0.11572966507177034 0.2648936170212766 0.053229665071770335 0.029787234042553193
0 0.07715311004784689 0.27287234042553193 0.05263157894736842 0.013829787234042552
0 0.017045454545454544 0.2601063829787234 0.03409090909090909 0.039361702127659576
0 0.030203349282296652 0.23085106382978723 0.060406698564593304 0.09787234042553192
0 0.04515769694490845 0.2161205221845923 0.05645813472856052 0.11398429959654216
0 0.00687799043062201 0.23297872340425532 0.01375598086124402 0.07659574468085106
0 0.1613291394278588 0.090291236438581 0.04289530641692338 0.07890122436302865
0 0.1891244720297479 0.0885191382391445 0.04818150526173713 0.09631889030811591
0 0.13919740964698427 0.0719613198905113 0.04868810146734315 0.07301373232630262
0 0.4748803827751196 0.34308510638297873 0.07416267942583732 0.12659574468085105
0 0.48173637532260133 0.5035567649778903 0.06995573113099415 0.16710293254436664
0 0.3585878229562218 0.5928209151977256 0.06737023408377969 0.2008481937238491
0 0.5311004784688995 0.5925531914893617 0.03708133971291866 0.13191489361702127
0 0.527511961722488 0.6686170212765957 0.04425837320574163 0.10957446808510639
0 0.4007880538591622 0.6185087302025789 0.07118579092340171 0.14810264238015725
0 0.42817845288625617 0.6507296365259639 0.08245539419023828 0.14585257772314375
0 0.45066005704473716 0.6976838599920172 0.08085428836663935 0.11176047586298656
0 0.2829964317175851 0.627205988142905 0.06372411496217577 0.15809680755981612
0 0.2315373101874317 0.6930206553019084 0.08487908305344578 0.14711460218504896
0 0.4127489501176452 0.8605401940818045 0.05790251872415998 0.14275725252052926
0 0.5101674641148325 0.9867021276595744 0.07177033492822966 0.026595744680851064
0 0.5014952153110048 0.9569148936170213 0.06160287081339713 0.08617021276595745
0 0.5334928229665071 0.9611702127659575 0.03229665071770335 0.07765957446808511
0 0.4985874379741161 0.8327348279455766 0.05752384315895721 0.1501545123624996
0 0.4539478460251681 0.8088409522962458 0.06184090984817774 0.11443023761455268
0 0.3452486653302361 0.9038060537507409 0.06397741306497877 0.14644422856890935
0 0.21907490407935024 0.46801046801842744 0.07946496356822871 0.14560483437980465
0 0.13636363636363635 0.33404255319148934 0.08014354066985646 0.10851063829787234
0 0.08749640207037575 0.7320152210223188 0.06944913492538828 0.19040809052617996
0 0.04601159210544809 0.7630441049598155 0.07628138039661227 0.17930054689061936
0 0.03289473684210526 0.8297872340425532 0.06578947368421052 0.11702127659574468
0 0.030203349282296652 0.9031914893617021 0.060406698564593304 0.09361702127659574
0 0.13558473270953744 0.7704806473465856 0.07722679772061691 0.1708890059300825
0 0.1839123739724816 0.7097009575734744 0.06555226087898523 0.13914606606427465
0 0.15734287328121688 0.8217397386302427 0.08793728876266253 0.10916357052529806
0 0.20723684210526316 0.9739361702127659 0.07236842105263158 0.052127659574468084
0 0.13307416267942584 0.9686170212765958 0.05562200956937799 0.0627659574468085
0 0.1686602870813397 0.9569148936170213 0.06578947368421052 0.08617021276595745
0 0.1007775119617225 0.9686170212765958 0.04126794258373206 0.0627659574468085
0 0.07326555023923445 0.973404255319149 0.05203349282296651 0.05319148936170213
0 0.04584641451388214 0.9508960392822307 0.05457238643655881 0.09048094694005758
0 0.1916176206839422 0.9037988784858954 0.09360216317267912 0.11918397662841496
0 0.6166267942583732 0.3670212765957447 0.09330143540669857 0.17446808510638298
0 0.7535885167464115 0.32180851063829785 0.11124401913875598 0.08404255319148936
0 0.8370215311004785 0.34414893617021275 0.0950956937799043 0.12872340425531914
0 0.9186602870813397 0.31329787234042555 0.10645933014354067 0.06702127659574468
0 0.660386233037189 0.4963431916001254 0.0662104925565832 0.16148649159618952
0 0.6163404993308599 0.5636661599752492 0.08925375211785862 0.1538444215891281
0 0.5630980861244019 0.5404255319148936 0.026913875598086126 0.1595744680851064
0 0.5669856459330144 0.6872340425531915 0.034688995215311005 0.13617021276595745
0 0.5756578947368421 0.7728723404255319 0.05203349282296651 0.11595744680851064
0 0.6295526270353352 0.742981215076334 0.09221792473027572 0.11270190056767505
0 0.648196644226385 0.687313758870365 0.08871835472465651 0.1559225324949282
0 0.698227053943739 0.6497401297417316 0.07014634050259735 0.15332269397899195
0 0.7154465872037723 0.5310473188730102 0.09847579890868671 0.16309828991701764
0 0.742567602830486 0.6736587797253966 0.0697075193841988 0.13842907695771536
0 0.7937225949424308 0.5675424523231691 0.10590358732630893 0.1722035122389037
0 0.7800132175148089 0.6885975456479688 0.07776982464783028 0.10832124315794521
0 0.7901374798482472 0.7195957888946355 0.07481328156942417 0.08897411231306139
0 0.5657894736842105 0.9835106382978723 0.03229665071770335 0.03297872340425532
0 0.61872009569378 0.95 0.07715311004784689 0.1
0 0.6274055379917417 0.8158535555018659 0.1061306274195192 0.11916066888320505
0 0.9056388332378053 0.6468836695073245 0.07027171796499698 0.15757801312792813
0 0.9635167464114832 0.6313829787234042 0.0729665071770335 0.14574468085106382
0 0.97188995215311 0.5117021276595745 0.056220095693779906 0.12978723404255318
0 0.9766746411483254 0.34893617021276596 0.04665071770334928 0.13829787234042554
0 0.8926096853709217 0.4208592011052774 0.07984618231143484 0.11804435724905517
0 0.8283518577193233 0.4654482877773918 0.09129876541586375 0.16250370589300378
0 0.8833037781953089 0.5139574279499851 0.08866075234946408 0.11346843834290217
0 0.788807887488255 0.7849717721408612 0.06665948638699679 0.09572723946235019
0 0.6927362904929705 0.917095126556422 0.06565138033179226 0.10201112084841855
0 0.625 0.9845744680851064 0.056220095693779906 0.030851063829787233
0 0.7356459330143541 0.9797872340425532 0.05263157894736842 0.04042553191489362
0 0.7676435406698564 0.9851063829787234 0.056818181818181816 0.029787234042553193
0 0.8769218303881694 0.9533060096159157 0.04642367761013874 0.0569076395117884
0 0.8419037193340593 0.9673500451646065 0.049980849990950385 0.056141101736561526
0 0.9871411483253588 0.9180851063829787 0.025717703349282296 0.04042553191489362
0 0.979066985645933 0.7053191489361702 0.041866028708133975 0.12340425531914893
0 0.7481482037409397 0.8689939507653889 0.07059787751101455 0.06740022455637361
0 0.900137897075022 0.833585797166899 0.05973575099697669 0.08348007644742955
0 0.9060624275328505 0.8856260132766364 0.06665948638699679 0.09572723946235019
0 0.8640426332894985 0.7930655676820417 0.05941722098496998 0.11316821315264734