0 0.042732166890982505 0.017942583732057416 0.059892328398384924 0.03588516746411483
0 0.020188425302826378 0.045454545454545456 0.040376850605652756 0.09090909090909091
0 0.013458950201884253 0.4007177033492823 0.026917900403768506 0.0645933014354067
0 0.10006793885157884 0.3993987374302796 0.05616393577056896 0.10260195053295044
0 0.10352099035527242 0.27005344051878133 0.03929718198327386 0.08700298866434689
0 0.02076997963115415 0.2514644428620939 0.03800609828028153 0.10355411477705968
0 0.2496635262449529 0.02332535885167464 0.07537012113055182 0.04665071770334928
0 0.1652086137281292 0.04844497607655503 0.10430686406460296 0.09688995215311005
0 0.2981157469717362 0.049641148325358854 0.08075370121130551 0.09928229665071771
0 0.2256046432457337 0.09928081602349606 0.09064477764287657 0.1566247896827007
0 0.24755155732216133 0.18204847918287576 0.08585584319050844 0.13201784590973084
0 0.2546897110824309 0.26386417551510916 0.08581669224965406 0.12005612342169256
0 0.3348742147769062 0.24378509046899222 0.0630226089763304 0.14305206159618122
0 0.40856979732039334 0.2520846200084996 0.07183356811292206 0.1634601724855584
0 0.5105509326416076 0.1549865602211808 0.06978731992404137 0.1547940386881203
0 0.5434051144010767 0.2410287081339713 0.0531628532974428 0.15669856459330145
0 0.5501345895020189 0.33373205741626794 0.039703903095558546 0.11722488038277512
0 0.5548452220726783 0.4216507177033493 0.03028263795423957 0.10645933014354067
0 0.5166011389187268 0.3634988722413496 0.06964246144288044 0.1105356654823788
0 0.60318082584244 0.16024703521300634 0.06508843263563836 0.1576990566376386
0 0.7898280644247913 0.11372946573148772 0.07130156398990353 0.2064247307572258
0 0.9343512602375441 0.18376570526559313 0.06581619146292839 0.1745431108061626
0 0.8841931801710127 0.18366835870576695 0.07711927084154002 0.13433700774762639
0 0.8232113954150353 0.09643359204950462 0.06639517671497225 0.14593261952014114
0 0.8691117092866757 0.08433014354066985 0.06796769851951548 0.1686602870813397
0 0.9855316285329744 0.04007177033492823 0.028936742934051143 0.08014354066985646
0 0.980820995962315 0.1519138755980861 0.03835800807537012 0.12440191387559808
0 0.8437691241000345 0.29508349931494987 0.08723697405746587 0.14297868151950635
0 0.6417774303207215 0.19576579583615344 0.06649696916119369 0.1770330979890409
0 0.7256102915505616 0.19237207091787561 0.0737858540437524 0.14341817231170478
0 0.6935706736971631 0.3133809508345661 0.07098444136898333 0.10953477860411576
0 0.7355046100673174 0.35776113062569204 0.05824541980621861 0.12203363456962286
0 0.7894928752078861 0.4218414624837439 0.06968944257190562 0.12488973246802473
0 0.8014804845222072 0.4868421052631579 0.07267833109017496 0.02631578947368421
0 0.5837819650067295 0.2715311004784689 0.02759084791386272 0.145933014354067
0 0.57907133243607 0.3588516746411483 0.01816958277254374 0.12200956937799043
0 0.5969044414535666 0.4072966507177033 0.05383580080753701 0.11363636363636363
0 0.6136756626287097 0.34786292420896414 0.05075295003121731 0.09344760330915997
0 0.6196032164510384 0.28529575784716016 0.07438049967213783 0.11959237002089862
0 0.8025470618445284 0.34175887446082037 0.05955999407372359 0.11265954194973331
0 0.844418356709316 0.4052778102328076 0.06835529283397337 0.12828296384389515
0 0.8980484522207268 0.465311004784689 0.04374158815612382 0.06937799043062201
0 0.8583445491251682 0.48145933014354064 0.08142664872139974 0.03708133971291866
0 0.8718034993270525 0.45394736842105265 0.04104979811574697 0.09210526315789473
0 0.46116608365694933 0.7734676771233597 0.10137670195761513 0.1474215224077936
0 0.5471063257065949 0.6925837320574163 0.04576043068640646 0.12440191387559808
0 0.2823014804845222 0.9342105263157895 0.06527590847913863 0.13157894736842105
0 0.006056527590847914 0.8965311004784688 0.012113055181695828 0.15669856459330145
0 0.8583445491251682 0.5382775119617225 0.10296096904441454 0.07655502392344497
0 0.8934619809793 0.6270836329236853 0.1095695249013087 0.18447840209515384
0 0.9562584118438762 0.6734449760765551 0.08748317631224764 0.20095693779904306
0 0.8068061740572211 0.6701585574358093 0.11292251716952342 0.18137809877509473
0 0.9690444145356663 0.8074162679425837 0.06191117092866756 0.19856459330143542
0 0.9804845222072678 0.9049043062200957 0.039030955585464336 0.15669856459330145
0 0.9397711978465679 0.9019138755980861 0.11238223418573351 0.19617224880382775
0 0.8532625941456338 0.8755581387061767 0.08113738043167802 0.1289420026152299
0 0.8444342414219579 0.7958906801583749 0.08595763563672974 0.16311832437863036
0 0.7735028781594281 0.7658525347570785 0.06650871444344987 0.18062161473545213
0 0.7328815585097359 0.7318351044513258 0.07669688935291356 0.21079438898580097
0 0.7288021534320323 0.6034688995215312 0.11709286675639301 0.2069377990430622
0 0.7102960969044414 0.5382775119617225 0.09623149394347241 0.07655502392344497
0 0.6345895020188426 0.5771531100478469 0.12920592193808883 0.15430622009569378
0 0.607335127860027 0.6142344497607656 0.07469717362045761 0.13277511961722488
0 0.6147375504710633 0.7039473684210527 0.08950201884253028 0.17822966507177032
0 0.6520941303261036 0.9361247158132322 0.07102359230983771 0.12149650109215404
0 0.6669461810135019 0.8209991531637719 0.0723577420477698 0.11810326971628334
0 0.8112382234185733 0.9904306220095693 0.0639300134589502 0.019138755980861243
0 0.6096904441453567 0.9509569377990431 0.07940780619111709 0.09808612440191387
0 0.8216689098250336 0.9336124401913876 0.0955585464333782 0.13277511961722488