0 0.26395836334583317 0.3326067001919503 0.08375234042076492 0.18264150400885967
0 0.15576652601969057 0.05125 0.07383966244725738 0.1025
0 0.870253164556962 0.509375 0.08790436005625879 0.06125
0 0.41412262950964773 0.4192725897600587 0.07155159484775513 0.17377974213362904
0 0.4656771131721475 0.4416301277002579 0.06787852120719981 0.1472093275747511
0 0.49892419886724326 0.34687979025470583 0.061091925008057706 0.1539082911775563
0 0.5758260213576265 0.3349834417054254 0.0764881106747738 0.1320006748911041
0 0.4554978750974791 0.32485106045773304 0.06349527685426033 0.14172870573643423
0 0.46298803428909363 0.2518546095016606 0.0681381454764266 0.11236953485419007
0 0.3886710664070097 0.13798997347360634 0.07111492006846594 0.11768994941306786
0 0.5695215109573677 0.196433700804724 0.05700232785997064 0.1360077729789593
0 0.5306592780785948 0.19521440098929418 0.05815610918357812 0.14983787661867864
0 0.48538948165661894 0.18155098211147971 0.06875946282175711 0.10994963849390955
0 0.36330357630736865 0.1070035490439276 0.023663577105899006 0.12349290191214479
0 0.45288326300984527 0.056875 0.06329113924050633 0.11375
0 0.3744725738396624 0.033125 0.04992967651195499 0.06625
0 0.49838957942108886 0.08283359839793221 0.05820400378307197 0.12991798025839812
0 0.5450070323488045 0.03 0.06188466947960619 0.06
0 0.5399213961352028 0.07935748365448418 0.0683838980817852 0.11986953485419008
0 0.5981012658227848 0.033125 0.05977496483825598 0.06625
0 0.7630098452883263 0.03875 0.052039381153305204 0.0775
0 0.8337128808970379 0.09482442135104989 0.08729625815075165 0.09836243676633473
0 0.9398219138897788 0.26340965269102723 0.07085529579923919 0.15252974213362905
0 0.9658931082981715 0.17875 0.06821378340365682 0.1525
0 0.9003969901250927 0.14807988649685982 0.0735044002508003 0.14785015669250684
0 0.8171589310829818 0.035 0.08438818565400844 0.07
0 0.8586497890295358 0.05125 0.06329113924050633 0.1025
0 0.016877637130801686 0.818125 0.03375527426160337 0.10875
0 0.08068094776154805 0.7082504034625294 0.0686296506871438 0.1273695348541901
0 0.016526019690576654 0.65375 0.03305203938115331 0.1175
0 0.24130802356900477 0.8173023436249502 0.06243034889770629 0.10922870573643423
0 0.19169312986972686 0.6818039765669955 0.06479274197634939 0.09579912029531215
0 0.2544549449359009 0.7122949080915432 0.06859562775151806 0.10494963849390956
0 0.303329112903136 0.8359583269693576 0.06751682813109595 0.11478943121447059
0 0.3410689170182841 0.810625 0.016877637130801686 0.07375
0 0.2858649789029536 0.56375 0.07383966244725738 0.0475
0 0.3727144866385373 0.580625 0.046413502109704644 0.08125
0 0.4035052174118575 0.6254297600295294 0.0570640941233326 0.07374808389811761
0 0.3949797009472804 0.8930172992026562 0.0802431018504487 0.16107108944998189
0 0.5334036568213784 0.941875 0.07243319268635724 0.11625
0 0.6090014064697609 0.936875 0.05485232067510549 0.12625
0 0.7580872011251758 0.975625 0.06188466947960619 0.04875
0 0.9968354430379747 0.66125 0.006329113924050633 0.085
0 0.8459915611814346 0.985 0.05625879043600562 0.03
0 0.820323488045007 0.963125 0.06540084388185655 0.07375
0 0.8092461555716892 0.9123265663270544 0.056190088340709377 0.08983787661867865
0 0.7686357243319268 0.950625 0.06047819971870605 0.09875
0 0.6653460972646185 0.8829225533702444 0.05345213052209455 0.11318735842008153
0 0.6980336318777458 0.7280120086452535 0.06206171998966854 0.09797870573643436
0 0.5843881856540084 0.5725 0.06751054852320675 0.065
0 0.7622567471362479 0.7169325256109232 0.05350002512158856 0.093267462059801
0 0.9449572720587293 0.8102961493023214 0.04675438769000617 0.10121642566260633
0 0.9838255977496484 0.82 0.03234880450070324 0.0675
0 0.9394104988583261 0.69487140840162 0.05403248909986548 0.10951746205980087
0 0.9648382559774965 0.57125 0.0379746835443038 0.0625
0 0.919831223628692 0.56375 0.05063291139240506 0.0475
0 0.5483977055521964 0.8466845502842354 0.08158846157203166 0.09522160764857915