0 0.20654450261780105 0.4068901303538175 0.08324607329842931 0.0856610800744879
0 0.24230571938105527 0.34410661421671956 0.0827914712963957 0.11718155666241853
0 0.3059320041400299 0.3502300491772439 0.08587350273837978 0.15091803102915957
0 0.3738219895287958 0.1680633147113594 0.031413612565445025 0.15735567970204842
0 0.34157931901708455 0.16526635609486398 0.0774713270390809 0.13148260224699027
0 0.28294057556158714 0.1591925598596329 0.07196356494525463 0.10399266713783775
0 0.2756574562699537 0.20139945117629504 0.07684246487683595 0.0924306873191226
0 0.23041510865538248 0.23080209125896406 0.058456301453049316 0.14158036333042667
0 0.18924926192523311 0.24661786315940742 0.05994243991824759 0.15658640312087344
0 0.14889174157834992 0.2260936707360753 0.08265205187752797 0.13016270808935507
0 0.12951444813120044 0.17972438487474915 0.06708689129305659 0.09791800204730723
0 0.15721196303160645 0.104142265063105 0.06072185289627688 0.09447394207557551
0 0.2095338665079679 0.05726107944354114 0.046393656846548385 0.08649203246506389
0 0.2175392670157068 0.024208566108007448 0.07172774869109948 0.048417132216014895
0 0.08931154129447347 0.0737606252692802 0.05810627812853985 0.07656614554868549
0 0.07773686465400992 0.1724933854524695 0.05476616763856712 0.12263300746001705
0 0.01780104712041885 0.30400372439478585 0.0356020942408377 0.11080074487895716
0 0.033507853403141365 0.3999068901303538 0.06701570680628273 0.09962756052141528
0 0.06230366492146597 0.0260707635009311 0.05130890052356021 0.0521415270018622
0 0.16047120418848168 0.0223463687150838 0.049738219895287955 0.0446927374301676
0 0.30706806282722515 0.012569832402234637 0.05602094240837696 0.025139664804469275
0 0.2774869109947644 0.023277467411545624 0.050261780104712044 0.04655493482309125
0 0.5731883696236296 0.2719449146362409 0.056169990220074746 0.13484575116107855
0 0.6368446809275328 0.18794617377055473 0.04983239045119198 0.13233278988580865
0 0.7457615117187223 0.10956945458657577 0.05110124617259859 0.12225339519531515
0 0.8207908008749807 0.07624758755982312 0.048787496311727206 0.11458768432950521
0 0.881413612565445 0.015828677839851025 0.06544502617801047 0.03165735567970205
0 0.9293193717277487 0.01722532588454376 0.05340314136125655 0.03445065176908752
0 0.9829842931937173 0.051210428305400374 0.034031413612565446 0.10242085661080075
0 0.3994764397905759 0.3547486033519553 0.019895287958115182 0.0856610800744879
0 0.4306702381486913 0.26091866142224135 0.04589530898563792 0.10500554574724262
0 0.39764397905759163 0.2202048417132216 0.016230366492146597 0.08286778398510242
0 0.5197399793994093 0.12538367588233196 0.046091831939682804 0.07624994680398382
0 0.5114672048617531 0.07642883202926432 0.04645298666110899 0.05308094003949576
0 0.48211928136641585 0.06545047982995875 0.025149423562719455 0.07408073386282994
0 0.46230366492146596 0.03957169459962756 0.03455497382198953 0.07914338919925512
0 0.4306282722513089 0.03026070763500931 0.03612565445026178 0.06052141527001862
0 0.3924083769633508 0.08798882681564246 0.005759162303664921 0.08472998137802606
0 0.5596858638743456 0.027932960893854747 0.028272251308900525 0.055865921787709494
0 0.5761669355277811 0.07285707616223264 0.04606216703240253 0.09295549301676788
0 0.612565445026178 0.04003724394785847 0.03664921465968586 0.08007448789571694
0 0.6399956705769073 0.04537961256483784 0.03531880284433543 0.0649232546723268
0 0.6984293193717277 0.04562383612662942 0.04712041884816754 0.09124767225325885
0 0.5866492146596859 0.006983240223463687 0.04031413612565445 0.013966480446927373
0 0.10034635049453287 0.7960522784771512 0.03336175514612345 0.06936182686052049
0 0.11397227361585917 0.9039329002267223 0.05617889533760808 0.0642991715240952
0 0.12591623036649216 0.9543761638733705 0.04554973821989529 0.09124767225325885
0 0.19450261780104713 0.9757914338919925 0.05706806282722513 0.048417132216014895
0 0.006544502617801047 0.6433891992551211 0.013089005235602094 0.0670391061452514
0 0.012565445026178011 0.6717877094972067 0.025130890052356022 0.051210428305400374
0 0.05322665492166194 0.5772991839874507 0.03592467893745022 0.06777078108524107
0 0.09050250546420935 0.5241898255032411 0.04284294245093435 0.05456352516771761
0 0.12819772740305174 0.5192218560191664 0.02600669986567296 0.05003485872540896
0 0.013612565445026177 0.46089385474860334 0.027225130890052355 0.0223463687150838
0 0.07026609929911816 0.6584490951572732 0.029477324656979807 0.06153342502412387
0 0.08885471301305652 0.678119377198851 0.02843243051751515 0.043788319467820414
0 0.19437174186206452 0.6260078192463897 0.0405017539621659 0.04596671560544579
0 0.31203114328423226 0.6073749244100827 0.0261416667257738 0.07232699711696391
0 0.3617330194340899 0.5424774816165712 0.03262091219290758 0.04422216205605121
0 0.3785340314136126 0.6396648044692738 0.02198952879581152 0.048417132216014895
0 0.3359525074297421 0.6332012170274842 0.02479272140006011 0.06197645080882612
0 0.3109280606966455 0.9299372092141049 0.04223484007843629 0.06935264366404914
0 0.3091623036649215 0.9864990689013036 0.04869109947643979 0.027001862197392923
0 0.256020942408377 0.9711359404096834 0.04712041884816754 0.05772811918063315
0 0.2675392670157068 0.9883612662942272 0.04502617801047121 0.023277467411545624
0 0.2101315607588457 0.501091243316976 0.02801862481967859 0.04745848393013888
0 0.14172129812623716 0.4701898238513914 0.035929131496216765 0.032497491266749445
0 0.2763537736355022 0.552779692482365 0.03708378014726942 0.053966991608900255
0 0.19754054174650598 0.625402102491101 0.032399176890349254 0.05441001739360245
0 0.08973608852483177 0.6749418772465277 0.026834311261346076 0.04269452980077203
0 0.13599294209629095 0.8249609507668754 0.04755275805636759 0.07268824298872308
0 0.18218637493207124 0.7989256167688806 0.055515915709316375 0.07722609262750309
0 0.1640642178923798 0.7634266568874519 0.04179582203208618 0.054455064520659936
0 0.24574851568007045 0.8428670095831664 0.04386039796250218 0.07137753202755924
0 0.19127749411021883 0.8913934713015386 0.044573802287820985 0.0955860981355668
0 0.2161751558254514 0.9019108657508487 0.04644630782295899 0.10599087476723343
0 0.25132339956629884 0.9120891034642788 0.0473836737302194 0.1023749406284437
0 0.35962174809011704 0.8457895521725393 0.024708179236986136 0.07681979962868643
0 0.326852511360808 0.7994340411059202 0.03490499714649911 0.06859341913464521
0 0.008900523560209424 0.8035381750465549 0.01780104712041885 0.07076350093109869
0 0.16544577768005392 0.5739797789174707 0.030277497424756335 0.05326199740302522
0 0.29510406956214197 0.7629906421609723 0.04112838984502745 0.10265527544255938
0 0.2819301605258175 0.8536192572918851 0.061194988408673864 0.05739268518768907
0 0.2715842665778601 0.6433448940932776 0.03633848463528678 0.06410061662292266
0 0.23740934262530844 0.4843039171912488 0.02675199537765537 0.03990123371138658
0 0.12099322293838549 0.6389539755980399 0.047884247870513444 0.06622478243701908
0 0.7814136125654451 0.9827746741154563 0.0581151832460733 0.03445065176908752
0 0.8931937172774869 0.9529795158286778 0.04293193717277487 0.09404096834264432
0 0.8957477924047739 0.9046344190113993 0.05350399075531074 0.07980246742277311
0 0.9191318770269111 0.9308720306535029 0.037932151332689304 0.10046769610846251
0 0.9427744023346857 0.9305190991229155 0.0440502420783969 0.0955318678120378
0 0.9473821989528796 0.9622905027932961 0.04659685863874346 0.07541899441340782
0 0.5091215638142181 0.8281640152762757 0.058984314221239946 0.10636130383546388
0 0.43523543027444683 0.8583354975124696 0.060223505035366345 0.11298745535775444
0 0.5565030112650543 0.7172631240914327 0.04675035900920802 0.09859631551906761
0 0.4788892870256789 0.686809322008786 0.04614003035732645 0.13102207892464493
0 0.4715928100577453 0.622545579987627 0.053972673708940946 0.07799450035337845
0 0.6663731535568362 0.6599988165484313 0.04520711700883259 0.09936472324494289
0 0.6934748106213526 0.6670087375060096 0.038567692333084186 0.08660967630859291
0 0.6371665141221018 0.7867913646654758 0.0742476498988458 0.12836392421643186
0 0.6845876447374435 0.7725574553438403 0.05041528047517661 0.09897592778376953
0 0.7184269879547307 0.7826001172484482 0.04729913156714542 0.11721828944830412
0 0.7198378510120366 0.7169034288243609 0.051850994243347784 0.07684648036280108
0 0.7554480988683643 0.6757627775853328 0.05653114494150093 0.1116767443965906
0 0.7943139150515909 0.6667133246142376 0.04922874063746082 0.11184861856364851
0 0.8308544883393809 0.683106394825256 0.047991776102717695 0.08758582213211227
0 0.8660576093360222 0.6914224351457625 0.041267809263895075 0.08967412401562272
0 0.8274076011192473 0.7733416228967598 0.057360982616557324 0.08669977056270779
0 0.7911306725779045 0.8816569560898613 0.06639424675748455 0.12755046936349906
0 0.8345405594594913 0.8520645098748414 0.05860017343068372 0.09332592208499833
0 0.8798570693422632 0.8646968869417768 0.060090764454648775 0.07305867205695353
0 0.8782192669215886 0.7687983128044446 0.045701012310976584 0.11612449978125573
0 0.8791365963143991 0.6129252182306179 0.03666774817004936 0.07527380098046456
0 0.845492662911465 0.6229825237852323 0.036144187960625275 0.07521957065693567
0 0.8429905437120387 0.5564135585864476 0.05664535201185524 0.08012784936394624
0 0.9683246073298429 0.9846368715083799 0.03821989528795811 0.030726256983240222
0 0.9092264759026437 0.6076364584036058 0.05022543635928189 0.07482159199929087
0 0.9215779776041051 0.6607495396307516 0.048156407870098866 0.09317241431088323
0 0.7575916230366492 0.45996275605214154 0.039790575916230364 0.020484171322160148
0 0.518359114660285 0.5503395150294785 0.05686931359379684 0.05230334911714926
0 0.5719895287958116 0.47392923649906893 0.04869109947643979 0.048417132216014895
0 0.6848167539267016 0.48091247672253257 0.04607329842931937 0.06238361266294227
0 0.8502617801047121 0.46368715083798884 0.04607329842931937 0.027932960893854747
0 0.7026545346569458 0.5871736944679368 0.04617414782337357 0.0790432428933693
0 0.7308192577336421 0.6115716322806455 0.04336205010159141 0.08989104530973807
0 0.7303664921465969 0.473463687150838 0.0356020942408377 0.04748603351955307
0 0.7842931937172775 0.46415270018621974 0.041884816753926704 0.028864059590316574
0 0.8952879581151832 0.4613594040968343 0.032460732984293195 0.023277467411545624
0 0.9329842931937172 0.47718808193668527 0.04397905759162304 0.05493482309124767
0 0.9903141361256544 0.4655493482309125 0.0193717277486911 0.03165735567970205
0 0.6453877225962924 0.5345449634096145 0.06152647822281995 0.05092922463598519
0 0.640875904722244 0.4827108863836324 0.04771961610313203 0.06063819025824814