0 0.15675675675675677 0.5254807692307693 0.06918918918918919 0.10865384615384616
0 0.03792632163076252 0.41580472648487077 0.06597201228934545 0.0859580061695097
0 0.010810810810810811 0.3951923076923077 0.021621621621621623 0.08846153846153847
0 0.040956813998966786 0.3287463359203114 0.06120779719034249 0.09354961724525813
0 0.012702702702702703 0.3177884615384615 0.025405405405405406 0.0798076923076923
0 0.0037837837837837837 0.07067307692307692 0.0075675675675675675 0.0625
0 0.026216216216216216 0.2653846153846154 0.05243243243243243 0.09230769230769231
0 0.03684143566963349 0.1889655634089267 0.04138348232963369 0.06526221539440513
0 0.0334728321700299 0.15731311376881474 0.032697090018786845 0.06219858380257309
0 0.02027027027027027 0.12403846153846154 0.04054054054054054 0.07307692307692308
0 0.0573640082810089 0.10731277694268913 0.04045337589734535 0.07677829990696458
0 0.1348684437694293 0.13118240030850817 0.04788255003685294 0.06635801601135617
0 0.0871811286294173 0.16196908749941671 0.05118869938375979 0.07123283939675476
0 0.11814336603998785 0.10845791538954294 0.04230100754118925 0.052784592420307225
0 0.1864864864864865 0.025961538461538463 0.04216216216216216 0.051923076923076926
0 0.23432432432432432 0.03942307692307692 0.049189189189189186 0.07884615384615384
0 0.09332095361930313 0.25027958103611614 0.05909595991111117 0.09735101703960779
0 0.17311245957527907 0.34715899640115194 0.055689612749309385 0.12611885129510436
0 0.25459007508492476 0.2945247752534326 0.053175176406630636 0.09915102032022324
0 0.30108108108108106 0.32548076923076924 0.057297297297297295 0.12596153846153846
0 0.2939241742880239 0.26198843309018827 0.052973876874906935 0.08376640493560786
0 0.24305113529999983 0.2058453976154744 0.050183105627075085 0.07697969314008332
0 0.211655297725117 0.2511946813152223 0.05465840460019216 0.08860766278215325
0 0.31 0.10576923076923077 0.03945945945945946 0.08461538461538462
0 0.9699451556073991 0.15171784681491643 0.0584174778934775 0.12809787078293647
0 0.9025092389065584 0.18435522242084576 0.06555728395613236 0.09556220227194333
0 0.8632128833656574 0.2140069491994747 0.055136490988036135 0.12514612432061478
0 0.8860297209568887 0.12221325483527913 0.07741143218582594 0.09292373417225089
0 0.7714539981933931 0.1231429118885925 0.04505448707778988 0.09802165416441912
0 0.6736267077969367 0.31021383827060545 0.05112624523106304 0.1077601124222652
0 0.6352042951459936 0.3143736073055141 0.05450788190236651 0.11840416657689468
0 0.6478888039440478 0.2535505369436681 0.052860645888312366 0.07511255878176169
0 0.636374348674138 0.22495053038243723 0.06370920036132137 0.07822094442539793
0 0.6310700449855614 0.1760351424864371 0.03717238899190392 0.073826553444643
0 0.5868149173752671 0.17166413900996116 0.06866213377131537 0.08505241027272654
0 0.5885050577844683 0.22834455993245065 0.05924648260893703 0.06755451324486658
0 0.5798370853537536 0.2713008491651778 0.06482802510460063 0.08112793683591542
0 0.5911691129230388 0.31384316341871643 0.057159807771171155 0.07327898996229316
0 0.5880444873748225 0.38744560977821285 0.06759363391096694 0.08599157170836301
0 0.4827027027027027 0.5269230769230769 0.06594594594594595 0.10576923076923077
0 0.5032432432432432 0.5456730769230769 0.05405405405405406 0.06826923076923076
0 0.5356756756756756 0.5221153846153846 0.05837837837837838 0.11538461538461539
0 0.4297297297297297 0.5379807692307692 0.055135135135135134 0.08365384615384615
0 0.5027019880730808 0.3844057025167853 0.0632315659244445 0.08301744822013925
0 0.49692004994762734 0.33069381082604404 0.038756266951327355 0.07097550359888072
0 0.530924005094234 0.3131676056896808 0.0426532817217057 0.07970766934338415
0 0.4595593945956994 0.3776084758605611 0.04422457846039643 0.07589508103608339
0 0.5012578593946184 0.2469728335944917 0.07371571694717118 0.09957618381236295
0 0.4678955465053811 0.2154605771923934 0.043432413505201224 0.05665312329236317
0 0.49296216285293676 0.15822632487882723 0.03858012986106907 0.057513965137342256
0 0.40137041245476246 0.3023913103363926 0.03499764560900905 0.07282026093130035
0 0.4246451087498376 0.2995063581256517 0.04088068545129133 0.06813564226606952
0 0.4571213494793511 0.31613714539980586 0.06168543162721925 0.08875311345051692
0 0.3840540540540541 0.020192307692307693 0.038378378378378375 0.04038461538461539
0 0.3644968458068467 0.06427695260246213 0.026549844541117133 0.04669089477549623
0 0.34756756756756757 0.1 0.03567567567567568 0.05
0 0.4202226203899698 0.07994586458895228 0.03982476681167573 0.07003634216324435
0 0.4664864864864865 0.017788461538461538 0.04108108108108108 0.035576923076923075
0 0.4795940113043002 0.08544589739510679 0.04149671331622825 0.07391606154825128
0 0.5999714479262822 0.0541158936738214 0.03923390138820429 0.0661789998041394
0 0.6264864864864865 0.013461538461538462 0.03891891891891892 0.026923076923076925
0 0.6637837837837838 0.03653846153846154 0.034594594594594595 0.07307692307692308
0 0.701081081081081 0.011538461538461539 0.036756756756756756 0.023076923076923078
0 0.055135135135135134 0.9625 0.057297297297297295 0.075
0 0.09985011852545322 0.9258308496058478 0.046827083348204256 0.10959368124173374
0 0.06406166381414993 0.8938881722812599 0.04271618782536943 0.08451536165107645
0 0.108870139161201 0.8766189661166451 0.06071758153273279 0.09738458257846087
0 0.15864864864864864 0.9524038461538461 0.051351351351351354 0.09519230769230769
0 0.18399224112463639 0.9173602666111914 0.04865000450154958 0.12501186216520221
0 0.21217583655714092 0.9110092331685063 0.05565186908711119 0.12323423591048897
0 0.2545015545888286 0.8976365291583249 0.04937881140211421 0.09811116226802738
0 0.2678378378378378 0.9576923076923077 0.07513513513513513 0.08461538461538462
0 0.3027027027027027 0.9264423076923077 0.05405405405405406 0.13557692307692307
0 0.28563947713869053 0.8719987839201156 0.052169582649946054 0.1048978740635518
0 0.27670933285193977 0.7491400368457378 0.056807985541621676 0.08769087837241898
0 0.3005405405405405 0.6870192307692308 0.05837837837837838 0.0798076923076923
0 0.24092739472648633 0.6960491076237794 0.056267445001081134 0.08767968985946788
0 0.26432432432432434 0.6177884615384616 0.057297297297297295 0.07596153846153846
0 0.22162162162162163 0.6278846153846154 0.05081081081081081 0.09615384615384616
0 0.3005823150582702 0.6385795597121158 0.04656287771281682 0.08940137354942605
0 0.052183483020408254 0.7898353677716374 0.04216306606409612 0.08354263467658689
0 0.05252385390664252 0.7018713813102947 0.043030266392720756 0.06721885785633526
0 0.19369277755736922 0.7128878928659047 0.05288580832977779 0.07703563570483862
0 0.23321401324307492 0.8106008524457933 0.06494170804216223 0.1311167483229643
0 0.010810810810810811 0.7894230769230769 0.021621621621621623 0.08846153846153847
0 0.7921621621621622 0.9355769230769231 0.07297297297297298 0.12884615384615383
0 0.6583783783783784 0.98125 0.055135135135135134 0.0375
0 0.535145456601033 0.7703225279342129 0.05883220622669071 0.11849367468050284
0 0.6591377344288407 0.6692250431866337 0.05754982561388592 0.10308668226998541
0 0.6861640835294174 0.7306680655388859 0.056330351104744734 0.09248738216716024
0 0.7312807987844204 0.6898411670665787 0.04743007804144142 0.07307759672917431
0 0.7258066486159519 0.6539065484013479 0.05121386182522533 0.07315591631983161
0 0.8115263585641921 0.6487677844832228 0.05418077016331547 0.09340416657689452
0 0.6240135986860539 0.8136631367331228 0.0548219604697178 0.10110766278215325
0 0.6849061874316276 0.8061544290261305 0.05959875678945352 0.0944775901679434
0 0.6528947739427747 0.8159491666748575 0.05519894514073282 0.08861885129510433
0 0.45013613367322514 0.7624693341086175 0.0405414444424745 0.0835090691377338
0 0.4981999815332852 0.7855064237379606 0.05518636392000005 0.08765731283356586
0 0.47784815930373564 0.7715085103070234 0.05063557762248648 0.0702601124222652
0 0.3824110748710149 0.79655461166333 0.04418683479819824 0.07301046565146802
0 0.8236981642658017 0.9162317791461042 0.08188673115894302 0.1045517038143207
0 0.7621077697205284 0.9357709061352784 0.050497636145393356 0.10101815467854487
0 0.9832432432432432 0.6283653846153846 0.03351351351351351 0.08173076923076923
0 0.9824324324324324 0.7072115384615385 0.03513513513513514 0.07211538461538461
0 0.9943243243243243 0.7480769230769231 0.011351351351351352 0.09807692307692308
0 0.9837837837837838 0.9509615384615384 0.032432432432432434 0.09807692307692308
0 0.3920828332545464 0.9246850375067427 0.06544405296953758 0.08690835611809718
0 0.5294688770234233 0.8531099379866044 0.047053093370426465 0.0855664082162233
0 0.5916216216216216 0.9908653846153846 0.047027027027027025 0.01826923076923077
0 0.5913037014710509 0.8974907416638358 0.05470872948312324 0.0924538166283071
0 0.5575675675675675 0.9591346153846154 0.05027027027027027 0.08173076923076923
0 0.36795374382706286 0.8896171917690922 0.03702141434311114 0.062288091906181474
0 0.42423377004887675 0.8009759634480856 0.040754873243964 0.05852025765068488
0 0.44229155327405395 0.8044473021103796 0.03869336084766369 0.06616781129118841
0 0.33864864864864863 0.9596153846153846 0.01783783783783784 0.05961538461538462
0 0.3527741224683963 0.9346308200803087 0.03206848093311716 0.05545662605885276
0 0.33756756756756756 0.8509615384615384 0.015675675675675675 0.06346153846153846
0 0.35967017655514705 0.841244109925092 0.04421199723966369 0.07493354257454493
0 0.5500680668366126 0.662350507418129 0.054884414622414425 0.06458038975664276
0 0.5900871646431952 0.6394127671008428 0.03791377711320131 0.04788739200900657
0 0.6767567567567567 0.6072115384615384 0.05189189189189189 0.05480769230769231
0 0.7067567567567568 0.6009615384615384 0.03513513513513514 0.04230769230769231
0 0.7508108108108108 0.5947115384615385 0.04 0.02980769230769231
0 0.79 0.5947115384615385 0.038378378378378375 0.02980769230769231
0 0.8121621621621622 0.5879807692307693 0.03513513513513514 0.016346153846153847
0 0.9691891891891892 0.6048076923076923 0.03567567567567568 0.05
0 0.9485217065639038 0.6690028252705811 0.06065467542906894 0.09257689027076857
0 0.9762162162162162 0.7528846153846154 0.04756756756756757 0.08076923076923077
0 0.41216216216216217 0.9769230769230769 0.042702702702702704 0.046153846153846156
0 0.9626734727025343 0.9296968909073644 0.055211978312432575 0.13091535508984556