0 0.3681948424068768 0.361323155216285 0.055873925501432664 0.035623409669211195
0 0.41583094555873923 0.3594147582697201 0.05945558739255014 0.039440203562340966
0 0.3922784509528853 0.2957524831917557 0.052005971742921396 0.07102564859580801
0 0.3713304013355512 0.26311772696284036 0.07102663330204158 0.09558358420674452
0 0.2170487106017192 0.0648854961832061 0.07879656160458452 0.1297709923664122
0 0.12353594178923122 0.11180322402065856 0.09094355002896712 0.17484889895254124
0 0.05614032216653586 0.24801045158514548 0.09449119113456418 0.1291361970706259
0 0.14393272478578878 0.24365241526203746 0.08534561536515736 0.13912186030841456
0 0.3055157593123209 0.018447837150127225 0.07091690544412607 0.03689567430025445
0 0.30026819659710285 0.09861201895688075 0.06501734791021412 0.12216790420519014
0 0.5054842453160513 0.13888509100222188 0.05952362896359095 0.09280218871627974
0 0.5336676217765043 0.1291348600508906 0.03151862464183381 0.09287531806615776
0 0.538323782234957 0.2684478371501272 0.022206303724928367 0.08396946564885496
0 0.31831138377529367 0.2648493655846117 0.059815432971713836 0.11061389355088534
0 0.6056590257879656 0.015267175572519083 0.0666189111747851 0.030534351145038167
0 0.752318240874202 0.18460224961658828 0.05044058262449635 0.10660464584719832
0 0.9643136946118466 0.13888642802195714 0.040245184181868614 0.0962192708490213
0 0.7871294794693953 0.15781022599506653 0.048716113859926635 0.08876333273404527
0 0.9466955097743301 0.2308225745907287 0.06062280342504102 0.07247556289813478
0 0.79055374110442 0.10177876774170534 0.06746581455436146 0.0967818281414196
0 0.791189111747851 0.031170483460559797 0.04512893982808023 0.062340966921119595
0 0.8488538681948424 0.03435114503816794 0.0830945558739255 0.06870229007633588
0 0.8344897123255826 0.08624467198901567 0.043493355777988844 0.07593705744869722
0 0.8591230368414817 0.28732125457769975 0.04648374415150659 0.08362986179205137
0 0.6332378223495702 0.03498727735368957 0.07449856733524356 0.06997455470737914
0 0.6027210905044486 0.07132111133250599 0.06120641144128613 0.10809897256734598
0 0.03832378223495702 0.41030534351145037 0.07664756446991404 0.062340966921119595
0 0.23137535816618912 0.40903307888040713 0.08595988538681948 0.05979643765903308
0 0.3857449856733524 0.4153944020356234 0.083810888252149 0.07251908396946564
0 0.08452722063037249 0.4662849872773537 0.09169054441260745 0.1743002544529262
0 0.04283666802054709 0.4655813449886104 0.07299355428650513 0.17193426620861352
0 0.03187679083094556 0.5184478371501272 0.06375358166189111 0.1692111959287532
0 0.12104578885820921 0.4779552026796222 0.08963594413314417 0.1824528784602535
0 0.16532674862640037 0.506928162804536 0.10641105834176147 0.15736288518195582
0 0.19089693791666687 0.5852534147064562 0.09956804721244061 0.13305661993867116
0 0.3441977077363897 0.43320610687022904 0.08667621776504297 0.10814249363867684
0 0.31912607449856734 0.4624681933842239 0.0995702005730659 0.16666666666666666
0 0.3038262592744186 0.5326821139839222 0.09743989322120748 0.13428447215189354
0 0.3768877263927988 0.6844281653312653 0.07080287086496 0.16934532452870613
0 0.01969914040114613 0.9847328244274809 0.032234957020057305 0.030534351145038167
0 0.27507163323782235 0.9770992366412213 0.09742120343839542 0.04580152671755725
0 0.29763610315186245 0.9472010178117048 0.08667621776504297 0.10559796437659033
0 0.20702005730659026 0.9739185750636132 0.0659025787965616 0.05216284987277354
0 0.13789398280802292 0.9745547073791349 0.08954154727793696 0.05089058524173028
0 0.2986856683467517 0.8901736711678037 0.07460062969180493 0.13889979821931
0 0.022206303724928367 0.8148854961832062 0.044412607449856735 0.1717557251908397
0 0.24459981772051329 0.9351697093146827 0.08008117099634496 0.12375105576097985
0 0.08135557530862851 0.911834897886802 0.05982861061379685 0.15512835149812562
0 0.05149505725037523 0.8768406641367209 0.06649169895353585 0.1247420417458241
0 0.27591336970807745 0.7284854776540028 0.07094877286902128 0.17825117694600892
0 0.32104123285584507 0.662053394589946 0.07527527578315373 0.13637007309649693
0 0.4604863504598974 0.6737976306885828 0.0780495672209442 0.17458242444561553
0 0.018266475644699142 0.6634860050890585 0.036532951289398284 0.138676844783715
0 0.159328358776865 0.7200843029917392 0.06343878114970589 0.11323244350934018
0 0.11607086639772836 0.7597692205253405 0.06817448143123082 0.14003882559689035
0 0.08025808023723068 0.7821305241471213 0.07757017492188562 0.1453203379316206
0 0.12916776849939568 0.8345367509714197 0.06438438810574001 0.12724215859008972
0 0.5816618911174785 0.42048346055979646 0.06446991404011461 0.08269720101781171
0 0.707378223495702 0.41603053435114506 0.083810888252149 0.0737913486005089
0 0.6794412607449857 0.43829516539440205 0.053724928366762174 0.1183206106870229
0 0.6414756446991404 0.4402035623409669 0.06088825214899714 0.12213740458015267
0 0.5884670487106017 0.4484732824427481 0.07808022922636103 0.1183206106870229
0 0.5834527220630372 0.5089058524173028 0.0680515759312321 0.11959287531806616
0 0.6112002883935999 0.6033040397601359 0.08033895421894703 0.09577603801730192
0 0.6765845446745927 0.5898703490913233 0.062701605628045 0.1119453747390232
0 0.8164739571118705 0.5526397989644315 0.058549513362765634 0.1207624023206841
0 0.844034063890663 0.684340948813074 0.0685573235144569 0.11969739563947195
0 0.8580140435180525 0.7489155580715335 0.056595770020384926 0.08892617826605537
0 0.8832228365782694 0.6307499451736388 0.07837754537521267 0.10718200727887035
0 0.9076379107978158 0.6703081361769238 0.08318344058840366 0.09456298994335327
0 0.928398372124214 0.7143932740852286 0.06169346924169879 0.09411886576514387
0 0.9395755516690214 0.7752103060076528 0.05360538164686685 0.08123337392270122
0 0.9448424068767909 0.4033078880407125 0.07163323782234957 0.04834605597964377
0 0.8782234957020058 0.4173027989821883 0.07593123209169055 0.07633587786259542
0 0.9312862241705973 0.6036840449755547 0.06542103313687771 0.103098738878815
0 0.9557523295684244 0.5745621521114143 0.05646304565840687 0.12453478379599284
0 0.967757722709996 0.6722452500555458 0.0582785524980801 0.1042229621171216
0 0.9720630372492837 0.7169211195928753 0.055873925501432664 0.11068702290076336
0 0.9792263610315186 0.510178117048346 0.04154727793696275 0.11195928753180662
0 0.9785100286532952 0.5776081424936387 0.04297994269340974 0.09923664122137404
0 0.9888968481375359 0.44720101781170485 0.022206303724928367 0.07506361323155217