0 0.06339712918660287 0.02074468085106383 0.050239234449760764 0.04148936170212766
0 0.11244019138755981 0.027127659574468086 0.045454545454545456 0.05425531914893617
0 0.15311004784688995 0.026595744680851064 0.04665071770334928 0.05319148936170213
0 0.5394102591548638 0.3398361199616457 0.04863588620068594 0.06684543734641882
0 0.49940191387559807 0.3675531914893617 0.05263157894736842 0.02446808510638298
0 0.3091567303581711 0.3148112874124824 0.05031273569199011 0.1062071394740784
0 0.28379186602870815 0.35319148936170214 0.04485645933014354 0.05319148936170213
0 0.26891741633579735 0.310186534099179 0.040942484306885164 0.08167431334146082
0 0.23305937039475313 0.3213659387798258 0.052233325736716935 0.05357993551911071
0 0.17882409004409766 0.30329065247519915 0.058341224960681906 0.07132672192351396
0 0.21910426292818339 0.2999769884847283 0.03754417137618012 0.0716967842515441
0 0.5442583732057417 0.010106382978723405 0.045454545454545456 0.02021276595744681
0 0.5638295313289315 0.14351065436545743 0.05051186229731578 0.08296410855685359
0 0.5934437172764457 0.15326952545091604 0.04434972002720998 0.07790266739829678
0 0.5386968830738345 0.09136775177992487 0.031110107566943504 0.060252364369583054
0 0.5886326130665845 0.07776204548305271 0.03226095955922587 0.05934975898427314
0 0.5580763308301582 0.034283070009953 0.04127757168177604 0.06162277178593813
0 0.33448686905748315 0.10408381358815351 0.06253745692953942 0.1279515372498044
0 0.1725912717654611 0.1285489884164754 0.07089211078350273 0.08676875317679777
0 0.18360091571233067 0.1841820224054674 0.07959148111040103 0.08159495746782447
0 0.19733388329110144 0.21776470915327545 0.057380576784106116 0.06273547142467956
0 0.0861244019138756 0.34414893617021275 0.03827751196172249 0.07127659574468086
0 0.020933014354066987 0.12659574468085105 0.041866028708133975 0.0851063829787234
0 0.051678311333611664 0.13321113755219896 0.04849100264150151 0.07740312301779742
0 0.05504093310583916 0.0682369083299603 0.07181636149317615 0.08054699885531764
0 0.11028629013018947 0.11843655434137698 0.062382944272310725 0.08244869300162676
0 0.09263758175709864 0.18374973170585385 0.05193463582872828 0.08844448189494793
0 0.030502392344497607 0.010638297872340425 0.050239234449760764 0.02127659574468085
0 0.4118747968691333 0.1719245707135946 0.05640208302829173 0.08164257099200613
0 0.022129186602870814 0.3468085106382979 0.04425837320574163 0.06595744680851064
0 0.053239388104124874 0.3408429772268523 0.03574991300297438 0.07145494764865792
0 0.06974581412034067 0.32328122198646414 0.035387350950800506 0.06294430935078558
0 0.08303145314555328 0.23475738421787964 0.03441777998460535 0.06810223388503167
0 0.9575358851674641 0.04734042553191489 0.08373205741626795 0.09468085106382979
0 0.8947368421052632 0.06595744680851064 0.0729665071770335 0.13191489361702127
0 0.9683014354066986 0.08138297872340426 0.06339712918660287 0.15425531914893617
0 0.8277511961722488 0.32074468085106383 0.0645933014354067 0.11808510638297873
0 0.8863636363636364 0.3404255319148936 0.06698564593301436 0.07872340425531915
0 0.9097962922350051 0.3003261543287284 0.0858806613604528 0.10359706302116377
0 0.9069607274244368 0.22032151860904278 0.08718602600996372 0.1481973018840315
0 0.9527511961722488 0.1973404255319149 0.09449760765550239 0.15851063829787235
0 0.986244019138756 0.13138297872340426 0.02751196172248804 0.11382978723404255
0 0.7018540669856459 0.2276595744680851 0.02452153110047847 0.13829787234042554
0 0.7168062200956937 0.2680851063829787 0.05442583732057416 0.1723404255319149
0 0.7600128218476528 0.2358968008967731 0.06584512934720113 0.135801406765253
0 0.7910583509619865 0.28882932615353607 0.09409113796365629 0.14278166957217187
0 0.6474282296650717 0.3872340425531915 0.08433014354066985 0.014893617021276596
0 0.6635765550239234 0.6526595744680851 0.05203349282296651 0.16914893617021276
0 0.6256034773718977 0.6193351602044567 0.06863643336388475 0.15944749868728814
0 0.5392198317948961 0.7277597633686547 0.07410984899654571 0.1623006680704148
0 0.46097117226354534 0.645226919724342 0.08145924072583612 0.1812725086639762
0 0.3580086588907356 0.7659344352932389 0.07697324163860945 0.1457630646804425
0 0.3346163791169154 0.6659594983826556 0.09688244198034017 0.16642776149420713
0 0.5456913525336721 0.5967877812374243 0.10922457209979107 0.14905229374515963
0 0.519167866819255 0.5284376596531313 0.09726284961175279 0.14744004972591843
0 0.4450419380145324 0.4887157152757938 0.09022177688849503 0.14966419267607586
0 0.37260765550239233 0.4648936170212766 0.09928229665071771 0.1702127659574468
0 0.4081937799043062 0.44042553191489364 0.09629186602870814 0.12127659574468085
0 0.48295454545454547 0.4175531914893617 0.10586124401913875 0.07553191489361702
0 0.18830918429730728 0.49899148878405825 0.09534225956702597 0.2000672536808861
0 0.22248803827751196 0.38670212765957446 0.11124401913875598 0.013829787234042552
0 0.08104066985645933 0.4308510638297872 0.06399521531100479 0.10212765957446808
0 0.03521358009748354 0.43553741735101126 0.05970083265633386 0.10324161554053529
0 0.022727272727272728 0.4797872340425532 0.045454545454545456 0.14468085106382977
0 0.016148325358851676 0.6420212765957447 0.03229665071770335 0.15212765957446808
0 0.02452153110047847 0.7207446808510638 0.04904306220095694 0.0925531914893617
0 0.048985640766904565 0.6357059491766363 0.07584986432361021 0.17522784991914744
0 0.04651051908323576 0.7566197900169878 0.06323510635660418 0.11641063399215407
0 0.10206008687302145 0.7438440124918271 0.08940601227110381 0.1305152565058631
0 0.08876693767503886 0.678999265322058 0.06648853572812477 0.13694584875344912
0 0.3120775444342873 0.8530408802849493 0.08359750926355224 0.14771362867825924
0 0.2945574162679426 0.9372340425531915 0.08791866028708134 0.125531914893617
0 0.19677033492822968 0.9723404255319149 0.08851674641148326 0.05531914893617021
0 0.14114832535885166 0.9398936170212766 0.06698564593301436 0.1202127659574468
0 0.1926954904719202 0.9124981990505897 0.057798088190845844 0.12837046942934194
0 0.23420823307171204 0.8942103058378802 0.059356822491823544 0.13704233212913847
0 0.4133896235304388 0.8478474444192716 0.06744918390470056 0.14553709925228353
0 0.46618909931946495 0.8158744890360536 0.06417790895394122 0.15250023455714945
0 0.6498205741626795 0.9441489361702128 0.07954545454545454 0.11170212765957446
0 0.6435406698564593 0.8047872340425531 0.09210526315789473 0.13085106382978723
0 0.4992194437769231 0.8431541810977565 0.06772110544383096 0.15192007797568777
0 0.44617035342281497 0.9158830527870802 0.10501049455169467 0.11992582848503017
0 0.43480861244019137 0.9563829787234043 0.09330143540669857 0.08723404255319149
0 0.5206770430131626 0.939687856456388 0.06493872421676644 0.11452481102057216
0 0.5654904306220095 0.9542553191489361 0.05801435406698564 0.09148936170212765
0 0.5774521531100478 0.9845744680851064 0.05442583732057416 0.030851063829787233
0 0.06728468899521531 0.9574468085106383 0.08313397129186603 0.0851063829787234
0 0.06157456021773851 0.8915643204301242 0.07685512644828299 0.11507322525257939
0 0.015849282296650717 0.9648936170212766 0.031698564593301434 0.07021276595744681
0 0.04366028708133971 0.9829787234042553 0.07535885167464115 0.03404255319148936
0 0.9820574162679426 0.5234042553191489 0.03588516746411483 0.10425531914893617
0 0.9380980861244019 0.9680851063829787 0.060406698564593304 0.06382978723404255
0 0.9118555386730451 0.9566475328442121 0.04831864440503408 0.059398628835780516
0 0.8699162679425837 0.9792553191489362 0.05442583732057416 0.04148936170212766
0 0.8666457932345595 0.9500484087710009 0.05273184855845601 0.06528206317868518
0 0.9302397065569527 0.7484428440117978 0.05036697873813121 0.09352179422823206
0 0.9868421052631579 0.7569148936170212 0.02631578947368421 0.07765957446808511
0 0.8169856459330144 0.9872340425531915 0.05861244019138756 0.02553191489361702
0 0.8029306220095693 0.9675531914893617 0.05083732057416268 0.06489361702127659
0 0.7138157894736842 0.975531914893617 0.03289473684210526 0.04893617021276596
0 0.7473086124401914 0.9797872340425532 0.031698564593301434 0.04042553191489362
0 0.7577155792578983 0.6664529916667801 0.05123698640166353 0.09998538515259839
0 0.7885002285479951 0.5300885558221182 0.05811532998649798 0.13581727793998036
0 0.7479659797040179 0.5672835486021542 0.08203877496257454 0.13904176597846266
0 0.6976674641148325 0.7723404255319148 0.016148325358851676 0.09787234042553192
0 0.71561004784689 0.8452127659574468 0.05203349282296651 0.08829787234042553
0 0.6976674641148325 0.6579787234042553 0.016148325358851676 0.1202127659574468
0 0.7197958147993276 0.6911317991902575 0.056293596936009244 0.10701326148369902