0 0.2394843962008141 0.5730676328502415 0.09905020352781546 0.1316425120772947
0 0.3805970149253731 0.5815217391304348 0.07869742198100407 0.11473429951690821
0 0.4084124830393487 0.5416666666666666 0.023066485753052916 0.1388888888888889
0 0.3389867885204713 0.5288205319948438 0.07464511168083426 0.14473898290937898
0 0.2882605040675136 0.4846622653717728 0.07989474607946717 0.13915034279872926
0 0.2455273434243411 0.4000037058567665 0.08057605692995704 0.11631598470343398
0 0.3352189166424618 0.37959479650864464 0.08022050890225675 0.10423869001744364
0 0.4121438263229308 0.05434782608695652 0.015603799185888738 0.10628019323671498
0 0.20683974969182195 0.25877873948175656 0.08039539811717741 0.1331679463597774
0 0.05080366884020681 0.11872005737669032 0.08007540489224695 0.1222983811423861
0 0.18995929443690637 0.019927536231884056 0.05563093622795115 0.03985507246376811
0 0.22727272727272727 0.013285024154589372 0.05970149253731343 0.026570048309178744
0 0.33005427408412485 0.03864734299516908 0.05495251017639077 0.07729468599033816
0 0.2649816267134553 0.2127510522882022 0.06614845103440943 0.13198667737487063
0 0.2983811464456421 0.32569198274904576 0.07022189214270119 0.10943357379979125
0 0.3448874433808334 0.31683588480369185 0.08314754192511838 0.11171007044521056
0 0.3159390173844183 0.24905907736537955 0.054905416177902275 0.09491102975625193
0 0.2827345804596594 0.2680981644060897 0.054475873745732276 0.10330888513240213
0 0.40027137042062416 0.10084541062801933 0.03934871099050204 0.08574879227053141
0 0.042740841248303935 0.011473429951690822 0.0773405698778833 0.022946859903381644
0 0.6420486193683409 0.42884516640158926 0.0885307411380427 0.17962417520697235
0 0.4318181818181818 0.34842995169082125 0.023744911804613297 0.1461352657004831
0 0.45827679782903663 0.3538647342995169 0.07666214382632293 0.16666666666666666
0 0.49491039878987475 0.34461006413044826 0.09317305909065515 0.1763947431294775
0 0.5691745044364921 0.3053671812426258 0.09371503552899463 0.12583885816044763
0 0.5820376990101581 0.3766530103103196 0.0626467715693677 0.15097284344819623
0 0.7917232021709634 0.5652173913043478 0.10176390773405698 0.1473429951690821
0 0.7637415358148982 0.4764661935599739 0.08211068304692792 0.1224671338545155
0 0.8521031207598372 0.5718599033816425 0.07327001356852103 0.13405797101449277
0 0.8887381275440976 0.5990338164251208 0.08412483039348712 0.07971014492753623
0 0.930461329715061 0.5972222222222222 0.07259158751696065 0.08333333333333333
0 0.9278211878815241 0.5512098777627814 0.0689005948423504 0.11052880146030393
0 0.8551882759639343 0.500392538883911 0.06361540564094753 0.11490971210235462
0 0.6926729986431479 0.022342995169082124 0.06241519674355495 0.04468599033816425
0 0.6720117630671245 0.0463340952482838 0.06486847813468787 0.08850841650530542
0 0.8100407055630936 0.03140096618357488 0.054274084124830396 0.06280193236714976
0 0.8327679782903663 0.012681159420289856 0.045454545454545456 0.025362318840579712
0 0.9557581764302228 0.09891685674077241 0.05587116545055264 0.08173850740974899
0 0.8972549817830298 0.11101561700546747 0.05036976263360003 0.10176365023954402
0 0.9254836573272552 0.13393768139348597 0.05458253815404249 0.10693207353819915
0 0.9694391314675999 0.14242490803068847 0.051765054338420234 0.08019327251689094
0 0.8258473047375839 0.43439920019647577 0.06964724570052123 0.13589112030088363
0 0.719696669483779 0.18225167603285977 0.07654105542336487 0.11718620874777393
0 0.6795052086308568 0.14986298909187087 0.06076236702255547 0.08696318161244732
0 0.7288645441844401 0.11339786608086865 0.06783106596031961 0.09718752640167137
0 0.9888059701492538 0.5078502415458938 0.022388059701492536 0.13405797101449277
0 0.9799864314789688 0.6026570048309179 0.04002713704206241 0.07246376811594203
0 0.48236092265943015 0.06038647342995169 0.09362279511533243 0.12077294685990338
0 0.4569430241173526 0.10961731122688376 0.05122884749794018 0.08496793948724383
0 0.5535389724623779 0.051039191567959795 0.07525819772471375 0.09659855687754725
0 0.5498643147896879 0.020531400966183576 0.059023066485753055 0.04106280193236715
0 0.8078219203727455 0.3421038374782313 0.07322003477110306 0.11932041316475624
0 0.7799002564582672 0.2047982092394099 0.05822643683016424 0.09277682533926976
0 0.9905020352781547 0.3272946859903382 0.018995929443690638 0.10386473429951691
0 0.37381275440976935 0.9722222222222222 0.052917232021709636 0.05555555555555555
0 0.344640434192673 0.9655797101449275 0.04748982360922659 0.06884057971014493
0 0.31987788331071915 0.9486714975845411 0.04952510176390773 0.10265700483091787
0 0.296472184531886 0.9456521739130435 0.04748982360922659 0.10869565217391304
0 0.21246941633301422 0.8105838886228285 0.06500781254683825 0.11622994337904002
0 0.19330292487279743 0.8725552876711768 0.06139946867348677 0.1315929210465684
0 0.15883820345697425 0.8073477966720167 0.06607734142886919 0.12957121843767258
0 0.1187058444060665 0.819153737142979 0.06647132905826922 0.11996563359292348
0 0.028833107191316147 0.731280193236715 0.057666214382632294 0.13405797101449277
0 0.014925373134328358 0.856280193236715 0.029850746268656716 0.12560386473429952
0 0.03188602442333786 0.8816425120772947 0.06377204884667571 0.14251207729468598
0 0.18995929443690637 0.980072463768116 0.06241519674355495 0.03985507246376811
0 0.1116010854816825 0.9740338164251208 0.056309362279511534 0.051932367149758456
0 0.0802618698789283 0.9122150574343354 0.05251170519659123 0.10555559135747065
0 0.05529172320217096 0.9776570048309179 0.07394843962008141 0.04468599033816425
0 0.5061058344640434 0.9347826086956522 0.13704206241519673 0.13043478260869565
0 0.6163500678426052 0.9516908212560387 0.11329715061058344 0.0966183574879227
0 0.6359701904941285 0.9158548060186371 0.12241937371222121 0.15833838194119354
0 0.5201654524965998 0.841481747597098 0.1353421386957089 0.18350548758595145
0 0.480270437869364 0.7528211385581678 0.1009172992810502 0.20956594782208307
0 0.4396200814111262 0.7373188405797102 0.03934871099050204 0.16545893719806765
0 0.5301899592944369 0.7041062801932367 0.10244233378561737 0.13043478260869565
0 0.5658073270013568 0.6847826086956522 0.09497964721845319 0.09178743961352658
0 0.579484965208039 0.7901036541509128 0.08324555193663984 0.18400508584902317
0 0.6190100078129265 0.7758260038387094 0.08849807113420222 0.15552583673903483
0 0.6606251031761149 0.7714070674394493 0.09053046448995387 0.17858519845050286
0 0.739705947382458 0.8457619007141545 0.06064993301638615 0.129121211205327
0 0.7486431478968792 0.9239130434782609 0.09023066485753053 0.15217391304347827
0 0.7931800484449625 0.8774358860810868 0.08100271456319755 0.13080873832662238
0 0.8377769514346325 0.8756855376872192 0.059435300124345565 0.13383962727163703
0 0.7800828628543618 0.790997187751862 0.08864317514421187 0.13746614561409237
0 0.7864303689404716 0.7255415625894952 0.09282328066081383 0.11853623044481024
0 0.6319538670284939 0.6539855072463768 0.07530529172320218 0.030193236714975844
0 0.8609226594301221 0.663647342995169 0.05970149253731343 0.049516908212560384
0 0.9063772048846676 0.663647342995169 0.06105834464043419 0.049516908212560384
0 0.8787241861503217 0.8130987086310544 0.06282743038214747 0.1341208817918528
0 0.9491180461329715 0.6793478260869565 0.04477611940298507 0.08091787439613526
0 0.9799864314789688 0.6890096618357487 0.04002713704206241 0.0785024154589372