0 0.3492021276595745 0.07703213610586011 0.07606382978723404 0.15406427221172023
0 0.38909574468085106 0.0500945179584121 0.075 0.1001890359168242
0 0.4474960667813363 0.10033024894736052 0.06708149106759986 0.11409629952877706
0 0.4672407040550418 0.19298668357067736 0.06111469568263408 0.09536634409507107
0 0.3184817029130643 0.1836322276060727 0.06730662606441887 0.10566683760522891
0 0.23371383779207272 0.08530510546049912 0.08440954756014256 0.12507185445916966
0 0.22079724677238274 0.13796520000037546 0.0622126121250679 0.09646583234627365
0 0.22858369879126406 0.2585045103517551 0.0513285641902879 0.1174527470272808
0 0.3117589832881737 0.3786961582232384 0.06534939976594968 0.11008411819167106
0 0.28324468085106386 0.44328922495274103 0.061170212765957445 0.09262759924385633
0 0.1701344980090016 0.2443850333243182 0.06941367057326663 0.12007599436766593
0 0.19012253665088086 0.21907724197554784 0.058298159528129403 0.10530039351915754
0 0.12085113313069988 0.18364306134429628 0.03533070261303939 0.07000095998387353
0 0.08669366374653505 0.08748569033919809 0.05046292622071432 0.07877753841186119
0 0.10212765957446808 0.02551984877126654 0.04893617021276596 0.05103969754253308
0 0.15106382978723404 0.01275992438563327 0.05425531914893617 0.02551984877126654
0 0.1973404255319149 0.0330812854442344 0.07127659574468086 0.0661625708884688
0 0.034985759248526 0.04754733300065387 0.059709999343402355 0.08576023958677977
0 0.5180851063829788 0.03166351606805293 0.0627659574468085 0.06332703213610585
0 0.550531914893617 0.043478260869565216 0.06382978723404255 0.08695652173913043
0 0.5670212765957446 0.01890359168241966 0.07553191489361702 0.03780718336483932
0 0.6646276595744681 0.04489603024574669 0.05053191489361702 0.08979206049149338
0 0.6361702127659574 0.03733459357277883 0.06595744680851064 0.07466918714555766
0 0.6018617021276595 0.04300567107750473 0.06861702127659575 0.08601134215500945
0 0.6315049409988773 0.08941135082146899 0.0517241324631058 0.11374918302433777
0 0.5941749665936247 0.1253669861743182 0.055379363408025635 0.11239890419088085
0 0.5601256776073458 0.11290624932151341 0.06905218895564826 0.12472473795473016
0 0.5438745148103649 0.15379984001746383 0.0688817556796496 0.11999884003412524
0 0.5760577145684606 0.2539019018169436 0.06848618740683146 0.12370240403706849
0 0.534646426028291 0.27939307120173734 0.057043281399276016 0.11452072635974508
0 0.4936104983765707 0.27861209806499543 0.06274452701868492 0.09654298667981434
0 0.4487278837570598 0.32522516321624584 0.048649190019085485 0.05782927889411819
0 0.46443243702708964 0.3792160530149592 0.04463880557008563 0.10802027876770326
0 0.431821931035242 0.3773066002545666 0.047898468242187554 0.11037356393718957
0 0.4009407599695273 0.32064422215788174 0.04961708795425829 0.09934002626190075
0 0.3424269576148859 0.29006125674186845 0.05322476065439877 0.08199884883192801
0 0.6712765957446809 0.2882797731568998 0.03723404255319149 0.14366729678638943
0 0.6779255319148936 0.47117202268431 0.023936170212765957 0.036862003780718335
0 0.6529173782898623 0.44839629274791293 0.0482670933358468 0.07657856190945625
0 0.6265957446808511 0.45652173913043476 0.0425531914893617 0.0661625708884688
0 0.6054850003251584 0.43164374859628707 0.03949723338595543 0.08282837491223177
0 0.6379591596962068 0.4297724830201956 0.053101885623178975 0.0932638495078389
0 0.5828310591016559 0.4123737908242897 0.04678708021017428 0.09422835667359218
0 0.5464016246836795 0.41461157848294655 0.07106411697493803 0.10715209752413514
0 0.5531914893617021 0.4560491493383743 0.0425531914893617 0.0671077504725898
0 0.5101063829787233 0.45652173913043476 0.05319148936170213 0.0661625708884688
0 0.5187622575999633 0.4331681316574205 0.06281270032908448 0.09843334584805609
0 0.4651595744680851 0.46313799621928164 0.05159574468085106 0.052930056710775046
0 0.43590425531914895 0.4659735349716446 0.059042553191489364 0.04725897920604915
0 0.41888297872340424 0.4777882797731569 0.061170212765957445 0.023629489603024575
0 0.1108969170566207 0.2964377909761662 0.054574755272810256 0.10476031318437229
0 0.1044691364639549 0.3382861470505598 0.04979466470629824 0.07491966574183657
0 0.07814373633043609 0.24655564242622569 0.05136979432152879 0.0892516681707329
0 0.0637340682767459 0.2651506947709762 0.056041296808903435 0.07206479940784154
0 0.04880003648673148 0.2178532163946506 0.04908517306064114 0.09926287192835985
0 0.031005074354202335 0.18659487757242735 0.049753434575057286 0.10312074459838468
0 0.046633903156539855 0.3045107845904341 0.054970323545628155 0.10105674918142905
0 0.04556966568805424 0.34102559387021913 0.04567569217816113 0.07808314940999456
0 0.020168176982949815 0.260241808796817 0.03693991888346972 0.08527814199689106
0 0.018617021276595744 0.29347826086956524 0.03723404255319149 0.08601134215500945
0 0.01223404255319149 0.1833648393194707 0.02446808510638298 0.06994328922495274
0 0.009308510638297872 0.13468809073724008 0.018617021276595744 0.07844990548204159
0 0.6069148936170212 0.4678638941398866 0.05425531914893617 0.043478260869565216
0 0.5598404255319149 0.4725897920604915 0.0601063829787234 0.034026465028355386
0 0.9327943134641822 0.1532801012187307 0.0719844566653316 0.1326719462954017
0 0.9635638297872341 0.11153119092627599 0.07287234042553191 0.13799621928166353
0 0.9683510638297872 0.41257088846880907 0.06329787234042553 0.14839319470699433
0 0.9212765957446809 0.42580340264650285 0.06489361702127659 0.1275992438563327
0 0.8724635134578993 0.39510181985990617 0.06380835680591897 0.09669729534689571
0 0.8557529961782246 0.3498972502764904 0.076158130914289 0.11635310278309062
0 0.9574468085106383 0.45793950850661624 0.05638297872340425 0.06332703213610585
0 0.8233850761920477 0.3033618074377437 0.06007780907455858 0.12530347345277956
0 0.8746300544693425 0.27177513371725626 0.07495081103021473 0.1415643342201944
0 0.7523066722650273 0.25450222679494655 0.053974667068793676 0.10279279968258964
0 0.7132978723404255 0.24054820415879016 0.04680851063829787 0.12381852551984877
0 0.7973404255319149 0.47117202268431 0.06489361702127659 0.036862003780718335
0 0.5042553191489362 0.5633270321361059 0.08617021276595745 0.14744801512287334
0 0.622266642077237 0.5884653912724095 0.09211557772279988 0.11866773278931288
0 0.44361702127659575 0.5014177693761814 0.05319148936170213 0.023629489603024575
0 0.6768617021276596 0.6824196597353497 0.026063829787234042 0.14744801512287334
0 0.6851063829787234 0.7698487712665406 0.009574468085106383 0.13137996219281664
0 0.6484042553191489 0.8473534971644613 0.08297872340425531 0.1786389413988658
0 0.6843085106382979 0.8993383742911153 0.011170212765957447 0.14083175803402648
0 0.6086273981103187 0.9292027873410117 0.07653308412148634 0.12675007820842144
0 0.5882723650997862 0.8416291089300492 0.0801740281143237 0.1836923162563027
0 0.5256229545706594 0.7770679194432667 0.08672111200018875 0.14515208872633237
0 0.5327126685642033 0.694885458585834 0.07606219906222776 0.15770954148379168
0 0.44517460248973145 0.7324906383014622 0.07508001417497248 0.17449131099734722
0 0.3782088429773101 0.6362755965374429 0.10761561106163091 0.16698754508330024
0 0.39743860868499864 0.7293274666192796 0.09075129615230591 0.15419878531820647
0 0.33621012246020016 0.748183207326582 0.08206308110239333 0.17738467650161877
0 0.3370170792896812 0.8512560229533556 0.08682337196578808 0.14798762747869532
0 0.501078329634081 0.9107820732134192 0.078810561906333 0.14588513289146338
0 0.5393617021276595 0.9754253308128544 0.07553191489361702 0.04914933837429111
0 0.26150975888095696 0.7749573209950955 0.08236353288565325 0.1416993153056437
0 0.24788571462186773 0.6686150319871628 0.08944885977867342 0.14742821956227822
0 0.20354450706628088 0.7815932176515499 0.0788177053823741 0.11673887445079427
0 0.20523659128044477 0.7037991240046046 0.08359779594888606 0.14657952189332998
0 0.02420212765957447 0.695179584120983 0.04840425531914894 0.12948960302457466
0 0.10101137936743619 0.7408643013819416 0.07115923346449601 0.13913389471716708
0 0.07714419782757294 0.6659444796471172 0.0820773680544758 0.1190921596202808
0 0.05649738984158462 0.7536823645054588 0.07841499363351496 0.1495886968944066
0 0.12868044600582845 0.811164292905656 0.06271676847702323 0.13978978454875726
0 0.18145891608586115 0.8587798184174792 0.07617160250386833 0.13139882179548565
0 0.1729546059015269 0.9017373265338913 0.0669522879228421 0.08116932275162425
0 0.2478723404255319 0.9310018903591682 0.08297872340425531 0.13799621928166353
0 0.2276595744680851 0.9447069943289225 0.07446808510638298 0.11058601134215501
0 0.349468085106383 0.9494328922495274 0.10319148936170212 0.10113421550094517
0 0.425 0.9607750472589792 0.07446808510638298 0.07844990548204159
0 0.037944154774864736 0.8407836871138424 0.06327644191230195 0.09662014101335503
0 0.017553191489361703 0.7755198487712666 0.035106382978723406 0.10302457466918714
0 0.02930982608326947 0.9241524543468347 0.054445552128052375 0.07183333640721948
0 0.02420212765957447 0.9716446124763705 0.04840425531914894 0.05671077504725898
0 0.9392410783974622 0.8893920091954222 0.07507368606143439 0.13029933354428308
0 0.8789947770599191 0.8914659803891692 0.06609930618034458 0.1308780690423327
0 0.8421626308930837 0.9265535904914383 0.04971934791985751 0.1021755650142637
0 0.8765957446808511 0.9735349716446124 0.06170212765957447 0.052930056710775046
0 0.9300531914893617 0.972117202268431 0.0675531914893617 0.055765595463137994
0 0.823936170212766 0.9744801512287334 0.059574468085106386 0.05103969754253308
0 0.8011917124949938 0.9055669877964063 0.05912338272896511 0.09883844509739204
0 0.8148316744311717 0.8069402881355351 0.062437747121886905 0.0880363704227255
0 0.8186137598265831 0.7430827614589663 0.06993211387730432 0.1051074296888118
0 0.7840250047893944 0.7963602466601563 0.05487439169356703 0.14241318788213
0 0.7582033533265794 0.7846228121851724 0.061380245448190957 0.13207403920870792
0 0.7191489361702128 0.6956521739130435 0.05851063829787234 0.09262759924385633
0 0.7304974436574699 0.6546125344039384 0.06579966975958793 0.09322519434457475
0 0.764993023218115 0.7014565945768481 0.05475233202485027 0.08033995266430811
0 0.7815137151999249 0.6460284518273336 0.07874953207197455 0.11484851528255241
0 0.7493740942673361 0.6131595357915707 0.06301722026028303 0.1041044233527821
0 0.7566489361702128 0.5472589792060492 0.07606382978723404 0.11531190926275993
0 0.7132978723404255 0.5396975425330813 0.04680851063829787 0.1001890359168242
0 0.7194148936170213 0.5855387523629489 0.059042553191489364 0.10680529300567108
0 0.7018617021276595 0.7292060491493384 0.023936170212765957 0.1219281663516068
0 0.6968085106382979 0.7873345935727788 0.013829787234042552 0.12098298676748583
0 0.7143617021276596 0.8241965973534972 0.04893617021276596 0.09829867674858223
0 0.7117021276595744 0.8865784499054821 0.043617021276595745 0.08128544423440454
0 0.7361702127659574 0.9669187145557656 0.04042553191489362 0.0661625708884688
0 0.7595744680851064 0.9735349716446124 0.04680851063829787 0.052930056710775046
0 0.7206981508635525 0.9404330326783507 0.04550525890216235 0.07335725148938965