0 0.539004914004914 0.015283842794759825 0.07432432432432433 0.03056768558951965
0 0.5709459459459459 0.04203056768558952 0.05466830466830467 0.08406113537117904
0 0.5288697788697788 0.04148471615720524 0.0687960687960688 0.08296943231441048
0 0.6182432432432432 0.06331877729257641 0.022727272727272728 0.1222707423580786
0 0.5965659967128603 0.1303397501724112 0.05425770553743296 0.10955136215739915
0 0.471735111399566 0.2133544630948432 0.06105652926534728 0.08886344071887417
0 0.5341522248993157 0.2243068779295515 0.04528627756991413 0.09402205943975403
0 0.6004609884520793 0.26183553187294495 0.04752955796283078 0.1095924371587254
0 0.5199840874045418 0.15801288802963237 0.06002829231192887 0.09631433883344631
0 0.5220935911874093 0.08918783963251123 0.08172732808578263 0.10729916767996095
0 0.5623909081575444 0.2905875061907194 0.04920065471265465 0.10332875374232557
0 0.6148648648648649 0.42358078602620086 0.029484029484029485 0.11790393013100436
0 0.5472601290502199 0.3777460890881477 0.04511462247698615 0.08747184109914267
0 0.5895786273726272 0.3853001697485717 0.045915679577315766 0.11803952668866233
0 0.6237714987714987 0.45032751091703055 0.01167076167076167 0.07532751091703056
0 0.3299223181596363 0.2207274168134583 0.09227056746765837 0.13611993036163642
0 0.366081465342238 0.29991077765366553 0.04647271182725724 0.11595163221652897
0 0.4547977653282199 0.2877469000559624 0.07489989517571348 0.12689538606171738
0 0.26929826831281367 0.39813485427265277 0.062216047944684424 0.15645351859712095
0 0.07535750552391453 0.2820555416693203 0.07675779841161662 0.15110387659343344
0 0.4349742790675517 0.37889692943422537 0.04000035328789897 0.07906582657053192
0 0.19587089921599005 0.4921836369899094 0.0422722428629702 0.0957279073462721
0 0.39855595564141 0.35629110426317556 0.0674413666540938 0.07572192903632516
0 0.1150759099564553 0.49387414308753164 0.08205548687848699 0.09647764875367906
0 0.1468058968058968 0.5289301310043668 0.04914004914004914 0.060043668122270744
0 0.6603194103194103 0.07423580786026202 0.06142506142506143 0.14847161572052403
0 0.652027027027027 0.21233624454148473 0.04484029484029484 0.16266375545851527
0 0.7209627090034818 0.17520250826964454 0.07090307769480506 0.2078179989053208
0 0.7859941754620845 0.17976850972651032 0.10402885028903207 0.1879619688768556
0 0.6958953654319562 0.3030473200110968 0.08640069535769536 0.1689120970660195
0 0.7043198317302408 0.401764791688535 0.10414159341350258 0.14557657294568943
0 0.7762830972468244 0.30522553043286643 0.11712668385922918 0.15085742658547585
0 0.6938321171085261 0.4751543564149137 0.08944164564264567 0.12154574405802986
0 0.9262899262899262 0.06713973799126638 0.09090909090909091 0.13427947598253276
0 0.9585380835380836 0.125 0.08292383292383293 0.1408296943231441
0 0.9748157248157249 0.19868995633187772 0.05036855036855037 0.1331877729257642
0 0.980036855036855 0.36681222707423583 0.03992628992628992 0.12663755458515283
0 0.8905025619090619 0.35868038042587996 0.08831412335375974 0.14855178555303217
0 0.8185208033131214 0.3742220546972043 0.0876275029820484 0.12235091219058676
0 0.807796639537594 0.4683062216814837 0.06791426496171961 0.11711113355212652
0 0.7628992628992629 0.5043668122270742 0.07125307125307126 0.1091703056768559
0 0.827088452088452 0.5289301310043668 0.06326781326781326 0.060043668122270744
0 0.8568424386325295 0.4992774814223541 0.06405710618328794 0.1099878453630921
0 0.8660797717380898 0.43858576931091947 0.07825554646436447 0.09153776667818188
0 0.9052613761262851 0.48413789617477215 0.07127160985451893 0.1285057223268314
0 0.957002457002457 0.4972707423580786 0.056511056511056514 0.12336244541484716
0 0.8897420147420148 0.5349344978165939 0.08292383292383293 0.048034934497816595
0 0.660012285012285 0.5152838427947598 0.060810810810810814 0.08733624454148471
0 0.015049140049140049 0.6108078602620087 0.030098280098280097 0.1037117903930131
0 0.07432423328014233 0.6610717312575133 0.05671640159858347 0.1566856168812549
0 0.20315697136469862 0.7171469656122931 0.05824445243763421 0.14496341818101216
0 0.2914508625128625 0.7327737601414863 0.05555857652339464 0.1358477471612484
0 0.36464258373585634 0.8344674345113393 0.07532903290803285 0.14327093191324575
0 0.42083978604528594 0.8143129930475193 0.0617583010302102 0.138986269688824
0 0.47629818490904846 0.8807101654932903 0.04218641531650621 0.09245279817596617
0 0.4933886929939657 0.7187699232072156 0.05888731223403939 0.14615063287918473
0 0.5379647763003671 0.7102077746202838 0.06058701816601811 0.14097865251955347
0 0.6081081081081081 0.6408296943231441 0.042997542997543 0.1222707423580786
0 0.5637607616926706 0.7763245979186827 0.04564304554477278 0.08429224357024076
0 0.015356265356265357 0.8127729257641921 0.030712530712530713 0.11026200873362445
0 0.04841207203298106 0.8444978872527583 0.04124400590955137 0.10317880546084399
0 0.08011077272777267 0.8254346538031708 0.0405573855378401 0.07697793209839882
0 0.1489850933737297 0.8234232185993864 0.0538874797735707 0.14211143057764822
0 0.020884520884520884 0.9088427947598253 0.04176904176904177 0.06222707423580786
0 0.048832923832923834 0.9585152838427947 0.03992628992628992 0.08296943231441048
0 0.27502255410578136 0.9511482706346125 0.06529906520079244 0.0873486160951639
0 0.5506914917825372 0.9365523114788638 0.04058599471999474 0.07806963515516713
0 0.5853697359096904 0.8854953986380746 0.04421428004118929 0.07645929889005308
0 0.5847504500050863 0.8274235758458702 0.06854197336497349 0.09437639264279456
0 0.3251411975315156 0.9411806657466619 0.03420115733124822 0.09121114683771626
0 0.5038990891833165 0.8079213839779095 0.06519808626117714 0.06015155131735381
0 0.5235896001139182 0.8385645387507059 0.057655423797242075 0.05245519327989619
0 0.8981773073788982 0.9063043151343049 0.04690184955957683 0.13232717806805736
0 0.8522727272727273 0.9334061135371179 0.055896805896805894 0.1331877729257642
0 0.7945810275525729 0.7859623629348221 0.06601598835880652 0.16139340067261826
0 0.7679621047722864 0.7629200545580793 0.04755816714498535 0.11068414021549396
0 0.7451464640923277 0.8398574066976878 0.06094209253672893 0.08449662849179994
0 0.7200387471537926 0.8992114607869325 0.05381511001611001 0.11600606885660668
0 0.6728272774029592 0.903290748004723 0.04574402448438814 0.11148930834805097
0 0.6446560196560197 0.9432314410480349 0.030098280098280097 0.11353711790393013
0 0.6523341523341524 0.88264192139738 0.045454545454545456 0.12554585152838427
0 0.6354422604422605 0.8427947598253275 0.01167076167076167 0.08296943231441048
0 0.7457002457002457 0.9585152838427947 0.033169533169533166 0.08296943231441048
0 0.7638206388206388 0.980349344978166 0.04606879606879607 0.039301310043668124
0 0.8065110565110565 0.990174672489083 0.07002457002457002 0.019650655021834062
0 0.8187960687960688 0.9721615720524017 0.06265356265356266 0.055676855895196505