0 0.2796791443850267 0.4538973384030418 0.05026737967914439 0.1112167300380228
0 0.17727272727272728 0.4700570342205323 0.06684491978609626 0.07889733840304182
0 0.2506071431369044 0.36156939262599075 0.04059896103855831 0.10579056540369604
0 0.2954929060370143 0.3364196797728479 0.03677163719665777 0.0971192864545538
0 0.3316031641104861 0.3338738462342028 0.0373717363701858 0.10378987111703306
0 0.4839572192513369 0.030418250950570342 0.04171122994652406 0.060836501901140684
0 0.4475935828877005 0.030893536121673004 0.033155080213903745 0.06178707224334601
0 0.4159062194603676 0.02384231594039189 0.044777065629403826 0.04130111253711223
0 0.36647033488514325 0.049608348234494566 0.04974858226244111 0.05761013875798101
0 0.40259926147725483 0.04516137401143879 0.0310693417596137 0.06083169078033117
0 0.49625668449197863 0.20152091254752852 0.047058823529411764 0.10836501901140684
0 0.35422099354260406 0.20821015555252148 0.06055578054005538 0.06934882820528557
0 0.3662270368787473 0.15604733816092775 0.0685211653584675 0.06389429015768408
0 0.37991338565284327 0.12331313984989596 0.04967390818788191 0.05000557602033842
0 0.28502673796791445 0.02899239543726236 0.031016042780748664 0.05798479087452472
0 0.16149732620320856 0.022338403041825095 0.0374331550802139 0.04467680608365019
0 0.0943464751725314 0.02384157597301819 0.04107108715866204 0.04498724803663924
0 0.1584049797912665 0.11498150906353302 0.03920274324578412 0.0724874188924255
0 0.16611035863724857 0.1741349753122142 0.027851451350561256 0.05978156683587362
0 0.12524597847215152 0.22529263443966704 0.03547809625640256 0.07427241370754203
0 0.09864200402932444 0.18525601921046078 0.050544700881687124 0.08424270060677205
0 0.20744490436984372 0.238421835961582 0.055208186957167615 0.06918290553486511
0 0.24552949704984517 0.22536165572403122 0.04072301298677128 0.0639820626137037
0 0.24629700562705306 0.28330496593095084 0.06157862796003331 0.06462916102834296
0 0.29788924286554513 0.22848846526493866 0.053041146746052883 0.06626482544008114
0 0.2842735083004269 0.1723692249803358 0.04349015237141422 0.07357072737096705
0 0.1468051154959093 0.3163257972467154 0.05917552468886668 0.09211273961708721
0 0.11630455629073112 0.4008968581816166 0.037477119799759116 0.06008022764263019
0 0.1577390722987909 0.4005615278280645 0.04651202333474878 0.054658874129112814
0 0.2212187140793218 0.36010554145778917 0.04224328272775856 0.05547670633498191
0 0.15071387985500484 0.43546474865658424 0.04439165442023346 0.05649364574535524
0 0.09438502673796792 0.46387832699619774 0.033689839572192515 0.09125475285171103
0 0.13288770053475935 0.47956273764258556 0.04331550802139037 0.05988593155893536
0 0.03449197860962567 0.4814638783269962 0.0572192513368984 0.05608365019011407
0 0.07009724967240637 0.4517451548083872 0.030665262031803628 0.0741230833041637
0 0.07139037433155081 0.48906844106463876 0.033689839572192515 0.0408745247148289
0 0.22310213514896626 0.032200254064557704 0.04660536592794775 0.06416457755116604
0 0.2551223568310531 0.03785871043747304 0.029455729425427565 0.05983134363699973
0 0.26916280019522687 0.05072700015173372 0.02938105535086824 0.05222678089935715
0 0.2777556797010484 0.12838340353933472 0.02835820793089031 0.05694644807629966
0 0.1268528243637019 0.08887749419968217 0.03679301229235188 0.04485450990030301
0 0.09635557899965655 0.14589031134415006 0.022926606014123458 0.04822539232603151
0 0.06895217209645063 0.1600445017541682 0.031022670463014212 0.056078839069304554
0 0.11779005681112278 0.27683913239030095 0.03686768636691108 0.0524590726379456
0 0.13603903660041566 0.02444851982815035 0.03143608445014429 0.04373801688767735
0 0.6727272727272727 0.45865019011406843 0.06310160427807486 0.10171102661596958
0 0.6203072705071041 0.416340341470962 0.06824505868408161 0.14465958471105245
0 0.5633689839572192 0.41682509505703425 0.08716577540106951 0.09980988593155894
0 0.5323529411764706 0.2761406844106464 0.025133689839572194 0.1473384030418251
0 0.5680060980640077 0.2711447464379637 0.047877531772508856 0.1392762268524287
0 0.7152229967377793 0.33214633821300915 0.05867539579080318 0.15006434595752782
0 0.8056149732620321 0.47290874524714827 0.07540106951871657 0.07319391634980989
0 0.8671122994652406 0.4686311787072243 0.0679144385026738 0.0817490494296578
0 0.9751336898395722 0.48193916349809884 0.04973262032085562 0.055133079847908745
0 0.9099061125099057 0.377420959221755 0.04327938551226771 0.16099001431977278
0 0.9927807486631016 0.4619771863117871 0.014438502673796792 0.09505703422053231
0 0.9772727272727273 0.3450570342205323 0.045454545454545456 0.0817490494296578
0 0.9390611850844908 0.4026490689450896 0.04624525091968295 0.1363747390246866
0 0.868446907565019 0.3530497568114898 0.08722570206220023 0.1176903664006112
0 0.2805111945304278 0.8558118759624056 0.06424971817442289 0.11887803960221459
0 0.17908366011856117 0.9226277312275852 0.06955997472003092 0.11524168090381354
0 0.07513368983957219 0.9443916349809885 0.046524064171122995 0.1112167300380228
0 0.037013668452299316 0.881897479139534 0.045570477671595534 0.12209959162456464
0 0.06477765886747838 0.6676980084964214 0.05349852545272805 0.11284277220814198
0 0.025935828877005348 0.6639733840304183 0.051871657754010696 0.12642585551330798
0 0.016577540106951873 0.6259505703422054 0.033155080213903745 0.10361216730038023
0 0.012032085561497326 0.5717680608365019 0.02406417112299465 0.08650190114068441
0 0.016042780748663103 0.5256653992395437 0.03208556149732621 0.03231939163498099
0 0.13262032085561498 0.5247148288973384 0.058823529411764705 0.030418250950570342
0 0.12987287353480115 0.5716004725730505 0.07562238516533991 0.0793191151045157
0 0.11007548246619112 0.627806159205575 0.060027648864032036 0.12444872351911009
0 0.21944175220703735 0.5963795116339435 0.07755336231640275 0.11263885388282813
0 0.16871657754010697 0.5418250950570342 0.03796791443850268 0.06463878326996197
0 0.29553565622840255 0.6595878749255792 0.05485740620822258 0.142343637350591
0 0.34002335981888937 0.6477544429968319 0.07289921050024219 0.1286492192969403
0 0.3757828371434162 0.572047877642461 0.07269385679520422 0.10773667176842316
0 0.23101604278074866 0.5365969581749049 0.07379679144385026 0.05418250950570342
0 0.5088235294117647 0.6444866920152091 0.021925133689839574 0.13307984790874525
0 0.48877005347593583 0.6097908745247148 0.06203208556149733 0.12262357414448669
0 0.48095172651069856 0.5597570789177512 0.07141898437358908 0.08679093970582195
0 0.4772727272727273 0.5289923954372624 0.06577540106951872 0.03897338403041825
0 0.9016042780748663 0.9624524714828897 0.044919786096256686 0.07509505703422054
0 0.8831550802139038 0.5380228136882129 0.040106951871657755 0.057034220532319393
0 0.6787205610125013 0.6407279573894645 0.032748293909039335 0.06848603031909987
0 0.6608115356639362 0.7496156328126955 0.05620303159918589 0.06161152733130664
0 0.6461410297956691 0.8009108411972942 0.044727687755749944 0.09071417806474688
0 0.5749540486165504 0.8368545637286523 0.0569618131811524 0.08444180781127662
0 0.7962566844919786 0.5175855513307985 0.044919786096256686 0.016159695817490494
0 0.7794117647058824 0.5275665399239544 0.03796791443850268 0.03612167300380228
0 0.7969403234956777 0.5515346239752595 0.03152009278402332 0.05229314996752532
0 0.7144385026737968 0.5209125475285171 0.028877005347593583 0.022813688212927757
0 0.6951871657754011 0.5256653992395437 0.027807486631016044 0.03231939163498099
0 0.5280748663101604 0.8084600760456274 0.016577540106951873 0.05798479087452472
0 0.5352941176470588 0.9025665399239544 0.031016042780748664 0.08460076045627377
0 0.6943850267379679 0.5237642585551331 0.026203208556149733 0.028517110266159697
0 0.6415701402889389 0.6675382230549086 0.0472054651014759 0.07083516221364541
0 0.5953541066753727 0.6376129289947896 0.05526419251308711 0.07488632758809717
0 0.6154762362675736 0.6027784827948428 0.04168052059150995 0.05260840304132383
0 0.5350267379679144 0.6772813688212928 0.03048128342245989 0.06939163498098859
0 0.5826746433796693 0.731133852405836 0.04369550607645206 0.09448327489948416
0 0.556926852977589 0.7400101291325988 0.0454024610038373 0.10498932546486883
0 0.5318181818181819 0.747148288973384 0.02406417112299465 0.10076045627376426
0 0.780410200709774 0.6561032521909613 0.03543142495980301 0.06951956199651542
0 0.8564800230583908 0.6128809216896849 0.059054179317707865 0.079755325168418