0 0.04197860962566845 0.028041825095057035 0.026203208556149733 0.05608365019011407
0 0.11388226871236366 0.324714732190341 0.049917731683117236 0.11230310765613805
0 0.058927787778898746 0.2388631553665571 0.0781256609803064 0.07322109392282485
0 0.15850561278602776 0.2910826376246859 0.057456764904831786 0.08333334676486075
0 0.11229686172358277 0.2094362008231322 0.0640917159183821 0.0970396673294054
0 0.1391118254110032 0.154119036069948 0.06219179958868596 0.07887924688408667
0 0.15452282234410866 0.09381213419135757 0.06309015931562516 0.06848936241543992
0 0.2117039776783975 0.14154131338351095 0.04112818332826289 0.09751343815816468
0 0.2679450122747623 0.16511393546894318 0.04721281507537548 0.11023599373269823
0 0.33201168468851033 0.28173682992499754 0.046049936909904235 0.1044661823838547
0 0.3726448121966195 0.23078474121099068 0.04342281984290724 0.10715192017144129
0 0.39491978609625666 0.16587452471482889 0.04973262032085562 0.07129277566539924
0 0.40401069518716576 0.09885931558935361 0.03155080213903743 0.06653992395437262
0 0.36266171579732 0.12267471928020975 0.05022481490039665 0.065791550183689
0 0.44946524064171123 0.48003802281368824 0.059358288770053474 0.0741444866920152
0 0.424331550802139 0.40066539923954375 0.00909090909090909 0.1150190114068441
0 0.4995110204915099 0.1771288634850242 0.04407222103946358 0.08155291022750931
0 0.42780748663101603 0.0185361216730038 0.016042780748663103 0.0370722433460076
0 0.42967914438502675 0.10979087452471482 0.019786096256684493 0.05418250950570342
0 0.5407984679096375 0.13515740105025917 0.04122726525838127 0.07093066322422154
0 0.6152614741632797 0.07355891644463627 0.029353640018985914 0.0635463885770557
0 0.5842929148747407 0.12153707564262463 0.052690610404679705 0.08588630596122417
0 0.6767379679144385 0.01188212927756654 0.06363636363636363 0.02376425855513308
0 0.6177387146300122 0.11803655464145141 0.04970561545025683 0.06670892587808842
0 0.6738446287664986 0.13354592614204133 0.0487605759988709 0.07424709932011933
0 0.7759701637643543 0.0953948365950527 0.048480497652190264 0.057136833160423506
0 0.8283422459893048 0.0185361216730038 0.038502673796791446 0.0370722433460076
0 0.8098930481283423 0.00903041825095057 0.04331550802139037 0.01806083650190114
0 0.6850171582645439 0.4300786038181322 0.04466922003034816 0.08538838624413644
0 0.6558789456563547 0.3336032656487173 0.0674927134471268 0.07635948233552925
0 0.9061497326203208 0.0185361216730038 0.040106951871657755 0.0370722433460076
0 0.8768316811937709 0.06919226562124224 0.04365210351944238 0.055887510987965586
0 0.9021451137448186 0.10560513889087175 0.04996029646186497 0.049631854366198505
0 0.790400082716314 0.04606928562353217 0.04617030122939672 0.0465477808049416
0 0.7796560622463569 0.39239223934042533 0.05447176995040915 0.06415596668172512
0 0.7380361342758768 0.422039481974327 0.052535011323190196 0.07638060253917094
0 0.7411764705882353 0.5061787072243346 0.06203208556149733 0.04657794676806084
0 0.8152406417112299 0.5066539923954373 0.059358288770053474 0.045627376425855515
0 0.8588235294117647 0.5114068441064639 0.05668449197860963 0.03612167300380228
0 0.9029411764705882 0.49714828897338403 0.039037433155080216 0.06463878326996197
0 0.8343337760110774 0.380926537355484 0.03958614488599239 0.10121613558356861
0 0.8474140978997785 0.348777641839271 0.028122799739694188 0.08626049284656598
0 0.8746287004856093 0.2853640318534386 0.04594674003408649 0.06552599300124225
0 0.9090760568436377 0.2533132059382999 0.039809706081302375 0.08223792338726793
0 0.8798481497949302 0.22758896896756983 0.026882122033478183 0.07573782978669573
0 0.7549007289158213 0.354520315909682 0.05923792445056123 0.06160300748536168
0 0.7499208506472832 0.29975237718763753 0.049217535816414915 0.0695274422568985
0 0.6826415071381035 0.24885161493497387 0.0544250902259623 0.06130425565510914
0 0.7001334168174677 0.1266912515174257 0.04437358177551808 0.0673275497422353
0 0.4591235403358473 0.32729937169216694 0.074885985014276 0.07112078535157902
0 0.4650935302446926 0.28894461152589557 0.06727487473304174 0.06305149754465472
0 0.44545454545454544 0.3583650190114068 0.051336898395721926 0.07604562737642585
0 0.9305409195379968 0.3616601132834605 0.06167260013854614 0.0797966225784862
0 0.40133689839572195 0.8864068441064639 0.03689839572192513 0.0979087452471483
0 0.40133689839572195 0.8170152091254753 0.03689839572192513 0.07129277566539924
0 0.37699907906814883 0.7745773662480472 0.03458659176360628 0.08951053964685207
0 0.4050802139037433 0.7504752851711026 0.029411764705882353 0.06749049429657794
0 0.41256684491978607 0.7081749049429658 0.014438502673796792 0.053231939163498096
0 0.3346494429501941 0.9467105762693299 0.06544703546286543 0.0819301257975378
0 0.3730706521978657 0.8840257341928828 0.038926906262512 0.09357837819812001
0 0.268150152321311 0.8155198147481223 0.03699014763529305 0.10580301405556596
0 0.25788983881594313 0.7406631574706247 0.0330969555270073 0.06377875111169666
0 0.2283146950744969 0.7524698516931021 0.03306011322948448 0.0941638074144611
0 0.17923067218243466 0.732251383231112 0.041715344892223304 0.06811214684541146
0 0.17266117587253121 0.937773745034297 0.04849033507911406 0.09037360048980403
0 0.1179144385026738 0.9553231939163498 0.04438502673796792 0.08935361216730038
0 0.09888897799599115 0.8592626881080523 0.047041656085737266 0.09977971996843968
0 0.12445021147922043 0.6520866311366573 0.051922452424156794 0.07159455618033841
0 0.22540106951871658 0.5560836501901141 0.04973262032085562 0.053231939163498096
0 0.04782151675226329 0.8296712948152326 0.05502208921684688 0.06513973167173623
0 0.05671873075907339 0.8898936957319652 0.05785148508978 0.07481140833281863
0 0.31871657754010696 0.5608365019011406 0.034224598930481284 0.06273764258555133
0 0.29285684456143546 0.5789590637878769 0.04313290406930232 0.056804886682365066
0 0.34465848272877586 0.580016749490634 0.029058001764156082 0.04548555207515456
0 0.3574866310160428 0.5413498098859315 0.025133689839572194 0.02376425855513308
0 0.39741580154218936 0.6042804219579068 0.03932734892868537 0.052770242778902916
0 0.36568811793228867 0.584408982955535 0.035957471216238324 0.07535156845718971
0 0.6026060924011768 0.6113117306598281 0.06747143105775306 0.10769510898049912
0 0.574537752340004 0.6942452273086755 0.06490655362335175 0.11418312813690701
0 0.44084585529496184 0.7353053714184143 0.037546189382955716 0.07450058205840175
0 0.4548248907410409 0.8930215844847221 0.05101837021599271 0.11427063763616048
0 0.7303828130463337 0.7847545746325161 0.08033677547298144 0.11039292121224982
0 0.9109071111848651 0.705651990825975 0.0799477777692579 0.08662866265711675
0 0.8704848462045294 0.7926759605720752 0.07319818491744014 0.09855454668431024
0 0.8536931323918676 0.8720606585903838 0.09022696236071123 0.12715012069024562
0 0.7993745502196595 0.7799971798944596 0.057855600035479356 0.14033437264937434
0 0.8527039206262084 0.7040420705546826 0.055306282509226874 0.14777296214798755
0 0.9441334646905261 0.6176502933119454 0.08724196740628848 0.10797274060710998
0 0.9834224598930481 0.591254752851711 0.033155080213903745 0.12357414448669202
0 0.8834224598930481 0.5418250950570342 0.045989304812834225 0.024714828897338403
0 0.8245989304812834 0.56606463878327 0.07807486631016043 0.07319391634980989
0 0.7531162581921553 0.6850593556259342 0.05524976535785599 0.11168448379199127
0 0.7144027218675904 0.6513774892358616 0.05209772635949425 0.14757379426115258
0 0.6970562200123528 0.6177936924468631 0.05825604270165248 0.09952623723015713
0 0.6933155080213904 0.5399239543726235 0.07005347593582888 0.02091254752851711
0 0.48683847128573254 0.6180230867386907 0.0741800666663489 0.06063131693951468
0 0.44425588648286785 0.6738442084310446 0.04533418113505318 0.060739946642409844
0 0.4961410466721779 0.7024352394099503 0.04128378240975228 0.10701914158021791
0 0.5394303535907324 0.6850292299573972 0.0426276569917859 0.15648199402270052
0 0.44037433155080213 0.8246197718631179 0.041176470588235294 0.1150190114068441