0 0.0639193604520106 0.314967691171531 0.05309274238094456 0.11372384363090135
0 0.15270962999694726 0.2834707323723855 0.051376724957718535 0.12799037825789827
0 0.2580611381296004 0.36312261505156296 0.07974485887829155 0.1183943564681223
0 0.35282036646311626 0.3723425358879104 0.06545817860314239 0.11275280692344984
0 0.3208019009560314 0.3253131849864172 0.07526195608807199 0.10296498854649953
0 0.26046703982742575 0.23019394140196484 0.060824056191019944 0.0819388236172117
0 0.19015244679684667 0.1899110680298352 0.06512333515464329 0.07868687285751579
0 0.4501856435643564 0.3554945054945055 0.019183168316831683 0.08461538461538462
0 0.453279702970297 0.20714285714285716 0.012995049504950494 0.08461538461538462
0 0.41312838465828866 0.2444072326639434 0.07322189661791126 0.0842644902064635
0 0.38235224090159814 0.10344421407491002 0.06211568696121861 0.08744611555086214
0 0.306864158093436 0.07189820712762311 0.05382270026978973 0.06208827842169465
0 0.0853960396039604 0.012637362637362638 0.06188118811881188 0.025274725274725275
0 0.09954597579306942 0.06810812692249119 0.05109588851704179 0.09941894968646964
0 0.33970055869788807 0.044767716902223226 0.05028265140769284 0.0796323366866774
0 0.3712871287128713 0.024725274725274724 0.03589108910891089 0.04945054945054945
0 0.4313118811881188 0.012087912087912088 0.04950495049504951 0.024175824175824177
0 0.3688118811881188 0.015934065934065933 0.043316831683168314 0.031868131868131866
0 0.028465346534653466 0.043406593406593405 0.05693069306930693 0.06703296703296703
0 0.47029702970297027 0.15164835164835164 0.02103960396039604 0.07472527472527472
0 0.4959204232019647 0.1436446078659055 0.03984926064001073 0.08831486074515406
0 0.5869504175755271 0.37148511179763305 0.08394692522783459 0.1052522958183165
0 0.6051058867477261 0.29860318191767055 0.08572775106044743 0.09757916778472628
0 0.48978960396039606 0.3434065934065934 0.06002475247524752 0.12197802197802197
0 0.47648514851485146 0.3021978021978022 0.03341584158415842 0.08571428571428572
0 0.6849944564088463 0.14834498919255035 0.0626912932361487 0.08305690437483028
0 0.7110148514851485 0.015384615384615385 0.06311881188118812 0.03076923076923077
0 0.7877475247524752 0.010439560439560439 0.043316831683168314 0.020879120879120878
0 0.8151726441744476 0.046953098994663066 0.044778152886386736 0.08616820430393166
0 0.774360332228713 0.11245881921737293 0.058165184839671105 0.06323193205760312
0 0.7595072810841921 0.1436208666565285 0.05443071074941345 0.06099577054236609
0 0.8055638340599649 0.3913243358891355 0.04990147036092351 0.10380176764292903
0 0.7272024178651701 0.287777930695323 0.04857743538603136 0.09499777241257541
0 0.6454506064341754 0.24847568386000357 0.06944421692139557 0.07763272429562205
0 0.9590429534177172 0.5516850800853877 0.06841181978874451 0.09849905873559786
0 0.9485494522286663 0.4598277434237726 0.07459993860062569 0.09856299093132273
0 0.8777873037459247 0.4684363791233831 0.07290552398052876 0.11502732775612173
0 0.8924582970598555 0.3872775282940138 0.058338007264702785 0.08081434964002071
0 0.9045120586326891 0.32312287500953535 0.05894601774432651 0.07972184176069202
0 0.949048745979881 0.35325031987929717 0.06647977433422878 0.09078757138457282
0 0.9639079005379481 0.417133627665728 0.070009021794761 0.07214461202068898
0 0.9545511363628948 0.06322673823363553 0.03725519769804886 0.07620137577895209
0 0.9826732673267327 0.14175824175824175 0.034653465346534656 0.08791208791208792
0 0.9509631839065219 0.1703216462296991 0.050174637392047985 0.0686433256976664
0 0.9320955249438305 0.2651720082583248 0.04972864793589169 0.08621935006051144
0 0.7015866937757281 0.07379872461530507 0.062496868007987795 0.0632766845946105
0 0.8750284089294393 0.061855758969121495 0.05078264787167142 0.06755081781833777
0 0.8960396039603961 0.010439560439560439 0.034653465346534656 0.020879120879120878
0 0.33601485148514854 0.9532967032967034 0.050742574257425746 0.09340659340659341
0 0.270285995560982 0.9399413028530417 0.06480696251726092 0.10944971040717413
0 0.375 0.9527472527472527 0.053217821782178217 0.0945054945054945
0 0.375084363505076 0.9003688095210224 0.057838010800724204 0.09289586850836039
0 0.43935643564356436 0.8236263736263736 0.04084158415841584 0.0978021978021978
0 0.2873797953878487 0.8219980346985617 0.04753423685181589 0.11476520575365012
0 0.3212022555266816 0.8322365750553717 0.0482718641502134 0.12685951106113463
0 0.3617452351460678 0.8337542320362701 0.05843521987878324 0.0907044595301306
0 0.4003712871287129 0.7461538461538462 0.053217821782178217 0.07252747252747253
0 0.35860148514851486 0.7543956043956044 0.04888613861386139 0.08901098901098901
0 0.32271039603960394 0.7445054945054945 0.05754950495049505 0.06923076923076923
0 0.7196183284017436 0.8347099179680985 0.10400813906340219 0.13183050521826228
0 0.5027193633445257 0.8319196439584943 0.07599958338646944 0.11505929385398403
0 0.9826732673267327 0.9318681318681319 0.034653465346534656 0.11868131868131868
0 0.4777227722772277 0.7324175824175824 0.03589108910891089 0.045054945054945054
0 0.5182549504950495 0.7483516483516484 0.06497524752475248 0.07692307692307693