0 0.01574585635359116 0.4287819253438114 0.03149171270718232 0.11100196463654224
0 0.1707182320441989 0.48477406679764246 0.05856353591160221 0.030451866404715127
0 0.3301104972375691 0.4076620825147348 0.05911602209944752 0.15520628683693516
0 0.5552486187845304 0.05009823182711198 0.061878453038674036 0.10019646365422397
0 0.6681043101118889 0.13568396843015607 0.057404752528826375 0.11466512556801785
0 0.6295473992990073 0.14671894378491918 0.05254810102558808 0.1257830241729893
0 0.4759341554156105 0.07192389877086261 0.05448802267310736 0.09857585509206333
0 0.4549723756906077 0.04223968565815324 0.04806629834254143 0.08447937131630648
0 0.46761932970000897 0.10178760771083027 0.049226336514076034 0.0684363863100014
0 0.4669235864268722 0.14448123469073973 0.07154758872034624 0.09400713165005403
0 0.44815149602025334 0.19703468216240663 0.056010469684712176 0.08504670617920776
0 0.7766099839298062 0.15620447888172975 0.04630681036051654 0.10826482166027052
0 0.7235100241107524 0.18347701593441731 0.061834285713869765 0.11624292885999694
0 0.7057127163690335 0.2494406313214169 0.061050351151285584 0.09259285472551332
0 0.7344275326135681 0.25478476136368156 0.03996908287263671 0.08092343643635329
0 0.7517667654469498 0.2354812638548745 0.04006551969544474 0.09074661914755194
0 0.9290055248618785 0.05157170923379175 0.06132596685082873 0.1031434184675835
0 0.9715469613259669 0.0206286836935167 0.0569060773480663 0.0412573673870334
0 0.9258646240963453 0.1959856815719289 0.06737843495688421 0.11895192167831069
0 0.9670441324553821 0.19956649928644063 0.06021540187945666 0.1199488950616541
0 0.9523845885072993 0.11496756693936655 0.050145282628591054 0.10583891624016283
0 0.9837016574585635 0.11149312377210216 0.03259668508287293 0.09528487229862476
0 0.987292817679558 0.15864440078585462 0.02541436464088398 0.08546168958742632
0 0.8577380330081595 0.26057840533781396 0.05061097567590953 0.09707248742769164
0 0.8982575765253419 0.24685699986631737 0.05766792824824834 0.08527001306202997
0 0.8866340536727293 0.3038162244458 0.05667868005992692 0.09690896106025328
0 0.8836415725076843 0.3550529733553584 0.04939027911284948 0.08513579691903872
0 0.8345474512476986 0.340569656329341 0.051523074405984325 0.07757499326050961
0 0.9156706784849113 0.4454347419209851 0.045580737891617075 0.09050865715250594
0 0.7843441631652612 0.24183760242595093 0.05341198134425886 0.10137393865020805
0 0.7865713697379042 0.2967284446111391 0.04227546444682596 0.09104436165798134
0 0.8908839779005525 0.4774066797642436 0.042541436464088395 0.04518664047151277
0 0.8630253698819745 0.4545716087717594 0.03944552773163402 0.08379595562210541
0 0.4766687601381934 0.4197316748187826 0.04818886991435097 0.07516374295262548
0 0.5818374331666369 0.38570363096551286 0.03828269326225856 0.07775317474017177
0 0.5437861882791171 0.42975792184420164 0.04656034239765742 0.0778873908831628
0 0.5433701657458564 0.4715127701375246 0.03812154696132597 0.05697445972495088
0 0.5712561987548898 0.4491967955624893 0.03222463256052175 0.07889901937872998
0 0.6049082396531291 0.43061567166142073 0.04045406328451659 0.0741216441661218
0 0.588121546961326 0.48428290766208254 0.04364640883977901 0.03143418467583497
0 0.6290488674784087 0.45108140902074373 0.03666380942784584 0.08145914094182892
0 0.37817679558011047 0.46168958742632615 0.037016574585635356 0.07662082514734773
0 0.7418406740359165 0.3167678107734192 0.0559140328619044 0.07522352346800933
0 0.6560228557111004 0.43651864894398573 0.043788267776150074 0.07653289447400592
0 0.6828729281767956 0.48280943025540274 0.03867403314917127 0.0343811394891945
0 0.7351991705561924 0.3734146377302485 0.03882553576782329 0.07684529209665933
0 0.5667672619670799 0.23022891184259545 0.04333221841111267 0.08628164155759695
0 0.32305397474571496 0.6822972208054546 0.07299973365814502 0.12951946066558317
0 0.25853706048854413 0.6327848263101113 0.07196226705841983 0.13624681730820726
0 0.26298342541436465 0.5574656188605108 0.08176795580110498 0.11493123772102161
0 0.12569060773480664 0.5456777996070727 0.0569060773480663 0.09135559921414538
0 0.08867403314917127 0.5235756385068763 0.06132596685082873 0.047151277013752456
0 0.021270718232044197 0.7799607072691552 0.042541436464088395 0.1100196463654224
0 0.13935525694515355 0.9108292897635862 0.050427745712574544 0.07840844027641464
0 0.25193370165745854 0.9685658153241651 0.04861878453038674 0.06286836935166994
0 0.2977900552486188 0.9764243614931237 0.03535911602209945 0.047151277013752456
0 0.25634731721642706 0.9403620986120332 0.03811875066348524 0.06105376413113422
0 0.27076360020402884 0.9088613858979472 0.039281585132860564 0.06709654501306808
0 0.3014217617883028 0.913483722365718 0.04044441960223589 0.07313932589500195
0 0.34668508287292815 0.9430255402750491 0.025966850828729283 0.0825147347740668
0 0.018232044198895028 0.5221021611001965 0.036464088397790057 0.04420432220039293
0 0.02703290780124043 0.5465120395322912 0.03617882901596602 0.08826093321206041
0 0.053383480377901305 0.5672755194020437 0.04400042878632729 0.09814389643864269
0 0.18557170711276127 0.6549218850911328 0.07949455636035771 0.11666023240119426
0 0.1859919780465163 0.7248153535958564 0.06419168199730325 0.07535773961100058
0 0.25806249451348606 0.737476157811982 0.04669535394958839 0.09163984667884059
0 0.29268589438440534 0.7608296495025253 0.057841514529302245 0.10295174194218715
0 0.036682415444294764 0.9442099756699692 0.04723819645515286 0.09073196403532816
0 0.4837016574585635 0.5309430255402751 0.07790055248618785 0.0618860510805501
0 0.5334222773927438 0.5904199921648127 0.0849008977536007 0.16153447525005363
0 0.588121546961326 0.5491159135559921 0.06795580110497237 0.09823182711198428
0 0.6375690607734806 0.5638506876227898 0.08397790055248619 0.12770137524557956
0 0.6090405575104447 0.6079850601804256 0.08297341608620286 0.1338062567758758
0 0.8165745856353591 0.5795677799607073 0.08397790055248619 0.15913555992141454
0 0.7497237569060774 0.5157170923379175 0.08839779005524862 0.03143418467583497
0 0.7169441285801925 0.6053094378192717 0.08685046308340068 0.1353096244402475
0 0.7198895027624309 0.5461689587426326 0.08397790055248619 0.09233791748526522
0 0.883076502979556 0.7009717085551355 0.07944354165111309 0.16766634687181867
0 0.9655733275474011 0.7504474652699197 0.06748451546197269 0.12975742266062895
0 0.926941292819573 0.7127832505766429 0.057780856137777045 0.15297553814169174
0 0.8481328360500712 0.7665924560285453 0.061911435172115885 0.12410147502895569
0 0.6815307175167901 0.7751303576589922 0.08086955183991038 0.14431401524776466
0 0.7512355921669658 0.7751772231618864 0.09218929870067838 0.17330763939126817
0 0.5702736545908471 0.7812886393389811 0.06556388117901507 0.15892922828379463
0 0.611967074408606 0.7888731657655798 0.06654348568505554 0.14630796201445148
0 0.6734308491092064 0.8394496417157619 0.06109856956268935 0.09750444608111253
0 0.7142487193827137 0.8798673945972677 0.06973303494247697 0.13398443825553796
0 0.7790631896416683 0.8708946341471766 0.07555000358719433 0.10828063683898367
0 0.8653068714959207 0.9331704186442107 0.04718997804374897 0.08582037267972895
0 0.8525906728875773 0.8478496927226428 0.07381539556541229 0.1001987837872027
0 0.8077181182492186 0.9386904100331587 0.07821599770361282 0.09882963226582228
0 0.7521161069125192 0.9390681756275736 0.06333744536091293 0.10074914340490168
0 0.8179558011049723 0.9896856581532416 0.05580110497237569 0.0206286836935167
0 0.6999109840022785 0.9315428496831142 0.05213342268751435 0.08354333851483607
0 0.6958563535911603 0.9582514734774067 0.08342541436464089 0.08349705304518663
0 0.6233454541175997 0.8695873703980899 0.09017502389275321 0.13673855647701177
0 0.5294378951016985 0.7708688115404341 0.07496579005466593 0.16117695222424036
0 0.4301627127818392 0.9089707192063798 0.05575693764757117 0.11542413695631548
0 0.3952823571815588 0.883615373159793 0.05243237683821864 0.1139952049195512
0 0.3679558011049724 0.9361493123772102 0.016574585635359115 0.08840864440078586
0 0.3870165745856354 0.9754420432220039 0.05359116022099448 0.04911591355599214
0 0.49165946961588136 0.8434847679092057 0.060517152328001686 0.09448305564014559
0 0.4810284752836484 0.6866408972649077 0.07018908430751461 0.12423569117194694
0 0.38535911602209943 0.6095284872298625 0.05138121546961326 0.17779960707269155
0 0.40407097811767756 0.6364360194195178 0.05878939169065962 0.1433012266857081
0 0.4120745530626149 0.779155256130101 0.0779817530310336 0.1311716995851697
0 0.49042493492377953 0.7720061685563913 0.05229736528628767 0.1002427491238734