0 0.5311332503113325 0.54490022172949 0.09713574097135741 0.14966740576496673
0 0.3300124533001245 0.541019955654102 0.0722291407222914 0.1574279379157428
0 0.2752896700659415 0.5217627935358039 0.09499744367649311 0.16877839847423762
0 0.2076587795765878 0.5720620842572062 0.08156911581569116 0.09534368070953436
0 0.1435688496037245 0.5271793597747224 0.08033922013180146 0.13351988661358322
0 0.18589691853379878 0.4596521612215843 0.07674452264990046 0.14770001453270673
0 0.1787573011901062 0.36691292363280104 0.08651152690350691 0.12836379758355815
0 0.24979703093742056 0.33642686143013456 0.09708596335124785 0.12791330210834712
0 0.27851412608371673 0.3740223215056618 0.09500831233460523 0.16988704592434825
0 0.33327604065732536 0.36728947481467084 0.07567309116724256 0.1653609440903747
0 0.37444871876338026 0.4678965816525669 0.10443523669290283 0.17933694785602924
0 0.36974856964786357 0.3062276280466453 0.07489826494744489 0.1498011649667696
0 0.43979523135453136 0.3651038300440623 0.1120050346906326 0.18977935277166227
0 0.40168696931810466 0.25931423557040273 0.08207679125313508 0.12033226167841148
0 0.4044198913153104 0.22031800070625773 0.07814516536975523 0.10014431864409842
0 0.03829389788293898 0.5437915742793792 0.07658779576587796 0.14523281596452328
0 0.00933997509339975 0.0770509977827051 0.0186799501867995 0.08536585365853659
0 0.011519302615193025 0.26662971175166295 0.02303860523038605 0.08980044345898004
0 0.02054794520547945 0.3386917960088692 0.0410958904109589 0.09645232815964523
0 0.10504143714166708 0.2833050855291807 0.057401584318255844 0.07891107541435591
0 0.1235048828248269 0.13295312918357546 0.05520437806237901 0.1086896972791375
0 0.19489784396078824 0.13849810910951219 0.08147586356313267 0.12251084175658032
0 0.2319890178051181 0.2676467296796059 0.11084980543690733 0.13541691289417704
0 0.527495623714999 0.1910338406626147 0.0757165657996915 0.16979553389081814
0 0.5625778331257784 0.15354767184035475 0.03424657534246575 0.15853658536585366
0 0.549813200498132 0.4212860310421286 0.05977584059775841 0.13082039911308205
0 0.49373955216420384 0.4338557970157426 0.09757505296629755 0.17780243736333604
0 0.5339352428393525 0.3386917960088692 0.09153175591531756 0.12749445676274945
0 0.38947908265970127 0.15801553695715595 0.0701157322374821 0.10629291065807538
0 0.27190723455781685 0.1131874933478972 0.06954741052181636 0.11179743308657683
0 0.08324288916497233 0.061686464951564386 0.054538238423703436 0.10421639265664111
0 0.07714421859453251 0.23401075499441013 0.06445740389088106 0.10040124000904456
0 0.05680750513393074 0.16150521645670507 0.062426379000517826 0.08365538379122285
0 0.12359900373599003 0.014412416851441241 0.05292652552926526 0.028824833702882482
0 0.15504358655043587 0.03713968957871397 0.07098381070983811 0.07427937915742794
0 0.18966812052130927 0.08169312659419964 0.05873386359560671 0.08785768465934869
0 0.2577833125778331 0.012749445676274944 0.05977584059775841 0.025498891352549888
0 0.29420921544209216 0.019401330376940133 0.059153175591531756 0.038802660753880266
0 0.5697384806973848 0.06263858093126386 0.019925280199252802 0.12527716186252771
0 0.33388413999359307 0.11155266345385184 0.07356913716392421 0.0777003658875105
0 0.4828767123287671 0.02993348115299335 0.06288916562889166 0.0598669623059867
0 0.4582323740510154 0.08496269239138006 0.06342944704067195 0.12249675936715605
0 0.9318181818181818 0.5776053215077606 0.08779576587795766 0.08425720620842572
0 0.9881693648816936 0.1197339246119734 0.023661270236612703 0.10199556541019955
0 0.9940846824408468 0.3237250554323725 0.011830635118306352 0.10421286031042129
0 0.9373045713296247 0.38275778890020085 0.08824909802484039 0.11517617264838663
0 0.9596204107955485 0.30760028505186976 0.05640623344238339 0.10433253712279993
0 0.8515329818363532 0.213372316484886 0.06506920023899544 0.0993313073809867
0 0.9448941469489415 0.04656319290465632 0.04919053549190536 0.09312638580931264
0 0.7945205479452054 0.5759423503325942 0.07098381070983811 0.08758314855875832
0 0.7185554171855542 0.606430155210643 0.06351183063511831 0.026607538802660754
0 0.7213749653070693 0.3146481723363415 0.04869514288919487 0.07947771535572566
0 0.5974470734744707 0.4035476718403548 0.03549190535491906 0.07760532150776053
0 0.7282067247820673 0.5886917960088692 0.05417185554171856 0.06208425720620843
0 0.7329267123263049 0.5396772061031085 0.05012524008955584 0.09840215165171637
0 0.7893190871870399 0.4768221613043336 0.0683564237999241 0.11726324069302528
0 0.5868617683686177 0.3625277161862528 0.014321295143212951 0.07982261640798226
0 0.6151679757715813 0.18979689701412367 0.05497613624202249 0.08540810082680934
0 0.6534525807433232 0.15469147826857113 0.035586571784098596 0.07533876174228148
0 0.7554478036900338 0.07236118229724256 0.05438607721013249 0.088695328355089
0 0.7230567789612204 0.10488151533307048 0.03992348951146072 0.07339247059643024
0 0.9551681195516812 0.017738359201773836 0.048567870485678705 0.03547671840354767
0 0.25186799501867996 0.9495565410199557 0.06413449564134496 0.1008869179600887
0 0.42446385809519294 0.8476981261714134 0.07534703142387614 0.13210152058704874
0 0.46413666138176224 0.7953118848940102 0.06704588183879763 0.1105339263482541
0 0.17030013180931575 0.7880670321394193 0.058701257621270195 0.0845317423090161
0 0.1800259442656991 0.8268432942875611 0.07509705228729516 0.10660262923449887
0 0.19582814445828145 0.6723946784922394 0.059153175591531756 0.10532150776053215
0 0.13533606346114962 0.9394449312694273 0.06513441218766876 0.10598319208165201
0 0.07344067296121515 0.9493946170393043 0.06445740389088102 0.10040124000904456
0 0.023972602739726026 0.8392461197339246 0.04794520547945205 0.10199556541019955
0 0.187733499377335 0.9717294900221729 0.08032378580323786 0.0565410199556541
0 0.1341289353223832 0.7209833113645076 0.05319509048824024 0.09416113596153752
0 0.030510585305105854 0.9495565410199557 0.058530510585305104 0.1008869179600887
0 0.027419543108213436 0.7037676257581761 0.048890778735214774 0.09943336945772123
0 0.06729184082294347 0.7035071720470099 0.05778198735218332 0.11771373616823617
0 0.7054794520547946 0.9811529933481153 0.11207970112079702 0.037694013303769404
0 0.699252801992528 0.9512195121951219 0.10585305105853052 0.0975609756097561
0 0.9710460772104608 0.9162971175166297 0.05790784557907846 0.15188470066518847
0 0.9308841843088418 0.9373614190687362 0.09090909090909091 0.12527716186252771
0 0.8723536737235368 0.9412416851441242 0.07347447073474471 0.11751662971175167
0 0.7942092154420921 0.9340354767184036 0.11021170610211706 0.1319290465631929
0 0.6722505104224419 0.791727278503349 0.0883686532640746 0.12737129459960614
0 0.6240351642370997 0.7353763238094673 0.08823822936672812 0.1140675251982757
0 0.9262908228869439 0.806993117119882 0.09981573385462303 0.15245840529899796
0 0.9816313823163139 0.7189578713968958 0.036737235367372355 0.12527716186252771
0 0.7447073474470735 0.7073170731707317 0.0684931506849315 0.17516629711751663
0 0.6790161892901619 0.6496674057649667 0.05666251556662515 0.0598669623059867
0 0.6922876286966473 0.7383432592203915 0.07826472060898945 0.11233944059531786
0 0.6987402377440446 0.6974517642487625 0.07072752858559633 0.10522297803001744
0 0.9439601494396015 0.6541019955654102 0.048567870485678705 0.06873614190687362
0 0.9050015260946082 0.6690967364366625 0.05496526758391015 0.08429945337669849
0 0.8215574051842657 0.7053460086058864 0.05968258834519992 0.12115582298472757
0 0.7895392278953923 0.656319290465632 0.06724782067247821 0.07317073170731707
0 0.9872353673723536 0.6446784922394678 0.025529265255292654 0.04988913525498891