0 0.02515923566878981 0.04072398190045249 0.05031847133757962 0.08144796380090498
0 0.1304024635909791 0.04908865810096861 0.04195015315683881 0.0813323044040341
0 0.19312572567875452 0.1105897912466988 0.07310461897624895 0.08472578286491537
0 0.11751592356687898 0.49434389140271495 0.0643312101910828 0.13122171945701358
0 0.030254777070063694 0.22963800904977374 0.06050955414012739 0.11312217194570136
0 0.14341806734882792 0.37738518803571713 0.06486392039243212 0.12284108992580035
0 0.11993448743565971 0.3266996834679714 0.08003129836176448 0.09696140825955445
0 0.11045974852214228 0.2911470675341402 0.09110618967088448 0.09070499098347967
0 0.279741556137976 0.05820680065855338 0.05154442713221018 0.032181802608599715
0 0.2534656503116778 0.3637175331410118 0.0669101637225383 0.11302945773071485
0 0.2978529901244638 0.4328141188016619 0.06051677219310228 0.1244571476246661
0 0.39490445859872614 0.5248868778280543 0.05605095541401274 0.07013574660633484
0 0.4210191082802548 0.5294117647058824 0.02165605095541401 0.06108597285067873
0 0.3387947465495637 0.1681657861009214 0.042197018988251796 0.07350609318784192
0 0.29303044422210917 0.16608830434825583 0.05659983468550123 0.08345614326419289
0 0.3429162511509322 0.37098913934469313 0.04361411535090352 0.08943553808024708
0 0.3340062717516775 0.252349463380462 0.06581962323253593 0.0780539252475544
0 0.07826122763159252 0.11786261098406385 0.04901224784698266 0.08347927514356702
0 0.353446449869781 0.48929405649921304 0.05597848342575127 0.13503063825918085
0 0.32661906532570945 0.4609097934505835 0.046066026940165226 0.13920929373635554
0 0.7815286624203822 0.49321266968325794 0.07643312101910828 0.1334841628959276
0 0.5173761784829258 0.29824807845360707 0.06985580697462598 0.14715079095443895
0 0.507415214786922 0.174898833971534 0.05917936587168662 0.09730782635769777
0 0.5600145240697338 0.14891505884810438 0.06874130170677979 0.1245263565652988
0 0.5949661035075257 0.05144512263729762 0.07482430643370593 0.0939602382605853
0 0.7875796178343949 0.05429864253393665 0.08343949044585987 0.1085972850678733
0 0.8749038533768346 0.3198892212718552 0.0721249513583012 0.14186404563718177
0 0.47229299363057325 0.14536199095022626 0.04522292993630573 0.09615384615384616
0 0.4732484076433121 0.022058823529411766 0.04713375796178344 0.04411764705882353
0 0.517609617788592 0.07213077320127252 0.06465718840900196 0.08013168704645462
0 0.4885649162703849 0.049691207149635826 0.07327179476642595 0.08811944802328642
0 0.5754777070063695 0.020361990950226245 0.04522292993630573 0.04072398190045249
0 0.8578442701691911 0.08670765659150276 0.08124945844869069 0.09601486818011137
0 0.8732484076433121 0.033936651583710405 0.06624203821656051 0.06787330316742081
0 0.9611464968152866 0.22737556561085973 0.07770700636942675 0.10633484162895927
0 0.95 0.012443438914027148 0.07707006369426751 0.024886877828054297
0 0.0786624203821656 0.9355203619909502 0.10254777070063695 0.12895927601809956
0 0.16036562237495702 0.7441897068882422 0.07077137596674694 0.1528992403717311
0 0.072009459879557 0.6886564959676239 0.06159951697539973 0.13359926220032917
0 0.42547770700636944 0.9547511312217195 0.048407643312101914 0.09049773755656108
0 0.3803184437704182 0.8695000269361507 0.054147345441509634 0.12353373942459703
0 0.4404458598726115 0.8229638009049773 0.018471337579617834 0.10294117647058823
0 0.4229299363057325 0.7822398190045249 0.0535031847133758 0.07805429864253394
0 0.40319958403836803 0.7110365520434171 0.05574778666447745 0.10467233347385543
0 0.32929026894205293 0.6877892371885822 0.05140063846514732 0.10628839117272104
0 0.3564004664843034 0.7429880626944688 0.06569200363561195 0.11397599781015819
0 0.3857828397819868 0.6543947845389915 0.06108239818945983 0.07175143091022093
0 0.33853503184713374 0.580316742081448 0.06942675159235669 0.04072398190045249
0 0.3326895100089836 0.6187847123017044 0.06988814511490432 0.0707817589514036
0 0.23572321666474216 0.6468811337405853 0.07777774539349826 0.1539149893918069
0 0.1445859872611465 0.5921945701357466 0.07643312101910828 0.06447963800904978
0 0.9719745222929936 0.9253393665158371 0.05605095541401274 0.10633484162895927
0 0.8992617131246807 0.9329547770528047 0.0647842303511959 0.13406096630036365
0 0.9834394904458599 0.6402714932126696 0.033121019108280254 0.06334841628959276
0 0.753662564795848 0.5939816898625514 0.04044557104524652 0.05078931797869474
0 0.7253105312161925 0.5705032429114646 0.0423725681408634 0.012881824437197716
0 0.686624203821656 0.5690045248868778 0.04331210191082802 0.01809954751131222
0 0.8088377962383582 0.6133737288077256 0.05864607801560741 0.0736445110691074
0 0.9113019790439066 0.6299374334080224 0.04618585082938413 0.0774538032662544
0 0.9498370108910404 0.6355240530184402 0.04156007631309256 0.07341375236783501
0 0.8614254119596132 0.6266941254655836 0.05465724617447507 0.06969680099069492
0 0.9923566878980892 0.8433257918552036 0.015286624203821656 0.0916289592760181
0 0.9708213273139893 0.8020558770708357 0.05113818121832505 0.062447766573918304
0 0.7936305732484077 0.955316742081448 0.05732484076433121 0.08936651583710407
0 0.7398089171974522 0.9513574660633484 0.056687898089171976 0.09728506787330317
0 0.7764666144688467 0.8342622117899829 0.04414740320698274 0.11309885336883739
0 0.7350497491680871 0.8806656208645846 0.05158398332546348 0.07149754032957441
0 0.735952758116556 0.7776898399236799 0.050166309308081934 0.14541944725368208
0 0.7729667499545932 0.7295088233895731 0.04300893316129274 0.10282551707371743
0 0.6985250134842937 0.8668256904082565 0.046496237631894165 0.09659223167701679
0 0.6984728972473888 0.8092834598856462 0.0352224100470488 0.0859726639812432
0 0.6577484110578159 0.8090759264124929 0.052013616362462746 0.11873183008674823
0 0.5953675850854638 0.7601567434108003 0.04659989245097419 0.07302125720843325
0 0.6075405237649258 0.6628023732481194 0.06402024573384281 0.08003934622644768
0 0.5618442179171504 0.7114336212913186 0.044665099647652674 0.08509533284243277
0 0.5253910877395236 0.6896289683887881 0.05446610560645427 0.07865423392634412
0 0.5321656050955414 0.5746606334841629 0.03248407643312102 0.029411764705882353
0 0.5805732484076433 0.9654977375565611 0.056687898089171976 0.06900452488687783
0 0.5507626862097857 0.9103439622757392 0.04835913610168422 0.12157145032507792
0 0.56412982019833 0.8017697157384952 0.04663165293652271 0.0865035770219105
0 0.5185248979533478 0.8225013500149837 0.06720495910963899 0.08050105032648225
0 0.48662420382165605 0.5673076923076923 0.035668789808917196 0.014705882352941176