0 0.03724928366762178 0.27608142493638677 0.07449856733524356 0.17302798982188294
0 0.12847853490510583 0.2325539132184384 0.07154523171290712 0.1626206007651275
0 0.17827822406060465 0.2418533793508214 0.08360593474315625 0.1617149811358319
0 0.056107347404885745 0.07715655944724548 0.06253992727579918 0.1525578709599722
0 0.106082398547754 0.12163611583129341 0.08126698675215054 0.11082439589410162
0 0.11138968481375358 0.02608142493638677 0.07951289398280802 0.05216284987277354
0 0.18839541547277938 0.019720101781170483 0.08595988538681948 0.039440203562340966
0 0.21440930166594963 0.15762241430732193 0.07404518927014031 0.10858806677318134
0 0.22492836676217765 0.06806615776081425 0.0659025787965616 0.1361323155216285
0 0.1809756929124578 0.1045159832168466 0.06610705940990676 0.10625533120327335
0 0.3890480994791329 0.1936451718937844 0.08050671043116168 0.15624029681570803
0 0.34742793630929697 0.08787487789139393 0.06280311803674324 0.12730539123708245
0 0.3923594830666691 0.10102985074429899 0.0563854225945754 0.09609619494913041
0 0.40846184070012853 0.3651306585318641 0.08093067431050949 0.14997538010947944
0 0.5021489971346705 0.4115776081424936 0.08882521489971347 0.1361323155216285
0 0.45534540530515466 0.17768191666719 0.07642808120391155 0.1139663446443175
0 0.5024843637850165 0.2231832311627104 0.08553568505964805 0.14174437283509062
0 0.5992120343839542 0.30916030534351147 0.020773638968481375 0.13231552162849872
0 0.5870343839541547 0.22137404580152673 0.04512893982808023 0.13231552162849872
0 0.9007879656160458 0.4153944020356234 0.12106017191977077 0.12849872773536897
0 0.8051575931232091 0.4198473282442748 0.09742120343839542 0.11959287531806616
0 0.7689828080229226 0.3905852417302799 0.09670487106017192 0.178117048346056
0 0.7255191863993153 0.3457012785756289 0.11541680965995395 0.23427352917167585
0 0.6611747851002865 0.3727735368956743 0.10315186246418338 0.21374045801526717
0 0.9734957020057307 0.20229007633587787 0.05300859598853868 0.18575063613231552
0 0.9781518624641834 0.3377862595419847 0.04369627507163324 0.16666666666666666
0 0.9296154996051923 0.28558987962455473 0.13600037954818828 0.24842329142272104
0 0.8141837464045371 0.2518399102694466 0.10743497230477883 0.15354241872202457
0 0.8442402921041684 0.34124459617204705 0.1309130494438386 0.19969160964712643
0 0.8269828720083041 0.16178809917625084 0.08340133590589913 0.12628438436459613
0 0.7462858560490714 0.16240750441452764 0.09945289850178007 0.1967219905227106
0 0.6608166189111748 0.22010178117048346 0.10243553008595989 0.21374045801526717
0 0.6378939828080229 0.16412213740458015 0.05659025787965616 0.21119592875318066
0 0.6824665949208562 0.11467061203707304 0.10271301415609005 0.15922889673432689
0 0.7320916905444126 0.07188295165394402 0.12177650429799428 0.14376590330788805
0 0.8829955395448018 0.22785744146064185 0.09728937161009968 0.14964819917411026
0 0.6310888252148997 0.06997455470737914 0.04297994269340974 0.13994910941475827
0 0.8488538681948424 0.03371501272264631 0.10601719197707736 0.06743002544529263
0 0.7585959885386819 0.019083969465648856 0.12034383954154727 0.03816793893129771
0 0.3681948424068768 0.9573791348600509 0.12607449856733524 0.08524173027989822
0 0.49498567335243554 0.938295165394402 0.12034383954154727 0.12340966921119594
0 0.39822888412752216 0.7239494997914271 0.10128023117573125 0.22099142496152033
0 0.33377361806832934 0.7172624981788135 0.0968652895068399 0.21786845700550758
0 0.2733605386199502 0.696590076021826 0.11353088506231569 0.27068717122699193
0 0.23382351578259283 0.6283033854107176 0.10682093934518398 0.17116131065865473
0 0.07911722116205283 0.8769881762280831 0.13126389164248958 0.20732519743338598
0 0.02650429799426934 0.9230279898218829 0.05300859598853868 0.15394402035623408
0 0.5848853868194842 0.8759541984732825 0.0494269340974212 0.20229007633587787
0 0.5384909926644825 0.7882812722770811 0.09984756641928441 0.22079861206354495
0 0.5453549195171606 0.6318211938500652 0.0997014412818024 0.18664027992335228
0 0.5777220630372493 0.6068702290076335 0.06375358166189111 0.178117048346056
0 0.1608166189111748 0.5241730279898219 0.11962750716332378 0.089058524173028
0 0.15420105750265128 0.5974148846169778 0.09231887068138858 0.16541638778577086
0 0.22731084491225712 0.5728539771142468 0.07021498459900051 0.11818774512760113
0 0.07140589855828271 0.7640940466366902 0.12072362303030601 0.17935435634463737
0 0.03581661891117478 0.5502544529262087 0.07163323782234957 0.14122137404580154
0 0.08095979293648523 0.5720682521620586 0.08153005928918278 0.14752725729638066
0 0.12158608054601144 0.562120158361108 0.07698352223981948 0.15703052920181282
0 0.06267908309455587 0.6552162849872774 0.12535816618911175 0.15776081424936386
0 0.02148997134670487 0.7321882951653944 0.04297994269340974 0.15394402035623408
0 0.01790830945558739 0.8136132315521628 0.03581661891117478 0.16157760814249364
0 0.01862464183381089 0.52735368956743 0.03724928366762178 0.09541984732824428
0 0.2700573065902579 0.5311704834605598 0.1174785100286533 0.10305343511450382
0 0.6797994269340975 0.9319338422391857 0.10458452722063037 0.1361323155216285
0 0.6950095581943604 0.7398838082974483 0.11475895098150564 0.23544938735373142
0 0.8094555873925502 0.9688295165394402 0.10888252148997135 0.062340966921119595
0 0.8746418338108882 0.9573791348600509 0.1017191977077364 0.08524173027989822
0 0.7805235077304495 0.7578181370553879 0.1153291582222472 0.2013874616625266
0 0.6389684813753582 0.9249363867684478 0.05873925501432665 0.15012722646310434
0 0.6536532951289399 0.6450381679389313 0.08810888252148998 0.24173027989821882
0 0.8108509228532215 0.6257231482771832 0.14159956141741595 0.19986544175089865
0 0.8775936916343262 0.8311631612824063 0.13158555610320874 0.1833449823415395
0 0.9502148997134671 0.878498727735369 0.0995702005730659 0.21246819338422393
0 0.9296377080243988 0.6775835322109617 0.10218663263420195 0.20973385618010632
0 0.9613180515759312 0.7639949109414759 0.07736389684813753 0.1743002544529262
0 0.8921919770773639 0.5349872773536896 0.0995702005730659 0.11068702290076336