0 0.13260025873221215 0.4247126436781609 0.08538163001293661 0.07011494252873564
0 0.06940966681031965 0.24557323065303996 0.06819944193778889 0.09394104107636131
0 0.006144890038809832 0.11896551724137931 0.012289780077619664 0.08160919540229886
0 0.22800776196636482 0.42011494252873566 0.0705045278137128 0.07931034482758621
0 0.3017464424320828 0.42701149425287355 0.057567917205692105 0.06551724137931035
0 0.2652005174644243 0.432183908045977 0.050452781371280724 0.05517241379310345
0 0.34411384217335056 0.4166666666666667 0.0685640362225097 0.08620689655172414
0 0.3783958602846054 0.4045977011494253 0.08408796895213454 0.1103448275862069
0 0.20901571439876734 0.39370420812362605 0.08958248094044712 0.10786602508623906
0 0.21016282824166183 0.3397917073968023 0.0888679137110828 0.08710271139454312
0 0.5158473479948253 0.40977011494252874 0.057567917205692105 0.1
0 0.46959896507115134 0.4166666666666667 0.07115135834411385 0.08620689655172414
0 0.5727684346701164 0.44022988505747124 0.057567917205692105 0.03908045977011494
0 0.6180465717981889 0.43505747126436783 0.06274256144890039 0.04942528735632184
0 0.6439197930142303 0.3867816091954023 0.010996119016817595 0.09770114942528736
0 0.5989399637871943 0.3742903625429114 0.05395411766919637 0.08772285250272646
0 0.45122385846426183 0.3315973219213979 0.06369420712463611 0.10032198316552339
0 0.3739071283865012 0.2302295639753429 0.06624766089675868 0.09027178965644563
0 0.5291746793073175 0.2392869189479127 0.040381965980602015 0.08962429945986788
0 0.49163969279434544 0.24076185126632327 0.03518474283773926 0.0821384795814719
0 0.47341199592474814 0.17544419266218117 0.06834620478554253 0.13876862728325792
0 0.5682272343026646 0.16956849907036547 0.05337126068781639 0.10718942386850158
0 0.5836554223386043 0.10175924438844113 0.03450028080791429 0.07057056818862639
0 0.5115018314243786 0.10331643443099793 0.04944135655615887 0.09180494401717583
0 0.35863930548280587 0.05141343600005398 0.0640926697588385 0.024533572719288497
0 0.2117824330321741 0.042738929134475384 0.04344677688519906 0.03826845412524468
0 0.19683006783410226 0.06403328893810986 0.055240252430113705 0.08557131896657826
0 0.06847350499404588 0.13623051131562486 0.05139313759718921 0.09547419543709158
0 0.14807107610295103 0.2326836602860643 0.052024915527820646 0.09095015280694851
0 0.1827030671588494 0.12969101008388614 0.07070021161071778 0.06779889354429497
0 0.24273788568798868 0.17332286157253854 0.04427047546289295 0.09236510115027409
0 0.2846953177153807 0.20454744693508078 0.05593976705970842 0.10173693150884904
0 0.6090939997362982 0.23746420584938666 0.05331857658862271 0.09109746984551315
0 0.6361578266494179 0.24655172413793103 0.02652005174644243 0.05172413793103448
0 0.6371280724450195 0.1396551724137931 0.02457956015523933 0.0839080459770115
0 0.023737045827833324 0.06444457755884116 0.045447478875480576 0.05688023428079261
0 0.03146680978828922 0.17398599870504183 0.03976900379968255 0.0998954685267925
0 0.4123617738006985 0.14549495684288125 0.04938867245696548 0.07571298999418732
0 0.2756380243446412 0.1052035363365225 0.06431845875538267 0.0934990899606678
0 0.36655346379043946 0.10463301806579488 0.06875972001951466 0.06757791798644822
0 0.8796809168962919 0.25055423995791326 0.0649765787356108 0.097021024342019
0 0.8160734778501774 0.21111496776263367 0.0792030872544915 0.09749208647887236
0 0.8091849935316947 0.04080459770114943 0.050452781371280724 0.08160919540229886
0 0.8381976417616427 0.07450206838847441 0.046090546255939245 0.05580446751271864
0 0.8495658813630659 0.1597359677125666 0.037764538659458675 0.08013426308388831
0 0.9316794903745157 0.17943542724762035 0.03771938086014972 0.06634115963561245
0 0.9864165588615783 0.06149425287356322 0.027166882276843468 0.08160919540229886
0 0.9807595845362039 0.20917140574755488 0.03389860807682221 0.08429001311761991
0 0.07503234152652005 0.9672413793103448 0.0815006468305304 0.06551724137931035
0 0.16377434625073428 0.9099933124815976 0.09358764807095264 0.14623901068469125
0 0.2090639884584801 0.8128137289970021 0.09419308395198724 0.133668991043054
0 0.2873022590124373 0.8303470994853279 0.09562221841071572 0.17519561842644588
0 0.416882276843467 0.9597701149425287 0.11190168175937905 0.08045977011494253
0 0.42295437325429425 0.802675110999099 0.08077522141103112 0.18269687478180474
0 0.6274256144890039 0.9666666666666667 0.04398447606727038 0.06666666666666667
0 0.5983182406209573 0.9218390804597701 0.10219922380336352 0.15632183908045977
0 0.6209573091849935 0.860919540229885 0.056921086675291076 0.13793103448275862
0 0.611112654956907 0.7464867039540437 0.053465339436376366 0.1359250560524097
0 0.6358344113842174 0.5758620689655173 0.027166882276843468 0.14022988505747128
0 0.6090728711519228 0.5789506905665699 0.05023118678437119 0.1355567634559983
0 0.5579544435005288 0.5788787939800529 0.04625236170346265 0.10522975486904035
0 0.5527758204775319 0.678326355085436 0.07541994597058733 0.1269351928344433
0 0.49371124774399416 0.6348049913757071 0.07094857950691642 0.14366096250981228
0 0.5185467020953171 0.5594430955682029 0.04886602587466333 0.11357036595766373
0 0.44255518859317644 0.6462273476627532 0.05943357705773948 0.18141556893284652
0 0.3934600418317186 0.6210890703122441 0.06462703705065972 0.18775196352388612
0 0.3342919824747647 0.609176902004814 0.08584826060579455 0.15225166017744204
0 0.26220236510955974 0.5911938621623133 0.0812150786946001 0.11955214249648932
0 0.25232868383116486 0.6423878349477921 0.08892059781027647 0.10319466541753163
0 0.19626306687823208 0.6710738442942444 0.06132891084963378 0.16784344104241739
0 0.14510324457747187 0.6836456258686471 0.062035951779113224 0.18630790415940082
0 0.09570726145046793 0.6515739675343589 0.09295587014032121 0.1507630533148344
0 0.07228610458795032 0.5914141672127403 0.07601785555173735 0.11206632261809325
0 0.1073738680465718 0.5080459770114942 0.0685640362225097 0.09655172413793103
0 0.17302716688227684 0.482183908045977 0.05109961190168176 0.04482758620689655
0 0.028783958602846053 0.478735632183908 0.057567917205692105 0.03793103448275862
0 0.01908150064683053 0.5735632183908046 0.03816300129366106 0.14482758620689656
0 0.5711513583441138 0.49885057471264366 0.06080206985769728 0.07816091954022988
0 0.9314359637774903 0.957471264367816 0.050452781371280724 0.08505747126436781
0 0.9802716688227684 0.9396551724137931 0.03945666235446313 0.1206896551724138
0 0.7441078288032253 0.8593356716063535 0.0481326428955872 0.08705992582918605
0 0.7030943005218382 0.836267551034229 0.07201645157117424 0.07484276230699739
0 0.7383185564339727 0.7500152260179996 0.05393153876954211 0.08082630077858839
0 0.8048329697169496 0.7909353868374057 0.04489849024358202 0.08669163323277476
0 0.7436458238796945 0.605165366062042 0.0351734533879121 0.07869020371940293
0 0.6807891332470892 0.4862068965517241 0.04592496765847348 0.052873563218390804
0 0.7448253557567918 0.46781609195402296 0.04204398447606727 0.016091954022988506
0 0.9864165588615783 0.7201149425287356 0.027166882276843468 0.1206896551724138
0 0.9047649547736595 0.6056902454093014 0.0468615607344396 0.09380916051475942
0 0.8273972065418301 0.6187271328148416 0.041006217611348574 0.08280140625501224
0 0.6558861578266494 0.5988505747126437 0.0129366106080207 0.08735632183908046