0 0.26810917064770595 0.4511841296735224 0.06425312951777884 0.12333563200754087
0 0.31489794276185473 0.4100097611341908 0.055390202429601534 0.14094157242062272
0 0.12838044669006263 0.5039533143188807 0.04976439557321008 0.12145194927346473
0 0.19022441993984546 0.4305859734632681 0.07068028590609814 0.12103418898080558
0 0.20209622878827618 0.334558904992117 0.0725859201103184 0.0877348329826337
0 0.16477318164879778 0.34909998702793527 0.04440672935887332 0.08656807838640393
0 0.14633400130254912 0.3856570484668384 0.042655635119070924 0.10061714551356762
0 0.01842485549132948 0.42930591259640105 0.03684971098265896 0.10282776349614396
0 0.02745664739884393 0.3116966580976864 0.05491329479768786 0.07326478149100257
0 0.1042954889248905 0.400646344925136 0.06011027625913533 0.10519118947312199
0 0.09253624363783712 0.33323987974678687 0.046230484989531154 0.09948138239245938
0 0.33531488066777837 0.07303995553798977 0.04284804197603443 0.08265220368626112
0 0.3634393063583815 0.014138817480719794 0.031791907514450865 0.028277634961439587
0 0.33851156069364163 0.014138817480719794 0.03395953757225433 0.028277634961439587
0 0.2984104046242775 0.03534704370179949 0.046242774566473986 0.07069408740359898
0 0.2648121387283237 0.03470437017994859 0.039739884393063585 0.06940874035989718
0 0.14523636049958671 0.2755803755232223 0.06836733306658388 0.06701969636081136
0 0.06611271676300579 0.005141388174807198 0.052745664739884394 0.010282776349614395
0 0.0476878612716763 0.02249357326478149 0.04335260115606936 0.04498714652956298
0 0.2336256024137431 0.06239495370234265 0.049922007931863785 0.07780998335664106
0 0.18894508670520233 0.017352185089974295 0.04552023121387283 0.03470437017994859
0 0.14459926719564234 0.19898255928489036 0.043532718436089954 0.08139677342707802
0 0.36741329479768786 0.2583547557840617 0.02384393063583815 0.09254498714652956
0 0.4013728323699422 0.5353470437017995 0.04407514450867052 0.08868894601542417
0 0.3995664739884393 0.04562982005141388 0.04046242774566474 0.09125964010282776
0 0.5039739884393064 0.033419023136246784 0.05708092485549133 0.06683804627249357
0 0.5668352601156069 0.016709511568123392 0.05852601156069364 0.033419023136246784
0 0.5024762109057808 0.14679513990174284 0.050259737570538005 0.11376978379577272
0 0.469278619775791 0.15635937607760686 0.062199100137611936 0.12710192278509003
0 0.4107147413225518 0.15522146357529312 0.044671797606692265 0.09556550769231653
0 0.4161476422411211 0.2654776372260215 0.07091363204984279 0.07996291715138545
0 0.44113833303315075 0.3134847669560701 0.06665410571932695 0.08235411053167685
0 0.4397556923743796 0.507751671262154 0.08121242866051531 0.1355918414447874
0 0.5195701184049453 0.4505713729361902 0.08308019597219012 0.10100713840291355
0 0.5711705202312138 0.5302056555269923 0.0657514450867052 0.09897172236503857
0 0.6127167630057804 0.5398457583547558 0.06069364161849711 0.07969151670951156
0 0.6582369942196532 0.5533419023136247 0.05635838150289017 0.05269922879177378
0 0.6990606936416185 0.538560411311054 0.08598265895953758 0.08226221079691516
0 0.6991953019980466 0.2836317519758648 0.062280978711174544 0.0808892627808627
0 0.6668686493966045 0.26363300614658747 0.050679345782774665 0.10351692423067699
0 0.6289146537416531 0.2504792931737796 0.03595726569446142 0.1427045133260212
0 0.5851470529647005 0.2750488588908032 0.050032536215264774 0.10605770153356193
0 0.5512473881255003 0.2961662600677241 0.060722291328335495 0.07697338808071985
0 0.6993851355416328 0.12985327954638753 0.06782797938823898 0.12219986888643256
0 0.934497263028218 0.14216188699463125 0.06578009479654359 0.07718280557235085
0 0.8381354650815633 0.15940613926698186 0.07790879182634544 0.09694167978017722
0 0.8952353233833273 0.16112689172210906 0.06866719581271262 0.10169414975624114
0 0.8824531729166857 0.2757765339346769 0.07163617540244394 0.0799928339359041
0 0.9779624277456648 0.2410025706940874 0.04407514450867052 0.11182519280205655
0 0.9320200539607203 0.250803628971952 0.06418046812692348 0.09637326087432174
0 0.9822976878612717 0.5218508997429306 0.03540462427745665 0.11568123393316196
0 0.9346098265895953 0.5629820051413882 0.08742774566473989 0.033419023136246784
0 0.9004671382976269 0.48693298786129796 0.08212737887008005 0.11765681640199949
0 0.8744668300646687 0.4240845335596412 0.08266366015418912 0.0868683209221939
0 0.6790991955625008 0.4500986151822059 0.05010827000035571 0.10862839562096538
0 0.7540953090570744 0.4828028595618118 0.07224511807740852 0.0761667095893175
0 0.724351286134319 0.4365292912979442 0.0883682731899071 0.0845369611109398
0 0.3591040462427746 0.7789203084832905 0.04046242774566474 0.13881748071979436
0 0.3388728323699422 0.6169665809768637 0.05346820809248555 0.07455012853470437
0 0.13565499956930327 0.7132437306301919 0.0704121452640436 0.13642843672070837
0 0.08317747547147342 0.7265138866692663 0.05949518879569941 0.15780066791133968
0 0.021315028901734104 0.7429305912596401 0.04263005780346821 0.11825192802056556
0 0.015534682080924855 0.609254498714653 0.03106936416184971 0.05912596401028278
0 0.045158959537572256 0.6182519280205655 0.07442196531791907 0.07712082262210797
0 0.18063583815028902 0.6105398457583547 0.07369942196531792 0.061696658097686374
0 0.12897398843930635 0.5951156812339332 0.08453757225433527 0.030848329048843187
0 0.9776011560693642 0.9241645244215938 0.044797687861271675 0.15167095115681234
0 0.9440275082818383 0.7242424477032287 0.09105375016640546 0.20018827825958324
0 0.7272312442002994 0.7532300253135968 0.13342181211629064 0.1685642621944588
0 0.6867774566473989 0.9177377892030848 0.13800578034682082 0.16452442159383032
0 0.5563583815028902 0.9048843187660668 0.09971098265895954 0.19023136246786632
0 0.4271956355907991 0.8205958268013998 0.09314564643911791 0.19770733452573575
0 0.44438724376102096 0.6913292359011143 0.08904066007302003 0.18084823903501868
0 0.40209537572254334 0.7448586118251928 0.04552023121387283 0.15295629820051415
0 0.8157514450867052 0.6426735218508998 0.11416184971098266 0.12596401028277635
0 0.9024566473988439 0.6452442159383034 0.09248554913294797 0.13110539845758354
0 0.965679190751445 0.6098971722365039 0.06864161849710983 0.060411311053984576
0 0.8811416184971098 0.5951156812339332 0.08742774566473989 0.030848329048843187