0 0.025295663600525625 0.038551401869158876 0.05059132720105125 0.07710280373831775
0 0.10479632063074902 0.029789719626168224 0.07424441524310119 0.05957943925233645
0 0.07490144546649145 0.053738317757009345 0.08409986859395532 0.10747663551401869
0 0.026609724047306178 0.14427570093457945 0.053219448094612355 0.10630841121495327
0 0.23390275952693823 0.028621495327102803 0.0735873850197109 0.05724299065420561
0 0.27825229960578185 0.039135514018691586 0.054533508541392904 0.07827102803738317
0 0.27056829479136596 0.09398994091611519 0.06793456320253453 0.10318479796540013
0 0.24990865709633128 0.16156826830069657 0.06732340699998049 0.10776233384754247
0 0.17934838182636748 0.1250795609609618 0.08048694847820413 0.11200600872805895
0 0.15885171203039158 0.27609056441460145 0.06932890318577857 0.11155309068709664
0 0.0817866201313067 0.31215101346067614 0.05919820570990645 0.08208528779773726
0 0.11826544021024968 0.3341121495327103 0.05781865965834428 0.0911214953271028
0 0.15473061760840998 0.35397196261682246 0.04139290407358739 0.0514018691588785
0 0.3012483574244415 0.3662383177570093 0.04664914586070959 0.026869158878504672
0 0.335742444152431 0.32009345794392524 0.04730617608409987 0.09579439252336448
0 0.27033875419973874 0.304520662298006 0.05138265406047764 0.08795029782269866
0 0.21944809461235218 0.36507009345794394 0.05519053876478318 0.029205607476635514
0 0.15341655716162944 0.3627336448598131 0.049277266754270695 0.03387850467289719
0 0.28849642455851215 0.2494113569466672 0.050137404644951575 0.09476892098885249
0 0.33771353482260186 0.26343457943925236 0.04336399474375821 0.08995327102803738
0 0.9485973933806855 0.22286401840276304 0.0766823892003713 0.12545253243212817
0 0.8903608793951051 0.27215628359282584 0.09118292813579361 0.1322233785390142
0 0.6698423127463863 0.34813084112149534 0.06767411300919843 0.0630841121495327
0 0.6254927726675427 0.3019859813084112 0.09592641261498029 0.15537383177570094
0 0.5321944809461235 0.3317757009345794 0.07227332457293036 0.09579439252336448
0 0.4464520367936925 0.3463785046728972 0.06636005256241786 0.06658878504672897
0 0.3787779237844941 0.3358644859813084 0.03876478318002628 0.08761682242990654
0 0.566688567674113 0.3475467289719626 0.07818659658344283 0.06425233644859812
0 0.93084112070423 0.31886117422139154 0.047532220761808436 0.0967239243305062
0 0.9934296977660972 0.2867990654205608 0.013140604467805518 0.08294392523364486
0 0.046320630749014456 0.4304906542056075 0.09264126149802891 0.10163551401869159
0 0.044904675493697165 0.6410060572453835 0.08923144904956831 0.20076716692739674
0 0.012483574244415242 0.7067757009345794 0.024967148488830485 0.14719626168224298
0 0.14727357407204392 0.6762786668245763 0.0978679154217874 0.1448592346708611
0 0.10512483574244415 0.9503504672897196 0.07227332457293036 0.09929906542056074
0 0.08147174770039421 0.9865654205607477 0.06307490144546649 0.026869158878504672
0 0.31888312370841515 0.513369941602533 0.07519297574898194 0.17423186905051818
0 0.20709532109005466 0.6213836834244844 0.08960176664273178 0.17165692076488057
0 0.2405530003224132 0.7213143488472205 0.07931051009393271 0.1258339776886053
0 0.27890658002814894 0.6516378797475979 0.08596923494303506 0.20262680895493124
0 0.021681997371879105 0.9404205607476636 0.04336399474375821 0.1191588785046729
0 0.28942181340341655 0.4304906542056075 0.07030223390275953 0.10163551401869159
0 0.3331143232588699 0.42990654205607476 0.052562417871222074 0.10046728971962617
0 0.3439553219448095 0.6542056074766355 0.03088042049934297 0.16355140186915887
0 0.21813403416557162 0.9485981308411215 0.07490144546649145 0.102803738317757
0 0.34888304862023656 0.5496495327102804 0.02102496714848883 0.12266355140186916
0 0.6471747700394218 0.4322429906542056 0.08804204993429698 0.10514018691588785
0 0.47901500213229725 0.4900333930436162 0.07030705155502305 0.14435873237504762
0 0.3797634691195795 0.5876168224299065 0.040735873850197106 0.14719626168224298
0 0.9894875164257556 0.4725467289719626 0.02102496714848883 0.1530373831775701
0 0.94306516135565 0.509556645864264 0.07350045463030182 0.13548974455312068
0 0.9708618756920959 0.634329994039366 0.055783575609182484 0.13525143767003092
0 0.988173455978975 0.6214953271028038 0.023653088042049936 0.14719626168224298
0 0.9911300919842313 0.7307242990654206 0.017739816031537452 0.12266355140186916
0 0.9730617608409987 0.822429906542056 0.05387647831800263 0.1308411214953271
0 0.825075540895868 0.8546484476120105 0.05022915268662419 0.10411471538137586
0 0.7515471611154387 0.8165623900596736 0.08241216512753873 0.10761919547415517
0 0.6303128702818285 0.697475755557154 0.06908473914991511 0.15351380413933244
0 0.6190236832923938 0.7839125058253866 0.06908473914991511 0.15351380413933258
0 0.6837124890333134 0.790385034518472 0.07166698602263984 0.14922235219954774
0 0.5251281126997615 0.8431944952837993 0.06484437667413737 0.12256780447891581
0 0.45745325357766775 0.7330480321810663 0.07214052016268489 0.1306261247286205
0 0.44340405788476756 0.8056687577535695 0.050954993941268956 0.11121942248988759
0 0.4060656113774809 0.7448378699572824 0.06621577964696335 0.1285996486024816
0 0.3791064388961892 0.7745327102803738 0.03942181340341656 0.14485981308411214
0 0.4915187635861074 0.8948945854542697 0.06827861835880679 0.13823152693736263
0 0.7780847487050178 0.8799086012197216 0.07916141952621444 0.11064706180075483
0 0.7380231078360245 0.8758438975070437 0.061628036588440474 0.12910034370271198
0 0.533180026281209 0.9871495327102804 0.054533508541392904 0.02570093457943925
0 0.545335085413929 0.9672897196261683 0.04730617608409987 0.06542056074766354
0 0.5913272010512484 0.9801401869158879 0.04862023653088042 0.0397196261682243
0 0.6471747700394218 0.9877336448598131 0.04730617608409987 0.02453271028037383