0 0.22881899871630296 0.04908675799086758 0.1110397946084724 0.09817351598173515
0 0.15661103979460847 0.021689497716894976 0.07702182284980745 0.04337899543378995
0 0.13872511229405182 0.07164459793482932 0.06586890435677262 0.1298966433943952
0 0.1712139655400746 0.18213390289178683 0.0930191551217229 0.12276435542095869
0 0.08664955070603338 0.06792237442922375 0.07958921694480103 0.1358447488584475
0 0.05231065468549422 0.048515981735159815 0.07766367137355584 0.09703196347031963
0 0.5061426581218461 0.1423957556701124 0.11606896540320413 0.2142959301348491
0 0.39505776636713735 0.06449771689497717 0.1123234916559692 0.12899543378995434
0 0.056176728375694485 0.49520609776255514 0.052101457258745675 0.09704939376685666
0 0.07416812641981553 0.5597755290593801 0.054717150071601696 0.072214326718211
0 0.11476490002091856 0.579745925212107 0.05451668155241759 0.05513755374739424
0 0.014441591784338896 0.2539954337899543 0.028883183568677792 0.09703196347031963
0 0.018934531450577663 0.3310502283105023 0.037869062901155326 0.09360730593607305
0 0.06844488050763968 0.36486173766053714 0.07373955005033986 0.13387947733363356
0 0.007060333761232349 0.5182648401826484 0.014120667522464698 0.10273972602739725
0 0.2556894944897822 0.13820644280912328 0.08619915074193868 0.17914426048549506
0 0.22677401475854084 0.17237936139851767 0.09919672887382666 0.15733653366633646
0 0.29828426173892403 0.12022651788264181 0.08414500262437087 0.21539485264829594
0 0.3432655939430414 0.1507625746913203 0.08914333251636929 0.22599442815394769
0 0.3987245357460175 0.2698978377364577 0.11351000916380904 0.14927395168458002
0 0.46212657131935453 0.35408880493288947 0.1087042920393286 0.1295884707880202
0 0.4916841906263104 0.2740444697350021 0.09066008529757984 0.16581774795183676
0 0.5395942841534915 0.2528152885764459 0.0829899081231967 0.17891168698341514
0 0.5738891003839673 0.24288340342978137 0.07720541565779457 0.15233037631794602
0 0.21613856117073102 0.3031782110052037 0.08657652052530776 0.13480977134195352
0 0.1933206424150994 0.33690923994064603 0.060164715719830675 0.09194632231518696
0 0.2221072285480523 0.3852304477258734 0.06962398016747018 0.08921938528718
0 0.025673940949935817 0.09189497716894977 0.051347881899871634 0.08789954337899543
0 0.29192382148304014 0.4557818993364508 0.07886648248866045 0.10808891657523659
0 0.2618571751264576 0.4665529914418268 0.06179319533616681 0.12505134514623692
0 0.23869840167781972 0.4802603367270816 0.046838066522436037 0.1330674124275775
0 0.16861282002268735 0.44352422830451027 0.057910099083078835 0.11112014150717082
0 0.21174498260818628 0.44956342081817097 0.058022408022136554 0.11340324653000187
0 0.20704706444299822 0.5111946565838935 0.05511023135830355 0.08020519429811968
0 0.3272490575442011 0.5322698023037383 0.08709820435833203 0.10641050265781346
0 0.31482670089858794 0.577054794520548 0.08023106546854943 0.08561643835616438
0 0.2666880616174583 0.6061643835616438 0.06482670089858793 0.0273972602739726
0 0.34242618741976893 0.6004566210045662 0.0699614890885751 0.03881278538812785
0 0.3751604621309371 0.5878995433789954 0.08536585365853659 0.0639269406392694
0 0.3995507060333761 0.5627853881278538 0.07894736842105263 0.1141552511415525
0 0.5940308087291399 0.329337899543379 0.07124518613607189 0.15639269406392695
0 0.6161745827984596 0.3321917808219178 0.026957637997432605 0.1324200913242009
0 0.6068677792041078 0.3995433789954338 0.045571245186136075 0.11643835616438356
0 0.5953145057766367 0.5136986301369864 0.06867779204107831 0.11643835616438356
0 0.5982028241335045 0.4589041095890411 0.06290115532734275 0.10730593607305935
0 0.5117723613182323 0.538372990678828 0.0761867794546093 0.1056197527507416
0 0.46309370988446724 0.5764840182648402 0.06225930680359435 0.0867579908675799
0 0.5654685494223364 0.5759132420091324 0.0821566110397946 0.08789954337899543
0 0.6004492939666238 0.5724885844748858 0.05840821566110398 0.09474885844748858
0 0.6158536585365854 0.6067351598173516 0.027599486521181 0.026255707762557076
0 0.5491014120667522 0.6095890410958904 0.07124518613607189 0.02054794520547945
0 0.5089858793324775 0.593607305936073 0.06418485237483953 0.05251141552511415
0 0.7016123024298577 0.03772168314405181 0.12081125441042158 0.07544336628810362
0 0.667201540436457 0.21289954337899544 0.07509627727856226 0.17009132420091325
0 0.6864948196474109 0.32572633919304694 0.11208985381832336 0.15940838018607192
0 0.7643870367749153 0.33783863907006834 0.11919004844181973 0.19973483568894318
0 0.837615378211591 0.10837246408081902 0.1140069615339702 0.21674492816163804
0 0.9023128944599246 0.228174049734359 0.13073546611762443 0.17440942193470596
0 0.8964387871545662 0.416481757066281 0.10657769584496711 0.20337075172628533
0 0.9483311938382541 0.11015981735159817 0.10333761232349166 0.2134703196347032
0 0.9849165596919127 0.5667808219178082 0.030166880616174584 0.10616438356164383
0 0.9547496790757382 0.5736301369863014 0.09050064184852374 0.09246575342465753
0 0.9056482670089859 0.5496575342465754 0.08600770218228498 0.1404109589041096
0 0.8555840821566111 0.5507990867579908 0.09114249037227215 0.13812785388127855
0 0.7965340179717587 0.5525114155251142 0.10654685494223363 0.13470319634703196
0 0.7246469833119383 0.5559360730593608 0.0975609756097561 0.1278538812785388
0 0.7186983905660242 0.5089833168273863 0.10222965233231572 0.1279817712724447
0 0.6684852374839538 0.4600456621004566 0.07766367137355584 0.182648401826484
0 0.6447368421052632 0.4280821917808219 0.030166880616174584 0.2009132420091324
0 0.43934531450577663 0.6381278538812786 0.09435173299101413 0.0365296803652968
0 0.4691729398890501 0.7820023682085844 0.10185228254894663 0.17231626041598624
0 0.34114830876017654 0.7786784586155884 0.07968465017266191 0.13772276717162413
0 0.1521181001283697 0.6581050228310502 0.07445442875481387 0.07648401826484018
0 0.4103272720992151 0.8166258916001993 0.08297419661986385 0.1265863302599649
0 0.0825558017663668 0.7596131059052735 0.05372208112341546 0.10399173823618177
0 0.064350987367698 0.8216503741240243 0.05006360274844285 0.09462674464277752
0 0.022464698331193838 0.7865296803652968 0.044929396662387676 0.1004566210045662
0 0.20160240931442935 0.7899369584674826 0.0781443301364521 0.11941141228855987
0 0.14353533939829757 0.7683685779474487 0.07340262323316679 0.12703016226514055
0 0.19924304843832025 0.8794664587122615 0.06594135243356616 0.09236495461893081
0 0.32547830124197163 0.9184343270114268 0.07175785000956574 0.13259838072097022
0 0.351737936246127 0.9153856717829555 0.0651147468939665 0.12756702367114814
0 0.3061617458279846 0.940068493150685 0.07573812580231065 0.11986301369863013
0 0.0691319730293153 0.945031074757733 0.0541073066584509 0.08581992745436534
0 0.009306803594351733 0.9223744292237442 0.018613607188703467 0.07990867579908675
0 0.005134788189987163 0.9657534246575342 0.010269576379974325 0.0684931506849315
0 0.07124518613607189 0.9851598173515982 0.05263157894736842 0.02968036529680365
0 0.4813863928112965 0.9743150684931506 0.08472400513478819 0.05136986301369863
0 0.42233632862644416 0.9343607305936074 0.09370988446726572 0.1312785388127854
0 0.24391131213222977 0.9363745100345369 0.06302073791413482 0.12400282203565362
0 0.8337612323491655 0.6775114155251142 0.10397946084724005 0.11529680365296803
0 0.7397304236200257 0.6432648401826484 0.0982028241335045 0.04680365296803653
0 0.6739409499358151 0.6506849315068494 0.08857509627727857 0.06164383561643835
0 0.6617458279845956 0.7197488584474886 0.06418485237483953 0.14726027397260275
0 0.6553273427471117 0.7751141552511416 0.051347881899871634 0.0867579908675799
0 0.7323290883140963 0.7916794191108109 0.09917257951489548 0.1698470965914911
0 0.7088813957141819 0.8191551665836759 0.08883899291372595 0.14179863051169475
0 0.8561014002101454 0.8067677140710822 0.12353867405840346 0.1841252181324537
0 0.947175661433423 0.805322870263589 0.08857393206941472 0.18841622467806707
0 0.9775353016688062 0.8584474885844748 0.044929396662387676 0.11643835616438356
0 0.9547496790757382 0.9320776255707762 0.09050064184852374 0.1358447488584475
0 0.8743614959224449 0.883346704087978 0.10611274858540369 0.14191297491151117
0 0.9128159618258538 0.9252391714596798 0.06591720307463497 0.1048755175440856
0 0.8581514762516046 0.9474885844748858 0.07060333761232349 0.1050228310502283
0 0.6745827984595636 0.976027397260274 0.07317073170731707 0.04794520547945205
0 0.6479460847240052 0.9497716894977168 0.036585365853658534 0.1004566210045662
0 0.7297817715019256 0.9874429223744292 0.08087291399229782 0.02511415525114155