0 0.5596097523435729 0.12181899901910553 0.056720014344371135 0.10378331805819825
0 0.4097893718637833 0.08131062663599505 0.055936108556038575 0.16259752773079447
0 0.31879720488058944 0.3069067565887121 0.058171310354585365 0.13705694406328575
0 0.294444579794504 0.46653927352107766 0.05663858821054633 0.10067128486317752
0 0.2723862608541419 0.5161346789711774 0.07217009198657681 0.11723784315312857
0 0.2372839089134123 0.5613681051159373 0.04953701303910634 0.09557864417142224
0 0.19498181432743197 0.5129808930481229 0.041608408883441486 0.08107129863640546
0 0.19805600937985432 0.5742943824166237 0.051406600611768535 0.07825821043243611
0 0.11173789770356544 0.4647967070972138 0.04315389867345811 0.09575133072956775
0 0.07098526660161035 0.480119832248252 0.04422520605915715 0.11450213515789198
0 0.031177156177156176 0.4211618257261411 0.06235431235431235 0.07053941908713693
0 0.03921660907735962 0.34206545894045914 0.04682762883624189 0.12519000017409257
0 0.013986013986013986 0.3303941908713693 0.027972027972027972 0.11514522821576763
0 0.01486013986013986 0.4408713692946058 0.02972027972027972 0.07883817427385892
0 0.042057686621631764 0.47934090516239664 0.044087889083462575 0.06486681455395885
0 0.016401483205648628 0.5211639656458177 0.03129612506021134 0.1086234418841415
0 0.4337994215117094 0.4041379487565248 0.04984834317577432 0.08528380544621927
0 0.4744091551913079 0.40545163660803024 0.04033433953950746 0.07676471052664542
0 0.5052143133195908 0.39034823866511054 0.04818151756134738 0.0881600228666417
0 0.5643451493761353 0.3431509061148297 0.04590479931956168 0.08992029063052398
0 0.6064892119524264 0.26347312563759623 0.057979709289674296 0.08534693466267235
0 0.6625874125874126 0.2095435684647303 0.0337995337995338 0.08298755186721991
0 0.6707459207459208 0.2894190871369295 0.017482517482517484 0.07676348547717843
0 0.6634615384615384 0.38381742738589214 0.03205128205128205 0.09336099585062241
0 0.6602850294907976 0.46487698700620395 0.03252867796090646 0.08914971409027533
0 0.6223663319214241 0.43894215199823083 0.0536018927197297 0.07338590947353295
0 0.6259833678660112 0.4795087533999265 0.0380975309883074 0.057856695581922364
0 0.6523892773892774 0.5186721991701245 0.05419580419580419 0.06846473029045644
0 0.6056493289469745 0.6308347771246968 0.04385798508061914 0.07827368647418256
0 0.5946969696969697 0.6732365145228216 0.04487179487179487 0.03319502074688797
0 0.6525336088137883 0.6381998448080983 0.037257734358104935 0.0701476178456063
0 0.4574592074592075 0.6773858921161826 0.05011655011655012 0.024896265560165973
0 0.48676102286654016 0.6262493954628378 0.03720345026888857 0.06807292904892581
0 0.4605061309041471 0.5456735549629828 0.037514780405556815 0.05777809032372261
0 0.4829444384690247 0.48155532793611944 0.054821677974447224 0.07561780878661249
0 0.1486013986013986 0.678941908713693 0.053613053613053616 0.021784232365145227
0 0.17336829836829837 0.6561203319502075 0.04487179487179487 0.06742738589211618
0 0.024475524475524476 0.6483402489626556 0.04079254079254079 0.08298755186721991
0 0.056818181818181816 0.6607883817427386 0.058857808857808856 0.058091286307053944
0 0.10256410256410256 0.6701244813278008 0.03146853146853147 0.03941908713692946
0 0.58446839257367 0.401038553780245 0.0374892451136019 0.10118934453761426
0 0.9865967365967366 0.633298755186722 0.026806526806526808 0.09024896265560166
0 0.8947998624159661 0.35422483484929773 0.0720471494095131 0.09034549405448163
0 0.8702373313599548 0.3207225185657515 0.04225981795403942 0.10596756419657143
0 0.8132578608391522 0.46450305002810155 0.04486224073112423 0.11665542921277201
0 0.7693575991265921 0.3877931181723025 0.05999938148400852 0.0959561944206734
0 0.8095857806166467 0.2584091498538099 0.05674715638897925 0.10482066245653851
0 0.82121606035603 0.19387406994859585 0.06775075897339303 0.08149650206036298
0 0.8142118924696989 0.12630494958182717 0.0749880443678742 0.09177586474381942
0 0.7726665616274427 0.13839813365054537 0.060650790554606454 0.12085245998083943
0 0.7734975643056762 0.20721658760289963 0.05418464330248015 0.07346451473173259
0 0.7645846593447991 0.2684746857758206 0.054171875656502694 0.0951701418386783
0 0.7363037113650831 0.18710505467309713 0.06517708499356982 0.11629458005473431
0 0.7379937053301097 0.1113396109651592 0.05467480685808194 0.13658531251408873
0 0.6838578088578089 0.3039419087136929 0.008741258741258742 0.15352697095435686
0 0.9133304757459582 0.6070861887527068 0.054890336462294576 0.10043546908857895
0 0.8950265097258779 0.6472984539677713 0.0351167263393604 0.07709460760118997
0 0.8652256072481002 0.6240201091721018 0.045390707224658315 0.1146593456742908
0 0.8328015237716182 0.6227695505370493 0.05052689429098057 0.1112174154047255
0 0.7988048084605112 0.6369219473607015 0.050539661936958025 0.0895117882977798
0 0.8047785547785548 0.6706431535269709 0.046620046620046623 0.038381742738589214
0 0.6931818181818182 0.6742738589211619 0.027389277389277388 0.03112033195020747
0 0.6984265734265734 0.6395228215767634 0.03787878787878788 0.06327800829875518
0 0.6902680652680653 0.6006224066390041 0.02156177156177156 0.06639004149377593
0 0.6850233100233101 0.5425311203319502 0.011072261072261072 0.08506224066390042
0 0.703310361952905 0.5652242133642577 0.0368522104416347 0.09903605048273424
0 0.7276030793154872 0.5643369539861767 0.05879397062792165 0.11646726661287982
0 0.7498434019924648 0.5413117385810526 0.05688125985936708 0.06555878583600809
0 0.7670976222247923 0.4853427942453856 0.0623974355502048 0.07663967714320628
0 0.7642773892773893 0.6426348547717843 0.04020979020979021 0.09439834024896265
0 0.756993006993007 0.671161825726141 0.03613053613053613 0.03734439834024896
0 0.7249417249417249 0.678941908713693 0.04195804195804196 0.021784232365145227
0 0.6503496503496503 0.7183609958506224 0.045454545454545456 0.05705394190871369
0 0.011655011655011656 0.7287344398340249 0.023310023310023312 0.07780082987551867
0 0.0491481008997477 0.7617486482778224 0.0744052937851236 0.09169725948561996
0 0.2544439353659376 0.8388880712307134 0.05239648186364276 0.09389698166573936
0 0.2870468522613534 0.7662513618090097 0.07725199496368271 0.11172122408688279
0 0.37508848377026577 0.8098776678338138 0.05474185859327582 0.1169543742038234
0 0.45365124426316145 0.8246387552841098 0.04938853517008772 0.11209754928666671
0 0.524342094818589 0.78264423329201 0.05765400475437533 0.07289880188258935
0 0.5607352574432386 0.8333574259728498 0.05079670798440951 0.07714226077589634
0 0.6137679706025219 0.7733659750014613 0.038587694543908986 0.12097749336427852
0 0.6733682983682984 0.7930497925311203 0.012237762237762238 0.07780082987551867
0 0.6754079254079254 0.9797717842323651 0.008158508158508158 0.04045643153526971
0 0.4347319347319347 0.9896265560165975 0.046620046620046623 0.02074688796680498
0 0.5239788475340594 0.8971058407713352 0.04719163630947329 0.0725212516333382
0 0.5349034341136287 0.8595417152229677 0.0514608847009849 0.0803328992291166
0 0.32835107501981736 0.8639517354270856 0.05015967331244256 0.07498896672101654
0 0.34639719161611926 0.8335942419962535 0.06188334345530157 0.10137873218697321
0 0.23523071085148117 0.9138513737901762 0.03549671496387586 0.09161742917795344
0 0.12674825174825174 0.9896265560165975 0.058857808857808856 0.02074688796680498
0 0.049921605983457885 0.9221678303169166 0.048262943695172124 0.09127205606166221
0 0.025203409859112593 0.8834394894125694 0.043179433965413024 0.05234007651567657
0 0.017482517482517484 0.8060165975103735 0.03496503496503497 0.07468879668049792
0 0.010198135198135198 0.9875518672199171 0.020396270396270396 0.024896265560165973
0 0.3744172494172494 0.9849585062240664 0.035547785547785545 0.03008298755186722
0 0.23342817501401295 0.9156902468122582 0.03811190538693799 0.08059966708720832
0 0.07459207459207459 0.9891078838174274 0.03263403263403263 0.021784232365145227
0 0.7358110513052517 0.9379373724569221 0.06105631447107656 0.09196402734371145
0 0.8301560209862656 0.7518311968784609 0.07463680454062058 0.1227389861776279
0 0.8613053613053613 0.7105809128630706 0.07226107226107226 0.04149377593360996
0 0.7086247086247086 0.7276970954356846 0.05827505827505827 0.07572614107883817
0 0.7269813519813519 0.7354771784232366 0.06468531468531469 0.0912863070539419
0 0.7298111390694257 0.8319865093515643 0.07735895638946215 0.07142200306801212
0 0.923112686323001 0.9205206321197179 0.07047612432754169 0.11907671617521051
0 0.9707018559733023 0.9232962552687878 0.04842579596282181 0.09749612245170369
0 0.8730176978043971 0.8794103068820318 0.05673278199034859 0.08207769095125254
0 0.9562943801071586 0.7698865796769968 0.0814382104687165 0.07197223987540877
0 0.9889277389277389 0.720954356846473 0.022144522144522144 0.06224066390041494
0 0.9466783216783217 0.7121369294605809 0.04603729603729604 0.044605809128630707
0 0.8994755244755245 0.7302904564315352 0.04836829836829837 0.08091286307053942