0 0.08503981797497157 0.354251012145749 0.08248009101251422 0.05060728744939271
0 0.2229806598407281 0.3557692307692308 0.06598407281001138 0.04757085020242915
0 0.4416951080773606 0.35526315789473684 0.07565415244596133 0.048582995951417005
0 0.46387940841865755 0.31376518218623484 0.08020477815699659 0.13157894736842105
0 0.5332764505119454 0.31224696356275305 0.032423208191126277 0.1062753036437247
0 0.5162116040955631 0.3567813765182186 0.052901023890784986 0.04554655870445344
0 0.34755403868031853 0.33299595141700405 0.06029579067121729 0.0931174089068826
0 0.2966439135381115 0.333502024291498 0.05745164960182025 0.09210526315789473
0 0.03128555176336746 0.34615384615384615 0.055745164960182024 0.06680161943319839
0 0.01564277588168373 0.3491902834008097 0.03128555176336746 0.06072874493927125
0 0.04814422874274214 0.14594607412143432 0.042565532702533895 0.09932720555705349
0 0.08281666823274202 0.0759846523737208 0.03828242154875845 0.085756655382671
0 0.13382771941523838 0.13910043153084475 0.07583570479057311 0.11489209959881361
0 0.01962457337883959 0.19230769230769232 0.03924914675767918 0.08502024291497975
0 0.04734749223707871 0.255434667342497 0.07414177699674723 0.09048270006952211
0 0.058836571541749226 0.31394729463811916 0.07223731171860769 0.10644122894616191
0 0.12661259460281787 0.27988210807711006 0.09522222000964524 0.11892071750769961
0 0.26763367463026166 0.31275303643724695 0.059726962457337884 0.13360323886639677
0 0.32202729618296144 0.2742630325290021 0.09726575312930152 0.10903506312498706
0 0.33588052879341684 0.229536793427863 0.08624941530331773 0.09880568662505831
0 0.2546771620501783 0.21503395785275412 0.058608612559088065 0.10603855605215419
0 0.21390598657853055 0.17783581430487072 0.05304877713603701 0.08627722983026169
0 0.20723407968113577 0.10815511711022015 0.04929875937474224 0.0959860318825998
0 0.25686120213016106 0.10721096019715186 0.050796642254105434 0.08705357247208356
0 0.3078114047956342 0.09828753884576373 0.039281010135000405 0.07980168244232685
0 0.3547860883878577 0.10112668643308523 0.0523640590542268 0.0811575503085309
0 0.403078541633642 0.10866786683283076 0.042287397019500364 0.08718145656919923
0 0.4603616669964532 0.10953169115543535 0.052840175373761726 0.07716791808937101
0 0.43316268486916953 0.048582995951417005 0.03583617747440273 0.09716599190283401
0 0.4416217280579637 0.16846243740256642 0.048091569026224995 0.09283169308205329
0 0.46900129466883983 0.18043086181784393 0.05773847068858888 0.09282171053852056
0 0.5081818753667801 0.21239142429041366 0.04770816460103456 0.1008699082971646
0 0.5193401592718999 0.13309716599190283 0.06029579067121729 0.10425101214574899
0 0.5217236444526323 0.06922176904189106 0.04130136528107064 0.06890388231062633
0 0.4778156996587031 0.04200404858299595 0.06257110352673492 0.0840080971659919
0 0.507679180887372 0.018724696356275303 0.042662116040955635 0.03744939271255061
0 0.1402161547212742 0.05263157894736842 0.0676905574516496 0.10526315789473684
0 0.128839590443686 0.022267206477732792 0.055176336746302616 0.044534412955465584
0 0.12002275312855518 0.00860323886639676 0.051194539249146756 0.01720647773279352
0 0.0270193401592719 0.0541497975708502 0.0540386803185438 0.1082995951417004
0 0.0338452787258248 0.01062753036437247 0.04607508532423208 0.02125506072874494
0 0.22923777019340158 0.03795546558704453 0.04778156996587031 0.07591093117408906
0 0.18031854379977247 0.0075910931174089065 0.05688282138794084 0.015182186234817813
0 0.8572241183162684 0.3638663967611336 0.05460750853242321 0.03137651821862348
0 0.9363332786362496 0.31995339363027475 0.06454123128155573 0.09251697411103055
0 0.985494880546075 0.2854251012145749 0.02901023890784983 0.07489878542510121
0 0.9770870579549883 0.20851848029068856 0.03830559952234451 0.0867688011316589
0 0.9717865229432523 0.17854727041373025 0.056229966683452114 0.07650947700113196
0 0.8147735076206458 0.03850032075880583 0.03581106377877801 0.052178993335697366
0 0.5799203640500569 0.3426113360323887 0.04835039817974972 0.07388663967611336
0 0.5907184721944498 0.29884638547816955 0.04036168948981328 0.05265059955002925
0 0.6311772162804752 0.21274459125167547 0.04034913264200093 0.07688314674894622
0 0.6416102333227287 0.13063290148654366 0.035554170347291955 0.0905226302436528
0 0.6504304454787078 0.0691522980220799 0.041057028697397066 0.08301497201966482
0 0.6273286794587202 0.05711993155824454 0.036854072590153684 0.0977255520401508
0 0.5882021975961068 0.22198725060365046 0.03726065498893021 0.09069948257402727
0 0.5628555176336746 0.07338056680161943 0.026734926052332197 0.07186234817813765
0 0.5568828213879409 0.13360323886639677 0.01478953356086462 0.0708502024291498
0 0.7710770935174883 0.30333426584684337 0.05383876396000381 0.07121294514902682
0 0.7413304700177693 0.3200351429473453 0.05750669095272767 0.08270025304864202
0 0.7329351535836177 0.3623481781376518 0.047212741751990896 0.03441295546558704
0 0.6976678043230944 0.37196356275303644 0.04152445961319681 0.015182186234817813
0 0.6166097838452788 0.3699392712550607 0.03981797497155859 0.019230769230769232
0 0.8936291240045506 0.01062753036437247 0.03981797497155859 0.02125506072874494
0 0.8065984072810012 0.006072874493927126 0.03526734926052332 0.012145748987854251
0 0.6302616609783845 0.008097165991902834 0.040955631399317405 0.016194331983805668
0 0.5998293515358362 0.009615384615384616 0.032423208191126277 0.019230769230769232
0 0.5816268486916951 0.016194331983805668 0.027872582480091012 0.032388663967611336
0 0.8981107123980565 0.14656269606673344 0.04917224838103787 0.06568061018975568
0 0.8791549254123663 0.17757100805151135 0.037157321968811864 0.06140620663017102
0 0.8536136649997197 0.12267481546943722 0.03913132116770998 0.04848411500049484
0 0.8305234879665251 0.11013637613110795 0.05239979387562534 0.05793714885860172
0 0.8461049440733953 0.17668222737007505 0.042078795257225333 0.07807214482830854
0 0.8063912699829743 0.16800101712422605 0.03720367791598424 0.06343049812814673
0 0.7816839453616379 0.21363148296430262 0.04193972741570848 0.07199927033438142
0 0.5975830238200206 0.09867733028574033 0.021358578695931524 0.04058376642603176
0 0.5926171303064737 0.16613739080717768 0.023389554967775516 0.054930659242236175
0 0.5540386803185438 0.1938259109311741 0.009101251422070534 0.05161943319838057
0 0.5637319632735185 0.2448149617031046 0.026419119825861564 0.06332257911809641
0 0.5250284414106939 0.9686234817813765 0.048919226393629126 0.06275303643724696
0 0.537542662116041 0.9149797570850202 0.023890784982935155 0.1194331983805668
0 0.5102322088590102 0.9113905020061414 0.05293095154606781 0.13069374123214447
0 0.422954251968729 0.8135724770134415 0.06971766227941634 0.12031651554803435
0 0.4793556464742481 0.8280413181705907 0.04358536354032344 0.14386161851251908
0 0.5166602504305214 0.8298783025524571 0.06299699245502016 0.09942514202357107
0 0.5130830489192264 0.777834008097166 0.07281001137656427 0.09412955465587045
0 0.1415112683499166 0.6170046138695178 0.05744777815774306 0.1049085087495834
0 0.19419644419350096 0.5945646018487724 0.059723091013260565 0.10514431185674927
0 0.3184318066940539 0.5724378920724428 0.058688767605620064 0.1343196862470226
0 0.48208191126279865 0.40789473684210525 0.0540386803185438 0.05668016194331984
0 0.48347698307071113 0.6854171937284904 0.05268661496239423 0.1448048309411828
0 0.43445923761662153 0.535256880158411 0.06342675282738297 0.09341121830643535
0 0.06322688715972023 0.5870787976806588 0.056541901465845465 0.11491206468587901
0 0.03642386630543934 0.47523716465970317 0.058214587008123805 0.08883207831936078
0 0.534698521046644 0.4175101214574899 0.02957906712172924 0.07591093117408906
0 0.5052025378999433 0.533457464739664 0.051864764761105825 0.08413503677870293
0 0.2977593851987421 0.49166804084262056 0.0553578890909144 0.11276987163432037
0 0.2239097398516504 0.46727455961303266 0.05680941602310523 0.10181312072582832
0 0.016496018202502846 0.4949392712550607 0.03299203640500569 0.09716599190283401
0 0.7741704104756555 0.8541138865970465 0.057285532342640146 0.09782348850666843
0 0.7296892947659794 0.7921821142475185 0.057367623111210866 0.0766273785547149
0 0.8320247710321751 0.7677857995647168 0.04581625617070749 0.09259588997488742
0 0.5693970420932878 0.8775303643724697 0.03981797497155859 0.07894736842105263
0 0.5597269624573379 0.805668016194332 0.020477815699658702 0.08502024291497975
0 0.6317378556938483 0.8616728742653048 0.03179353146022361 0.07498673934808607
0 0.6972709258799497 0.9131045281053736 0.05156345110448617 0.07097714204186083
0 0.6717190443415292 0.8835709300247874 0.06073423644731508 0.0749567917174881
0 0.6677985666191868 0.8182335697100455 0.03974456960672297 0.10004459742208394
0 0.60332734051618 0.7577810302942734 0.037667237387706734 0.08367341310790381
0 0.5747005060335205 0.7629306574466019 0.042647623471104644 0.07813109560509995
0 0.6317615049252249 0.7236968231306034 0.0391651202670698 0.07474095369738747
0 0.7530711068456004 0.5429974425790666 0.047326695897882916 0.0594308833654541
0 0.7643129459835394 0.5127115137310855 0.047326695897882916 0.0594308833654541
0 0.8603145316913777 0.45367143174729724 0.04011735290613971 0.06676168925906768
0 0.8813940068432564 0.40462134861111243 0.03243382931690011 0.028604887225019308
0 0.807707575172287 0.3979993687656035 0.038737295616745715 0.0312776372677013
0 0.7465870307167235 0.39220647773279355 0.027872582480091012 0.025303643724696356
0 0.7212741751990899 0.39979757085020245 0.038680318543799774 0.04048582995951417
0 0.6970598664469683 0.4118960371811482 0.03963061546083096 0.045506628530322744
0 0.5887125842727919 0.4747294062088589 0.029623487346862886 0.05456697203795464
0 0.6355452964404407 0.40907186340912577 0.03083067769538007 0.057721310838501155
0 0.6554093924432961 0.5998363807345046 0.051087334784951255 0.07496677426102077
0 0.6333366392680622 0.6300143905724354 0.043252186506382566 0.05496964493196235
0 0.9732660671541257 0.7251014558376074 0.043285985605742455 0.08122648362885504
0 0.7976352811848667 0.6510997480611248 0.027521041432221935 0.08666088212160858
0 0.7927055937505085 0.6049342062003608 0.037888395997794255 0.06855017764987752
0 0.928820189662619 0.5246875594788842 0.050379438729555116 0.0688349489903022
0 0.9184146932958192 0.5682492846172904 0.04744258576581359 0.06449161211039338
0 0.6666101861969497 0.5588934461337554 0.04668833376324514 0.056335495341699016
0 0.675089007173043 0.5247702532803593 0.043205830559210325 0.05294535343398659
0 0.6708966721915735 0.48375386632972184 0.0321305799382418 0.06492423263499905
0 0.642495339020869 0.4666068116159221 0.03401186724279527 0.04795355800937152
0 0.5662684869169511 0.6487854251012146 0.0335608646188851 0.04251012145748988
0 0.5900424395163749 0.6407457931594964 0.03144586185643175 0.05980455311326837
0 0.8335632026925945 0.6259085423760429 0.03568261706303499 0.0713508117896751
0 0.8837625281963476 0.5626289957350343 0.03601966554105305 0.061288305076588084
0 0.6337383823617421 0.5128757534571723 0.028277229156828912 0.045339758743481014
0 0.5799976408589697 0.5565118754298712 0.029739377214793496 0.059627700782893915
0 0.5597269624573379 0.4271255060728745 0.020477815699658702 0.07489878542510121
0 0.8499351168812219 0.5707905760176973 0.0464439971795715 0.07044658505073756