0 0.33163875598086123 0.052659574468085106 0.060406698564593304 0.10531914893617021
0 0.20125598086124402 0.03351063829787234 0.06399521531100479 0.06702127659574468
0 0.17966301788113062 0.2123700633287166 0.09561074574907677 0.16145604268861793
0 0.23019748062608678 0.2416617735011272 0.09803697779028789 0.14236900041983644
0 0.6549043062200957 0.3797872340425532 0.029904306220095694 0.12340425531914893
0 0.6333316564193431 0.4169405229086364 0.04770625342173122 0.11793730633692798
0 0.5684808612440191 0.5090425531914894 0.04724880382775119 0.08191489361702127
0 0.5248205741626795 0.5031914893617021 0.05203349282296651 0.09361702127659574
0 0.3806818181818182 0.525 0.060406698564593304 0.05
0 0.3548823200216393 0.4924270219267223 0.05412847896215254 0.11275432398390663
0 0.031698564593301434 0.5143617021276595 0.06339712918660287 0.07127659574468086
0 0.09210526315789473 0.5218085106382979 0.050239234449760764 0.05638297872340425
0 0.1276913875598086 0.5037234042553191 0.06160287081339713 0.0925531914893617
0 0.763755980861244 0.028191489361702127 0.08253588516746412 0.05638297872340425
0 0.687200956937799 0.44468085106382976 0.034688995215311005 0.08297872340425531
0 0.7317583732057417 0.5111702127659574 0.04126794258373206 0.07765957446808511
0 0.79002637400097 0.5147194229722608 0.04569767084533358 0.07005258713110975
0 0.7661483253588517 0.5260638297872341 0.05143540669856459 0.047872340425531915
0 0.7388095516320495 0.27946523994748673 0.055794816694955035 0.12873652835298993
0 0.859078650245021 0.34989277126648216 0.04175927972131568 0.09867696114413876
0 0.8383010861299516 0.36575774988153803 0.03533705418089409 0.10385994349716035
0 0.8313397129186603 0.5175531914893617 0.04665071770334928 0.06489361702127659
0 0.840011961722488 0.5420212765957447 0.053229665071770335 0.015957446808510637
0 0.9171650717703349 0.5335106382978724 0.04007177033492823 0.03297872340425532
0 0.9566387559808612 0.5303191489361702 0.05083732057416268 0.039361702127659576
0 0.9487399113603474 0.13301236000926084 0.07943361920262888 0.13985759865649441
0 0.9802631578947368 0.17553191489361702 0.039473684210526314 0.10638297872340426
0 0.9469774104675192 0.25599610945736906 0.05447835333975909 0.08405567728916014
0 0.9147578490748136 0.26943671042977874 0.06797849292019635 0.11623052529219281
0 0.9329278860148592 0.3377195046386455 0.07024800313340827 0.09182433408724099
0 0.6507177033492823 0.7930851063829787 0.03827751196172249 0.06914893617021277
0 0.6313874150332558 0.8870666374040794 0.047086995643744224 0.036059549060765445
0 0.49231121945622586 0.8079802950824687 0.03637650460169832 0.09856555212156232
0 0.4056933503415405 0.8539489119547616 0.054164909683760164 0.07341737941681947
0 0.3828944877600549 0.9230796526132372 0.06140463190778281 0.07569358435472275
0 0.3351191876621147 0.8554096080285403 0.044689564790129054 0.07641080829394159
0 0.3026077996264418 0.6862981808578786 0.05806687008617058 0.08412994997087761
0 0.342153073691181 0.6168208343513878 0.0724209370718165 0.08442704069774774
0 0.23773923444976078 0.6143617021276596 0.06997607655502393 0.12872340425531914
0 0.45185406698564595 0.5664893617021277 0.06160287081339713 0.03297872340425532
0 0.49611244019138756 0.576063829787234 0.06758373205741627 0.052127659574468084
0 0.5025524034884973 0.5970015807522562 0.07412116234822246 0.0812726876769046
0 0.019437799043062202 0.575 0.038875598086124404 0.05
0 0.034688995215311005 0.6313829787234042 0.06937799043062201 0.1074468085106383
0 0.0866580501139603 0.6386083140160348 0.07355187741141676 0.1025245258610128
0 0.047051358907023236 0.6958454285791911 0.053470247284554705 0.09041389845199174
0 0.1017084642025911 0.7330354000839963 0.0581922475485702 0.08838526911981379
0 0.16304236473038536 0.7429429772607551 0.0700912813054088 0.08650518515107077
0 0.10793245083739829 0.8020976847922051 0.057374750864968876 0.08092608182888916
0 0.024222488038277513 0.9829787234042553 0.04844497607655503 0.03404255319148936
0 0.06668660287081339 0.9696808510638298 0.049641148325358854 0.06063829787234042
0 0.08006044202528902 0.9123158494521971 0.03801658432490835 0.0730831523490906
0 0.11995600358241224 0.93597312444983 0.04116627995292114 0.05826380800953147
0 0.5325198115545704 0.7203930846324265 0.04607380323253246 0.08281854457791825
0 0.5642942583732058 0.5723404255319149 0.056818181818181816 0.04468085106382979
0 0.24247598393301412 0.8796811232851119 0.03880527982091346 0.05927812267562045
0 0.16395853550734718 0.9669967458862405 0.044313432402930314 0.06364485084713307
0 0.13294913384246596 0.869174293240546 0.047335207390539855 0.06477057453579851
0 0.19282847766264594 0.9312714238932042 0.03367580280409924 0.04747696477375586
0 0.21840131659972312 0.9562896194049414 0.04144837924332037 0.06783827609463786
0 0.26324210374706675 0.9548292959898549 0.05262394941335729 0.06169049419667259
0 0.8017344497607656 0.5675531914893617 0.09868421052631579 0.035106382978723406
0 0.8717105263157895 0.5787234042553191 0.07117224880382775 0.0574468085106383
0 0.8534383491408176 0.617668181291236 0.08208180498104316 0.10801697772119061
0 0.9164555311732159 0.6339277902406835 0.07285467183420775 0.13972143207334556
0 0.9376329425070729 0.6925680330728693 0.07481073839142041 0.10467694299605354
0 0.9715909090909091 0.7212765957446808 0.056818181818181816 0.13617021276595745
0 0.8640255605390209 0.7840399445806442 0.08934524203665466 0.17195817397780938
0 0.8300066544171022 0.8379679713693788 0.05331098227855149 0.105295136692982
0 0.8934550280338882 0.929796631553302 0.08406667272585197 0.09423670560829311
0 0.9838516746411483 0.9436170212765957 0.03229665071770335 0.10638297872340426
0 0.9844497607655502 0.8648936170212767 0.03110047846889952 0.1276595744680851
0 0.9597760843442953 0.9566326444736587 0.05683935347176688 0.08304136262307092
0 0.7995445075612175 0.7688751123691464 0.06303199574097412 0.15121312046805369