0 0.16614583333333333 0.37592592592592594 0.06875 0.06666666666666667
0 0.24140625 0.3685185185185185 0.06302083333333333 0.08148148148148149
0 0.290625 0.3763888888888889 0.05520833333333333 0.06574074074074074
0 0.15217274344482548 0.2835612822389039 0.06533787161770946 0.08020913564934483
0 0.11103219228357174 0.295914361500077 0.04437690656810555 0.12019094294737737
0 0.0754880228385885 0.26653522059527396 0.03489566141606157 0.09424156647662817
0 0.07027956056730128 0.3336413996800804 0.06832467555727958 0.08883914912978715
0 0.05130208333333333 0.3731481481481482 0.0640625 0.07222222222222222
0 0.05416666666666667 0.3972222222222222 0.06354166666666666 0.024074074074074074
0 0.026997185365976624 0.36140887152017426 0.040699294243658576 0.06266486348112629
0 0.008072916666666667 0.3578703703703704 0.016145833333333335 0.10277777777777777
0 0.37473958333333335 0.3902777777777778 0.058854166666666666 0.03796296296296296
0 0.34976517758669023 0.3272569296419372 0.041007465355631705 0.10322759613360151
0 0.4109375 0.36018518518518516 0.06875 0.09814814814814815
0 0.5052083333333334 0.39861111111111114 0.057291666666666664 0.021296296296296296
0 0.5979166666666667 0.3912037037037037 0.0375 0.03611111111111111
0 0.5290647581417071 0.3223539008736349 0.06409419303247788 0.10954208513186527
0 0.31282865511052227 0.25627045809988924 0.05414528010244032 0.07340752347593109
0 0.2732349293503015 0.127413616187471 0.042580615658426996 0.09235382914017765
0 0.2995423378350324 0.12488419813242825 0.038413948991760094 0.09187914090480305
0 0.20807291666666666 0.026851851851851852 0.044270833333333336 0.053703703703703705
0 0.2084282834928129 0.1716111202439081 0.03495947727419673 0.07306394223917544
0 0.2421761620281174 0.17315314734151158 0.03787190101147265 0.06879032878607674
0 0.27092295834141517 0.18425733131537114 0.04409003606172301 0.05752466013152339
0 0.1793466903105538 0.14757364132179646 0.059874446769106984 0.074060219799571
0 0.1718370362711294 0.1927722210737891 0.05602668747584474 0.05796346288229933
0 0.1273430193515947 0.17158429089865254 0.05428347616287018 0.06513352617201938
0 0.08110046596768766 0.16309231155408074 0.04710870495104279 0.07813237461958102
0 0.26223958333333336 0.01712962962962963 0.05572916666666667 0.03425925925925926
0 0.27708333333333335 0.03194444444444444 0.06041666666666667 0.06388888888888888
0 0.3100388817726631 0.04318260560819496 0.04198540212279909 0.07939086617721458
0 0.3390625 0.03333333333333333 0.03958333333333333 0.06666666666666667
0 0.39820293546259805 0.19737610162011715 0.04495099141541488 0.06499140356835263
0 0.426126009502669 0.1848988424975766 0.043101448991760334 0.09241316516959938
0 0.41517270596574796 0.10996439599688607 0.041485783436420336 0.10236100623709743
0 0.38666502571352646 0.12099343020111601 0.03436417777993294 0.1052340055288956
0 0.3714172518763965 0.17820559644532252 0.04232552414315786 0.0867982735846221
0 0.4663152926330613 0.14618654236222542 0.03261040212279909 0.0783228176476219
0 0.49303724631976337 0.14140164552178972 0.03907297838552329 0.08366447963031338
0 0.478103312580548 0.05311855186689448 0.03677706878946575 0.0787975058829964
0 0.45416666666666666 0.02361111111111111 0.040625 0.04722222222222222
0 0.39036458333333335 0.02175925925925926 0.043229166666666666 0.04351851851851852
0 0.5098958333333333 0.02824074074074074 0.058333333333333334 0.05648148148148148
0 0.5273856635420934 0.15038074804151152 0.04399426929520208 0.11185760961404394
0 0.5514344384905498 0.10430314345323934 0.04313339990014574 0.05925783992453156
0 0.5894179098054642 0.19244891263962782 0.045046586264663804 0.10092450659119823
0 0.5832850201568933 0.09273386751432532 0.04736379646631169 0.08368793017513657
0 0.6484375 0.1527777777777778 0.022916666666666665 0.06851851851851852
0 0.65078125 0.19814814814814816 0.018229166666666668 0.07407407407407407
0 0.6494791666666667 0.39537037037037037 0.020833333333333332 0.027777777777777776
0 0.613721475413964 0.30989245549130195 0.045769345557926285 0.11666524733193918
0 0.5924479166666666 0.02175925925925926 0.028645833333333332 0.04351851851851852
0 0.3569722005621289 0.12313716406491695 0.04514226707254873 0.09172458336136081
0 0.80703125 0.38935185185185184 0.07239583333333334 0.03981481481481482
0 0.78828125 0.029166666666666667 0.0390625 0.058333333333333334
0 0.7225017346508338 0.07026487444048257 0.04382429424365857 0.06302087965765711
0 0.9309569017765423 0.30540156966490684 0.04953216030473489 0.08577712614467567
0 0.9001110115723082 0.19780513856418622 0.04304828343642034 0.10253901432536283
0 0.8856770833333333 0.014351851851851852 0.0328125 0.028703703703703703
0 0.7655656497069032 0.3367583311540438 0.04534419303247764 0.10740598807267972
0 0.8614096763223495 0.31405787235962784 0.035161403234125525 0.08874534695049445
0 0.7020932959670411 0.2125497712809183 0.06051217555727959 0.08794910868845988
0 0.8402044849568618 0.22459978338870779 0.05291225182000403 0.09168869787676226
0 0.8546601865739246 0.2686164406874241 0.059885097071902274 0.06300844471788163
0 0.7769766583881096 0.071865527900144 0.038807236567459095 0.0891606991564471
0 0.7641841188957855 0.19383317292974347 0.04971287161770945 0.0784290547666901
0 0.8236979166666667 0.025925925925925925 0.0484375 0.05185185185185185
0 0.935511702784782 0.2184176511874039 0.034056006667959576 0.06467127287642037
0 0.8238517013674276 0.05463925742176627 0.050892734344805984 0.07027372952162228
0 0.9312229014705145 0.16450627138072385 0.029325991415414875 0.063211322685698
0 0.20625 0.9791666666666666 0.057291666666666664 0.041666666666666664
0 0.0765625 0.9648148148148148 0.053125 0.07037037037037037
0 0.055053345211669553 0.8692939753687984 0.04751264282953675 0.06436215778953569
0 0.0140625 0.8430555555555556 0.028125 0.075
0 0.10377793061464216 0.8246459432891737 0.04525924848602406 0.06042110996814484
0 0.21578922010696627 0.713981811864431 0.04877753606172289 0.058058684396319726
0 0.21710208268104866 0.6353788374772715 0.044206931516562166 0.07135421299099044
0 0.2730701505122018 0.7766935764352036 0.04647097616287006 0.06424348573069212
0 0.3052077316228819 0.7600910439331188 0.035087023031831185 0.07584172001695322
0 0.2331516764753636 0.9397828482616256 0.053794507779286425 0.07705189115021295
0 0.40809327172726195 0.930238464591282 0.07209805464824749 0.09203227911351759
0 0.4131263478369721 0.8649544693436165 0.07388378121376699 0.08578814174972346
0 0.3193017957174058 0.9316364096195139 0.06657081394150997 0.10706098750119669
0 0.299754656221849 0.9008559448860465 0.05158362868831858 0.07403676925474782
0 0.28325276839328206 0.8856202700627551 0.03791441626401735 0.06971625471200266
0 0.26034138389869493 0.900050110353692 0.04540800889061304 0.0862283638352271
0 0.12450514773388521 0.7344385171458656 0.0407631101017938 0.04148723924367346
0 0.07486115924980084 0.7647050293589274 0.04374991404136409 0.050117252724115983
0 0.047570445867187 0.8191635780375432 0.04617336939505616 0.05776200424921064
0 0.2840187306081766 0.541222726707957 0.03859466030473489 0.08453106952681748
0 0.24665160151720875 0.5342024228265192 0.04955346091032524 0.06367357598129712
0 0.14246354828631577 0.5895717933582169 0.03927499030408832 0.05421285808894917
0 0.0683456323283264 0.6566566509002916 0.04438764282953676 0.06400614161300487
0 0.4586038845509796 0.7213807032634724 0.0541027648498955 0.07248159755000495
0 0.46031544581079437 0.5894003733344293 0.05398586939505622 0.058652044690537954
0 0.4540123662140903 0.5536811638844477 0.049394050202941034 0.04891809719590415
0 0.49032198212215256 0.5094609189505512 0.03170693151656216 0.06993014828486675
0 0.521391184850542 0.5655021783465293 0.03719165697075487 0.05397551397126192
0 0.573830658637745 0.5396990129472431 0.04261256656681241 0.05919850389510978
0 0.5507597344978198 0.6070729138318115 0.03864782586007488 0.07440522037105413
0 0.5262591812669268 0.6715206968650477 0.050212490304088205 0.055458914706807465
0 0.5180055103079676 0.7005155729133367 0.047002459798998565 0.053251046678424584
0 0.5871590613725999 0.8976763301040455 0.04401556990079243 0.08975405945066528
0 0.5106763956642459 0.8286321337927098 0.04263378121376699 0.0822279799844142
0 0.4395454555630987 0.8140809523098608 0.060140188587171295 0.06856400027343718
0 0.6416666666666667 0.9453703703703704 0.036458333333333336 0.1
0 0.6455729166666667 0.8740740740740741 0.028645833333333332 0.07037037037037037
0 0.64609375 0.8180555555555555 0.027604166666666666 0.06944444444444445
0 0.6358364510613995 0.5191305627442164 0.03526773434480575 0.06849364863896765
0 0.6541666666666667 0.5888888888888889 0.011458333333333333 0.06481481481481481
0 0.65546875 0.7625 0.008854166666666666 0.075
0 0.4622923620748117 0.6550224420163264 0.05385832363742165 0.05587426691276012
0 0.6009617034370668 0.6058840642412836 0.04365423323347907 0.0593171759539534
0 0.6091197795467771 0.540956085170149 0.02989999030408844 0.053144809559356444
0 0.6924479166666667 0.937962962962963 0.06510416666666667 0.1
0 0.6854166666666667 0.7527777777777778 0.051041666666666666 0.10185185185185185
0 0.8456888665765109 0.7091614001339868 0.06276556990079243 0.09189015650985084
0 0.9479420890027517 0.8147610181097336 0.07670052414315785 0.09071445152646228
0 0.9794270833333333 0.888425925925926 0.04114583333333333 0.10833333333333334
0 0.9885416666666667 0.9569444444444445 0.022916666666666665 0.08611111111111111
0 0.6770833333333334 0.5648148148148148 0.034375 0.08703703703703704
0 0.72287883187575 0.5169408069945198 0.07120523434480575 0.07258783466907325
0 0.6837632952583639 0.454916914564622 0.03786125070867736 0.07984210386776601
0 0.6807291666666667 0.43657407407407406 0.041666666666666664 0.05462962962962963
0 0.8605488069272934 0.581442248718267 0.052561479496849965 0.09533306555104412
0 0.8661458333333333 0.4199074074074074 0.05 0.021296296296296296
0 0.90546875 0.4217592592592593 0.0421875 0.025
0 0.8947322733942519 0.6940243256251482 0.04625831394150997 0.10474688235374562
0 0.9529381039492686 0.6753256700162729 0.0421448128301833 0.09414634496260776
0 0.9140351006152888 0.6404979203423461 0.05413462979964502 0.08445929855762015
0 0.9541393962199093 0.5773672552288016 0.06966394899176033 0.0954393026701123
0 0.9924479166666667 0.6361111111111111 0.015104166666666667 0.05925925925925926
0 0.984375 0.687037037037037 0.03125 0.08518518518518518
0 0.976072757988693 0.6319071711469347 0.03746796313297859 0.08256054561612194
0 0.8726822310672185 0.5128222912158403 0.05331618969849785 0.07791848104671693
0 0.8862558916215887 0.45864318960939826 0.04816102192050475 0.06719927159673542
0 0.9146572407631303 0.46786585371669503 0.035087023031831185 0.07584172001695322
0 0.9279065398547447 0.5025342477120194 0.04583324737469733 0.05035459684180323
0 0.9085505900576858 0.5436199890242432 0.032748598183228714 0.07004882034371042
0 0.9916666666666667 0.5787037037037037 0.016666666666666666 0.08333333333333333