0 0.1134004861365612 0.2816549234232406 0.08524732140727502 0.11959147911556518
0 0.4923937764028989 0.07965391658214244 0.0937257943078778 0.13337644690956343
0 0.522785622593068 0.1906392694063927 0.05327342747111682 0.15753424657534246
0 0.4822705744952568 0.19278383898133392 0.06423437273841966 0.1364956019651525
0 0.46687254055192623 0.29169748585368477 0.057849498023904336 0.13985384591708222
0 0.40150880015864776 0.33575722050622236 0.07113785739246663 0.12058692174588363
0 0.5082829738413537 0.2924106707591566 0.05967421202624421 0.1295997973890376
0 0.5124685459198524 0.3591549652066906 0.06326762249264418 0.1033839377758706
0 0.4273851331191962 0.4542229894015171 0.05384155777422799 0.1238322626078748
0 0.461572781786378 0.4384567178320124 0.05524849340594212 0.13640262294990893
0 0.503220113030259 0.4306049382227521 0.06388706400108027 0.10110747411127116
0 0.5349807445442876 0.5159817351598174 0.028883183568677792 0.0867579908675799
0 0.5060975609756098 0.5114155251141552 0.05455712451861361 0.0958904109589041
0 0.4704749679075738 0.523972602739726 0.06418485237483953 0.07077625570776255
0 0.09306803594351733 0.5234018264840182 0.06675224646983312 0.07191780821917808
0 0.7041078305519898 0.043949771689497714 0.09499358151476252 0.08789954337899543
0 0.563222079589217 0.1797945205479452 0.027599486521181 0.12214611872146118
0 0.5651476251604621 0.5057077625570776 0.031450577663671375 0.08904109589041095
0 0.598217505457105 0.2986383620193911 0.06724195221935175 0.11598086355083158
0 0.6187982236603278 0.36806718311055586 0.06119643132186949 0.08852383105277367
0 0.6551994605104633 0.4470364872720764 0.05540859110047792 0.0873225063172731
0 0.7018800195026238 0.33067412617514 0.042885318839881066 0.11915314947227422
0 0.8804165315153272 0.07765971064238962 0.0655740873241971 0.14221664723869357
0 0.8472187689820361 0.2269909467266266 0.057151631961875275 0.1341394420017731
0 0.9152962779426403 0.29592830730864683 0.054169708083605626 0.09187543364647172
0 0.9212250574306056 0.18055844871513027 0.053098877681574876 0.11355164864690347
0 0.8902338235808346 0.22768752823651928 0.045848084290188516 0.094072201012291
0 0.9865211810012837 0.05136986301369863 0.026957637997432605 0.10273972602739725
0 0.7331753723527846 0.2818293972075119 0.05341582448329591 0.08045326717408485
0 0.9375746606519028 0.08049328729401636 0.04992324558580095 0.11694309938999158
0 0.8436452458164011 0.4188282201894042 0.04585928779784453 0.09521375352370652
0 0.8249795985495699 0.4464214005312114 0.04950871580252517 0.07470565646761701
0 0.7948911424869882 0.4547244119480093 0.04128792357801307 0.08717639643617603
0 0.9258426934266671 0.38943599287124464 0.05286360402079651 0.08957904590717743
0 0.9612789708727717 0.17386482501286457 0.06767093409763396 0.09429800719216822
0 0.9673595600388277 0.400993926635164 0.049475105279556834 0.07128099893337043
0 0.9916559691912709 0.4001141552511416 0.01668806161745828 0.04680365296803653
0 0.12933247753530167 0.6061643835616438 0.12130937098844673 0.09360730593607305
0 0.30198973042362004 0.6027397260273972 0.08536585365853659 0.0867579908675799
0 0.2658288693438822 0.696459069658137 0.10371528299644911 0.10494389585588225
0 0.39095734524552594 0.6592017800142536 0.05783829451624773 0.13871229340566682
0 0.48074454428754815 0.5878995433789954 0.07958921694480103 0.05707762557077625
0 0.006739409499358151 0.7465753424657534 0.013478818998716302 0.1050228310502283
0 0.046467026154416106 0.8448624183510236 0.051038890018456344 0.09983309443522205
0 0.01989730423620026 0.83162100456621 0.03979460847240052 0.09931506849315068
0 0.05969191270860077 0.9594748858447488 0.04749679075738126 0.08105022831050228
0 0.11786979027047627 0.9582904407662066 0.046344287214407545 0.07923865972212078
0 0.08703719636963554 0.759959164900331 0.07945948118588345 0.1183901543800646
0 0.13871322857888452 0.72745774456393 0.05773746294734301 0.1284383208029271
0 0.18347294833275543 0.7424071290709374 0.05240101161954582 0.10783724473159421
0 0.21363260290142688 0.7740617762327988 0.06329002950795637 0.10566704279870165
0 0.22003663604390455 0.8379289446479831 0.07146600770184382 0.08863009278448081
0 0.2916387101312969 0.9062590015040212 0.05476674257672938 0.08731586495904123
0 0.3451947450083638 0.7709879690281802 0.0516471280192364 0.09641507825920735
0 0.36810012836970474 0.96175799086758 0.051989730423620026 0.07648401826484018
0 0.39791903405626167 0.9434051865282135 0.04256041711785385 0.086048126641224
0 0.4283508213960299 0.9373819594551308 0.05989032725906052 0.08622744331347913
0 0.4506962586031596 0.9577007778016172 0.040783765733488304 0.035806533422477395
0 0.47840542703442374 0.9031848137471856 0.057819136088285976 0.07136733659038247
0 0.4835420060661557 0.6416895923342503 0.07014870013137883 0.08519215253377074
0 0.5205391527599487 0.6095890410958904 0.057766367137355584 0.1004566210045662
0 0.5381899871630296 0.610730593607306 0.022464698331193838 0.08447488584474885
0 0.5375481386392811 0.7488584474885844 0.02374839537869063 0.10273972602739725
0 0.5269576379974326 0.8007990867579908 0.044929396662387676 0.07191780821917808
0 0.4478440704838074 0.7978967089199069 0.05433776069844702 0.10899872131770459
0 0.4938025655568821 0.9349922121483758 0.03316000800210025 0.04371770470360592
0 0.52599486521181 0.8789954337899544 0.04685494223363286 0.0821917808219178
0 0.9634146341463414 0.7962328767123288 0.07317073170731707 0.12214611872146118
0 0.8875768014245923 0.8394099675336486 0.05769264891671851 0.12387211075726501
0 0.7774661690787742 0.8371243029361359 0.07051841588403034 0.12286338541048307
0 0.7592502864118624 0.877842016480106 0.054304150175478835 0.10557406378345802
0 0.6986236096867794 0.8813235061115389 0.06360372772232742 0.13763051311833635
0 0.5789473684210527 0.940068493150685 0.059050064184852376 0.09474885844748858
0 0.5956354300385109 0.9726027397260274 0.05648267008985879 0.0547945205479452
0 0.7945319013691899 0.9408395475191565 0.054979609222195566 0.1090053626759362
0 0.8623234916559692 0.9531963470319634 0.050706033376123234 0.09360730593607305
0 0.8286264441591784 0.964041095890411 0.051347881899871634 0.07191780821917808
0 0.6630295250320924 0.9920091324200914 0.04749679075738126 0.01598173515981735
0 0.6639565633568629 0.9136489304548003 0.03600748978849662 0.07228308292192076