0 0.3314917127071823 0.5036855036855037 0.06353591160220995 0.03194103194103194
0 0.2593170552720748 0.42118978461734935 0.08618474736625166 0.14988615782155415
0 0.19633081686584886 0.42621240244101993 0.07087862956944757 0.1469573968529783
0 0.1402152369582431 0.33410837072261573 0.047905444904085624 0.09717404065169255
0 0.10842541436464088 0.47665847665847666 0.06767955801104972 0.085995085995086
0 0.05904696132596685 0.476044226044226 0.06975138121546962 0.08722358722358722
0 0.03607457450871733 0.4244412754088462 0.05228870852349943 0.08749613580463791
0 0.36715737759128575 0.3178611209726706 0.07433178222178245 0.08695382877478897
0 0.2987587399919104 0.17032132008468007 0.0768828398473505 0.06740502696230867
0 0.27238160153721197 0.09140153547089316 0.05919478587156571 0.08771057149171671
0 0.2569060773480663 0.028255528255528257 0.04696132596685083 0.056511056511056514
0 0.1811931366458214 0.06479094419372015 0.06779219166380608 0.06466925811210375
0 0.16437204379311207 0.13830491687934696 0.06319755473073367 0.054712586871846644
0 0.21873975047356203 0.11821552187696754 0.04198596631692908 0.08840298350252083
0 0.1687904413162175 0.09461807077707578 0.07620635406100155 0.052663012220293966
0 0.13146248973296787 0.14914077443662735 0.0490752870600403 0.07758235170179656
0 0.07160511206690738 0.14609236000020834 0.0542760279937766 0.05566232170714533
0 0.05846232519374396 0.09436353808483353 0.036306104940346494 0.06982536009404722
0 0.06283881278468334 0.24695812214955637 0.046481977567401016 0.08118208111246866
0 0.022790055248618785 0.2936117936117936 0.04558011049723757 0.07862407862407862
0 0.027624309392265192 0.3593366093366093 0.055248618784530384 0.0945945945945946
0 0.31118290318995534 0.3128520150656064 0.03898391816712848 0.09812377548699124
0 0.10443061830611598 0.4075977909334587 0.07430365230316886 0.05628418519967408
0 0.08493848825509905 0.3664934997943614 0.06504388267303729 0.0498629126639654
0 0.006560773480662983 0.10933660933660934 0.013121546961325966 0.05896805896805897
0 0.5600828729281768 0.45884520884520885 0.10911602209944751 0.12162162162162163
0 0.4823895027624309 0.43857493857493857 0.06560773480662983 0.10073710073710074
0 0.47513812154696133 0.4631449631449631 0.05110497237569061 0.11302211302211303
0 0.4675414364640884 0.3286240786240786 0.03591160220994475 0.13144963144963145
0 0.6125842655158052 0.30469799866293773 0.08345056032394053 0.12035924120010884
0 0.5415854284170144 0.23636436166021457 0.07715058697653808 0.0882681042781217
0 0.5341720437183374 0.27769070136466883 0.06595987169165847 0.11490914706840684
0 0.494475138121547 0.029484029484029485 0.08287292817679558 0.05896805896805897
0 0.555502927835071 0.04578584447721503 0.07369754830250494 0.08816088643458235
0 0.5785960350840218 0.061016557327308964 0.048271931694175554 0.07510390567608626
0 0.5728457919217541 0.1262128967127056 0.0687081806824273 0.1297154925165451
0 0.5257999052316098 0.1295138112275936 0.07085049965083395 0.11628775327786325
0 0.510853099272365 0.08704163566339376 0.04831418356124691 0.09105297807789425
0 0.48273480662983426 0.07923832923832924 0.06629834254143646 0.08230958230958231
0 0.45683701657458564 0.15663390663390664 0.014502762430939226 0.10933660933660934
0 0.4713397790055249 0.20454545454545456 0.04350828729281768 0.1167076167076167
0 0.47928176795580113 0.14189189189189189 0.05939226519337017 0.08230958230958231
0 0.818618040702828 0.36086488178236537 0.0837183074531282 0.14122231851592187
0 0.7806977651324667 0.21789909761512957 0.07313369616891242 0.13598666007129862
0 0.8413021813380138 0.24975296021520385 0.08050488598966904 0.1313085344130804
0 0.9153592694346815 0.2364127090913031 0.07190748019742875 0.15434984779269337
0 0.8488493826121338 0.1679396888919788 0.08680497331537329 0.10328888541333885
0 0.8313092671602498 0.12186778391710675 0.08433853340224981 0.09462504610770658
0 0.7437710923080934 0.060794827535775676 0.09123048880185843 0.10956005296809235
0 0.6591437428322711 0.21431288012106375 0.0706953861744026 0.15799246434078135
0 0.27341187689396534 0.9164721995016148 0.10277345495006847 0.1356802322972365
0 0.009323204419889503 0.5964373464373465 0.018646408839779006 0.15356265356265356
0 0.30376291343025646 0.6683395038191505 0.07251358419809269 0.12247314655778509
0 0.2468792830279302 0.6155153460597239 0.07695322163303535 0.11402374293923181
0 0.20545580110497239 0.538083538083538 0.0738950276243094 0.036855036855036855
0 0.3644869672736379 0.6149304706662827 0.06734108716127173 0.11495203420582252
0 0.3349447513812155 0.5595823095823096 0.05662983425414365 0.07985257985257985
0 0.49046673301692234 0.9306529350035015 0.07765795131629982 0.09932461533463277
0 0.8515838546001995 0.7857243067810152 0.06717196571468445 0.11126653052031898
0 0.7903028956191525 0.7385570659620915 0.06267595446421259 0.11848743291037102
0 0.6484885787949176 0.6730356453661772 0.07190748019742875 0.15434984779269337
0 0.457182320441989 0.7561425061425061 0.015193370165745856 0.1339066339066339
0 0.5167021390846857 0.5918684712364409 0.07782707276288703 0.10301011902013646
0 0.9471061562914018 0.770490803798669 0.06945516223276296 0.13096543731375432
0 0.9799723756906077 0.6437346437346437 0.04005524861878453 0.09828009828009827
0 0.457182320441989 0.5675675675675675 0.015193370165745856 0.09336609336609336
0 0.6847375690607734 0.5829238329238329 0.06837016574585636 0.12653562653562653
0 0.7755524861878453 0.5767813267813268 0.06906077348066299 0.11425061425061425