0 0.3780141843971631 0.04924242424242424 0.06666666666666667 0.09848484848484848
0 0.5088652482269503 0.025252525252525252 0.09290780141843971 0.050505050505050504
0 0.5379358004822589 0.1268939393939394 0.0625123964891911 0.13636363636363635
0 0.5758865248226951 0.08333333333333333 0.06808510638297872 0.12121212121212122
0 0.6049645390070922 0.05997474747474747 0.009929078014184398 0.11994949494949494
0 0.40332468606929756 0.1571969696969697 0.058953250398164195 0.09217171717171717
0 0.3490927318157282 0.20202020202020202 0.06722930121340244 0.12121212121212122
0 0.5575768072486242 0.3522727272727273 0.04503712370816491 0.10858585858585859
0 0.591161569559835 0.34595959595959597 0.03719443288796839 0.10606060606060606
0 0.5975177304964538 0.4286616161616162 0.024822695035460994 0.08964646464646464
0 0.3222884932527367 0.3194444444444444 0.07655992971062447 0.0845959595959596
0 0.11152531224908593 0.3768939393939394 0.08544201943281843 0.10732323232323232
0 0.009929078014184398 0.10795454545454546 0.019858156028368795 0.14015151515151514
0 0.5052438517616251 0.2746212121212121 0.07138902880113145 0.07196969696969698
0 0.4592873515979068 0.17487373737373738 0.07376432265848039 0.08712121212121213
0 0.5556549128511696 0.19128787878787878 0.0769802429054196 0.06691919191919192
0 0.4700332218418314 0.3333333333333333 0.06715434584243538 0.07323232323232323
0 0.404169703879271 0.273989898989899 0.06642448979403925 0.07196969696969698
0 0.4384598913536414 0.28914141414141414 0.07574752890126811 0.07828282828282829
0 0.349365393709233 0.37058080808080807 0.04458312752288306 0.08080808080808081
0 0.28297872340425534 0.4564393939393939 0.06524822695035461 0.08712121212121213
0 0.036170212765957444 0.35795454545454547 0.07234042553191489 0.0845959595959596
0 0.027304964539007093 0.4255050505050505 0.05460992907801419 0.06565656565656566
0 0.8425531914893617 0.04040404040404041 0.11205673758865248 0.08080808080808081
0 0.9900709219858156 0.10101010101010101 0.019858156028368795 0.09090909090909091
0 0.9585106382978723 0.19886363636363635 0.08297872340425531 0.07702020202020202
0 0.6588941979934755 0.13636363636363635 0.05480111220042851 0.09848484848484848
0 0.6195035460992908 0.14962121212121213 0.019148936170212766 0.1148989898989899
0 0.6414893617021277 0.21212121212121213 0.06312056737588652 0.06818181818181818
0 0.7149410709983021 0.2676767676767677 0.04695842138023209 0.09595959595959595
0 0.6804342035264109 0.23926767676767677 0.049754028432376 0.09343434343434344
0 0.714019562563009 0.4065656565656566 0.04270310223129588 0.09595959595959595
0 0.7784206397236505 0.4198232323232323 0.04443867419120237 0.07196969696969698
0 0.7693869765442655 0.19255050505050506 0.07757869242238181 0.10353535353535354
0 0.8291096926560491 0.17992424242424243 0.05099978923677419 0.12626262626262627
0 0.8757764786677931 0.21464646464646464 0.04708223852167259 0.10353535353535354
0 0.9045542021038394 0.26136363636363635 0.06043359868519663 0.09595959595959595
0 0.9039470972070138 0.3327020202020202 0.0728074685174435 0.07196969696969698
0 0.973404255319149 0.43686868686868685 0.05319148936170213 0.07828282828282829
0 0.47411347517730495 0.5460858585858586 0.10283687943262411 0.09217171717171717
0 0.44359484983200326 0.6710858585858586 0.08893166756313188 0.19065656565656566
0 0.5027056003620949 0.8162878787878788 0.10162266963897315 0.14267676767676768
0 0.5726950354609929 0.827020202020202 0.07446808510638298 0.1717171717171717
0 0.42303732277611583 0.9103535353535354 0.10577480783670899 0.13636363636363635
0 0.5950354609929078 0.9330808080808081 0.029787234042553193 0.13383838383838384
0 0.4797872340425532 0.9753787878787878 0.07730496453900709 0.04924242424242424
0 0.4046099290780142 0.9728535353535354 0.05319148936170213 0.054292929292929296
0 0.35851063829787233 0.9595959595959596 0.06028368794326241 0.08080808080808081
0 0.33465038227460653 0.8832070707070707 0.10637325735367137 0.17297979797979798
0 0.29644750477000104 0.7588383838383839 0.0817775604108513 0.18686868686868688
0 0.25183994636188134 0.6982323232323232 0.07272279177674355 0.19696969696969696
0 0.1992208129166479 0.6464646464646465 0.07614507392608326 0.1893939393939394
0 0.1096761137819544 0.6786616161616161 0.08675514621819043 0.23106060606060605
0 0.1785546474993065 0.7922979797979798 0.09394506834069744 0.15025252525252525
0 0.23372068772393298 0.8914141414141414 0.12360848524181003 0.14267676767676768
0 0.20851063829787234 0.961489898989899 0.08368794326241134 0.07702020202020202
0 0.15044546826632335 0.9166666666666666 0.060129513241848995 0.16414141414141414
0 0.09929078014184398 0.9198232323232324 0.06666666666666667 0.16035353535353536
0 0.061729414710842576 0.8042929292929293 0.10932090712748914 0.13636363636363635
0 0.02624113475177305 0.8428030303030303 0.0524822695035461 0.1755050505050505
0 0.03900709219858156 0.9627525252525253 0.07801418439716312 0.07449494949494949
0 0.6351063829787233 0.5631313131313131 0.05035460992907802 0.12626262626262627
0 0.6917349914661737 0.663510101010101 0.09042719463015073 0.10858585858585859
0 0.9480289020284941 0.6363636363636364 0.061279682485039934 0.14772727272727273
0 0.9843971631205674 0.6521464646464646 0.031205673758865248 0.14772727272727273
0 0.8006263332936175 0.7518939393939394 0.04901658299398663 0.1351010101010101
0 0.7668406664902595 0.8327020202020202 0.0582777135304952 0.13762626262626262
0 0.9515951682450318 0.8762626262626263 0.048418133477024256 0.09848484848484848
0 0.9723404255319149 0.7525252525252525 0.05531914893617021 0.09848484848484848
0 0.6495527821366508 0.9248737373737373 0.0655914527944428 0.06439393939393939
0 0.9773049645390071 0.8491161616161617 0.04539007092198582 0.08712121212121213
0 0.8767219487238403 0.8080808080808081 0.041766884280499045 0.08207070707070707