0 0.05007341728398189 0.16905442689557662 0.08261840325219512 0.11969437537139746
0 0.2276843467011643 0.04942528735632184 0.04398447606727038 0.09885057471264368
0 0.13687691184874826 0.11682487729230208 0.0657669380550511 0.11502837673154151
0 0.11956818266092321 0.16804260007008906 0.07724053056868412 0.09863003626735697
0 0.7306194697679783 0.06796066356767862 0.07608235513475053 0.11232946873272603
0 0.8677231565329884 0.21666666666666667 0.09249676584734799 0.14597701149425288
0 0.40975692075205905 0.19341966466607055 0.06845587439680645 0.12556054628356175
0 0.3819534282018111 0.2770114942528736 0.04851228978007762 0.02528735632183908
0 0.3444372574385511 0.2775862068965517 0.04463130659767141 0.02413793103448276
0 0.3001659446260944 0.22949578226191586 0.06301025889986135 0.0975996554553832
0 0.35775079753514505 0.22360328559153358 0.0471895001759123 0.13206095207709553
0 0.30336351875808537 0.27586206896551724 0.05821474773609314 0.027586206896551724
0 0.328356251240292 0.15624090605905674 0.05297710354280449 0.12903419563810672
0 0.28239176694064855 0.16358921445799143 0.06451843886987176 0.11953240689806012
0 0.3188874514877102 0.07586206896551724 0.06338939197930142 0.15172413793103448
0 0.2778137128072445 0.0764367816091954 0.05627425614489004 0.14597701149425288
0 0.26358344113842175 0.027586206896551724 0.0278137128072445 0.05517241379310345
0 0.03686934023285899 0.4867816091954023 0.07373868046571798 0.15057471264367817
0 0.007438551099611902 0.7637931034482759 0.014877102199223804 0.11839080459770115
0 0.12585239881885632 0.4365387589159275 0.07287880008668646 0.18101397302538522
0 0.17663587759117838 0.46502266313709023 0.09343060096374549 0.16757018001626015
0 0.20472186287192756 0.5655172413793104 0.08990944372574386 0.14482758620689656
0 0.15994992893536503 0.7160530439490638 0.05279645604031327 0.11064339104040556
0 0.1287778683181526 0.730944825699744 0.0541804408523608 0.11993246432216281
0 0.09404823978373451 0.7460942026534174 0.0529883940117101 0.13018362092546304
0 0.05356888762220622 0.7214586317184265 0.058584059407205465 0.10761663460141675
0 0.039739427599535956 0.6816844148292506 0.0686736671087908 0.08192922085547472
0 0.0278137128072445 0.6373563218390804 0.055627425614489 0.08620689655172414
0 0.03686934023285899 0.5689655172413793 0.07373868046571798 0.09655172413793103
0 0.1665588615782665 0.946551724137931 0.057567917205692105 0.10689655172413794
0 0.14003880983182407 0.9775862068965517 0.05886157826649418 0.04482758620689655
0 0.2409443725743855 0.7339080459770115 0.017464424320827943 0.11149425287356322
0 0.9747736093143596 0.6264367816091954 0.050452781371280724 0.1310344827586207
0 0.8474548554312912 0.7517604472840617 0.09001252700647307 0.2144156038491492
0 0.6897555071333672 0.5857191890307596 0.09440485509241184 0.20095034884104682
0 0.609052475262077 0.5433211811391889 0.07304815712027207 0.19825535233573002
0 0.5689506192786007 0.5789601845532248 0.0724239075276824 0.20050736741898934
0 0.520327061710854 0.6267023022297175 0.08983187950398186 0.19602479925144806
0 0.46052019001824657 0.5626906160829042 0.10145224811338913 0.19456898752289573
0 0.3911310471945216 0.5200476997345781 0.0905238719100057 0.2006693358923267
0 0.9786545924967659 0.7764367816091954 0.042690815006468305 0.15747126436781608
0 0.9357392061649026 0.8119872338758933 0.07215293627394528 0.17292116052243775
0 0.8717029836552 0.8166239475297746 0.06198756909279625 0.1250921913690282
0 0.8109848577840066 0.9111861155466803 0.08679293862614952 0.14986044579138183
0 0.9941785252263907 0.8229885057471265 0.01164294954721863 0.10344827586206896
0 0.9890038809831824 0.8850574712643678 0.02199223803363519 0.09195402298850575
0 0.9851228978007762 0.9557471264367816 0.029754204398447608 0.08850574712643679
0 0.9149417852522639 0.9695402298850575 0.06532988357050452 0.06091954022988506
0 0.7368235192646139 0.8608484883727601 0.09068521227746149 0.15129088402745816
0 0.7560920471786774 0.7417210026580434 0.07052056114597229 0.13834473091884128
0 0.6861101547374029 0.7594229138959242 0.10866899816795172 0.20542900551508944
0 0.5821962487209503 0.7439749222727864 0.08909799902511108 0.12131215557328713
0 0.6213149315385313 0.6768203944393583 0.10693500881982736 0.16050774832528622
0 0.5794371981340838 0.8274487620804797 0.06821877454978674 0.10142261524907899
0 0.5102755015898607 0.7945525429289558 0.07724854723481385 0.16524986744257017
0 0.4448616740328523 0.7091232957454524 0.08190055610558383 0.1782213940436632
0 0.3912554101932943 0.7376998674685143 0.09542754489947708 0.17345781292740176
0 0.44870240604379963 0.8116455927779432 0.08463792812573807 0.12788085885725173
0 0.48326030611295523 0.8797827136661496 0.10086514373029244 0.1347988725803667
0 0.6373156032346827 0.7916712079388332 0.07939554106909556 0.12060962320148697
0 0.37081741637639143 0.8442773460052181 0.07529676517470507 0.1639599356808539
0 0.3273781566193707 0.8577601515187991 0.10442671998056308 0.16836638337096713
0 0.3110001565859773 0.9129306095651533 0.09418231951707376 0.1124914372060635
0 0.3201811125485123 0.9586206896551724 0.08279430789133248 0.08275862068965517
0 0.27522639068564037 0.7954022988505747 0.05109961190168176 0.11724137931034483
0 0.28137128072445017 0.7310344827586207 0.06338939197930142 0.0896551724137931
0 0.2897800776196636 0.6810344827586207 0.08020698576972833 0.11379310344827587
0 0.2603492884864166 0.9281609195402298 0.021345407503234153 0.14367816091954022
0 0.5740620957309185 0.9620689655172414 0.08990944372574386 0.07586206896551724
0 0.48771021992238034 0.9568965517241379 0.09831824062095731 0.08620689655172414