0 0.46631205673758863 0.07196969696969698 0.02624113475177305 0.14393939393939395
0 0.10106382978723404 0.041035353535353536 0.08865248226950355 0.08207070707070707
0 0.4205452102067624 0.1345420992548457 0.09113725648979969 0.18610647274784103
0 0.3448032611189219 0.13169494991291647 0.11814990303341737 0.12357753107136693
0 0.20923550239893604 0.12693270779085808 0.07995496817056556 0.19092190601109202
0 0.12103740101040403 0.11488031723989287 0.10158300731864413 0.13711381227937444
0 0.12853983749890505 0.22134451063790953 0.12266006115953797 0.10979148608940174
0 0.031205673758865248 0.13131313131313133 0.062411347517730496 0.17929292929292928
0 0.03368794326241135 0.25757575757575757 0.0673758865248227 0.10101010101010101
0 0.07446808510638298 0.3952020202020202 0.07943262411347518 0.10858585858585859
0 0.029432624113475178 0.34974747474747475 0.058865248226950356 0.09848484848484848
0 0.19929078014184398 0.3926767676767677 0.11347517730496454 0.11363636363636363
0 0.2752352492736578 0.31924725646024366 0.07006719750919671 0.19197884445987073
0 0.3394851048961472 0.32674866950861897 0.06477219967957985 0.1817749904519368
0 0.9673758865248226 0.11300505050505051 0.06524822695035461 0.17803030303030304
0 0.8851063829787233 0.04671717171717172 0.08936170212765958 0.09343434343434344
0 0.7613326778154902 0.11493643140511066 0.0852226483679489 0.15696322480051328
0 0.7354609929078014 0.03851010101010101 0.10780141843971631 0.07702020202020202
0 0.4946808510638298 0.046085858585858584 0.03049645390070922 0.09217171717171717
0 0.7051257516982499 0.20821004757958206 0.09302406680766523 0.15712483665425056
0 0.6823830758330807 0.31845521606905836 0.09794729846194188 0.1559650542985483
0 0.5662295845509285 0.3593454189251086 0.1010047043792259 0.11943704460260691
0 0.5081560283687944 0.29419191919191917 0.0574468085106383 0.17676767676767677
0 0.5627517793407325 0.24901254081234456 0.06340905703666538 0.14010832378527013
0 0.6123730183051012 0.23789043763544887 0.06444873571734606 0.1502240258729837
0 0.8243023364051614 0.22656043516004248 0.07395774534308354 0.15925340553851175
0 0.8871439136973102 0.20128498733359695 0.06999157766385648 0.16800363745667507
0 0.925872346716619 0.241490243620209 0.07349636960182108 0.16681447112756587
0 0.8614197826646622 0.3160081156890788 0.12011233319662297 0.118571101980972
0 0.8470463358881912 0.37623997293113554 0.10630669706913377 0.10819094413259772
0 0.9488365417798436 0.36277538246891444 0.07205061225327553 0.12262255193564668
0 0.9840425531914894 0.3926767676767677 0.031914893617021274 0.09848484848484848
0 0.6336879432624114 0.42676767676767674 0.058865248226950356 0.045454545454545456
0 0.4521276595744681 0.9084595959595959 0.05460992907801419 0.10984848484848485
0 0.46099290780141844 0.9678030303030303 0.03687943262411347 0.06439393939393939
0 0.36606019590059036 0.9137004814858095 0.07408866226182134 0.14159132984844727
0 0.2086823432794665 0.9365181176179657 0.059787337900545016 0.1160596568485577
0 0.1643182922220446 0.9494239702885253 0.05141461138170142 0.0767713228401096
0 0.2104334156305882 0.6771879945219509 0.07063217253696347 0.12259316796223989
0 0.1908720677411498 0.8201732939194899 0.04894250326412672 0.10952614573487551
0 0.14974081339824566 0.831750406387258 0.045355096620530874 0.10819005953873234
0 0.12371703860545218 0.923136986864209 0.07568632110997776 0.10377130991647297
0 0.11560283687943262 0.9829545454545454 0.0524822695035461 0.03409090909090909
0 0.06595744680851064 0.9570707070707071 0.06382978723404255 0.08585858585858586
0 0.012056737588652482 0.889520202020202 0.024113475177304965 0.15782828282828282
0 0.022340425531914895 0.7001262626262627 0.04468085106382979 0.1351010101010101
0 0.09299589898100724 0.7464946342804436 0.06609469677860905 0.09221667772569267
0 0.15575486156752477 0.7237444389792506 0.04768229809878597 0.1359972212899169
0 0.10357956158888043 0.8345993249169177 0.06125407982996363 0.09590171260664776
0 0.11781126825171213 0.6595492837027396 0.053900047410927895 0.13107894411974236
0 0.0682141803938967 0.6807650509872938 0.06692084383492092 0.11746920297821792
0 0.10061393904980347 0.5677962881520691 0.06444174085705512 0.17167398035092676
0 0.04811801073014057 0.5909647627773761 0.07421258432026813 0.1453792086363261
0 0.023404255319148935 0.51010101010101 0.04680851063829787 0.11868686868686869
0 0.07304964539007092 0.48169191919191917 0.10638297872340426 0.06439393939393939
0 0.9531914893617022 0.6464646464646465 0.09361702127659574 0.13636363636363635
0 0.4897163120567376 0.5618686868686869 0.02056737588652482 0.15656565656565657
0 0.5175077961569559 0.5406718614856595 0.06323683276511204 0.15650777321270823
0 0.554900735070049 0.643362425785568 0.0635742864479277 0.14515882883577524
0 0.6348531985238646 0.6366590722309317 0.08489918440571512 0.12541226022156018
0 0.5131205673758865 0.6603535353535354 0.0673758865248227 0.10858585858585859
0 0.5180851063829788 0.7178030303030303 0.07730496453900709 0.08964646464646464
0 0.5943695339143582 0.7150966086710782 0.08461702779629703 0.09512392190523321
0 0.5200606760723421 0.8850823374419131 0.053486973882772 0.11845268149347973
0 0.5070921985815603 0.94760101010101 0.05531914893617021 0.10479797979797979
0 0.5539007092198581 0.9665404040404041 0.07375886524822695 0.06691919191919192
0 0.7952176582649385 0.9449943362974533 0.06367089087414099 0.1047841724051417
0 0.9058591226629592 0.8884461870455537 0.09617108229087135 0.10167212500561872
0 0.5184397163120568 0.8042929292929293 0.07801418439716312 0.08585858585858586
0 0.6027534145325686 0.8379455595098295 0.0774765270016301 0.11516433025351612
0 0.5658634896180187 0.8065346111014912 0.05190330475519754 0.11337279246956788