0 0.27057558700085815 0.3342534145400008 0.04690161055619437 0.06538622328709406
0 0.30783783783783786 0.34278846153846154 0.024324324324324326 0.07019230769230769
0 0.28106285394393027 0.3678517125291889 0.0419486890704824 0.051723264320555434
0 0.19594594594594594 0.40625 0.03945945945945946 0.0875
0 0.13567567567567568 0.4283653846153846 0.043243243243243246 0.04326923076923077
0 0.1595731279026763 0.341673543778398 0.04754907699347781 0.08175475718935908
0 0.3124324324324324 0.25721153846153844 0.015135135135135135 0.09519230769230769
0 0.28097680609698084 0.1068611603898299 0.0526969809967799 0.1252254084635898
0 0.1954927787086762 0.09130588075504344 0.05089924613346407 0.09823519137217956
0 0.11243243243243244 0.027884615384615386 0.04864864864864865 0.05576923076923077
0 0.1572972972972973 0.04326923076923077 0.05837837837837838 0.08653846153846154
0 0.15279636576460542 0.09049939478380399 0.05133915053589356 0.08287295604367535
0 0.18743851225074565 0.18181318447265019 0.04913296006330785 0.07605266658846163
0 0.22569424033580127 0.1646521684565392 0.052985931192042944 0.08678625005816229
0 0.0995788496085991 0.21614600455730817 0.0491769883737314 0.08278343581923064
0 0.041247455069057186 0.17960553314074829 0.036122248538543296 0.06974631447256413
0 0.06783783783783784 0.028846153846153848 0.04810810810810811 0.057692307692307696
0 0.012702702702702703 0.12692307692307692 0.025405405405405406 0.06346153846153846
0 0.6386486486486487 0.03317307692307692 0.09027027027027026 0.06634615384615385
0 0.7702702702702703 0.03461538461538462 0.10702702702702703 0.06923076923076923
0 0.8225660321709276 0.07742917061788575 0.07881904018441993 0.1532227280800002
0 0.8550870892769162 0.2162384039003857 0.08341973518674373 0.11303953320038475
0 0.9248648648648649 0.052403846153846155 0.10270270270270271 0.10480769230769231
0 0.3335135135135135 0.07019230769230769 0.02702702702702703 0.11538461538461539
0 0.3364864864864865 0.13557692307692307 0.032972972972972976 0.1076923076923077
0 0.98 0.09807692307692308 0.04 0.14423076923076922
0 0.9489396817038452 0.14802833907639018 0.08091830476026288 0.14369686368905996
0 0.9241129340925781 0.2354380149007064 0.058146414712608854 0.13217997825547015
0 0.9542011800643283 0.2914766102945099 0.07329412936500769 0.1347296967496583
0 0.9315586087704351 0.38234119095865515 0.0530676980542582 0.0992862500581623
0 0.8444871747311784 0.2893373050578003 0.08022681001255576 0.12059756055602582
0 0.7785319834981876 0.32649959433803527 0.05379064159512505 0.12719324549888886
0 0.8044718290364047 0.3679472623879284 0.04123870374868553 0.10840927343910253
0 0.8672972972972973 0.40048076923076925 0.06108108108108108 0.09903846153846153
0 0.8221621621621622 0.3971153846153846 0.05189189189189189 0.10576923076923077
0 0.5950302920983258 0.1554847869389965 0.07837913578199068 0.1685849634085044
0 0.5470224414265226 0.08620764969352636 0.06970532809881415 0.1643807286645728
0 0.4921621621621622 0.06201923076923077 0.07837837837837838 0.12403846153846154
0 0.6018505144941111 0.28938481371006486 0.08678248384399356 0.13144304430628215
0 0.6428152350405012 0.2732972364360478 0.0588819377707394 0.16201005061927365
0 0.676206287611595 0.29726976373303504 0.05660655995320249 0.14461283808713685
0 0.7042611221222348 0.3315954135458342 0.061439976024907625 0.14000656628444447
0 0.7196226885681195 0.3668374397323301 0.08017649194350049 0.11290525286371812
0 0.7268478429920526 0.397416842000236 0.08112548809331054 0.09275770528363278
0 0.712972972972973 0.4288461538461538 0.07891891891891892 0.04230769230769231
0 0.7805405405405406 0.4254807692307692 0.08756756756756756 0.04903846153846154
0 0.520259962963843 0.20814318990878267 0.08965501002975863 0.1575164830483763
0 0.5100026509126427 0.292310973401945 0.0833316785658965 0.09957799473884629
0 0.3894594594594595 0.05096153846153846 0.07513513513513513 0.10192307692307692
0 0.4717998177232494 0.19364017488683816 0.08717207017736765 0.10838850128547024
0 0.40031342591221447 0.21134789437519277 0.06995024998365364 0.11921080102837607
0 0.3651782907770793 0.20989319072797047 0.0592903933800094 0.14184012298307713
0 0.3959415496963445 0.12128738782856881 0.0659966427168075 0.09309260217406001
0 0.4775675675675676 0.4153846153846154 0.049189189189189186 0.06923076923076923
0 0.5608108108108109 0.43173076923076925 0.07621621621621621 0.03653846153846154
0 0.9148648648648648 0.43365384615384617 0.05243243243243243 0.032692307692307694
0 0.3608008822061896 0.2842110009922012 0.055135513836941166 0.08495269335953008
0 0.378202149871817 0.3421275112212398 0.05128883246683816 0.07518064835136766
0 0.41652725465272694 0.3768783821001502 0.04971752891427194 0.08280581587534182
0 0.31135135135135134 0.7754807692307693 0.017297297297297298 0.09326923076923077
0 0.27881797816503767 0.7823579433560908 0.0735956590775348 0.09821361526730772
0 0.08594545197927272 0.7484179148909408 0.053583079560270856 0.09546247626811963
0 0.06596079767404643 0.6673237713324793 0.07749894827532543 0.11663950642931652
0 0.02081081081081081 0.7331730769230769 0.04162162162162162 0.07788461538461539
0 0.01783783783783784 0.6971153846153846 0.03567567567567568 0.10384615384615385
0 0.09346622505890678 0.8241896248511544 0.038957036172516654 0.09005052244542727
0 0.1764864864864865 0.9653846153846154 0.05891891891891892 0.06923076923076923
0 0.25786326030930445 0.9247207818528215 0.05032096704113182 0.09244358054683761
0 0.28500960339943526 0.9027740516095095 0.04252067840418267 0.05655333668435892
0 0.30108108108108106 0.8375 0.03783783783783784 0.075
0 0.1316216216216216 0.9701923076923077 0.04810810810810811 0.05961538461538462
0 0.09510671595642425 0.8271413804041033 0.040515760207818934 0.08050227799837618
0 0.22378378378378377 0.9798076923076923 0.034594594594594595 0.04038461538461539
0 0.6401648591807517 0.6154622722083557 0.08817805285667173 0.17956472749542748
0 0.5726696238374515 0.6237224575021589 0.09659398043593855 0.14434588531628226
0 0.5386788460715228 0.71459782621874 0.08904528214426677 0.14691717991534203
0 0.5787985408364327 0.7758581449582914 0.0756324047688643 0.16174229389717973
0 0.44684356200731845 0.7194470628336973 0.08710955129285435 0.18144304430628214
0 0.36702702702702705 0.6259615384615385 0.09405405405405405 0.15
0 0.39759738628863567 0.6260867039375433 0.08206857318629526 0.1543185468782053
0 0.39939883408397664 0.7775625817140177 0.07176056436423342 0.14812409504286345
0 0.3272972972972973 0.7139423076923077 0.014594594594594595 0.09711538461538462
0 0.44482034258776804 0.8645162802173938 0.0852426290845872 0.14387590413794885
0 0.5350371499096668 0.8600806726648725 0.08842926450014307 0.13535633832076951
0 0.5855997046054192 0.8655385925266461 0.059277813862745464 0.1399170460600002
0 0.6175641180724813 0.9192516719629924 0.07551289935485771 0.14347306312794872
0 0.5019261809485973 0.9202315707244452 0.06355182011801426 0.13240377881658127
0 0.34675675675675677 0.9682692307692308 0.053513513513513515 0.06346153846153846
0 0.32891891891891895 0.8615384615384616 0.01783783783783784 0.14615384615384616
0 0.9802702702702702 0.5889423076923077 0.03945945945945946 0.1951923076923077
0 0.8540280223510469 0.8016726704419244 0.059812064644654155 0.1389778876545727
0 0.9031606037125486 0.7950554093941894 0.06046582084056944 0.15630796001837619
0 0.7919258022467912 0.8495685431918601 0.06798307033908173 0.1489289731116239
0 0.7490377410153494 0.8607700979617959 0.07659398043593856 0.1435178232401711
0 0.8355967490770062 0.9167435630653644 0.07059771642093708 0.1355793349306411
0 0.6760649573932794 0.8990837542048942 0.06900125383384334 0.13935834860846164
0 0.7356756756756757 0.9591346153846154 0.06918918918918919 0.08173076923076923
0 0.8267567567567567 0.9807692307692307 0.06432432432432432 0.038461538461538464
0 0.6467567567567568 0.9759615384615384 0.07297297297297298 0.04807692307692308
0 0.4227027027027027 0.9846153846153847 0.0627027027027027 0.03076923076923077
0 0.9419566829872418 0.7365818096160911 0.06477127588899798 0.15360238508264967
0 0.8102762554131319 0.9286724696589114 0.0714020481222129 0.09331640273517092
0 0.5102702702702703 0.9711538461538461 0.06486486486486487 0.057692307692307696
0 0.534054054054054 0.9841346153846153 0.055135135135135134 0.03173076923076923
0 0.46297297297297296 0.9658653846153846 0.05783783783783784 0.06826923076923076