0 0.11512742041702939 0.23121180826935642 0.08777920576404316 0.1999921074148119
0 0.16999755232018313 0.3202153497906283 0.07985399952146431 0.18032482765204236
0 0.11205673758865248 0.4640151515151515 0.08652482269503546 0.19065656565656566
0 0.19021906767607702 0.42824412008067436 0.08761415536022636 0.1747395821622868
0 0.2024822695035461 0.5012626262626263 0.1127659574468085 0.11616161616161616
0 0.31451698236203535 0.1734431341933765 0.08840590042029091 0.18743201622703795
0 0.3682740177959381 0.30929619030879746 0.07492247059513549 0.1849121326331267
0 0.40425531914893614 0.21085858585858586 0.09078014184397164 0.1388888888888889
0 0.4156028368794326 0.31376262626262624 0.06808510638297872 0.18055555555555555
0 0.41099290780141845 0.03787878787878788 0.0673758865248227 0.07575757575757576
0 0.3659574468085106 0.02462121212121212 0.075177304964539 0.04924242424242424
0 0.31560283687943264 0.018308080808080808 0.07659574468085106 0.036616161616161616
0 0.21843971631205675 0.022727272727272728 0.08794326241134752 0.045454545454545456
0 0.18404255319148935 0.047979797979797977 0.08439716312056737 0.09595959595959595
0 0.14078014184397164 0.05113636363636364 0.07730496453900709 0.10227272727272728
0 0.05892937808053469 0.10190348350177719 0.07415548309564352 0.17600757735625402
0 0.015602836879432624 0.07954545454545454 0.031205673758865248 0.1590909090909091
0 0.052127659574468084 0.022095959595959596 0.06028368794326241 0.04419191919191919
0 0.5462678193317523 0.46155976316941316 0.14441776417423538 0.19013430734239167
0 0.7918439716312057 0.5107323232323232 0.09716312056737589 0.09722222222222222
0 0.9652482269503546 0.547979797979798 0.06950354609929078 0.022727272727272728
0 0.9726950354609929 0.442550505050505 0.05460992907801419 0.1553030303030303
0 0.9854609929078014 0.2948232323232323 0.029078014184397163 0.1275252525252525
0 0.672695035460993 0.07891414141414141 0.07872340425531915 0.15782828282828282
0 0.4797872340425532 0.08017676767676768 0.06028368794326241 0.16035353535353536
0 0.5124113475177305 0.06755050505050506 0.08297872340425531 0.1351010101010101
0 0.5836879432624114 0.017045454545454544 0.09078014184397164 0.03409090909090909
0 0.6053191489361702 0.05997474747474747 0.05177304964539007 0.11994949494949494
0 0.8448605162000858 0.16396545189874664 0.09190248458992607 0.18018711584372385
0 0.8034160464807517 0.06612889547043208 0.0772972088970725 0.11446974768001061
0 0.9074903070637454 0.13727594625916437 0.06340990246082216 0.15860086436478238
0 0.9499158329292773 0.16806096789130964 0.07883943641624702 0.13354148449638195
0 0.9787234042553191 0.1351010101010101 0.0425531914893617 0.11616161616161616
0 0.973758865248227 0.06944444444444445 0.0524822695035461 0.10353535353535354
0 0.8992907801418439 0.052398989898989896 0.05815602836879433 0.10479797979797979
0 0.8617021276595744 0.030934343434343436 0.062411347517730496 0.06186868686868687
0 0.23048655951170408 0.8075890871643657 0.08767192300156224 0.18357796600067047
0 0.3180851063829787 0.6281565656565656 0.09148936170212765 0.13762626262626262
0 0.11151843346830549 0.6835056215717221 0.07877341625472042 0.12344047439537184
0 0.024113475177304965 0.711489898989899 0.04822695035460993 0.11742424242424243
0 0.07340425531914893 0.6117424242424242 0.07446808510638298 0.10479797979797979
0 0.027304964539007093 0.610479797979798 0.05460992907801419 0.10227272727272728
0 0.41595744680851066 0.634469696969697 0.0673758865248227 0.15025252525252525
0 0.3719858156028369 0.5965909090909091 0.07588652482269503 0.07449494949494949
0 0.4929078014184397 0.9400252525252525 0.06950354609929078 0.11994949494949494
0 0.6024822695035461 0.9551767676767676 0.08865248226950355 0.08964646464646464
0 0.8735931667321083 0.9004029234021572 0.09313936886203948 0.15254168094292359
0 0.6155310485889962 0.7217054689835474 0.07654672643796222 0.10809044492839061
0 0.5407801418439716 0.6066919191919192 0.06595744680851064 0.0946969696969697
0 0.626241134751773 0.5871212121212122 0.06524822695035461 0.05555555555555555
0 0.9385476838983039 0.6865138737014447 0.0732316977125257 0.14311312308948265
0 0.9804964539007093 0.8301767676767676 0.03900709219858156 0.14772727272727273
0 0.9698581560283688 0.5991161616161617 0.05319148936170213 0.07954545454545454
0 0.9035460992907801 0.5921717171717171 0.08368794326241134 0.06565656565656566
0 0.9890070921985815 0.7051767676767676 0.02198581560283688 0.10227272727272728