0 0.34628585974963766 0.28687379360152293 0.06274278267557538 0.12051441811992405
0 0.2029242755410613 0.11714278761444888 0.06228255378739351 0.12974134333335763
0 0.159375 0.010185185185185186 0.075 0.020370370370370372
0 0.10052083333333334 0.012962962962962963 0.059375 0.025925925925925925
0 0.044270833333333336 0.020833333333333332 0.05625 0.041666666666666664
0 0.09653167264747058 0.1852968400140513 0.06066550978675718 0.1213110078625472
0 0.007291666666666667 0.05787037037037037 0.014583333333333334 0.08611111111111111
0 0.007552083333333333 0.12175925925925926 0.015104166666666667 0.08796296296296297
0 0.015885416666666666 0.14907407407407408 0.03177083333333333 0.09444444444444444
0 0.031049093093576566 0.16761167052882928 0.03658596756312085 0.10130512323604682
0 0.05307845198122815 0.18244117728494108 0.039262859563969306 0.11257790457628644
0 0.06942391508859197 0.23048056189259303 0.03800301689475726 0.07917990315130173
0 0.23422735996181993 0.4252585938667897 0.06142839600572702 0.078783083361606
0 0.059960308853183444 0.4036830918109892 0.040043927116484565 0.07282775785312302
0 0.157740797965744 0.3786389767371905 0.06362687778484818 0.09650501213750136
0 0.10920917862827449 0.4357965426427337 0.03429657911627248 0.06969430557126256
0 0.1373190275169866 0.43636531898296116 0.036331428893484605 0.06241623434715793
0 0.16759705596224414 0.4238417961769228 0.04570036844896954 0.06207232124609437
0 0.19786884151550185 0.4520428470887124 0.03959581911733304 0.08390653491840828
0 0.23854166666666668 0.5023148148148148 0.05625 0.075
0 0.19947916666666668 0.5138888888888888 0.046875 0.05185185185185185
0 0.0841152417382897 0.4517004286942187 0.045718549782514904 0.06485009902387236
0 0.07657509684650196 0.4901160682987414 0.04882536844896948 0.06226632552104863
0 0.02914896129059287 0.497688096098509 0.04269657733927244 0.08039683548965884
0 0.0853542377466681 0.34194587242617086 0.042732940006363344 0.08595239104521439
0 0.3656891106248807 0.46430030249511184 0.049201116008908724 0.11967373292845604
0 0.44479166666666664 0.49537037037037035 0.04791666666666667 0.08888888888888889
0 0.5359622177355322 0.45974558802862897 0.04549467823042382 0.1101881353484171
0 0.49119479284692624 0.45882261226593474 0.05492422223106009 0.11910348150661279
0 0.4830729166666667 0.5111111111111111 0.0484375 0.05740740740740741
0 0.4041666666666667 0.5236111111111111 0.05 0.032407407407407406
0 0.6390625 0.4740740740740741 0.021875 0.07777777777777778
0 0.575 0.4875 0.04479166666666667 0.10462962962962963
0 0.6810063050870011 0.06575682926383777 0.05499694756524202 0.1302145926177239
0 0.9600360644096227 0.18865505741030594 0.06285187067684793 0.1371810847865906
0 0.6949985626326228 0.1949279015503981 0.0658374804529996 0.11607879276524857
0 0.6661458333333333 0.1550925925925926 0.03229166666666667 0.09537037037037037
0 0.8767110919531234 0.35163420702113574 0.06495338534372669 0.14008819874767117
0 0.7463667635131687 0.3009537562270882 0.04867422223106021 0.11871547295670447
0 0.7169270833333333 0.5018518518518519 0.049479166666666664 0.07592592592592592
0 0.7752604166666667 0.5009259259259259 0.0546875 0.07777777777777778
0 0.74453125 0.5009259259259259 0.050520833333333334 0.07777777777777778
0 0.9070222703957296 0.37381673941440674 0.07664165067366634 0.0963874373572177
0 0.8477139352853962 0.3673176354533505 0.04487687778484807 0.09534098648777642
0 0.6819923330681232 0.31281738125693154 0.04273294000636341 0.08595239104521439
0 0.7076374055140171 0.29225153152999117 0.057304152450666376 0.08500589247648194
0 0.6842961428363206 0.43808633994494034 0.050024606673030075 0.0864050676867742
0 0.66171875 0.3824074074074074 0.0234375 0.07962962962962963
0 0.6643229166666667 0.2518518518518518 0.028645833333333332 0.1
0 0.5309895833333333 0.5768518518518518 0.0671875 0.07407407407407407
0 0.6239583333333333 0.5638888888888889 0.052083333333333336 0.04814814814814815
0 0.6328125 0.5981481481481481 0.034375 0.07222222222222222
0 0.47421875 0.6027777777777777 0.08072916666666667 0.1259259259259259
0 0.39453125 0.5731481481481482 0.08385416666666666 0.06666666666666667
0 0.34817708333333336 0.5625 0.0546875 0.04537037037037037
0 0.30963541666666666 0.5791666666666667 0.0703125 0.0787037037037037
0 0.41331166328507796 0.6164460912976727 0.05966020578718142 0.12680189532645136
0 0.5466533574952452 0.7659742778450144 0.06459581911733304 0.08545856911804153
0 0.5562310174915333 0.8139710420854374 0.06351778978357553 0.0798383454708347
0 0.5681645483768515 0.8599704512677929 0.05623824400593899 0.08123752068112675
0 0.6330729166666667 0.7541666666666667 0.033854166666666664 0.08796296296296297
0 0.6248658690457454 0.8272955406290387 0.04628786667196939 0.0722898404771054
0 0.5800675945921095 0.95039813787168 0.04510074933693933 0.050002950163231905
0 0.6041236248276239 0.7749013657812754 0.057213245782939265 0.07111700358759306
0 0.6050143277238661 0.6785889024620663 0.07328065823254495 0.1396796175549563
0 0.35322134838480573 0.7691900795729628 0.05464544178336344 0.07651088891402019
0 0.36322269215470004 0.871767972374277 0.06521968000742386 0.10123164390460812
0 0.2749143526018666 0.8416166120164964 0.04897687956184811 0.08541447366919679
0 0.3413206026018666 0.8374940211737206 0.0624155186717573 0.07051441811992415
0 0.19244791666666666 0.5675925925925925 0.06510416666666667 0.05555555555555555
0 0.1046875 0.5546296296296296 0.06041666666666667 0.02962962962962963
0 0.03515625 0.5625 0.049479166666666664 0.04537037037037037
0 0.0609375 0.5671296296296297 0.040625 0.05462962962962963
0 0.26890162217538094 0.6069002704957839 0.06981021289518156 0.0867078355022245
0 0.29516964327394213 0.7695545849417867 0.06354203156163614 0.0835420491745384
0 0.2334476806041998 0.8136477801269962 0.056232183561423926 0.08031159475520103
0 0.4676806250530633 0.74125942318089 0.05981135200509063 0.07035274789079553
0 0.46589352371103343 0.8552129801614304 0.04995188133884814 0.07529395657566308
0 0.450755659704564 0.9408405556667719 0.037518546228514776 0.08470312466103143
0 0.5011645572618517 0.9150351350594074 0.04015301511775723 0.08949442451978969
0 0.5247291441491851 0.9339343063447089 0.035350366671969384 0.07161082551476591
0 0.24389428459847284 0.8879687651646567 0.05086021822618167 0.054988254296944
0 0.09692074684385057 0.5939755615300639 0.06252460667303002 0.08718108478659083
0 0.40223404327129075 0.7976159937239163 0.057843167117545134 0.08781600430008557
0 0.39100940194676004 0.6830818990001296 0.06160414889666631 0.10563493521345785
0 0.36328705661204796 0.7028511589844468 0.05131475156481772 0.12443269874138844
0 0.34680486860812393 0.7552424032939322 0.06880490889560585 0.09219872296612855
0 0.43514993572301763 0.7002409125123532 0.05379164889666631 0.10514992452607262
0 0.9190104166666667 0.5523148148148148 0.05572916666666667 0.025
0 0.6949682604100471 0.669048942736733 0.058115887120726954 0.12948267096675212
0 0.67109375 0.8097222222222222 0.0421875 0.09722222222222222
0 0.6635416666666667 0.8527777777777777 0.027083333333333334 0.11481481481481481
0 0.792242519958108 0.7611182902696509 0.047923092006151316 0.08349795372569364
0 0.8284071041799413 0.7639636666773579 0.03952915422766642 0.0737213497332231
0 0.8563383524029413 0.7520486100404983 0.04689354622851478 0.085285137485894
0 0.9117800128501078 0.7129730530348267 0.04481627333969674 0.08608172722851716
0 0.9533591679662743 0.6442149597108933 0.05574165245066638 0.08490889033900481
0 0.99453125 0.5986111111111111 0.0109375 0.08055555555555556
0 0.990625 0.7541666666666667 0.01875 0.08981481481481482
0 0.9869791666666666 0.825 0.026041666666666668 0.08333333333333333
0 0.9583215059542899 0.8007875626283424 0.050981427116484686 0.07350677281546251
0 0.9593872319515325 0.8368178386248891 0.03629506622639364 0.05686067879160238
0 0.9778645833333334 0.8731481481481481 0.044270833333333336 0.06851851851851852
0 0.9328125 0.9662037037037037 0.042708333333333334 0.06759259259259259
0 0.9744791666666667 0.9726851851851852 0.036458333333333336 0.05462962962962963
0 0.827637062831548 0.9611535548537545 0.03634961022703014 0.06519401212493571
0 0.8088540952816843 0.887812877512268 0.0357742328930603 0.05682834474577653
0 0.8318648812858204 0.8322396798521838 0.052029154227666415 0.07449736683303992
0 0.9267961206238201 0.7652599394237095 0.038099984006999675 0.09399471796611654