0 0.4170353982300885 0.05905511811023622 0.10693215339233038 0.11811023622047244
0 0.3945427728613569 0.015748031496062992 0.10766961651917405 0.031496062992125984
0 0.5427728613569321 0.03871391076115486 0.10029498525073746 0.07742782152230972
0 0.15675661260237056 0.11464932923473263 0.06657826353540226 0.13117470039615065
0 0.2485250737463127 0.01837270341207349 0.06489675516224189 0.03674540682414698
0 0.009587020648967551 0.33267716535433073 0.019174041297935103 0.1272965879265092
0 0.01733038348082596 0.22178477690288714 0.03466076696165192 0.12860892388451445
0 0.07199674224343358 0.21905914343304134 0.09443150464256059 0.14805289535567231
0 0.05327548092178221 0.1254873032108191 0.07522010849446467 0.10532506569617973
0 0.03761061946902655 0.051181102362204724 0.0752212389380531 0.10236220472440945
0 0.01364306784660767 0.09514435695538058 0.02728613569321534 0.1194225721784777
0 0.018067846607669618 0.02099737532808399 0.036135693215339236 0.04199475065616798
0 0.6928466076696165 0.5662729658792651 0.08775811209439528 0.08530183727034121
0 0.8082595870206489 0.03740157480314961 0.08112094395280237 0.07480314960629922
0 0.8845870206489675 0.047900262467191604 0.07743362831858407 0.09580052493438321
0 0.221976401179941 0.6916010498687664 0.07964601769911504 0.16535433070866143
0 0.16998525073746312 0.6876640419947506 0.10693215339233038 0.15748031496062992
0 0.07042772861356932 0.9389763779527559 0.08333333333333333 0.1220472440944882
0 0.033185840707964605 0.8648293963254593 0.06637168141592921 0.1679790026246719
0 0.018067846607669618 0.708005249343832 0.036135693215339236 0.14829396325459318
0 0.0778023598820059 0.6541994750656168 0.07448377581120944 0.09055118110236221
0 0.7289823008849557 0.916010498687664 0.13200589970501475 0.1679790026246719
0 0.9693952802359882 0.8746719160104987 0.0612094395280236 0.14829396325459318
0 0.6685103244837758 0.7001312335958005 0.07743362831858407 0.1325459317585302
0 0.8934365781710915 0.676509186351706 0.07890855457227139 0.13517060367454067
0 0.9516961651917404 0.6587926509186351 0.09660766961651918 0.09973753280839895
0 0.9631268436578171 0.770997375328084 0.07374631268436578 0.1167979002624672