0 0.08694444444444445 0.433300395256917 0.075 0.09189723320158102
0 0.13944444444444445 0.4105731225296443 0.07333333333333333 0.1373517786561265
0 0.0416953384584455 0.38137531949385695 0.08150219086367062 0.15165417890132118
0 0.20902182702573044 0.35216002694304643 0.081912169254551 0.1467594909058151
0 0.02361111111111111 0.2865612648221344 0.04722222222222222 0.12648221343873517
0 0.24555555555555555 0.43132411067193677 0.06444444444444444 0.0958498023715415
0 0.29777777777777775 0.43626482213438733 0.08222222222222222 0.08596837944664032
0 0.2822473505193159 0.38967824884331 0.08109693713237044 0.1190915067160918
0 0.38166666666666665 0.44466403162055335 0.08555555555555555 0.0691699604743083
0 0.5538888888888889 0.450098814229249 0.07555555555555556 0.058300395256917
0 0.6397222222222222 0.4659090909090909 0.065 0.0266798418972332
0 0.5969444444444445 0.4624505928853755 0.05388888888888889 0.03359683794466403
0 0.5343617629017902 0.4123769143874714 0.05986936428951897 0.11339004580224338
0 0.3818940380916836 0.2843489745280336 0.07866854454981295 0.130719096891251
0 0.44658005789160043 0.334461279409289 0.08942554580612372 0.15723921890099363
0 0.2799468475797222 0.1981965744448055 0.061502190863670626 0.1499973340913223
0 0.3201628509969449 0.2211146790427401 0.06334591245773734 0.13733557815672842
0 0.3868877485294815 0.21756814759439044 0.06019435871138487 0.08680225083889913
0 0.43231228463682947 0.20934758298874287 0.0673536254081566 0.122881631504932
0 0.4907258772795975 0.26394172690981954 0.07481349575343908 0.09392771473439464
0 0.6252659361771125 0.18989593020184298 0.05653839328597617 0.09438522491020913
0 0.5827128137085494 0.2672174200813822 0.04551699080345997 0.07770050235842327
0 0.5541953384584455 0.3389186712376335 0.07346946117884802 0.08593052946058484
0 0.53039459329553 0.22103331038980023 0.07782655932448733 0.08333429031866985
0 0.4788066210356761 0.18073203098621451 0.06191925624392146 0.08891660582471252
0 0.5576408225533803 0.14398932355874228 0.05522347414431958 0.08737618192888948
0 0.5902317123468704 0.11603028708357932 0.054699396351489266 0.06958962066406733
0 0.5313888888888889 0.015316205533596838 0.042777777777777776 0.030632411067193676
0 0.42917646977183926 0.15017410410669674 0.05151164018283099 0.0742541913248514
0 0.43570346509830604 0.0976292934802715 0.08168160812086095 0.12012567247552622
0 0.34628223026232136 0.15307903151145422 0.08890383034308318 0.12072397754580355
0 0.24011052595555005 0.17871395613711408 0.07147307543073567 0.14983761420383163
0 0.175 0.014822134387351778 0.05333333333333334 0.029644268774703556
0 0.1375 0.01383399209486166 0.050555555555555555 0.02766798418972332
0 0.2191871002558948 0.08287770300253086 0.060107012412579604 0.08383782396142866
0 0.1790529210507288 0.22339427613449336 0.06814446675698238 0.11210411322142955
0 0.03111111111111111 0.19021739130434784 0.06222222222222222 0.1492094861660079
0 0.0695951000547119 0.22255646446416985 0.060446948288639404 0.17061025183278142
0 0.09833841177892566 0.21522253272060968 0.055509903814089635 0.13471496503452632
0 0.1329740851295111 0.0865528423551999 0.07606782169943535 0.11768915322110178
0 0.052222222222222225 0.010869565217391304 0.06222222222222222 0.021739130434782608
0 0.011111111111111112 0.10177865612648221 0.022222222222222223 0.11264822134387352
0 0.011666666666666667 0.036561264822134384 0.023333333333333334 0.07312252964426877
0 0.20416427438516185 0.14949881004868343 0.050895491431615356 0.09096056336329458
0 0.9577777777777777 0.466403162055336 0.06555555555555556 0.025691699604743084
0 0.8080555555555555 0.424901185770751 0.06388888888888888 0.10869565217391304
0 0.7063888888888888 0.38636363636363635 0.03277777777777778 0.1857707509881423
0 0.9294444444444444 0.4125494071146245 0.06777777777777778 0.13339920948616601
0 0.9625 0.42292490118577075 0.05388888888888889 0.11264822134387352
0 0.9758333333333333 0.40365612648221344 0.04833333333333333 0.12944664031620554
0 0.9062078468256471 0.39126863648414223 0.06732214764543136 0.1406221693028096
0 0.8768857699374183 0.350608631841515 0.0811260525653054 0.12007964900858191
0 0.8670407964212539 0.2810948576119384 0.07609929946216046 0.09994861542322418
0 0.7319451819681834 0.3551866777868594 0.06498346369146904 0.13648550626507147
0 0.7568177060146609 0.3204378909217702 0.07545167294821972 0.13439552525954507
0 0.7771305050498489 0.27269435911014744 0.07449086366136397 0.10178682960737116
0 0.7405555256038409 0.1276364474656508 0.052644779737506975 0.13152042082233387
0 0.9544444444444444 0.015316205533596838 0.06888888888888889 0.030632411067193676
0 0.8222222222222222 0.030138339920948616 0.056666666666666664 0.06027667984189723
0 0.8675 0.021739130434782608 0.06055555555555556 0.043478260869565216
0 0.9819444444444444 0.08300395256916997 0.03611111111111111 0.12055335968379446
0 0.9891666666666666 0.12203557312252965 0.021666666666666667 0.0958498023715415
0 0.8207727101859584 0.1378304989314592 0.052293032212496655 0.13839139340282028
0 0.7793366046529819 0.16800812431646794 0.05682954761532629 0.10426664783511033
0 0.6983333333333334 0.09930830039525691 0.016666666666666666 0.13537549407114624
0 0.9059548735106657 0.19367401446291937 0.04800125192209735 0.08677787685861213
0 0.9423740589973848 0.1822372561584219 0.05083489823595503 0.10771295886868218
0 0.9711111111111111 0.18033596837944665 0.057777777777777775 0.11166007905138339
0 0.9414022354887467 0.12090339882361793 0.04832152168438269 0.09764744207600332
0 0.4464883706709419 0.6741806446430891 0.09018254706243423 0.18293091850573673
0 0.3813923724801446 0.6290550746912287 0.09960260073352376 0.14526781497056596
0 0.3616666666666667 0.5365612648221344 0.09222222222222222 0.11462450592885376
0 0.41055555555555556 0.5212450592885376 0.07777777777777778 0.08399209486166008
0 0.2722222222222222 0.5177865612648221 0.08888888888888889 0.07707509881422925
0 0.17833333333333334 0.532608695652174 0.1 0.1067193675889328
0 0.20944444444444443 0.5434782608695652 0.08444444444444445 0.12845849802371542
0 0.6722222222222223 0.608201581027668 0.035555555555555556 0.14130434782608695
0 0.6311111111111111 0.54100790513834 0.07 0.12351778656126482
0 0.5908333333333333 0.5217391304347826 0.07944444444444444 0.08498023715415019
0 0.6691666666666667 0.5163043478260869 0.041666666666666664 0.0741106719367589
0 0.6572222222222223 0.49209486166007904 0.06555555555555556 0.025691699604743084
0 0.9841666666666666 0.9698616600790514 0.03166666666666667 0.06027667984189723
0 0.9052777777777777 0.9491106719367589 0.06944444444444445 0.10177865612648221
0 0.8439887843603834 0.9108407236944726 0.08004405688712925 0.12097574436718318
0 0.9769444444444444 0.9510869565217391 0.04611111111111111 0.09782608695652174
0 0.9485020901547535 0.8194713248847475 0.046395178451091146 0.06988741095239116
0 0.9400035135429704 0.7389499150369464 0.052826559324487335 0.08126323430617108
0 0.7891442245336605 0.6088076201916951 0.07127635438956076 0.08673457788529729
0 0.7983333333333333 0.49110671936758893 0.04 0.023715415019762844
0 0.8321183396148862 0.5552245570653909 0.03557522166933015 0.07884836453840408
0 0.6972222222222222 0.5746047430830039 0.014444444444444444 0.07213438735177866
0 0.9908333333333333 0.6274703557312253 0.018333333333333333 0.07312252964426877
0 0.8635060473388801 0.5620345946951597 0.04885268646658359 0.059247963069721986
0 0.859783582893336 0.6341581573036097 0.04320742228243287 0.07455198161317529
0 0.9111948839635162 0.8007697432682964 0.05036905130899463 0.0919026821888404
0 0.7494904499719225 0.7656285411497445 0.0561866457609656 0.10125619749069543
0 0.7016666666666667 0.7865612648221344 0.023333333333333334 0.08300395256916997
0 0.7216686153070153 0.6530290677664451 0.0437629778379883 0.07459800508011971
0 0.9329835344486717 0.6424571463749978 0.035633452535200075 0.08082464912338432