0 0.03424242424242424 0.3464439655172414 0.058787878787878785 0.02693965517241379
0 0.31575757575757574 0.034482758620689655 0.0703030303030303 0.06896551724137931
0 0.33121212121212124 0.3275862068965517 0.06 0.06465517241379311
0 0.3913797895351809 0.28468084250246123 0.0752300108613591 0.14296725964457196
0 0.4196969696969697 0.06788793103448276 0.02 0.11422413793103449
0 0.3887878787878788 0.02209051724137931 0.05757575757575758 0.04418103448275862
0 0.39488222684242885 0.05119487555520714 0.05600840015708221 0.09586365127247744
0 0.35174237985321644 0.09986723630798475 0.055582179613918266 0.11408834021264355
0 0.37577476127805365 0.14831196597091595 0.07863057284468486 0.18115415977132787
0 0.6538823704075143 0.14685849283282423 0.0902651589133528 0.1334707257955935
0 0.4996969696969697 0.04256465517241379 0.07090909090909091 0.08512931034482758
0 0.8200842569087174 0.07581522831306106 0.06314053522183465 0.1443144867237546
0 0.8593939393939394 0.015625 0.05090909090909091 0.03125
0 0.9310266180264934 0.08599392469559657 0.046438376386863225 0.10728626052203047
0 0.9241318183417763 0.2027300694191917 0.09038152601287423 0.14532417407145556
0 0.9387878787878788 0.30226293103448276 0.07515151515151515 0.11530172413793104
0 0.993030303030303 0.2764008620689655 0.013939393939393939 0.10668103448275862
0 0.9763636363636363 0.3146551724137931 0.04727272727272727 0.09051724137931035
0 0.9827272727272728 0.15463362068965517 0.034545454545454546 0.12176724137931035
0 0.9681089264090947 0.09959246692960053 0.04642779755963381 0.10620867431513391
0 0.8743425493919855 0.06576109535447251 0.04775628587127661 0.11825067574514664
0 0.9915151515151515 0.057112068965517244 0.01696969696969697 0.0625
0 0.9696969696969697 0.03502155172413793 0.04606060606060606 0.07004310344827586
0 0.8972727272727272 0.011853448275862068 0.06484848484848485 0.023706896551724137
0 0.06212121212121212 0.9547413793103449 0.09636363636363636 0.09051724137931035
0 0.02666666666666667 0.7737068965517241 0.05333333333333334 0.17025862068965517
0 0.08787979063491604 0.5941659421491388 0.06484234994049502 0.1327438681791186
0 0.1387730133031631 0.5878630889851544 0.0700187784330858 0.16690325320951443
0 0.20677652514908199 0.6262400081894329 0.07133668791749931 0.1778676684326306
0 0.24649089681389294 0.6491125816886668 0.09232665375780677 0.15853803828544036
0 0.2522930098400053 0.5820396790593884 0.075177116725213 0.13757932861008923
0 0.27180553829308585 0.5053024499976387 0.09279518960988753 0.14462369417286045
0 0.29129262243422155 0.7701803204516299 0.09346165572532851 0.21251162520734332
0 0.20868171680647024 0.7711956249465529 0.10220346351767327 0.17836542903588734
0 0.21322648311930248 0.8630195495459784 0.11731266336027148 0.17641199863518472
0 0.2781818181818182 0.9304956896551724 0.08848484848484849 0.13900862068965517
0 0.3324242424242424 0.9719827586206896 0.10363636363636364 0.05603448275862069
0 0.23606060606060605 0.96875 0.1303030303030303 0.0625
0 0.4118181818181818 0.7828663793103449 0.03575757575757576 0.1584051724137931
0 0.3987878787878788 0.6831896551724138 0.06181818181818182 0.16594827586206898
0 0.35961111987564437 0.6223705173054934 0.10192534655571858 0.21167632487260504
0 0.35199749091020927 0.5041254587075689 0.08678747768542741 0.1490688594365897
0 0.03333333333333333 0.5619612068965517 0.06666666666666667 0.1476293103448276
0 0.04691849382230127 0.5133865432087172 0.09343298669763575 0.1479507293706255
0 0.017575757575757574 0.619073275862069 0.03515151515151515 0.1627155172413793
0 0.20696969696969697 0.3760775862068966 0.062424242424242424 0.032327586206896554
0 0.28 0.37122844827586204 0.08484848484848485 0.022629310344827586
0 0.32696969696969697 0.39978448275862066 0.07333333333333333 0.07974137931034483
0 0.39606060606060606 0.4046336206896552 0.06121212121212121 0.0894396551724138
0 0.3845454545454545 0.3798491379310345 0.08181818181818182 0.03987068965517242
0 0.6430457975620305 0.4870545572811951 0.08801768909801226 0.21274072222056165
0 0.7425032099193452 0.4651276813994585 0.11154826446208366 0.2056416466575348
0 0.8196969696969697 0.4574353448275862 0.09636363636363636 0.19504310344827586
0 0.7563636363636363 0.38200431034482757 0.08484848484848485 0.04418103448275862
0 0.6387878787878788 0.3798491379310345 0.07757575757575758 0.03987068965517242
0 0.686060606060606 0.3890086206896552 0.06909090909090909 0.05818965517241379
0 0.5139393939393939 0.37877155172413796 0.07515151515151515 0.03771551724137931
0 0.9096969696969697 0.39385775862068967 0.08727272727272728 0.06788793103448276