0 0.550471063257066 0.3624401913875598 0.05787348586810229 0.11483253588516747
0 0.8026938052813705 0.12993253497580462 0.09068204350119029 0.15521786567611853
0 0.5989232839838493 0.19617224880382775 0.039030955585464336 0.13875598086124402
0 0.688496749001419 0.21907788606033213 0.08457915312678406 0.1934257863721598
0 0.7728733384274257 0.22473594543984754 0.10198508576386205 0.14696296508615003
0 0.7537710798032276 0.3226411325509901 0.11980221462772901 0.12561976102502054
0 0.9572678331090175 0.09808612440191387 0.08546433378196501 0.19617224880382775
0 0.9362537390559099 0.2970116145651808 0.10074429584534474 0.11226701074427098
0 0.9751009421265141 0.23385167464114834 0.04979811574697174 0.1590909090909091
0 0.8648357786569568 0.2603818205582762 0.08709471621282251 0.18268807263919798
0 0.8489232839838493 0.3708133971291866 0.0908479138627187 0.09808612440191387
0 0.9162180349932705 0.37799043062200954 0.08411843876177658 0.08373205741626795
0 0.610699865410498 0.3546650717703349 0.06258411843876177 0.1303827751196172
0 0.3230522677712579 0.6058705957084496 0.07649140347109895 0.1514832072717764
0 0.18941862299584875 0.5255279224104873 0.062046213395852465 0.13219830963298448
0 0.22507290676070232 0.7938845741733483 0.054173852239914055 0.10341362526944321
0 0.3595902754560052 0.7791245945648383 0.06980829115371492 0.11314306317094074
0 0.4198504717102384 0.9011797970259787 0.043661242123561955 0.11885251847880272
0 0.3672662626784434 0.926956254190633 0.061635017169063194 0.10707869240810411
0 0.40511440107671604 0.972488038277512 0.03633916554508748 0.05502392344497608
0 0.1712119016196414 0.6509589894972541 0.05882574249246082 0.09987382240900866
0 0.1347944129837369 0.6553678856577905 0.0657510253204455 0.11190513616272817
0 0.11783827191239912 0.7455188305314125 0.06690111261359137 0.09995733192782613
0 0.050197822968036175 0.5809160037189187 0.06499975471953426 0.10711348804094466
0 0.09036288569301704 0.6148298538427976 0.0615566940782462 0.1022940034128888
0 0.013458950201884253 0.5753588516746412 0.026917900403768506 0.08851674641148326
0 0.10531628532974428 0.9671052631578947 0.05585464333781965 0.06578947368421052
0 0.17780014448612133 0.8035648994284118 0.04784319383120665 0.08660458164707631
0 0.9851951547779273 0.8253588516746412 0.029609690444145357 0.10526315789473684
0 0.7402422611036339 0.9868421052631579 0.06191117092866756 0.02631578947368421
0 0.6733920024215053 0.6751820756762174 0.07045445665295523 0.15261674738146705
0 0.6470141509444337 0.5391207625578375 0.05468295233022466 0.13451410373834272
0 0.738172768022218 0.5621963903739737 0.07787646003669584 0.1538894700225203
0 0.7617253646690579 0.726941480520657 0.08199246818807818 0.15871591377714447
0 0.8246871413500201 0.848426433363668 0.0866515596787745 0.11451321358394784
0 0.742172748272662 0.8523586293542875 0.07805988822918386 0.12399212292899266
0 0.968371467025572 0.9521531100478469 0.063257065948856 0.09569377990430622
0 0.6009421265141319 0.6094497607655502 0.04306864064602961 0.12320574162679426
0 0.6019515477792732 0.7308612440191388 0.04508748317631225 0.11004784688995216
0 0.5921938088829072 0.888755980861244 0.02557200538358008 0.10047846889952153