0 0.13631363109306385 0.1294041998072447 0.06531956295804119 0.08983312863940296
0 0.048244005210614394 0.15064928003940906 0.05859576338296228 0.10321853377439033
0 0.1432424037307733 0.3217233507585356 0.06997761710840425 0.09603803590811243
0 0.03222222222222222 0.45948616600790515 0.06444444444444444 0.10869565217391304
0 0.011666666666666667 0.4955533596837945 0.023333333333333334 0.0800395256916996
0 0.07888888888888888 0.4975296442687747 0.042222222222222223 0.08399209486166008
0 0.14529162574791757 0.45716158236066323 0.05255585550715738 0.10481524477793858
0 0.17333333333333334 0.5004940711462451 0.07333333333333333 0.07806324110671936
0 0.24043445801894828 0.48575965201795746 0.03919438152003623 0.07243554425539057
0 0.21805555555555556 0.5153162055335968 0.05388888888888889 0.04841897233201581
0 0.25527777777777777 0.5291501976284585 0.04055555555555555 0.020750988142292492
0 0.4289851315401327 0.4834147294614414 0.04756331647102242 0.07394128688619718
0 0.378757025706902 0.46977367255283947 0.05641660374225845 0.07350525162124458
0 0.3686245332808327 0.4048386106097213 0.06215016738607927 0.07879102997590601
0 0.41882364685943885 0.373128642131441 0.04972840578483253 0.08787879904872206
0 0.395838442938353 0.29568181978101243 0.04834655205939069 0.09568041732097979
0 0.44305555555555554 0.28063241106719367 0.03388888888888889 0.07707509881422925
0 0.43972222222222224 0.16403162055335968 0.04055555555555555 0.11857707509881422
0 0.445 0.07905138339920949 0.03 0.13043478260869565
0 0.4477777777777778 0.433300395256917 0.024444444444444446 0.05632411067193676
0 0.44583333333333336 0.40365612648221344 0.028333333333333332 0.05039525691699605
0 0.4508333333333333 0.4901185770750988 0.018333333333333333 0.07905138339920949
0 0.5798961757499688 0.10071356663581023 0.08565404784381296 0.11574442007439419
0 0.5916221043271392 0.30604482498811725 0.07420845184693008 0.09038523566694048
0 0.5214702096124022 0.422305271203056 0.0584102943308316 0.12884122000069123
0 0.5563667094409572 0.39992619281991115 0.0466724244288586 0.12614029494206805
0 0.8397273318272419 0.27387367596778756 0.05397331085025245 0.09800176879817098
0 0.8113845102497839 0.3835935513211838 0.0765374789221116 0.09348768930129499
0 0.9387445568598491 0.2795546861070931 0.06215016738607927 0.07879102997590612
0 0.8949943439596401 0.26304644654122333 0.0614662756868054 0.09057972410734536
0 0.9061111111111111 0.051877470355731224 0.07666666666666666 0.10375494071146245
0 0.8817909482498663 0.09872309332725623 0.0781114110627128 0.10640255248210889
0 0.8968236709864232 0.15842413694954455 0.0704619694286536 0.09409625801235323
0 0.9691666666666666 0.11956521739130435 0.06166666666666667 0.11462450592885376
0 0.9913888888888889 0.06373517786561265 0.017222222222222222 0.08794466403162056
0 0.9930555555555556 0.1091897233201581 0.013888888888888888 0.08596837944664032
0 0.985 0.2707509881422925 0.03 0.11264822134387352
0 0.9958333333333333 0.2994071146245059 0.008333333333333333 0.09486166007905138
0 0.913755748305647 0.32695258365516955 0.0665234085952175 0.07709079890469464
0 0.9094330306418924 0.38539100566897094 0.05729257385669169 0.08243303894287668
0 0.8407230014421055 0.46163168903805973 0.061452205359911305 0.0748039541167245
0 0.607143761466715 0.4598719107186643 0.08361729467372142 0.08998370709120893
0 0.613846455551453 0.4969209708395828 0.0749635467815104 0.08057282612048138
0 0.5903806297920503 0.43281406943777095 0.06424405346458317 0.090752257553451
0 0.25916666666666666 0.5760869565217391 0.07166666666666667 0.07312252964426877
0 0.18944444444444444 0.5830039525691699 0.07 0.08695652173913043
0 0.04877770539682451 0.5918861719299243 0.05563997751691911 0.09810528886583443
0 0.018055555555555554 0.5854743083003953 0.03611111111111111 0.09189723320158102
0 0.009166666666666667 0.9105731225296443 0.018333333333333333 0.09782608695652174
0 0.13091102529674617 0.9200293829686088 0.05012748454288183 0.06818496657736212
0 0.24842136514170748 0.8816737493633507 0.04831841140560275 0.06412887733973807
0 0.29366684598334647 0.8566800126446354 0.034536327369673166 0.06623063698668111
0 0.24550075509289898 0.8473475692953548 0.03796239522907184 0.05362633400885729
0 0.2527937547500091 0.8064714150664384 0.03873156049054602 0.05958969445301904
0 0.28241247680078635 0.7844201502308942 0.039500725752020065 0.06555305489718101
0 0.3342285851015124 0.7693705739680615 0.03270572294163508 0.07696217544718803
0 0.3626422858356904 0.9500029766578045 0.038845826307370365 0.031990723641738016
0 0.37508142244534537 0.9201453919003135 0.0252558206866004 0.05480896474175228
0 0.41261659826258035 0.8783767654013376 0.03991387483696346 0.061634992416441575
0 0.44055555555555553 0.8690711462450593 0.03888888888888889 0.06225296442687747
0 0.4525 0.9011857707509882 0.015 0.04743083003952569
0 0.4411111111111111 0.7648221343873518 0.03777777777777778 0.07114624505928854
0 0.35898640894138767 0.7668468840052326 0.03976400740248563 0.08824582093523248
0 0.34393844019851383 0.9383476076335607 0.03493540612772247 0.04653680451532104
0 0.1263282289422082 0.6472111418685944 0.07900891246790555 0.10054271210561043
0 0.13956967935031275 0.7104742035822615 0.06428711604610157 0.06117700215718952
0 0.20898513154013276 0.6608098420427425 0.045105953252122695 0.08266203407250283
0 0.2455876301349402 0.6526208001438201 0.05705743286001406 0.09129181288606672
0 0.3983333333333333 0.5899209486166008 0.042222222222222223 0.1007905138339921
0 0.36799905189122584 0.685933713585856 0.058310950441737584 0.09531339543446926
0 0.42420204592756566 0.6183573157195521 0.03709303447766716 0.09103771436659763
0 0.16555555555555557 0.9980237154150198 0.04555555555555556 0.003952569169960474
0 0.2258154118895848 0.9629382625223992 0.04765605099708788 0.061129943773046674
0 0.983498751939624 0.7913621449500345 0.024985078072269414 0.06267959639245219
0 0.9860943653467853 0.742397341437942 0.022784387140806453 0.047753941937437296
0 0.8894004096271675 0.8568556107117778 0.03893109986957067 0.04974277821733911
0 0.8998375430835476 0.7748680312768582 0.03602498594807432 0.06139344559189408
0 0.9519024369074269 0.7144501762825329 0.043296880114843485 0.07860594483487901
0 0.953220548361428 0.7547914768285223 0.0362957285624053 0.05352281394119417
0 0.8374418948558292 0.875857756144571 0.040604375899266014 0.09618546596437469
0 0.8852287350773133 0.7264788639843747 0.04697215929781376 0.07291863790448602
0 0.9052344928395053 0.6019948901249191 0.047612988415569615 0.09070519916930815
0 0.9344444444444444 0.5676877470355731 0.04777777777777778 0.05632411067193676
0 0.7011671700619326 0.5811482738474495 0.04718576900373238 0.07884749165942673
0 0.7677777777777778 0.5464426877470355 0.06 0.01383399209486166
0 0.7672222222222222 0.5681818181818182 0.056666666666666664 0.05731225296442688
0 0.7194226907969311 0.628325005367506 0.05017715648742877 0.08494887886047287
0 0.8422571756827029 0.5960472297712228 0.0374349803273041 0.08514336730087774
0 0.7308774509593525 0.7873343493850512 0.03600345465731531 0.07618107329002459
0 0.7895072144801267 0.8601023878941044 0.03754924614412883 0.05754439648959672
0 0.6353836103949784 0.8992532495492196 0.06125266598088678 0.08465087035240465
0 0.5717828391288287 0.8721467966300384 0.034714335457938686 0.0711713484491317
0 0.6422663398482413 0.7928381663158158 0.05752771485336956 0.07357426499968665
0 0.5986092872745159 0.8275925525471584 0.041430674069152296 0.08834934100289604
0 0.6177937547500091 0.8259080006227856 0.029123178284730027 0.06983813926443075
0 0.5111111111111111 0.9693675889328063 0.04666666666666667 0.06126482213438735
0 0.7872605820860493 0.9070736534766063 0.04473586674869794 0.05700484115698078
0 0.9029576925113805 0.8190411275805343 0.03803359846437818 0.05560261859383752
0 0.5013071234518673 0.6896902620048931 0.04528396134038808 0.08760274553495342