0 0.10805828962315642 0.1261263281147396 0.05428710376004712 0.14126271912399604
0 0.14357428223289154 0.1053487373796558 0.05949001466946127 0.12813270443346308
0 0.1893173198482933 0.2348314606741573 0.0638432364096081 0.14831460674157304
0 0.23189885377346503 0.18482262981351189 0.08016315754527115 0.14174783322417764
0 0.21302149178255372 0.2853932584269663 0.056890012642225034 0.04719101123595506
0 0.18141592920353983 0.2966292134831461 0.07079646017699115 0.024719101123595506
0 0.1276864728192162 0.2966292134831461 0.05815423514538559 0.024719101123595506
0 0.07640797497128893 0.14041738514386418 0.06919871939907213 0.1175245384917417
0 0.10426040861874132 0.23071166605417667 0.06656476102554645 0.13193509596650696
0 0.01738305941845765 0.2398876404494382 0.0347661188369153 0.13820224719101123
0 0.008849557522123894 0.24662921348314606 0.017699115044247787 0.12471910112359551
0 0.2509481668773704 0.060674157303370786 0.08091024020227561 0.12134831460674157
0 0.3549104669951135 0.08931882563721466 0.0776752200685174 0.14271448145118076
0 0.40494052008312514 0.08625837751878083 0.07608693732881801 0.13364724376692977
0 0.3603111865332548 0.14290541466216355 0.08700334781052448 0.10405566468866352
0 0.484958141207448 0.19772798732075345 0.07940103461841636 0.17309079692252
0 0.5553097345132744 0.2657303370786517 0.08912768647281921 0.08651685393258426
0 0.5730088495575221 0.13370786516853933 0.053729456384323644 0.15280898876404495
0 0.5177196218066026 0.10054590220364731 0.09625798062832211 0.11584093521999451
0 0.45986093552465235 0.27415730337078653 0.08786346396965866 0.0696629213483146
0 0.34260429835651074 0.29775280898876405 0.07332490518331226 0.02247191011235955
0 0.28255372945638435 0.2966292134831461 0.05815423514538559 0.024719101123595506
0 0.4080278128950695 0.300561797752809 0.06637168141592921 0.016853932584269662
0 0.566055625790139 0.038202247191011236 0.06763590391908976 0.07640449438202247
0 0.6537272320993988 0.07165688683303262 0.0696282930028156 0.1119457977833054
0 0.620417193426043 0.05561797752808989 0.04108723135271808 0.11123595505617978
0 0.849873577749684 0.028089887640449437 0.09165613147914033 0.056179775280898875
0 0.8328065739570164 0.019662921348314606 0.09924146649810367 0.03932584269662921
0 0.8431820837578917 0.1047173921063885 0.06399580848965797 0.13065455318227454
0 0.8076175790078404 0.11540224170073722 0.059976105024269616 0.14161585050087883
0 0.7496839443742098 0.05056179775280899 0.0922882427307206 0.10112359550561797
0 0.7736413569974886 0.13515432897933713 0.05787723362169198 0.13588016251382792
0 0.7366548441692937 0.12388982939448162 0.07506576000306155 0.14031034316133045
0 0.9731352718078382 0.10337078651685393 0.053729456384323644 0.12359550561797752
0 0.9268590851247828 0.17773685152177002 0.07403706254238006 0.09428216425064696
0 0.9182733110206703 0.14076877416316874 0.06536554436002308 0.1161655220682017
0 0.7070539198280407 0.22126809860985605 0.07381754672139855 0.15817016079225707
0 0.7443117362091722 0.2488051146163453 0.05507372499497172 0.09310505966103734
0 0.7417825537294563 0.2955056179775281 0.06890012642225031 0.02696629213483146
0 0.9595448798988622 0.2589887640449438 0.06826801517067003 0.1
0 0.9168773704171934 0.2640449438202247 0.06890012642225031 0.0898876404494382
0 0.9054993678887484 0.2910112359550562 0.04740834386852086 0.035955056179775284
0 0.8767383059418458 0.29719101123595504 0.07206068268015171 0.02359550561797753
0 0.8321744627054362 0.2595505617977528 0.06131479140328698 0.09887640449438202
0 0.8538902586210043 0.2180507270273586 0.06734289317389867 0.11853042353839842
0 0.870417193426043 0.26910112359550564 0.06700379266750948 0.07977528089887641
0 0.7891908975979772 0.2601123595505618 0.06131479140328698 0.09775280898876404
0 0.7845525539842617 0.21038350875843012 0.075341792575108 0.0954842333955721
0 0.3220606826801517 0.3561797752808989 0.08154235145385588 0.09438202247191012
0 0.22858062767970666 0.6842643882195119 0.07478220729609007 0.13244517462200447
0 0.02654867256637168 0.5550561797752809 0.05309734513274336 0.12134831460674157
0 0.056495617333989244 0.7481345087088734 0.08235153309355588 0.11497772518761434
0 0.11439831821539832 0.7797557101181513 0.07562534528207947 0.10334940193489796
0 0.018963337547408345 0.5960674157303371 0.03792667509481669 0.13820224719101123
0 0.01675094816687737 0.7241573033707865 0.03350189633375474 0.12022471910112359
0 0.2790750639302721 0.8252916864255858 0.07741616566961575 0.11803461714723909
0 0.21949882070674265 0.7997325498382459 0.06622469156751004 0.10500804065132935
0 0.14930475997832857 0.917012717478666 0.06170288852581586 0.08454790063228373
0 0.16319240717578182 0.7861477317483362 0.06968480975388047 0.13100768455915743
0 0.11156763590391909 0.9668539325842697 0.06131479140328698 0.06629213483146068
0 0.0916253349853636 0.84784915868032 0.0714276024769242 0.0918780259607964
0 0.08714731506487576 0.8985803859894015 0.05021937263016629 0.09840914263189804
0 0.040034288581537736 0.9388175778423625 0.048939140905508244 0.08039237772235681
0 0.08280657395701643 0.9775280898876404 0.04424778761061947 0.0449438202247191
0 0.32343916063466027 0.9362298091755543 0.07089251550597624 0.11202427142261258
0 0.5075853350189633 0.9443820224719102 0.08343868520859671 0.11123595505617978
0 0.572692793931732 0.6926966292134832 0.05436156763590392 0.14719101123595504
0 0.5723767383059418 0.8668539325842697 0.054993678887484194 0.11123595505617978
0 0.5663716814159292 0.9219101123595506 0.06700379266750948 0.09550561797752809
0 0.21333754740834387 0.9573033707865168 0.06763590391908976 0.0853932584269663
0 0.7691864976967261 0.4671144847593634 0.11839691470348218 0.2225967805180403
0 0.634007585335019 0.6101123595505618 0.06826801517067003 0.10337078651685393
0 0.6832046959486555 0.6887962885186101 0.10315468764464024 0.0972106534603327
0 0.9427939317319848 0.9780898876404495 0.042351453855878636 0.043820224719101124
0 0.9489359202172472 0.5808509277969496 0.05725361145668403 0.1010879386593242
0 0.9851453855878635 0.5820224719101124 0.02970922882427307 0.11685393258426967
0 0.9706068268015171 0.6432584269662921 0.058786346396965866 0.08202247191011236
0 0.9152907941025359 0.7060051900955443 0.050178865100598845 0.09728554712628006
0 0.9419289708146147 0.6751473404973835 0.05266680257735259 0.09631889889927693
0 0.9316757210758362 0.8280990042757053 0.0463456900615498 0.0959265307027403
0 0.876981604116821 0.8504888607753975 0.04561655452933765 0.07570181160161671
0 0.8586688094216085 0.6486786209258407 0.07784573927335929 0.11245587643880278
0 0.8050001143316359 0.6470288845137077 0.05624844335242513 0.12568932932395882
0 0.7682359084402377 0.6856662928797179 0.05105402152958337 0.10406635697964177
0 0.748149640267331 0.732065431590431 0.062310501469326256 0.1014018332165534
0 0.7573510319257025 0.794856587168419 0.07114404976995273 0.08401285742147031
0 0.7084179577276487 0.8983218857610471 0.05407704597728522 0.08295346329082195
0 0.6289269344877015 0.8014590175321082 0.0500168349823295 0.09279116510380815
0 0.6554993678887484 0.9775280898876404 0.05815423514538559 0.0449438202247191
0 0.6207332490518331 0.9741573033707865 0.041719342604298354 0.051685393258426963