      0/54     10.6G   0.08562    0.1373         0    0.2229      3155       640   0.02471   0.03652   0.00148 0.0002268    0.1266    0.3269         0
      1/54     10.9G   0.08376    0.1266         0    0.2104      3155       640   0.05966    0.1496   0.01288  0.001882    0.1239    0.3393         0
      2/54     10.9G   0.07893    0.1328         0    0.2118      2127       640    0.1149    0.2878   0.04597  0.007417    0.1203    0.3552         0
      3/54     10.9G   0.07652    0.1252         0    0.2017      2466       640    0.1531    0.3435   0.08111   0.01291    0.1179    0.3496         0
      4/54     10.9G   0.07426     0.118         0    0.1923      2792       640    0.1633    0.2939   0.08235   0.01264    0.1161    0.3409         0
      5/54     10.9G   0.07116    0.1274         0    0.1985      1917       640    0.2209    0.3296     0.122   0.02064    0.1132    0.3359         0
      6/54     10.9G   0.07081    0.1146         0    0.1854      2282       640    0.2623    0.3904    0.1684   0.02923    0.1099    0.3414         0
      7/54     10.9G   0.06806    0.1207         0    0.1888      2567       640    0.3254    0.4843    0.2565   0.04954    0.1067    0.3522         0
      8/54     10.9G   0.06667    0.1202         0    0.1869      2847       640    0.3866    0.5042    0.3535   0.07574    0.1042    0.3605         0
      9/54     10.9G   0.06416    0.1238         0    0.1879      3152       640    0.3951       0.6    0.3595   0.07737    0.1032    0.3617         0
     10/54     10.9G   0.06263     0.117         0    0.1796      1501       640     0.401    0.5504    0.4242   0.09488    0.1019    0.3879         0
     11/54     10.9G    0.0617    0.1257         0    0.1874      3848       640    0.5144    0.6278    0.5222     0.133   0.09997    0.4037         0
     12/54     10.9G   0.06217    0.1339         0    0.1961      3484       640     0.592    0.7183    0.5949    0.1698   0.09869    0.4216         0
     13/54     10.9G   0.06073    0.1304         0    0.1911      2935       640    0.5952    0.6713    0.6012    0.1708   0.09749    0.4102         0
     14/54     10.9G   0.05948    0.1339         0    0.1934      2619       640     0.592    0.7015     0.652     0.229   0.09635    0.4226         0
     15/54     10.9G   0.05884     0.122         0    0.1808      1605       640    0.5311    0.6626    0.6029    0.1778   0.09791    0.4352         0
     16/54     10.9G   0.06067    0.1381         0    0.1987      3565       640     0.738    0.7878    0.7929    0.2962    0.1013    0.4327         0
     17/54     10.9G   0.06006    0.1357         0    0.1958      2875       640    0.6132    0.7235    0.6659    0.1951   0.09713    0.4305         0
     18/54     10.9G   0.05938    0.1396         0     0.199      3147       640    0.5968    0.7322    0.6321    0.1678   0.09752    0.4524         0
     19/54     10.9G   0.05959    0.1345         0    0.1941      2755       640    0.7087     0.773    0.7458    0.2406   0.09201    0.4677         0
     20/54     10.9G    0.0566    0.1263         0    0.1829      2300       640    0.6687      0.76    0.7666    0.2892   0.09187     0.459         0
     21/54     10.9G   0.05506    0.1404         0    0.1955      2498       640    0.4436     0.782    0.5531    0.2335   0.09426    0.4523         0
     22/54     10.9G   0.05775    0.1364         0    0.1941      3447       640    0.7536    0.7713     0.786    0.2547   0.08795    0.5061         0
     23/54     10.9G   0.05675     0.134         0    0.1907      2048       640    0.7344    0.8157    0.8033    0.2975   0.08605    0.4864         0
     24/54     10.9G   0.05547    0.1269         0    0.1824      3191       640    0.7324    0.7852    0.8051    0.3106   0.08647    0.4824         0
     25/54     10.9G   0.05617    0.1346         0    0.1908      2027       640    0.7092    0.8043    0.8196    0.3368   0.08793    0.4661         0
     26/54     10.9G   0.05562    0.1332         0    0.1888      3018       640     0.687    0.7261    0.6943    0.1945   0.08872    0.4655         0
     27/54     10.9G   0.05548    0.1265         0     0.182      2140       640    0.7462    0.8113    0.8007    0.2773   0.08595    0.4692         0
     28/54     10.9G   0.05257     0.123         0    0.1756      1928       640    0.8194    0.8017    0.8766    0.4061   0.08274    0.4641         0
     29/54     10.9G   0.05496    0.1258         0    0.1808      2618       640     0.667    0.7209    0.7016    0.1881   0.08781    0.4762         0
     30/54     10.9G    0.0544    0.1368         0    0.1912      2185       640    0.7991    0.7919    0.8437    0.3419   0.08449    0.4824         0
     31/54     10.9G   0.05297     0.119         0     0.172      2992       640    0.6672    0.7383    0.6876    0.2023   0.08837     0.483         0
     32/54     10.9G   0.05375    0.1215         0    0.1752      2466       640    0.7766    0.8652    0.8773    0.3642   0.08155    0.4839         0
     33/54     10.9G   0.05328    0.1279         0    0.1812      2829       640    0.7964    0.8028    0.8469    0.2979   0.08565    0.4831         0
     34/54     10.9G   0.05312    0.1252         0    0.1784      3489       640    0.7794    0.8048    0.8462    0.3105   0.08501    0.4978         0
     35/54     10.9G   0.05151    0.1254         0    0.1769      2172       640    0.7888    0.8452    0.8742    0.3713   0.08252    0.4828         0
     36/54     10.9G   0.05479    0.1243         0    0.1791      2857       640    0.6116    0.6948    0.6245    0.1721   0.08873    0.5027         0
     37/54     10.9G    0.0546    0.1311         0    0.1857      3039       640    0.7775    0.7939    0.8481    0.3362    0.0822    0.5081         0
     38/54     10.9G   0.05628    0.1311         0    0.1874      2779       640    0.7928    0.8353    0.8762    0.3735   0.08139    0.4987         0
     39/54     10.9G   0.05247     0.138         0    0.1905      2070       640    0.7894    0.8312    0.8734    0.3525   0.08297    0.5078         0
     40/54     10.9G   0.05101    0.1219         0    0.1729      1270       640    0.8044    0.8304    0.8811     0.399   0.08136    0.5024         0
     41/54     10.9G   0.05279    0.1329         0    0.1857      2201       640    0.7932    0.8357    0.8856     0.383   0.08216    0.4997         0
     42/54     10.9G    0.0524    0.1342         0    0.1866      3020       640    0.8167    0.8061    0.8749    0.3807   0.08243    0.5073         0
     43/54     10.9G   0.04981    0.1233         0    0.1731      2705       640    0.8175    0.8148      0.88    0.3696   0.08127    0.5154         0
     44/54     10.9G   0.05024    0.1251         0    0.1754      2402       640     0.815    0.8104    0.8781    0.3744   0.08087    0.5104         0
     45/54     10.9G   0.05079    0.1272         0     0.178      2726       640    0.8181    0.8294    0.8952    0.3984   0.08047    0.5148         0
     46/54     10.9G   0.05038    0.1199         0    0.1703      2746       640    0.7838    0.8391     0.877     0.358    0.0796    0.5275         0
     47/54     10.9G   0.04922     0.127         0    0.1762      2735       640    0.8011    0.8157    0.8713     0.358   0.07843    0.5238         0
     48/54     10.9G   0.04968    0.1362         0    0.1858      2836       640    0.7559     0.873     0.879    0.3764   0.07844    0.5225         0
     49/54     10.9G    0.0496    0.1249         0    0.1745      2974       640     0.792    0.8322    0.8693    0.3554   0.07805    0.5327         0
     50/54     10.9G   0.05008    0.1301         0    0.1801      2885       640    0.7912    0.8501    0.8834     0.399   0.07729    0.5305         0
     51/54     10.9G   0.04945    0.1252         0    0.1747      2295       640    0.7976    0.8443    0.8826    0.3996   0.07801    0.5267         0
     52/54     10.9G   0.04865    0.1237         0    0.1723      2816       640    0.8195    0.8209    0.8882    0.3808   0.07918    0.5357         0
     53/54     10.9G   0.04843    0.1217         0    0.1701      2473       640    0.7805    0.8557     0.879     0.364   0.07781    0.5371         0
     54/54     10.9G    0.0484    0.1218         0    0.1702      1903       640    0.7842    0.8565    0.8828    0.3735   0.07821    0.5494         0
